 -0.192759495291201E+002  0.724842647251012E+002 -0.457208038400082E+000  0.462192171459529E+000  0.101003345521399E+001 -0.500835672707896E+002 -0.209935982710631E+002 -0.740186855095407E+003 -0.740186855095407E+003
 -0.192646810117908E+002  0.727221506646695E+002 -0.443939802315242E+000  0.443094200875914E+000  0.118721576530561E+001 -0.568317027823086E+002 -0.209935982710631E+002 -0.740145856030701E+003 -0.740145856030701E+003
 -0.192779232621776E+002  0.723357854725404E+002 -0.459013261272396E+000  0.480786752499728E+000  0.948527405902624E+000 -0.493112823770402E+002 -0.209935982710631E+002 -0.739905000766235E+003 -0.739905000766235E+003
 -0.192660887871302E+002  0.727793071012865E+002 -0.464178890418922E+000  0.462883012618295E+000  0.109355068670727E+001 -0.524358483765568E+002 -0.209935982710631E+002 -0.740286016148595E+003 -0.740286016148595E+003
 -0.192703638683552E+002  0.725710166485471E+002 -0.459043273611123E+000  0.473738153604900E+000  0.108294970319388E+001 -0.538225375720557E+002 -0.209935982710631E+002 -0.740150753698926E+003 -0.740150753698926E+003
 -0.192700196137988E+002  0.726426605751853E+002 -0.455163263993940E+000  0.451758473315617E+000  0.101993542703204E+001 -0.496948625938183E+002 -0.209935982710631E+002 -0.740198644006274E+003 -0.740198644006274E+003
 -0.192445143144212E+002  0.734206764654137E+002 -0.441948071641657E+000  0.435503754143587E+000  0.108724865916525E+001 -0.524352824508409E+002 -0.209935982710631E+002 -0.740280447618721E+003 -0.740280447618721E+003
 -0.192476719126339E+002  0.732321328598117E+002 -0.441717109411655E+000  0.465324446925588E+000  0.932984719065857E+000 -0.494862454502351E+002 -0.209935982710631E+002 -0.739784852027195E+003 -0.739784852027195E+003
 -0.192562196078968E+002  0.730765605801766E+002 -0.454254727234619E+000  0.454458379626553E+000  0.108814897251929E+001 -0.527453226768747E+002 -0.209935982710631E+002 -0.739979068282661E+003 -0.739979068282661E+003
 -0.192520011822999E+002  0.732694001425469E+002 -0.448989878155915E+000  0.448598269864878E+000  0.950645980507375E+000 -0.475105000262080E+002 -0.209935982710631E+002 -0.740099572129622E+003 -0.740099572129622E+003
 -0.192494415846392E+002  0.732083565422853E+002 -0.455987748204611E+000  0.460970143782706E+000  0.905690247568671E+000 -0.460705239476656E+002 -0.209935982710631E+002 -0.740033956657271E+003 -0.740033956657271E+003
 -0.192624783742322E+002  0.727392604770698E+002 -0.436280642663408E+000  0.427580951793141E+000  0.108012900467497E+001 -0.520989229481026E+002 -0.209935982710631E+002 -0.740189672170880E+003 -0.740189672170880E+003
 -0.192743125917483E+002  0.723850602656630E+002 -0.445721258149242E+000  0.449608359426388E+000  0.103642134577586E+001 -0.513790765604662E+002 -0.209935982710631E+002 -0.739879723498728E+003 -0.739879723498728E+003
 -0.192544316821076E+002  0.730637419730534E+002 -0.440358502247082E+000  0.453456541154694E+000  0.982717161553552E+000 -0.503915410319598E+002 -0.209935982710631E+002 -0.739708884652928E+003 -0.739708884652928E+003
 -0.192678913825935E+002  0.725959273852457E+002 -0.450689537731807E+000  0.449307438051903E+000  0.107606143655002E+001 -0.522364113148463E+002 -0.209935982710631E+002 -0.740039890444017E+003 -0.740039890444017E+003
 -0.192543705004483E+002  0.730676221612175E+002 -0.459062489531999E+000  0.477698046851097E+000  0.104442176613821E+001 -0.527423376778317E+002 -0.209935982710631E+002 -0.740269848275939E+003 -0.740269848275939E+003
 -0.192419537402684E+002  0.735082227280923E+002 -0.445922388046531E+000  0.464703360390097E+000  0.910086488143492E+000 -0.479599910813496E+002 -0.209935982710631E+002 -0.739782399845015E+003 -0.739782399845015E+003
 -0.192472743983381E+002  0.733124457196589E+002 -0.452135307096853E+000  0.449918474296444E+000  0.105663309746654E+001 -0.513557070547552E+002 -0.209935982710631E+002 -0.740169895187348E+003 -0.740169895187348E+003
 -0.192642691618576E+002  0.728311684175247E+002 -0.452508598640293E+000  0.465171752452269E+000  0.994422795375201E+000 -0.504077910244984E+002 -0.209935982710631E+002 -0.739814113513847E+003 -0.739814113513847E+003
 -0.192495166016104E+002  0.732464582739827E+002 -0.449113749086604E+000  0.478491037436378E+000  0.932390133983944E+000 -0.498313440523797E+002 -0.209935982710631E+002 -0.740135286724774E+003 -0.740135286724774E+003
 -0.192597067639552E+002  0.729600500025443E+002 -0.456874086424297E+000  0.476346151057428E+000  0.107078579316358E+001 -0.539319002126917E+002 -0.209935982710631E+002 -0.740168364163533E+003 -0.740168364163533E+003
 -0.192404088107453E+002  0.734634426909097E+002 -0.440007891161957E+000  0.446745949537418E+000  0.102271949562351E+001 -0.513156411210031E+002 -0.209935982710631E+002 -0.739960082514125E+003 -0.739960082514125E+003
 -0.192755382165745E+002  0.724536903674041E+002 -0.456064634346849E+000  0.458179704400797E+000  0.105242332077894E+001 -0.514725645789957E+002 -0.209935982710631E+002 -0.740209527766930E+003 -0.740209527766930E+003
 -0.192530668094533E+002  0.730728111831670E+002 -0.436777023343037E+000  0.438629715226181E+000  0.109576016919733E+001 -0.537492081223125E+002 -0.209935982710631E+002 -0.740095315039219E+003 -0.740095315039219E+003
 -0.192658718811395E+002  0.728181219108887E+002 -0.470927827268460E+000  0.515240069542643E+000  0.517496100440397E+000 -0.343732443968006E+002 -0.209935982710631E+002 -0.740246735064326E+003 -0.740246735064326E+003
 -0.192711656762234E+002  0.727434978015790E+002 -0.481232076118810E+000  0.526078562442742E+000  0.410835845673645E+000 -0.298288775801824E+002 -0.209935982710631E+002 -0.739786263768223E+003 -0.739786263768223E+003
 -0.192751044078021E+002  0.725062945178985E+002 -0.468627015299957E+000  0.510716112234821E+000  0.508759152482639E+000 -0.338855898182107E+002 -0.209935982710631E+002 -0.739427329734785E+003 -0.739427329734785E+003
 -0.192506229918043E+002  0.734296441130599E+002 -0.469444728808607E+000  0.489727500329994E+000  0.702030948806737E+000 -0.391749903593684E+002 -0.209935982710631E+002 -0.739771979364584E+003 -0.739771979364584E+003
 -0.192525771419794E+002  0.731772430286302E+002 -0.456283725408915E+000  0.504332590001217E+000  0.634413180275587E+000 -0.398797842895232E+002 -0.209935982710631E+002 -0.740068801037916E+003 -0.740068801037916E+003
 -0.192664433151718E+002  0.728223254188820E+002 -0.464116021743699E+000  0.515539149602157E+000  0.402580458406547E+000 -0.308808507520037E+002 -0.209935982710631E+002 -0.739576256860439E+003 -0.739576256860439E+003
 -0.192740972440831E+002  0.725159839591237E+002 -0.474273909835402E+000  0.512102828683727E+000  0.524510659596899E+000 -0.338384658492113E+002 -0.209935982710631E+002 -0.739624278178538E+003 -0.739624278178538E+003
 -0.192769744283082E+002  0.722527949854604E+002 -0.449317584830278E+000  0.472216124632431E+000  0.848044890725475E+000 -0.458512461853593E+002 -0.209935982710631E+002 -0.739614793036725E+003 -0.739614793036725E+003
 -0.192736774789646E+002  0.724053854465757E+002 -0.442588628046844E+000  0.462444117588553E+000  0.911934156203330E+000 -0.482680101623083E+002 -0.209935982710631E+002 -0.740006580634192E+003 -0.740006580634192E+003
 -0.192804709276129E+002  0.724051367357521E+002 -0.474610631389253E+000  0.518120953893167E+000  0.410453038456680E+000 -0.299654818570264E+002 -0.209935982710631E+002 -0.739994039468838E+003 -0.739994039468838E+003
 -0.192374494422436E+002  0.735102691878020E+002 -0.454344795070183E+000  0.487338861847792E+000  0.560472814683010E+000 -0.355039072542333E+002 -0.209935982710631E+002 -0.740077003599706E+003 -0.740077003599706E+003
 -0.192639421723230E+002  0.728128417718903E+002 -0.473639230168053E+000  0.509727059473088E+000  0.619240493747554E+000 -0.373763706326575E+002 -0.209935982710631E+002 -0.739870223633552E+003 -0.739870223633552E+003
 -0.192805013519795E+002  0.722340008399591E+002 -0.455750167307324E+000  0.485817677364397E+000  0.544505833388754E+000 -0.345308526163638E+002 -0.209935982710631E+002 -0.739187288028361E+003 -0.739187288028361E+003
 -0.192460697070485E+002  0.733132809899844E+002 -0.453008779317570E+000  0.504011622438530E+000  0.460235581538058E+000 -0.334932355781533E+002 -0.209935982710631E+002 -0.739817414471192E+003 -0.739817414471192E+003
 -0.192840353398264E+002  0.723944054845617E+002 -0.481504634226791E+000  0.514660593001100E+000  0.507063039955014E+000 -0.323788595055264E+002 -0.209935982710631E+002 -0.740180102333375E+003 -0.740180102333375E+003
 -0.192461674921600E+002  0.731556751197770E+002 -0.448146246482909E+000  0.473758244698539E+000  0.749235945952762E+000 -0.423155401812427E+002 -0.209935982710631E+002 -0.740265298596668E+003 -0.740265298596668E+003
 -0.192852618758520E+002  0.721317839442167E+002 -0.470176305404993E+000  0.502295716825270E+000  0.690381013110368E+000 -0.398762688516519E+002 -0.209935982710631E+002 -0.739852692441415E+003 -0.739852692441415E+003
 -0.192712793694528E+002  0.724427980694503E+002 -0.444095389358659E+000  0.472640005595198E+000  0.845300653396563E+000 -0.465076313440169E+002 -0.209935982710631E+002 -0.739638734289977E+003 -0.739638734289977E+003
 -0.192833591613148E+002  0.722927944498125E+002 -0.459302888908342E+000  0.482963726333001E+000  0.559475614746532E+000 -0.343445161798869E+002 -0.209935982710631E+002 -0.739778287497067E+003 -0.739778287497067E+003
 -0.192749559362559E+002  0.724501548468444E+002 -0.465285979237555E+000  0.475031502683315E+000  0.950435063348266E+000 -0.479484957831450E+002 -0.209935982710631E+002 -0.740154290911415E+003 -0.740154290911415E+003
 -0.192670878481627E+002  0.725929091374353E+002 -0.455539996514898E+000  0.506220825874899E+000  0.560686298991783E+000 -0.373077987103604E+002 -0.209935982710631E+002 -0.740144616365669E+003 -0.740144616365669E+003
 -0.192882360432121E+002  0.722090159637585E+002 -0.475685872278814E+000  0.513319263086571E+000  0.511742885028809E+000 -0.332577209448909E+002 -0.209935982710631E+002 -0.740151689246474E+003 -0.740151689246474E+003
 -0.192672131219208E+002  0.725941702913790E+002 -0.459235081151878E+000  0.463630198584037E+000  0.959992683608590E+000 -0.479944632536963E+002 -0.209935982710631E+002 -0.740282047663598E+003 -0.740282047663598E+003
 -0.192811998448021E+002  0.721511413405783E+002 -0.451247663644474E+000  0.487549735127875E+000  0.777460299826743E+000 -0.444195110575286E+002 -0.209935982710631E+002 -0.739840443320266E+003 -0.739840443320266E+003
 -0.192522304706271E+002  0.733042133091703E+002 -0.475241730748067E+000  0.507967554349118E+000  0.772851999798604E+000 -0.429501097748595E+002 -0.209935982710631E+002 -0.740182487962992E+003 -0.740182487962992E+003
 -0.192660167282899E+002  0.729161097153220E+002 -0.479325988081415E+000  0.530498626174742E+000  0.350381609097838E+000 -0.282061888064337E+002 -0.209935982710631E+002 -0.740228553456373E+003 -0.740228553456373E+003
 -0.192665661604353E+002  0.726789198120879E+002 -0.460378782390076E+000  0.489661823377022E+000  0.879143537834125E+000 -0.473392435546069E+002 -0.209935982710631E+002 -0.740016532787352E+003 -0.740016532787352E+003
 -0.192716064041640E+002  0.725844852160863E+002 -0.472483698828799E+000  0.494912708375583E+000  0.745812561474580E+000 -0.409795440466591E+002 -0.209935982710631E+002 -0.740198397317025E+003 -0.740198397317025E+003
 -0.192529256246927E+002  0.732585952958662E+002 -0.469612464948613E+000  0.479321988617735E+000  0.818842683171468E+000 -0.426687136514466E+002 -0.209935982710631E+002 -0.740203180088506E+003 -0.740203180088506E+003
 -0.192381850958730E+002  0.737654306807868E+002 -0.465435308876424E+000  0.492266214120747E+000  0.657883603598535E+000 -0.382630765924595E+002 -0.209935982710631E+002 -0.739628760051466E+003 -0.739628760051466E+003
 -0.192620382633530E+002  0.730260473164072E+002 -0.471479208990933E+000  0.512814229009422E+000  0.599675016637903E+000 -0.372353185821219E+002 -0.209935982710631E+002 -0.739926409269129E+003 -0.739926409269129E+003
 -0.192630933563802E+002  0.728047839811471E+002 -0.455546347122511E+000  0.478232818507801E+000  0.786607905828745E+000 -0.432239595798341E+002 -0.209935982710631E+002 -0.739246236830150E+003 -0.739246236830150E+003
 -0.192675527745094E+002  0.728739856783502E+002 -0.482418041556688E+000  0.523829504149567E+000  0.386857740020062E+000 -0.284925578808202E+002 -0.209935982710631E+002 -0.739653373513859E+003 -0.739653373513859E+003
 -0.192675581013085E+002  0.727136197175128E+002 -0.455585132552610E+000  0.473999770192232E+000  0.623979082463890E+000 -0.364540092904109E+002 -0.209935982710631E+002 -0.739556301261740E+003 -0.739556301261740E+003
 -0.192749857027487E+002  0.724020147633729E+002 -0.459995506346720E+000  0.512200961694838E+000  0.492312696532764E+000 -0.346342193261631E+002 -0.209935982710631E+002 -0.740265216064572E+003 -0.740265216064572E+003
 -0.192649437442964E+002  0.728736176807241E+002 -0.461121914661861E+000  0.461853401305918E+000  0.815924684835096E+000 -0.419875227339940E+002 -0.209935982710631E+002 -0.740218187083473E+003 -0.740218187083473E+003
 -0.192454078923671E+002  0.735249875667674E+002 -0.463919612631436E+000  0.508938762659853E+000  0.472995284686505E+000 -0.329759646505018E+002 -0.209935982710631E+002 -0.739616771124784E+003 -0.739616771124784E+003
 -0.192535307792040E+002  0.732740303108583E+002 -0.459618395376213E+000  0.490483033367319E+000  0.467107546189297E+000 -0.314770786744454E+002 -0.209935982710631E+002 -0.739829855047821E+003 -0.739829855047821E+003
 -0.192526556934343E+002  0.733101722607433E+002 -0.463880637513238E+000  0.496176967728944E+000  0.774808639432592E+000 -0.434351905042640E+002 -0.209935982710631E+002 -0.740048573832970E+003 -0.740048573832970E+003
 -0.192659860509582E+002  0.726703012367050E+002 -0.455713052694684E+000  0.483476634900374E+000  0.681969309060136E+000 -0.396591005081951E+002 -0.209935982710631E+002 -0.739196726605346E+003 -0.739196726605346E+003
 -0.192585751063458E+002  0.731736759389301E+002 -0.473193083519991E+000  0.508157513179447E+000  0.500973791221512E+000 -0.326669204372511E+002 -0.209935982710631E+002 -0.740126705863150E+003 -0.740126705863150E+003
 -0.192813260727664E+002  0.722132103661925E+002 -0.470749774050760E+000  0.504876221559893E+000  0.524040732743700E+000 -0.335856735428281E+002 -0.209935982710631E+002 -0.739659805117317E+003 -0.739659805117317E+003
 -0.192654594348586E+002  0.728792030888767E+002 -0.462438497492336E+000  0.476736067247207E+000  0.746049754986387E+000 -0.405653705154278E+002 -0.209935982710631E+002 -0.739983085059789E+003 -0.739983085059789E+003
 -0.192754063687052E+002  0.724914151337638E+002 -0.454900446397118E+000  0.475589016847524E+000  0.819040228052103E+000 -0.443163887289047E+002 -0.209935982710631E+002 -0.739911481056162E+003 -0.739911481056162E+003
 -0.192887543942274E+002  0.719563930954446E+002 -0.462716462441715E+000  0.498173926235140E+000  0.760817890372280E+000 -0.432645039865814E+002 -0.209935982710631E+002 -0.740151119480257E+003 -0.740151119480257E+003
 -0.192832473155929E+002  0.722317109214375E+002 -0.466200027988492E+000  0.471447601336453E+000  0.716746113079324E+000 -0.383856097019537E+002 -0.209935982710631E+002 -0.740178679098265E+003 -0.740178679098265E+003
 -0.192729573964260E+002  0.727298451101842E+002 -0.477253013062478E+000  0.491239400341784E+000  0.538376293327559E+000 -0.318880552475785E+002 -0.209935982710631E+002 -0.740218126648734E+003 -0.740218126648734E+003
 -0.192597849763847E+002  0.729211256353204E+002 -0.466377669944832E+000  0.509273864377954E+000  0.589730479907615E+000 -0.372233230211457E+002 -0.209935982710631E+002 -0.740108019532170E+003 -0.740108019532170E+003
 -0.192671826786274E+002  0.728439524224888E+002 -0.457690208835694E+000  0.502170209654379E+000  0.478218779093652E+000 -0.333562869169306E+002 -0.209935982710631E+002 -0.739938870103852E+003 -0.739938870103852E+003
 -0.192693347617208E+002  0.725469781770894E+002 -0.459042670974031E+000  0.475600037961247E+000  0.876495733902075E+000 -0.459902155475879E+002 -0.209935982710631E+002 -0.740049559674451E+003 -0.740049559674451E+003
 -0.192738311703455E+002  0.724033080143410E+002 -0.459716365447207E+000  0.478747889784838E+000  0.626792193054953E+000 -0.364994312101350E+002 -0.209935982710631E+002 -0.740075418271483E+003 -0.740075418271483E+003
 -0.192560159451630E+002  0.730821086732346E+002 -0.461131539870510E+000  0.490245130819221E+000  0.591501200863405E+000 -0.360674060330648E+002 -0.209935982710631E+002 -0.739441858079534E+003 -0.739441858079534E+003
 -0.192715751678403E+002  0.724555519302920E+002 -0.464029572908048E+000  0.513790948279842E+000  0.468015872870424E+000 -0.332660917192734E+002 -0.209935982710631E+002 -0.739911258923651E+003 -0.739911258923651E+003
 -0.192740993826415E+002  0.725509606832797E+002 -0.478325787304171E+000  0.496988230516457E+000  0.821028815027461E+000 -0.432742660543213E+002 -0.209935982710631E+002 -0.740065583410978E+003 -0.740065583410978E+003
 -0.192706398389651E+002  0.724732269317924E+002 -0.464381353468936E+000  0.488244353388108E+000  0.695847446454550E+000 -0.394834362488275E+002 -0.209935982710631E+002 -0.739967596307396E+003 -0.739967596307396E+003
 -0.192608441782862E+002  0.727894733087706E+002 -0.452176917855969E+000  0.478759842141868E+000  0.727462222353552E+000 -0.414285291910408E+002 -0.209935982710631E+002 -0.739354706137615E+003 -0.739354706137615E+003
 -0.192679022848357E+002  0.729067380078808E+002 -0.475001674608988E+000  0.509873768586639E+000  0.642735115965564E+000 -0.381024247620252E+002 -0.209935982710631E+002 -0.740253618915568E+003 -0.740253618915568E+003
 -0.192845231317355E+002  0.721005559212955E+002 -0.456556873264192E+000  0.493366721417287E+000  0.720201932078865E+000 -0.420455661407012E+002 -0.209935982710631E+002 -0.739791965048283E+003 -0.739791965048283E+003
 -0.192469849173845E+002  0.735318165380338E+002 -0.464214649726938E+000  0.498826105263621E+000  0.652306880653143E+000 -0.388911921825449E+002 -0.209935982710631E+002 -0.740099853751411E+003 -0.740099853751411E+003
 -0.192711938682163E+002  0.723994777443336E+002 -0.445698973168554E+000  0.480086769591002E+000  0.808650853719683E+000 -0.456211482951558E+002 -0.209935982710631E+002 -0.739873578910421E+003 -0.739873578910421E+003
 -0.192734145655594E+002  0.725149390041083E+002 -0.466728527846594E+000  0.504764287492655E+000  0.574123367968895E+000 -0.360986052719917E+002 -0.209935982710631E+002 -0.739591423666216E+003 -0.739591423666216E+003
 -0.192800540888554E+002  0.723544566626021E+002 -0.461153654561375E+000  0.480398545434585E+000  0.889210725888219E+000 -0.466655544979432E+002 -0.209935982710631E+002 -0.739915655372673E+003 -0.739915655372673E+003
 -0.192538899953978E+002  0.730207068833243E+002 -0.453483537795704E+000  0.478845899772803E+000  0.644031310818846E+000 -0.380090754846030E+002 -0.209935982710631E+002 -0.739316074425918E+003 -0.739316074425918E+003
 -0.192648284842436E+002  0.728853059945928E+002 -0.470403977036007E+000  0.501596139546359E+000  0.840360688938830E+000 -0.456192432063303E+002 -0.209935982710631E+002 -0.740055990352969E+003 -0.740055990352969E+003
 -0.192880170141769E+002  0.720661293357927E+002 -0.468772312335044E+000  0.491014433846822E+000  0.851655562221424E+000 -0.452192614216469E+002 -0.209935982710631E+002 -0.740151404437533E+003 -0.740151404437533E+003
 -0.192586437238997E+002  0.728953818279786E+002 -0.452825150853581E+000  0.474591361812497E+000  0.601957167471227E+000 -0.360339840688039E+002 -0.209935982710631E+002 -0.739079795414841E+003 -0.739079795414841E+003
 -0.192604536212968E+002  0.728692592990172E+002 -0.460189742335378E+000  0.516687060060892E+000  0.444340058062011E+000 -0.331865897883562E+002 -0.209935982710631E+002 -0.740079724961397E+003 -0.740079724961397E+003
 -0.192348609597710E+002  0.738349843309785E+002 -0.457599392826664E+000  0.494417633420815E+000  0.575764044409397E+000 -0.363854168218962E+002 -0.209935982710631E+002 -0.740066278489903E+003 -0.740066278489903E+003
 -0.192755457127703E+002  0.724251076493626E+002 -0.462221516831720E+000  0.490496689623814E+000  0.735838651581460E+000 -0.415644148859620E+002 -0.209935982710631E+002 -0.739545619148370E+003 -0.739545619148370E+003
 -0.192519272280517E+002  0.733528136066353E+002 -0.467518457750845E+000  0.511781641915581E+000  0.526931298658837E+000 -0.348607757355563E+002 -0.209935982710631E+002 -0.739879982810617E+003 -0.739879982810617E+003
 -0.192815576497226E+002  0.723813788795776E+002 -0.480674614975828E+000  0.507992696914203E+000  0.711025450956384E+000 -0.397639656974539E+002 -0.209935982710631E+002 -0.740163502206315E+003 -0.740163502206315E+003
 -0.192492375701947E+002  0.732739644302839E+002 -0.446709815840584E+000  0.492122555567818E+000  0.541432847752418E+000 -0.362920348986040E+002 -0.209935982710631E+002 -0.740287269238631E+003 -0.740287269238631E+003
 -0.192760470208143E+002  0.724877457063189E+002 -0.468178065283794E+000  0.481217649315797E+000  0.762740473516843E+000 -0.408686858259774E+002 -0.209935982710631E+002 -0.739911243137811E+003 -0.739911243137811E+003
 -0.192771291596370E+002  0.725620888464647E+002 -0.481849595581514E+000  0.517455920817921E+000  0.445967768349902E+000 -0.302384030240864E+002 -0.209935982710631E+002 -0.739684112484496E+003 -0.739684112484496E+003
 -0.192609332272534E+002  0.731019994874634E+002 -0.476426393956050E+000  0.504087378998995E+000  0.576997732384157E+000 -0.347616501849532E+002 -0.209935982710631E+002 -0.739615584426312E+003 -0.739615584426312E+003
 -0.192635774876772E+002  0.727672634714080E+002 -0.448864454123925E+000  0.485922985556138E+000  0.509693389774597E+000 -0.341313383573481E+002 -0.209935982710631E+002 -0.739084053109514E+003 -0.739084053109514E+003
 -0.192585896739033E+002  0.730239566489031E+002 -0.466319686655838E+000  0.494410802428518E+000  0.508088885169826E+000 -0.325396922704209E+002 -0.209935982710631E+002 -0.739305745071454E+003 -0.739305745071454E+003
 -0.192712937930698E+002  0.724505672644853E+002 -0.446272339013237E+000  0.498578260757199E+000  0.447251548770140E+000 -0.333724656205116E+002 -0.209935982710631E+002 -0.740278655291727E+003 -0.740278655291727E+003
 -0.192626265138884E+002  0.730028054228566E+002 -0.484270050199131E+000  0.536219302151840E+000  0.379177871584730E+000 -0.291818393986668E+002 -0.209935982710631E+002 -0.740093719176462E+003 -0.740093719176462E+003
 -0.192723982876475E+002  0.723847647874875E+002 -0.455819907145528E+000  0.491685928313558E+000  0.728831273345364E+000 -0.423158301319308E+002 -0.209935982710631E+002 -0.739910745909500E+003 -0.739910745909500E+003
 -0.192695958970001E+002  0.725748747757002E+002 -0.463998516216831E+000  0.481419766973802E+000  0.883950067753290E+000 -0.461740892797956E+002 -0.209935982710631E+002 -0.739811632002440E+003 -0.739811632002440E+003
 -0.192827089322883E+002  0.723521001262226E+002 -0.481093939262537E+000  0.513649571006663E+000  0.526130718280086E+000 -0.330736662231145E+002 -0.209935982710631E+002 -0.739999741101932E+003 -0.739999741101932E+003
 -0.192729279200081E+002  0.724164022830547E+002 -0.457256785584232E+000  0.487432626869774E+000  0.835707730252395E+000 -0.458527190560431E+002 -0.209935982710631E+002 -0.740016372192279E+003 -0.740016372192279E+003
 -0.192437688408612E+002  0.735233310804863E+002 -0.457778245980750E+000  0.476345689620113E+000  0.683202265008731E+000 -0.387156920377406E+002 -0.209935982710631E+002 -0.739766270243494E+003 -0.739766270243494E+003
 -0.192628410875888E+002  0.727730019836548E+002 -0.461409448201907E+000  0.488975081243542E+000  0.813254723897643E+000 -0.445536170194896E+002 -0.209935982710631E+002 -0.739884737963303E+003 -0.739884737963303E+003
 -0.192672361728915E+002  0.724777554361390E+002 -0.447675203801279E+000  0.490055381797418E+000  0.729355303203249E+000 -0.432999283590883E+002 -0.209935982710631E+002 -0.740286760655200E+003 -0.740286760655200E+003
 -0.192654695235312E+002  0.727522513286353E+002 -0.473375201868796E+000  0.497442401125650E+000  0.921937042686793E+000 -0.479467352519578E+002 -0.209935982710631E+002 -0.740232427817170E+003 -0.740232427817170E+003
 -0.192664977867887E+002  0.728861888652431E+002 -0.470913322179298E+000  0.501164281192473E+000  0.606545876360741E+000 -0.364125864769476E+002 -0.209935982710631E+002 -0.740150213682715E+003 -0.740150213682715E+003
 -0.192599515056107E+002  0.731047097351009E+002 -0.480041876977664E+000  0.527611403650710E+000  0.375286687919811E+000 -0.287735510386928E+002 -0.209935982710631E+002 -0.739744749466242E+003 -0.739744749466242E+003
 -0.192704428526950E+002  0.723687894288974E+002 -0.435129332160620E+000  0.481336270208493E+000  0.595856805164431E+000 -0.388720530699792E+002 -0.209935982710631E+002 -0.739609884509891E+003 -0.739609884509891E+003
 -0.192640108632827E+002  0.727433158803511E+002 -0.440242061691254E+000  0.481047180746417E+000  0.672247855665631E+000 -0.411430467779147E+002 -0.209935982710631E+002 -0.739659186174222E+003 -0.739659186174222E+003
 -0.192823107807034E+002  0.721031874777043E+002 -0.452763409371956E+000  0.461003970648177E+000  0.808395675707928E+000 -0.427190302524346E+002 -0.209935982710631E+002 -0.740021519533454E+003 -0.740021519533454E+003
 -0.192563731897984E+002  0.729986972193676E+002 -0.458367234428752E+000  0.466557279725873E+000  0.689867999402850E+000 -0.379132363820066E+002 -0.209935982710631E+002 -0.739704980626917E+003 -0.739704980626917E+003
 -0.192451266048100E+002  0.732870629651900E+002 -0.451418348380836E+000  0.491018180453439E+000  0.635619482060278E+000 -0.392206782971050E+002 -0.209935982710631E+002 -0.739837693065971E+003 -0.739837693065971E+003
 -0.192600008593592E+002  0.729012186488232E+002 -0.451682115051094E+000  0.478269464518048E+000  0.751118237635978E+000 -0.423763343640167E+002 -0.209935982710631E+002 -0.739246873094335E+003 -0.739246873094335E+003
 -0.192729819486012E+002  0.725954918587708E+002 -0.459862947975683E+000  0.485711990587533E+000  0.623653509196259E+000 -0.370580133366437E+002 -0.209935982710631E+002 -0.739959602766876E+003 -0.739959602766876E+003
 -0.192765937935255E+002  0.722285562224214E+002 -0.441172617934622E+000  0.490103115719346E+000  0.633519968543581E+000 -0.404571504456762E+002 -0.209935982710631E+002 -0.739981206263053E+003 -0.739981206263053E+003
 -0.192755149021166E+002  0.723875488569290E+002 -0.461378558772068E+000  0.484230132788196E+000  0.826355871161624E+000 -0.445842822079018E+002 -0.209935982710631E+002 -0.739781479685734E+003 -0.739781479685734E+003
 -0.192893324121273E+002  0.719403085618002E+002 -0.452759693490340E+000  0.488828203263322E+000  0.780665903986332E+000 -0.444646101731263E+002 -0.209935982710631E+002 -0.740144569203243E+003 -0.740144569203243E+003
 -0.192708017974645E+002  0.723487556381507E+002 -0.452617118539733E+000  0.484804532977261E+000  0.638812549504621E+000 -0.385363459864547E+002 -0.209935982710631E+002 -0.740217893109796E+003 -0.740217893109796E+003
 -0.192680594283223E+002  0.726374897171378E+002 -0.462694019756265E+000  0.477728045432953E+000  0.497735565960653E+000 -0.309799014551808E+002 -0.209935982710631E+002 -0.739857214720453E+003 -0.739857214720453E+003
 -0.192432192775690E+002  0.735597465753402E+002 -0.460666161511966E+000  0.502857647707602E+000  0.635624972753249E+000 -0.391495507964009E+002 -0.209935982710631E+002 -0.739983659804163E+003 -0.739983659804163E+003
 -0.192602341061821E+002  0.729743802521688E+002 -0.475430914119605E+000  0.522447619176782E+000  0.555305152220129E+000 -0.359204966817625E+002 -0.209935982710631E+002 -0.740107660175823E+003 -0.740107660175823E+003
 -0.192756848199397E+002  0.723200222507843E+002 -0.455670291019991E+000  0.481407349411626E+000  0.756848657610988E+000 -0.423654024630849E+002 -0.209935982710631E+002 -0.739560993240028E+003 -0.739560993240028E+003
 -0.192582546074776E+002  0.730273694252483E+002 -0.481266001336547E+000  0.508938308484698E+000  0.561190854017497E+000 -0.339498228336432E+002 -0.209935982710631E+002 -0.740081344683144E+003 -0.740081344683144E+003
 -0.192669603595671E+002  0.727792217101620E+002 -0.467436980856329E+000  0.502387609110788E+000  0.626932688346074E+000 -0.378093301733326E+002 -0.209935982710631E+002 -0.739413295143655E+003 -0.739413295143655E+003
 -0.192466160167095E+002  0.734284325725609E+002 -0.464830167987008E+000  0.482029730837597E+000  0.666458263234929E+000 -0.376734965195454E+002 -0.209935982710631E+002 -0.739980212237199E+003 -0.739980212237199E+003
 -0.192599068088115E+002  0.730302815233397E+002 -0.474337476702171E+000  0.515607398838430E+000  0.438148248412617E+000 -0.308333048845090E+002 -0.209935982710631E+002 -0.740182263173518E+003 -0.740182263173518E+003
 -0.192839181976230E+002  0.720406899261109E+002 -0.457535719196539E+000  0.470812952113532E+000  0.811070352045036E+000 -0.431627352037103E+002 -0.209935982710631E+002 -0.740200942459601E+003 -0.740200942459601E+003
 -0.192608604333000E+002  0.731403898521525E+002 -0.465053095362391E+000  0.491984570640449E+000  0.488922982260959E+000 -0.317279681330011E+002 -0.209935982710631E+002 -0.740240660011771E+003 -0.740240660011771E+003
 -0.192459085013488E+002  0.734085953299420E+002 -0.451090079469148E+000  0.452317195744265E+000  0.814088882748223E+000 -0.422971129925784E+002 -0.209935982710631E+002 -0.739756456455231E+003 -0.739756456455231E+003
 -0.192661825010025E+002  0.727040264033805E+002 -0.447714579556223E+000  0.458828160399129E+000  0.765789446377255E+000 -0.415260715424382E+002 -0.209935982710631E+002 -0.740044964597886E+003 -0.740044964597886E+003
 -0.192990222334630E+002  0.716478495569664E+002 -0.462840917081047E+000  0.507111231989406E+000  0.388543903572042E+000 -0.296444015682045E+002 -0.209935982710631E+002 -0.739843443319707E+003 -0.739843443319707E+003
 -0.192383505803556E+002  0.735093785465326E+002 -0.444365274357833E+000  0.497989992614699E+000  0.192030101245791E+000 -0.235781333976805E+002 -0.209935982710631E+002 -0.739456137247865E+003 -0.739456137247865E+003
 -0.192616918112331E+002  0.730308916781374E+002 -0.479219312850620E+000  0.518253279525071E+000  0.257801343646477E+000 -0.233898330865917E+002 -0.209935982710631E+002 -0.739730819756514E+003 -0.739730819756514E+003
 -0.192340657859612E+002  0.737664038600335E+002 -0.441343898455250E+000  0.474551127265382E+000  0.254316934720194E+000 -0.240068518712568E+002 -0.209935982710631E+002 -0.739779142474761E+003 -0.739779142474761E+003
 -0.192424096603646E+002  0.733973392893347E+002 -0.455972393709080E+000  0.481063108986433E+000  0.393086344784109E+000 -0.281427521384394E+002 -0.209935982710631E+002 -0.739995864888236E+003 -0.739995864888236E+003
 -0.192867671951541E+002  0.721012622832968E+002 -0.459928358606549E+000  0.508124407648642E+000  0.218296167348939E+000 -0.235326530601142E+002 -0.209935982710631E+002 -0.740121296940525E+003 -0.740121296940525E+003
 -0.192982315652028E+002  0.717183842136687E+002 -0.457905522580690E+000  0.508543394631191E+000  0.352392748533617E+000 -0.290756883948467E+002 -0.209935982710631E+002 -0.739932877893147E+003 -0.739932877893147E+003
 -0.192953200552030E+002  0.717502665390903E+002 -0.468112858091572E+000  0.510711396776319E+000  0.390740975642103E+000 -0.293549433115677E+002 -0.209935982710631E+002 -0.740166489520655E+003 -0.740166489520655E+003
 -0.192616082985172E+002  0.727927829941588E+002 -0.455650199755495E+000  0.500301436975774E+000  0.286887079289571E+000 -0.259820854873803E+002 -0.209935982710631E+002 -0.738990831656643E+003 -0.738990831656643E+003
 -0.192793702615242E+002  0.724266317802430E+002 -0.477647263797683E+000  0.513651795858339E+000  0.261520292368061E+000 -0.232956021705088E+002 -0.209935982710631E+002 -0.739464088806841E+003 -0.739464088806841E+003
 -0.192541544580222E+002  0.733165009257306E+002 -0.476242885836943E+000  0.497014804813848E+000  0.476541129364847E+000 -0.301908369255936E+002 -0.209935982710631E+002 -0.739853499127267E+003 -0.739853499127267E+003
 -0.192956929089561E+002  0.717505111724476E+002 -0.452260802172090E+000  0.501835138282544E+000  0.260749392485508E+000 -0.255961289351036E+002 -0.209935982710631E+002 -0.740114463257641E+003 -0.740114463257641E+003
 -0.192881600681125E+002  0.721723368823196E+002 -0.481731471465644E+000  0.520774597022699E+000  0.346701007216140E+000 -0.267334007730248E+002 -0.209935982710631E+002 -0.740017992697022E+003 -0.740017992697022E+003
 -0.192765674452112E+002  0.724233176947704E+002 -0.467576958344125E+000  0.496903355307659E+000  0.318519734187518E+000 -0.252500270249184E+002 -0.209935982710631E+002 -0.739619332158681E+003 -0.739619332158681E+003
 -0.193066235768651E+002  0.714438584500482E+002 -0.456594021945240E+000  0.499159756999350E+000  0.278229215445819E+000 -0.254005665560519E+002 -0.209935982710631E+002 -0.740087918358735E+003 -0.740087918358735E+003
 -0.192472203789659E+002  0.732651148946666E+002 -0.442840903364258E+000  0.450679423715905E+000  0.379435754983874E+000 -0.263224424009641E+002 -0.209935982710631E+002 -0.740018770504682E+003 -0.740018770504682E+003
 -0.192580414666061E+002  0.731699849458831E+002 -0.482416640904311E+000  0.532526675354539E+000  0.253148147404332E+000 -0.241726755188197E+002 -0.209935982710631E+002 -0.739531199787990E+003 -0.739531199787990E+003
 -0.192859996439323E+002  0.720954376545178E+002 -0.460519129287408E+000  0.503905940323658E+000  0.352550167938091E+000 -0.282340783949195E+002 -0.209935982710631E+002 -0.740101572706229E+003 -0.740101572706229E+003
 -0.192981539848621E+002  0.716882575676986E+002 -0.461420168555954E+000  0.508930717127031E+000  0.304520831547805E+000 -0.267545349877047E+002 -0.209935982710631E+002 -0.739743410088737E+003 -0.739743410088737E+003
 -0.192624589649729E+002  0.728148073780736E+002 -0.447922692834886E+000  0.471410105317680E+000  0.348952524424362E+000 -0.265242010980834E+002 -0.209935982710631E+002 -0.738865594615764E+003 -0.738865594615764E+003
 -0.192555084078807E+002  0.730488753134615E+002 -0.448428240895428E+000  0.464582394725728E+000  0.299537825686301E+000 -0.238706465768572E+002 -0.209935982710631E+002 -0.739628506664864E+003 -0.739628506664864E+003
 -0.192981288555580E+002  0.717862072113032E+002 -0.466230741457172E+000  0.505210440317352E+000  0.312548425499713E+000 -0.260253370577969E+002 -0.209935982710631E+002 -0.739776982306158E+003 -0.739776982306158E+003
 -0.192302649288481E+002  0.738783125923096E+002 -0.460039022080130E+000  0.493654014211740E+000  0.285713993086915E+000 -0.246748918181016E+002 -0.209935982710631E+002 -0.739748149024503E+003 -0.739748149024503E+003
 -0.192748973388913E+002  0.725070414550827E+002 -0.462237076192637E+000  0.499572047977287E+000  0.408249807141488E+000 -0.297290980707864E+002 -0.209935982710631E+002 -0.739059915512736E+003 -0.739059915512736E+003
 -0.192500574531864E+002  0.733298648147207E+002 -0.477648456653984E+000  0.500568969777469E+000  0.293763181793636E+000 -0.232692039192800E+002 -0.209935982710631E+002 -0.740192274858386E+003 -0.740192274858386E+003
 -0.192225684872357E+002  0.742169667542279E+002 -0.445260868993088E+000  0.465572833852645E+000  0.370587555448225E+000 -0.271322445921137E+002 -0.209935982710631E+002 -0.739909497835481E+003 -0.739909497835481E+003
 -0.192643027622001E+002  0.727888120959490E+002 -0.453296581891753E+000  0.484570605939427E+000  0.246229770046398E+000 -0.231401068495111E+002 -0.209935982710631E+002 -0.739296245579453E+003 -0.739296245579453E+003
 -0.192224127137674E+002  0.742012330546228E+002 -0.460535999231822E+000  0.482428746012991E+000  0.314148386459792E+000 -0.246038580228719E+002 -0.209935982710631E+002 -0.740268639541639E+003 -0.740268639541639E+003
 -0.192902763082114E+002  0.720584328703459E+002 -0.486907709198752E+000  0.528385950705244E+000  0.309655358504614E+000 -0.253037280493641E+002 -0.209935982710631E+002 -0.740183886237455E+003 -0.740183886237455E+003
 -0.193021324004689E+002  0.716311061891269E+002 -0.468450191585355E+000  0.503597690730913E+000  0.303852599819308E+000 -0.252230909790000E+002 -0.209935982710631E+002 -0.740254486158892E+003 -0.740254486158892E+003
 -0.192264261265390E+002  0.739949039919996E+002 -0.463214365740528E+000  0.500110638350899E+000  0.366875935471839E+000 -0.280392430210496E+002 -0.209935982710631E+002 -0.740013080820252E+003 -0.740013080820252E+003
 -0.192649606272300E+002  0.726994140990359E+002 -0.448605316481502E+000  0.487274314042374E+000  0.210786258627095E+000 -0.226584587200113E+002 -0.209935982710631E+002 -0.739762156317404E+003 -0.739762156317404E+003
 -0.192905265781200E+002  0.719096643460038E+002 -0.462874604003160E+000  0.513036242107506E+000  0.375488905308245E+000 -0.297462432954904E+002 -0.209935982710631E+002 -0.739811716946857E+003 -0.739811716946857E+003
 -0.192361219501749E+002  0.736009784573448E+002 -0.445170807938073E+000  0.481160097053142E+000  0.211478445965469E+000 -0.225075798267018E+002 -0.209935982710631E+002 -0.739407003609824E+003 -0.739407003609824E+003
 -0.192754491156658E+002  0.722378683531223E+002 -0.448731162200342E+000  0.506820578498174E+000  0.317078342718332E+000 -0.287879879818476E+002 -0.209935982710631E+002 -0.739996482596974E+003 -0.739996482596974E+003
 -0.192653596778575E+002  0.728480422651552E+002 -0.455307115953562E+000  0.506290339182927E+000  0.231763902837159E+000 -0.244956516417703E+002 -0.209935982710631E+002 -0.739134868230021E+003 -0.739134868230021E+003
 -0.192785903695398E+002  0.724295129870627E+002 -0.487795832744750E+000  0.521948651235582E+000  0.364210921922947E+000 -0.266560360710067E+002 -0.209935982710631E+002 -0.740102836288653E+003 -0.740102836288653E+003
 -0.192709905149594E+002  0.727860107243985E+002 -0.461619510004920E+000  0.506525259970672E+000  0.242913190519161E+000 -0.240831578046170E+002 -0.209935982710631E+002 -0.739970579747309E+003 -0.739970579747309E+003
 -0.192487859263946E+002  0.732694091299980E+002 -0.454760289517107E+000  0.485213577459857E+000  0.232300628456244E+000 -0.224725025833302E+002 -0.209935982710631E+002 -0.740070167158819E+003 -0.740070167158819E+003
 -0.192657578124856E+002  0.727507775573442E+002 -0.468222132873712E+000  0.518309373710607E+000  0.216420952054420E+000 -0.233318119385287E+002 -0.209935982710631E+002 -0.739099954045336E+003 -0.739099954045336E+003
 -0.192549530684475E+002  0.729711243668206E+002 -0.445330296347043E+000  0.492925136542252E+000  0.271022544664234E+000 -0.260193215066938E+002 -0.209935982710631E+002 -0.739407764307607E+003 -0.739407764307607E+003
 -0.192614970204290E+002  0.728971545531996E+002 -0.463499907416889E+000  0.512177511561078E+000  0.251735375337972E+000 -0.247559287745288E+002 -0.209935982710631E+002 -0.740174716509067E+003 -0.740174716509067E+003
 -0.192297982222195E+002  0.739403813211388E+002 -0.461030588628291E+000  0.500565975994829E+000  0.375717863114716E+000 -0.287270370718769E+002 -0.209935982710631E+002 -0.740012300675741E+003 -0.740012300675741E+003
 -0.192632550508232E+002  0.728961479405003E+002 -0.447766376499003E+000  0.485445155700464E+000  0.262459594849631E+000 -0.245907486264324E+002 -0.209935982710631E+002 -0.739215835527100E+003 -0.739215835527100E+003
 -0.192279338234722E+002  0.740649800213043E+002 -0.446240664479350E+000  0.469276337686030E+000  0.287655950993056E+000 -0.241510948074290E+002 -0.209935982710631E+002 -0.739890917036329E+003 -0.739890917036329E+003
 -0.192869900114897E+002  0.721734865488869E+002 -0.487206805435633E+000  0.527885342903643E+000  0.306880243236904E+000 -0.251025496932508E+002 -0.209935982710631E+002 -0.740132579295691E+003 -0.740132579295691E+003
 -0.192405571905857E+002  0.734924107364475E+002 -0.446391729859593E+000  0.474925104648066E+000  0.177102449823749E+000 -0.203997904278316E+002 -0.209935982710631E+002 -0.740250419469394E+003 -0.740250419469394E+003
 -0.192266867407952E+002  0.740925098119042E+002 -0.446077056860099E+000  0.470125291177784E+000  0.272051970128203E+000 -0.236443412824005E+002 -0.209935982710631E+002 -0.739713749278546E+003 -0.739713749278546E+003
 -0.192602320281746E+002  0.729429210447644E+002 -0.442477315820600E+000  0.478516450194540E+000  0.279920550662240E+000 -0.252645374588352E+002 -0.209935982710631E+002 -0.738892030728563E+003 -0.738892030728563E+003
 -0.192461162867099E+002  0.732347915288763E+002 -0.449009219772479E+000  0.477103724369953E+000  0.309087660733510E+000 -0.254005701359556E+002 -0.209935982710631E+002 -0.739509618601668E+003 -0.739509618601668E+003
 -0.192534159558822E+002  0.731892733955815E+002 -0.453683659589087E+000  0.496724953435543E+000  0.195805041293326E+000 -0.223520795048551E+002 -0.209935982710631E+002 -0.739872840778516E+003 -0.739872840778516E+003
 -0.192262270179348E+002  0.740454922299706E+002 -0.454646345760852E+000  0.490279562172554E+000  0.262114214356529E+000 -0.241436132834380E+002 -0.209935982710631E+002 -0.739381152045701E+003 -0.739381152045701E+003
 -0.192400422344882E+002  0.735401378068384E+002 -0.447582464348086E+000  0.498640128026099E+000  0.168891073267829E+000 -0.223188470675625E+002 -0.209935982710631E+002 -0.739627716659227E+003 -0.739627716659227E+003
 -0.192766660730305E+002  0.724540021393099E+002 -0.460611814743104E+000  0.512637434686446E+000  0.286881214723593E+000 -0.265602783086292E+002 -0.209935982710631E+002 -0.739354187435035E+003 -0.739354187435035E+003
 -0.192626734826892E+002  0.729938774005715E+002 -0.475382454593634E+000  0.510205718986771E+000  0.259322208771593E+000 -0.231854400056489E+002 -0.209935982710631E+002 -0.739144223902785E+003 -0.739144223902785E+003
 -0.192603522626536E+002  0.730623829211702E+002 -0.463157756342452E+000  0.495417645187194E+000  0.309776484587232E+000 -0.253613219087047E+002 -0.209935982710631E+002 -0.739075588949654E+003 -0.739075588949654E+003
 -0.192871021487899E+002  0.720463397994848E+002 -0.456687439023084E+000  0.485170295968107E+000  0.420315546489320E+000 -0.295129237054478E+002 -0.209935982710631E+002 -0.739375989108195E+003 -0.739375989108195E+003
 -0.192402076669737E+002  0.735538362524574E+002 -0.471426978263719E+000  0.517614594131949E+000  0.203249593665973E+000 -0.222988342885349E+002 -0.209935982710631E+002 -0.739945939600969E+003 -0.739945939600969E+003
 -0.192882337867502E+002  0.719796938762702E+002 -0.469927534522085E+000  0.521844014828635E+000  0.347808228186310E+000 -0.285680579632994E+002 -0.209935982710631E+002 -0.739928181544435E+003 -0.739928181544435E+003
 -0.192316992868302E+002  0.739458238433227E+002 -0.447142330587141E+000  0.465045322240573E+000  0.321976624195258E+000 -0.249514623125098E+002 -0.209935982710631E+002 -0.739983169115564E+003 -0.739983169115564E+003
 -0.192304793100937E+002  0.740171290743332E+002 -0.449708463542231E+000  0.471533795521837E+000  0.211483008806269E+000 -0.209696245121665E+002 -0.209935982710631E+002 -0.740281360713563E+003 -0.740281360713563E+003
 -0.192668330496346E+002  0.725334587733029E+002 -0.448644819260672E+000  0.496734870630354E+000  0.348651134915173E+000 -0.289901763687747E+002 -0.209935982710631E+002 -0.739400957613346E+003 -0.739400957613346E+003
 -0.192527206559504E+002  0.730836246428648E+002 -0.453604313384866E+000  0.478586821572993E+000  0.318950796587998E+000 -0.253223698052591E+002 -0.209935982710631E+002 -0.739304832506240E+003 -0.739304832506240E+003
 -0.192497930303895E+002  0.734991455834718E+002 -0.465320650783916E+000  0.513449781375551E+000  0.188352434811677E+000 -0.221518557137901E+002 -0.209935982710631E+002 -0.739761294314246E+003 -0.739761294314246E+003
 -0.192754377678774E+002  0.725938988954445E+002 -0.478967805993523E+000  0.533662136395971E+000  0.264895586066388E+000 -0.252430932619068E+002 -0.209935982710631E+002 -0.739874744785502E+003 -0.739874744785502E+003
 -0.192414909442723E+002  0.736761379401111E+002 -0.455990712993960E+000  0.485277007387150E+000  0.218940836463375E+000 -0.217930905807767E+002 -0.209935982710631E+002 -0.739890795339191E+003 -0.739890795339191E+003
 -0.192413866541509E+002  0.735371251563850E+002 -0.446507905698349E+000  0.490053938388780E+000  0.171354225608127E+000 -0.216795675150506E+002 -0.209935982710631E+002 -0.739493876935290E+003 -0.739493876935290E+003
 -0.192787871628516E+002  0.722517436907260E+002 -0.452751604246191E+000  0.485305393684268E+000  0.331309512136116E+000 -0.265934876557458E+002 -0.209935982710631E+002 -0.739230373407036E+003 -0.739230373407036E+003
 -0.192626774731727E+002  0.730107844486001E+002 -0.463213292695724E+000  0.512123614689298E+000  0.230463368995558E+000 -0.239480206390122E+002 -0.209935982710631E+002 -0.739309489414899E+003 -0.739309489414899E+003
 -0.192465396374210E+002  0.733790498508178E+002 -0.442686902912927E+000  0.479064078920926E+000  0.258516143510320E+000 -0.244617584217612E+002 -0.209935982710631E+002 -0.739159869868543E+003 -0.739159869868543E+003
 -0.192855292965658E+002  0.719961715209787E+002 -0.456527731863929E+000  0.499356508792822E+000  0.383455973241681E+000 -0.295273533111427E+002 -0.209935982710631E+002 -0.739553312346646E+003 -0.739553312346646E+003
 -0.192712188577808E+002  0.725217610986429E+002 -0.441215639101652E+000  0.484334768395829E+000  0.208494254737587E+000 -0.232502597549972E+002 -0.209935982710631E+002 -0.740115940845325E+003 -0.740115940845325E+003
 -0.192569081129854E+002  0.731776504272017E+002 -0.472803927016830E+000  0.510574652783003E+000  0.229749518565598E+000 -0.224359047900793E+002 -0.209935982710631E+002 -0.739374191524856E+003 -0.739374191524856E+003
 -0.192838032165045E+002  0.722704001094394E+002 -0.487029476709272E+000  0.530855993327963E+000  0.328363364763774E+000 -0.262574000074090E+002 -0.209935982710631E+002 -0.740136942968286E+003 -0.740136942968286E+003
 -0.192367952270707E+002  0.738262974291866E+002 -0.448796094666877E+000  0.486981106040916E+000  0.266923034800072E+000 -0.247841210801640E+002 -0.209935982710631E+002 -0.739908553950146E+003 -0.739908553950146E+003
 -0.192380827248890E+002  0.735793968650989E+002 -0.442840700192201E+000  0.483719087616463E+000  0.125681746287270E+000 -0.197414034681009E+002 -0.209935982710631E+002 -0.739862271842489E+003 -0.739862271842489E+003
 -0.192430328733430E+002  0.735898961810286E+002 -0.448348832658329E+000  0.466035051304353E+000  0.341382105297228E+000 -0.256498044354742E+002 -0.209935982710631E+002 -0.740071142933473E+003 -0.740071142933473E+003
 -0.192495666513865E+002  0.734661026104952E+002 -0.485810312724891E+000  0.526453039207104E+000  0.315448943198916E+000 -0.255043939531621E+002 -0.209935982710631E+002 -0.740279477399593E+003 -0.740279477399593E+003
 -0.192233825845831E+002  0.741246706687405E+002 -0.445600750790184E+000  0.485003380593541E+000  0.183860649479385E+000 -0.217738364777376E+002 -0.209935982710631E+002 -0.740035856263620E+003 -0.740035856263620E+003
 -0.192186156819235E+002  0.743589446981504E+002 -0.463183738463545E+000  0.485921270628944E+000  0.294686090807829E+000 -0.238333643535388E+002 -0.209935982710631E+002 -0.740252741763023E+003 -0.740252741763023E+003
 -0.192402363198161E+002  0.734541319298744E+002 -0.442892232261166E+000  0.481012512128470E+000  0.166990654401559E+000 -0.210649029350284E+002 -0.209935982710631E+002 -0.739150921573993E+003 -0.739150921573993E+003
 -0.192704210982103E+002  0.725642115588919E+002 -0.450637125266488E+000  0.481389673784541E+000  0.411925505309469E+000 -0.296310519646917E+002 -0.209935982710631E+002 -0.740031844742817E+003 -0.740031844742817E+003
 -0.192608143427055E+002  0.727984295971327E+002 -0.443544282897536E+000  0.493837200276176E+000  0.176296938283102E+000 -0.226602134897460E+002 -0.209935982710631E+002 -0.739952036695951E+003 -0.739952036695951E+003
 -0.192540293591000E+002  0.732189819262065E+002 -0.448875217969954E+000  0.485996269048615E+000  0.282574924583230E+000 -0.252915654416284E+002 -0.209935982710631E+002 -0.740288060703905E+003 -0.740288060703905E+003
 -0.192624724203783E+002  0.728060206901394E+002 -0.451093973673564E+000  0.471757637457488E+000  0.454781116386570E+000 -0.302558364774632E+002 -0.209935982710631E+002 -0.738957493014867E+003 -0.738957493014867E+003
 -0.192336132407552E+002  0.736958498496310E+002 -0.444855519528718E+000  0.478132440968430E+000  0.232574892614991E+000 -0.230746974851437E+002 -0.209935982710631E+002 -0.739745759769578E+003 -0.739745759769578E+003
 -0.192564867570252E+002  0.730785095838536E+002 -0.461161752906925E+000  0.509228885875647E+000  0.360607889841575E+000 -0.290180171438269E+002 -0.209935982710631E+002 -0.739468716847678E+003 -0.739468716847678E+003
 -0.192862895174567E+002  0.721450080157932E+002 -0.453250630007063E+000  0.480264874828542E+000  0.384016365571057E+000 -0.280667115643242E+002 -0.209935982710631E+002 -0.739504046179140E+003 -0.739504046179140E+003
 -0.192625285505114E+002  0.726621278313780E+002 -0.444574644970473E+000  0.481480580199698E+000  0.248745383291379E+000 -0.240770367585165E+002 -0.209935982710631E+002 -0.739326131148261E+003 -0.739326131148261E+003
 -0.192284787834282E+002  0.740339217979694E+002 -0.439721599003664E+000  0.459159527014861E+000  0.284596388081908E+000 -0.238616145009462E+002 -0.209935982710631E+002 -0.739983437584359E+003 -0.739983437584359E+003
 -0.192680273524708E+002  0.726803117828362E+002 -0.461055459002671E+000  0.485124525927676E+000  0.410998972128951E+000 -0.285690739062932E+002 -0.209935982710631E+002 -0.740148447912751E+003 -0.740148447912751E+003
 -0.193043556912850E+002  0.714454752418920E+002 -0.465032531248533E+000  0.509698816398625E+000  0.307945332044852E+000 -0.264644322108586E+002 -0.209935982710631E+002 -0.740079615105278E+003 -0.740079615105278E+003
 -0.192356508198694E+002  0.737295544261374E+002 -0.444778523894659E+000  0.500169966679318E+000  0.143221247762966E+000 -0.218435739898213E+002 -0.209935982710631E+002 -0.739391866467589E+003 -0.739391866467589E+003
 -0.192301623563404E+002  0.737806527465861E+002 -0.440700908966186E+000  0.477923408606639E+000  0.110813745127302E+000 -0.188531416078896E+002 -0.209935982710631E+002 -0.740090168892697E+003 -0.740090168892697E+003
 -0.192957372043355E+002  0.717978448016925E+002 -0.472064182170463E+000  0.520337866534421E+000  0.373157832383725E+000 -0.290921930237769E+002 -0.209935982710631E+002 -0.740050274781167E+003 -0.740050274781167E+003
 -0.192609730265515E+002  0.729024558277051E+002 -0.460887277093769E+000  0.501305164591025E+000  0.174825045140707E+000 -0.210080539920445E+002 -0.209935982710631E+002 -0.738935770731978E+003 -0.738935770731978E+003
 -0.192660751654123E+002  0.727134152056443E+002 -0.438679146708781E+000  0.456157482555985E+000  0.798801139915781E-001 -0.157459612839572E+002 -0.209935982710631E+002 -0.739752158428076E+003 -0.739752158428076E+003
 -0.192766540117107E+002  0.723963943722065E+002 -0.449153163774395E+000  0.480206285821499E+000  0.102198671034074E+000 -0.176527874973687E+002 -0.209935982710631E+002 -0.739999508088154E+003 -0.739999508088154E+003
 -0.192797052522606E+002  0.722463769430664E+002 -0.442316475776643E+000  0.493748163761571E+000  0.602921905379645E-001 -0.182833092762957E+002 -0.209935982710631E+002 -0.739742794105241E+003 -0.739742794105241E+003
 -0.192342992374188E+002  0.737485055512340E+002 -0.435809053386159E+000  0.462152042737070E+000 -0.943761839956778E-001 -0.992241735268249E+001 -0.209935982710631E+002 -0.739663080101901E+003 -0.739663080101901E+003
 -0.192728484105772E+002  0.725095967912229E+002 -0.439142549309662E+000  0.492539214303509E+000 -0.765279532413814E-001 -0.132361582448688E+002 -0.209935982710631E+002 -0.739000341922114E+003 -0.739000341922114E+003
 -0.192727895294890E+002  0.725119516831855E+002 -0.435667681201214E+000  0.466245441837346E+000  0.300763926315568E-001 -0.151768688155486E+002 -0.209935982710631E+002 -0.739479800339123E+003 -0.739479800339123E+003
 -0.192752640834825E+002  0.725122817316806E+002 -0.447153130816680E+000  0.491528281211428E+000 -0.167480430197458E+000 -0.855205861311103E+001 -0.209935982710631E+002 -0.739542385264654E+003 -0.739542385264654E+003
 -0.192657853235496E+002  0.727260308509534E+002 -0.449156603276059E+000  0.495762857034741E+000  0.423343347554521E-001 -0.168710855076569E+002 -0.209935982710631E+002 -0.740108188684577E+003 -0.740108188684577E+003
 -0.192673338625946E+002  0.726699098728081E+002 -0.442427556668491E+000  0.476631123543900E+000  0.195583062792508E-001 -0.149473166359254E+002 -0.209935982710631E+002 -0.738835373496689E+003 -0.738835373496689E+003
 -0.192515198845743E+002  0.731909578624849E+002 -0.434443167813651E+000  0.459419988952547E+000 -0.526831518400428E-001 -0.114426834359289E+002 -0.209935982710631E+002 -0.739995723286131E+003 -0.739995723286131E+003
 -0.192662528640042E+002  0.726979462137543E+002 -0.453776888830723E+000  0.527307573872023E+000  0.886664912639503E-001 -0.213157997451168E+002 -0.209935982710631E+002 -0.739756865548967E+003 -0.739756865548967E+003
 -0.192514815024783E+002  0.731948483176814E+002 -0.451516454340813E+000  0.497030706474563E+000  0.225315040389944E-001 -0.159225651705151E+002 -0.209935982710631E+002 -0.739342702499962E+003 -0.739342702499962E+003
 -0.192768856103777E+002  0.723928392885378E+002 -0.454190801212324E+000  0.517910241035331E+000  0.256546945229132E-001 -0.178108405308074E+002 -0.209935982710631E+002 -0.738952755137956E+003 -0.738952755137956E+003
 -0.192300025523590E+002  0.738853185278301E+002 -0.433168035355611E+000  0.452969223867656E+000 -0.991310071680402E-001 -0.916489275683097E+001 -0.209935982710631E+002 -0.740266899380943E+003 -0.740266899380943E+003
 -0.192410648147458E+002  0.735559749300917E+002 -0.457244522463516E+000  0.496590279449864E+000  0.218135048305612E-001 -0.150843852543688E+002 -0.209935982710631E+002 -0.738913799906144E+003 -0.738913799906144E+003
 -0.192421928484739E+002  0.734902866154094E+002 -0.443307299101010E+000  0.500591218791234E+000 -0.813323303838018E-001 -0.133237644514611E+002 -0.209935982710631E+002 -0.738631753272923E+003 -0.738631753272923E+003
 -0.192453510053149E+002  0.734046930228951E+002 -0.452912251391860E+000  0.505911478901546E+000 -0.219382032267532E-001 -0.149006435498600E+002 -0.209935982710631E+002 -0.738966681284102E+003 -0.738966681284102E+003
 -0.192527186304663E+002  0.731551266658093E+002 -0.445181507265852E+000  0.485256100950031E+000  0.196801435045444E-001 -0.154578112900129E+002 -0.209935982710631E+002 -0.738556488614342E+003 -0.738556488614342E+003
 -0.192611490938759E+002  0.728659903875837E+002 -0.453296120533048E+000  0.528813831761473E+000  0.524538012858073E-001 -0.201299149286654E+002 -0.209935982710631E+002 -0.740035649472143E+003 -0.740035649472143E+003
 -0.192323452330906E+002  0.738104202659596E+002 -0.447812351602224E+000  0.504517046797154E+000 -0.124126033204874E+000 -0.114633600540453E+002 -0.209935982710631E+002 -0.740231948304947E+003 -0.740231948304947E+003
 -0.192434451796239E+002  0.734615129735272E+002 -0.456421910787306E+000  0.501743605765816E+000  0.621628187929559E-001 -0.172741520228705E+002 -0.209935982710631E+002 -0.740010741845437E+003 -0.740010741845437E+003
 -0.192814041523841E+002  0.722693807462626E+002 -0.447300016160086E+000  0.500596490689943E+000 -0.988447763691624E-001 -0.121138991125581E+002 -0.209935982710631E+002 -0.738946408556173E+003 -0.738946408556173E+003
 -0.192972891059650E+002  0.717642208441992E+002 -0.447165954514608E+000  0.504655927302164E+000 -0.115614511767618E+000 -0.118918824250286E+002 -0.209935982710631E+002 -0.739697235791652E+003 -0.739697235791652E+003
 -0.192303761910524E+002  0.738728326629423E+002 -0.434367750738254E+000  0.457174399319001E+000 -0.843264162278956E-001 -0.100022380660723E+002 -0.209935982710631E+002 -0.740061157695388E+003 -0.740061157695388E+003
 -0.192471829206943E+002  0.733124996289851E+002 -0.439381309188406E+000  0.484132897209383E+000 -0.749217066785235E-001 -0.124180367931364E+002 -0.209935982710631E+002 -0.740234888409935E+003 -0.740234888409935E+003
 -0.192402971417560E+002  0.735434934276087E+002 -0.432132934672734E+000  0.449617078357355E+000 -0.500679821484340E-001 -0.108666318104882E+002 -0.209935982710631E+002 -0.740224843737276E+003 -0.740224843737276E+003
 -0.192968550316291E+002  0.717672627987351E+002 -0.450174339709377E+000  0.502428488083578E+000  0.620679191932680E-001 -0.181834645624032E+002 -0.209935982710631E+002 -0.739643469334008E+003 -0.739643469334008E+003
 -0.193059422020177E+002  0.714278671283052E+002 -0.445384157950697E+000  0.501934565413667E+000  0.702093120632696E-001 -0.190988127342509E+002 -0.209935982710631E+002 -0.740084300328026E+003 -0.740084300328026E+003
 -0.192275240826056E+002  0.740030749970680E+002 -0.450547783730384E+000  0.496941693580650E+000 -0.902514915918431E-001 -0.116516482387682E+002 -0.209935982710631E+002 -0.739410409248401E+003 -0.739410409248401E+003
 -0.192976097921654E+002  0.717273045204042E+002 -0.440902847693846E+000  0.507772324889490E+000 -0.147953845982471E+000 -0.117857897863471E+002 -0.209935982710631E+002 -0.740104481597322E+003 -0.740104481597322E+003
 -0.192553803769498E+002  0.731108745369711E+002 -0.447625702153993E+000  0.485908302719982E+000 -0.507605051172533E-001 -0.124664574835779E+002 -0.209935982710631E+002 -0.738790349034420E+003 -0.738790349034420E+003
 -0.192941838038720E+002  0.718517318635774E+002 -0.441546438692336E+000  0.510925755029900E+000 -0.136389664162536E+000 -0.124823146662098E+002 -0.209935982710631E+002 -0.740221774655915E+003 -0.740221774655915E+003
 -0.192801354748398E+002  0.722584822457211E+002 -0.441237275114583E+000  0.485430559084406E+000  0.333263586864518E-002 -0.153495851658136E+002 -0.209935982710631E+002 -0.738968186052775E+003 -0.738968186052775E+003
 -0.192900942379230E+002  0.719753445249212E+002 -0.449287323829843E+000  0.488864084908712E+000  0.120260778562738E+000 -0.191956938834188E+002 -0.209935982710631E+002 -0.739295020977401E+003 -0.739295020977401E+003
 -0.192529755032766E+002  0.731446526695223E+002 -0.432717115377865E+000  0.458101637167063E+000 -0.772293971602096E-001 -0.105699954711206E+002 -0.209935982710631E+002 -0.739632539932557E+003 -0.739632539932557E+003
 -0.192841680630269E+002  0.722634470675023E+002 -0.461607755926017E+000  0.513488737599777E+000 -0.744511521680096E-001 -0.124419465319638E+002 -0.209935982710631E+002 -0.739164119394398E+003 -0.739164119394398E+003
 -0.192923206926103E+002  0.719756097200543E+002 -0.461481785387577E+000  0.529475855999020E+000 -0.448275810930454E-001 -0.152420989682675E+002 -0.209935982710631E+002 -0.739857929703793E+003 -0.739857929703793E+003
 -0.192778036182806E+002  0.723245756443303E+002 -0.437982693029845E+000  0.469114221230917E+000  0.610567625488585E-001 -0.163756638558704E+002 -0.209935982710631E+002 -0.739319085469954E+003 -0.739319085469954E+003
 -0.192995420526241E+002  0.716475708631160E+002 -0.462399871081156E+000  0.494064234216492E+000  0.568844050288618E+000 -0.353993324941536E+002 -0.209935982710631E+002 -0.740042266259649E+003 -0.740042266259649E+003
 -0.192945950694462E+002  0.716866471157752E+002 -0.461943236437797E+000  0.503758168839247E+000  0.507385538748608E+000 -0.340617632285379E+002 -0.209935982710631E+002 -0.740167274752189E+003 -0.740167274752189E+003
 -0.192942584047268E+002  0.717470164530599E+002 -0.445645080835650E+000  0.453929704128946E+000  0.624504625306599E+000 -0.357932346189289E+002 -0.209935982710631E+002 -0.740262144777670E+003 -0.740262144777670E+003
 -0.192960315532804E+002  0.718196575137024E+002 -0.456407066841980E+000  0.483592353085073E+000  0.578163690619746E+000 -0.355285529327200E+002 -0.209935982710631E+002 -0.739966709236048E+003 -0.739966709236048E+003
 -0.192910077183153E+002  0.719315559497099E+002 -0.455277289725747E+000  0.479693750879702E+000  0.540115181432554E+000 -0.338234247590163E+002 -0.209935982710631E+002 -0.740216747720018E+003 -0.740216747720018E+003
 -0.193029099010184E+002  0.715392143037137E+002 -0.469248816449639E+000  0.514342247286585E+000  0.415871699687742E+000 -0.305463214598956E+002 -0.209935982710631E+002 -0.740216452618236E+003 -0.740216452618236E+003
 -0.192896297129677E+002  0.719694383570661E+002 -0.475045980202672E+000  0.508877629239278E+000  0.519944171996883E+000 -0.332255962736447E+002 -0.209935982710631E+002 -0.740119892571160E+003 -0.740119892571160E+003
 -0.192996680325855E+002  0.714963009093869E+002 -0.443214471281004E+000  0.481110805870983E+000  0.439331542761806E+000 -0.316477012621916E+002 -0.209935982710631E+002 -0.739723223906141E+003 -0.739723223906141E+003
 -0.192903306187284E+002  0.721546405217556E+002 -0.486646352894621E+000  0.516045743894238E+000  0.502645668861319E+000 -0.316091106052741E+002 -0.209935982710631E+002 -0.740277417170267E+003 -0.740277417170267E+003
 -0.192980832390187E+002  0.716194198969474E+002 -0.448155618384281E+000  0.480874645581507E+000  0.410529382711417E+000 -0.298385068038395E+002 -0.209935982710631E+002 -0.739546545063679E+003 -0.739546545063679E+003
 -0.192973706734317E+002  0.715939884964618E+002 -0.444409801348643E+000  0.481507060684213E+000  0.373501362383195E+000 -0.289647857372436E+002 -0.209935982710631E+002 -0.739779349885218E+003 -0.739779349885218E+003
 -0.192991022045971E+002  0.716576036687738E+002 -0.447733140132939E+000  0.483637270158027E+000  0.548864876182947E+000 -0.355713532261167E+002 -0.209935982710631E+002 -0.740028951583822E+003 -0.740028951583822E+003
 -0.193010234190997E+002  0.715280143458010E+002 -0.454214558535753E+000  0.484823025900358E+000  0.427742132876176E+000 -0.300912644835052E+002 -0.209935982710631E+002 -0.740148481559134E+003 -0.740148481559134E+003
 -0.192875174074079E+002  0.721019737731904E+002 -0.465451529511395E+000  0.486392786510008E+000  0.536704328831746E+000 -0.329704693517581E+002 -0.209935982710631E+002 -0.739729453171915E+003 -0.739729453171915E+003
 -0.193027921767777E+002  0.713714483307587E+002 -0.445468535364874E+000  0.490901722968956E+000  0.396569974489154E+000 -0.306892507923954E+002 -0.209935982710631E+002 -0.740175039820038E+003 -0.740175039820038E+003
 -0.192988885247683E+002  0.717052967918434E+002 -0.455503286554295E+000  0.500958803966485E+000  0.479770037971790E+000 -0.335927819111180E+002 -0.209935982710631E+002 -0.740235444432405E+003 -0.740235444432405E+003
 -0.192986074484444E+002  0.716839006406227E+002 -0.466773410795374E+000  0.511454018266489E+000  0.451637749282995E+000 -0.319962641510226E+002 -0.209935982710631E+002 -0.739987461273588E+003 -0.739987461273588E+003
 -0.192959113617620E+002  0.717027291872308E+002 -0.454711248363843E+000  0.480721927024565E+000  0.406286780793721E+000 -0.287805630658105E+002 -0.209935982710631E+002 -0.739909660505219E+003 -0.739909660505219E+003
 -0.192923544384385E+002  0.717668117928742E+002 -0.454119637698924E+000  0.484505841236695E+000  0.593221786080520E+000 -0.365205154870635E+002 -0.209935982710631E+002 -0.739682282017618E+003 -0.739682282017618E+003
 -0.192984468403636E+002  0.717869810867834E+002 -0.468680593210572E+000  0.499415912326965E+000  0.509619549423391E+000 -0.327701530722562E+002 -0.209935982710631E+002 -0.740150981890498E+003 -0.740150981890498E+003
 -0.192942192707283E+002  0.718173738239136E+002 -0.454171381161211E+000  0.495887305440403E+000  0.412765262060915E+000 -0.306444952141155E+002 -0.209935982710631E+002 -0.739525045157565E+003 -0.739525045157565E+003
 -0.193000692267864E+002  0.715412811132657E+002 -0.452328101461015E+000  0.488204484879770E+000  0.467482116808526E+000 -0.322461860319561E+002 -0.209935982710631E+002 -0.739879871466335E+003 -0.739879871466335E+003
 -0.192915677683151E+002  0.718209878407941E+002 -0.461688158460902E+000  0.486487791169412E+000  0.560280453569334E+000 -0.344136429178628E+002 -0.209935982710631E+002 -0.740249142933081E+003 -0.740249142933081E+003
 -0.192808254246311E+002  0.723648491129656E+002 -0.469692396426869E+000  0.506944555179501E+000  0.598968481865612E+000 -0.368669319911010E+002 -0.209935982710631E+002 -0.739839571057746E+003 -0.739839571057746E+003
 -0.192997101092954E+002  0.715508310861318E+002 -0.450494237983764E+000  0.504449012647427E+000  0.360016205116779E+000 -0.299741403751545E+002 -0.209935982710631E+002 -0.740105478659563E+003 -0.740105478659563E+003
 -0.192966816030150E+002  0.715591536430922E+002 -0.450233197249557E+000  0.488793434594927E+000  0.516912240840981E+000 -0.345222040285007E+002 -0.209935982710631E+002 -0.740275605819977E+003 -0.740275605819977E+003
 -0.193030882168863E+002  0.715234428663665E+002 -0.461210206967641E+000  0.507394342684928E+000  0.425497472771241E+000 -0.313496249742856E+002 -0.209935982710631E+002 -0.740238028560411E+003 -0.740238028560411E+003
 -0.192985329348038E+002  0.716050069331910E+002 -0.448525064996830E+000  0.468259074449392E+000  0.443840058451528E+000 -0.298161165697370E+002 -0.209935982710631E+002 -0.740218300654690E+003 -0.740218300654690E+003
 -0.192886477106486E+002  0.721118905560447E+002 -0.459347410892501E+000  0.479917815255586E+000  0.503925738957207E+000 -0.318857290448124E+002 -0.209935982710631E+002 -0.740180925894793E+003 -0.740180925894793E+003
 -0.192953156041273E+002  0.718632891918425E+002 -0.477627422729243E+000  0.507130750456421E+000  0.613261239721822E+000 -0.363095689174884E+002 -0.209935982710631E+002 -0.740224075589569E+003 -0.740224075589569E+003
 -0.192897178438219E+002  0.721117020547754E+002 -0.480628125210119E+000  0.512331817096989E+000  0.645852231249307E+000 -0.376634131089125E+002 -0.209935982710631E+002 -0.740204567477028E+003 -0.740204567477028E+003
 -0.193002134486314E+002  0.715245096170084E+002 -0.450659506543409E+000  0.494210124814299E+000  0.458669445938597E+000 -0.327405336488974E+002 -0.209935982710631E+002 -0.739849765491019E+003 -0.739849765491019E+003
 -0.192856419157446E+002  0.722272309878027E+002 -0.469710978530062E+000  0.497036484148147E+000  0.614687939018395E+000 -0.364668433922031E+002 -0.209935982710631E+002 -0.739767332389389E+003 -0.739767332389389E+003
 -0.193002130481026E+002  0.715192052290278E+002 -0.446565660777455E+000  0.485870315417620E+000  0.357460099364900E+000 -0.284885238397689E+002 -0.209935982710631E+002 -0.739706067474957E+003 -0.739706067474957E+003
 -0.192957876403936E+002  0.717071770320814E+002 -0.451708691227510E+000  0.486124449650065E+000  0.445641867947273E+000 -0.312556209557779E+002 -0.209935982710631E+002 -0.740230908024452E+003 -0.740230908024452E+003
 -0.192881418893585E+002  0.719932469539342E+002 -0.450035589155361E+000  0.468696359276998E+000  0.534526472678920E+000 -0.332003528553590E+002 -0.209935982710631E+002 -0.739937287345933E+003 -0.739937287345933E+003
 -0.192972133764719E+002  0.716863023400485E+002 -0.463726521846840E+000  0.499133935796436E+000  0.455358292641009E+000 -0.313204617660887E+002 -0.209935982710631E+002 -0.740009557104166E+003 -0.740009557104166E+003
 -0.192918676265596E+002  0.720322713899132E+002 -0.472812597630855E+000  0.489326198277606E+000  0.602905765824673E+000 -0.348198782646512E+002 -0.209935982710631E+002 -0.740272829110018E+003 -0.740272829110018E+003
 -0.192989570303948E+002  0.716975362704996E+002 -0.451439589174721E+000  0.484494662829369E+000  0.542049682436854E+000 -0.348857690709262E+002 -0.209935982710631E+002 -0.740212391641622E+003 -0.740212391641622E+003
 -0.192859738772935E+002  0.721854597374290E+002 -0.465362597797254E+000  0.507868053182085E+000  0.476065864500399E+000 -0.327817020254591E+002 -0.209935982710631E+002 -0.739679700434823E+003 -0.739679700434823E+003
 -0.192879732436003E+002  0.721003782562009E+002 -0.461839881761631E+000  0.481788827820141E+000  0.497858058072978E+000 -0.314952554507649E+002 -0.209935982710631E+002 -0.739747717484462E+003 -0.739747717484462E+003
 -0.192913343471626E+002  0.719060293680281E+002 -0.462429584596716E+000  0.517957390859138E+000  0.433943509509504E+000 -0.325998924838958E+002 -0.209935982710631E+002 -0.740221432973384E+003 -0.740221432973384E+003
 -0.193013405595254E+002  0.715908002058815E+002 -0.462771224609025E+000  0.493525502925526E+000  0.544533511593670E+000 -0.343518844793519E+002 -0.209935982710631E+002 -0.739988464121193E+003 -0.739988464121193E+003
 -0.192906157216636E+002  0.720071045566266E+002 -0.476395596614139E+000  0.511333548161431E+000  0.520966690598854E+000 -0.333145793344869E+002 -0.209935982710631E+002 -0.739880345736312E+003 -0.739880345736312E+003
 -0.192970947039245E+002  0.716537581821157E+002 -0.449322435401230E+000  0.491541647125478E+000  0.494540698805906E+000 -0.340600590551409E+002 -0.209935982710631E+002 -0.740142714656068E+003 -0.740142714656068E+003
 -0.192921978819677E+002  0.718116132091179E+002 -0.461583706842917E+000  0.508255140340243E+000  0.490610535988665E+000 -0.339292949242565E+002 -0.209935982710631E+002 -0.740274087860726E+003 -0.740274087860726E+003
 -0.192970015808059E+002  0.717528235955782E+002 -0.452640579647171E+000  0.483592558575737E+000  0.504670187218849E+000 -0.331882471848290E+002 -0.209935982710631E+002 -0.740180437123616E+003 -0.740180437123616E+003
 -0.192971502905054E+002  0.717612694572629E+002 -0.460103300267716E+000  0.488519594248984E+000  0.385815328317832E+000 -0.280390060162235E+002 -0.209935982710631E+002 -0.739856183949998E+003 -0.739856183949998E+003
 -0.192926614009318E+002  0.717951998019315E+002 -0.444030601250331E+000  0.491962846106069E+000  0.451566312093519E+000 -0.331339706034312E+002 -0.209935982710631E+002 -0.739904783970895E+003 -0.739904783970895E+003
 -0.192976417197991E+002  0.716547523151276E+002 -0.458048663106989E+000  0.495164312402199E+000  0.558823180202850E+000 -0.357298939006645E+002 -0.209935982710631E+002 -0.739848358161725E+003 -0.739848358161725E+003
 -0.192964720469328E+002  0.716426293267959E+002 -0.444758352847059E+000  0.472009698884797E+000  0.397753066224951E+000 -0.288957406767647E+002 -0.209935982710631E+002 -0.739612096510376E+003 -0.739612096510376E+003
 -0.192949407778980E+002  0.718462484460383E+002 -0.471586961825837E+000  0.520736356837343E+000  0.425232363344918E+000 -0.312343849182085E+002 -0.209935982710631E+002 -0.740113324070746E+003 -0.740113324070746E+003
 -0.193028203460127E+002  0.715558656826361E+002 -0.456626017938122E+000  0.493821014804963E+000  0.482913323027319E+000 -0.328323837443478E+002 -0.209935982710631E+002 -0.740084452912278E+003 -0.740084452912278E+003
 -0.192835421339314E+002  0.722787900222887E+002 -0.462773810254466E+000  0.476350138221228E+000  0.535683155356480E+000 -0.323030780238421E+002 -0.209935982710631E+002 -0.739942882801782E+003 -0.739942882801782E+003
 -0.193021715381057E+002  0.714085942617674E+002 -0.445235863193108E+000  0.484883836207658E+000  0.422024581356354E+000 -0.310942006088265E+002 -0.209935982710631E+002 -0.740160749794743E+003 -0.740160749794743E+003
 -0.193039161335749E+002  0.714974206087424E+002 -0.465545428232607E+000  0.506197875637638E+000  0.419007006323611E+000 -0.303581362238621E+002 -0.209935982710631E+002 -0.740256668187463E+003 -0.740256668187463E+003
 -0.192881743915486E+002  0.718921210975341E+002 -0.442856164032291E+000  0.450014766750098E+000  0.612946774096528E+000 -0.353203851956651E+002 -0.209935982710631E+002 -0.740093970881025E+003 -0.740093970881025E+003
 -0.192908756934767E+002  0.719375343196183E+002 -0.454500723759767E+000  0.499800715149568E+000  0.559815163719421E+000 -0.367457268945060E+002 -0.209935982710631E+002 -0.740106100732645E+003 -0.740106100732645E+003
 -0.192988026058790E+002  0.717582970899537E+002 -0.470150486315646E+000  0.509512574596014E+000  0.422762177445506E+000 -0.301967848352937E+002 -0.209935982710631E+002 -0.739941895386838E+003 -0.739941895386838E+003
 -0.192886127569237E+002  0.720893670578777E+002 -0.473978584323242E+000  0.501818846956469E+000  0.642053816586980E+000 -0.374118482914419E+002 -0.209935982710631E+002 -0.739841678268045E+003 -0.739841678268045E+003
 -0.192963366320666E+002  0.716995355094448E+002 -0.454324513589692E+000  0.489726271290928E+000  0.449058629643133E+000 -0.314123172154623E+002 -0.209935982710631E+002 -0.739706025587532E+003 -0.739706025587532E+003
 -0.192881183904013E+002  0.720531515420289E+002 -0.464619133073055E+000  0.480893136511668E+000  0.559869852907624E+000 -0.334382495811950E+002 -0.209935982710631E+002 -0.739837562162345E+003 -0.739837562162345E+003
 -0.192941256621557E+002  0.718327469694487E+002 -0.467615903828928E+000  0.510637770315680E+000  0.454799929999098E+000 -0.319195717820745E+002 -0.209935982710631E+002 -0.739840077182185E+003 -0.739840077182185E+003
 -0.192920665820223E+002  0.717851071749069E+002 -0.447186515496185E+000  0.468686670706999E+000  0.541025693642936E+000 -0.338160458718732E+002 -0.209935982710631E+002 -0.739644188975128E+003 -0.739644188975128E+003
 -0.193029908489644E+002  0.715694458336641E+002 -0.465813546767115E+000  0.499948940809319E+000  0.522272178549954E+000 -0.337099511440074E+002 -0.209935982710631E+002 -0.740115310864902E+003 -0.740115310864902E+003
 -0.192993914412146E+002  0.716553830009171E+002 -0.463888537972045E+000  0.484544253024268E+000  0.521647300040371E+000 -0.324119238042761E+002 -0.209935982710631E+002 -0.740155572256587E+003 -0.740155572256587E+003
 -0.193004342693264E+002  0.715766567824273E+002 -0.463391774230367E+000  0.505551566823739E+000  0.485100962345825E+000 -0.331792248384245E+002 -0.209935982710631E+002 -0.740276178922084E+003 -0.740276178922084E+003
 -0.192962896836567E+002  0.716433369949667E+002 -0.455025090707874E+000  0.497031680121863E+000  0.436767971883469E+000 -0.315891257888499E+002 -0.209935982710631E+002 -0.740280510595245E+003 -0.740280510595245E+003
 -0.193004799903689E+002  0.715801111749806E+002 -0.464823151804426E+000  0.504932605819875E+000  0.481968895552924E+000 -0.327859068023288E+002 -0.209935982710631E+002 -0.740034675778684E+003 -0.740034675778684E+003
 -0.192990920875161E+002  0.716697883053540E+002 -0.471643777212824E+000  0.507974138834885E+000  0.487068142582885E+000 -0.323311534347194E+002 -0.209935982710631E+002 -0.740135726602254E+003 -0.740135726602254E+003
 -0.192995496296194E+002  0.715531153058065E+002 -0.453878080794646E+000  0.490414973874781E+000  0.411656045023378E+000 -0.300751429451915E+002 -0.209935982710631E+002 -0.740211003193645E+003 -0.740211003193645E+003
 -0.192991804209490E+002  0.715818790265327E+002 -0.449349577087979E+000  0.483884583470060E+000  0.435767626010545E+000 -0.309742411008385E+002 -0.209935982710631E+002 -0.739890435749728E+003 -0.739890435749728E+003
 -0.193059462654390E+002  0.712517130438621E+002 -0.436377034688560E+000  0.481080843980092E+000  0.394548226364137E+000 -0.308067530669492E+002 -0.209935982710631E+002 -0.740080659923174E+003 -0.740080659923174E+003
 -0.193011046467954E+002  0.715356575248254E+002 -0.441296403459754E+000  0.478593020929488E+000  0.512004314487911E+000 -0.344827093137401E+002 -0.209935982710631E+002 -0.740085708831541E+003 -0.740085708831541E+003
 -0.193021129128795E+002  0.715386443759379E+002 -0.455234204275363E+000  0.499821545558403E+000  0.380620397724797E+000 -0.296455517997669E+002 -0.209935982710631E+002 -0.739833137777994E+003 -0.739833137777994E+003
 -0.192995903159967E+002  0.716625368125981E+002 -0.464753407174010E+000  0.490480545280611E+000  0.633291712134564E+000 -0.372191657168414E+002 -0.209935982710631E+002 -0.740220709045834E+003 -0.740220709045834E+003
 -0.192904969885742E+002  0.717975608553662E+002 -0.455772382833611E+000  0.484861018036243E+000  0.747411381678091E+000 -0.423430413884489E+002 -0.209935982710631E+002 -0.740118443379281E+003 -0.740118443379281E+003
 -0.193011180700150E+002  0.715484441519707E+002 -0.451787098360033E+000  0.473735506553826E+000  0.750924598317425E+000 -0.418916636978449E+002 -0.209935982710631E+002 -0.740232686889195E+003 -0.740232686889195E+003
 -0.192902068844937E+002  0.718714117469096E+002 -0.446184606782458E+000  0.459152716731096E+000  0.779406957932778E+000 -0.422751584898163E+002 -0.209935982710631E+002 -0.739872508395932E+003 -0.739872508395932E+003
 -0.192924322430415E+002  0.717205182409305E+002 -0.454984489139570E+000  0.480584049460977E+000  0.739786650555516E+000 -0.417183018691290E+002 -0.209935982710631E+002 -0.740246849884516E+003 -0.740246849884516E+003
