 -0.192596596026552E+002  0.729603169206916E+002 -0.449351730340248E+000  0.519567968909660E+000 -0.107536384819057E+002 -0.745545897438858E+003 -0.745545897438858E+003
 -0.192629881354569E+002  0.728140822527721E+002 -0.444379398558431E+000  0.511868455586352E+000 -0.107536384819057E+002 -0.745528365200773E+003 -0.745528365200773E+003
 -0.192663688315162E+002  0.726781563492246E+002 -0.443476858191940E+000  0.511156590923244E+000 -0.107536384819057E+002 -0.745542547905001E+003 -0.745542547905001E+003
 -0.192637694708504E+002  0.727495551301517E+002 -0.443385748836777E+000  0.513412105653845E+000 -0.107536384819057E+002 -0.745518568793476E+003 -0.745518568793476E+003
 -0.192627090915012E+002  0.727867790482165E+002 -0.437126148115528E+000  0.503513774288868E+000 -0.107536384819057E+002 -0.745539639081528E+003 -0.745539639081528E+003
 -0.192689903007478E+002  0.725830356838857E+002 -0.438259166060806E+000  0.509530530669059E+000 -0.107536384819057E+002 -0.745549536648146E+003 -0.745549536648147E+003
 -0.192566647678001E+002  0.729883329989349E+002 -0.439936374493179E+000  0.515851732153507E+000 -0.107536384819057E+002 -0.745523682806970E+003 -0.745523682806970E+003
 -0.192613693608276E+002  0.728522400967971E+002 -0.446429847275997E+000  0.516792432811571E+000 -0.107536384819057E+002 -0.745522003985458E+003 -0.745522003985458E+003
 -0.192625762919150E+002  0.727377253201807E+002 -0.431377392324142E+000  0.505393031652988E+000 -0.107536384819057E+002 -0.745531445718201E+003 -0.745531445718201E+003
 -0.192604674542514E+002  0.728636438593115E+002 -0.437843851475617E+000  0.502938512282366E+000 -0.107536384819057E+002 -0.745547079479637E+003 -0.745547079479637E+003
 -0.192574205895480E+002  0.729311341105636E+002 -0.436569092318675E+000  0.505484376596207E+000 -0.107536384819057E+002 -0.745510938908025E+003 -0.745510938908025E+003
 -0.192642158655008E+002  0.727813582897555E+002 -0.446847650270417E+000  0.518627798061594E+000 -0.107536384819057E+002 -0.745522020133616E+003 -0.745522020133616E+003
 -0.192621866380307E+002  0.727436926646588E+002 -0.431405751152333E+000  0.499151818105195E+000 -0.107536384819057E+002 -0.745548641826645E+003 -0.745548641826646E+003
 -0.192556705846963E+002  0.730061412746683E+002 -0.440964643209611E+000  0.516463358895115E+000 -0.107536384819057E+002 -0.745529971806848E+003 -0.745529971806849E+003
 -0.192557134041133E+002  0.730142079497238E+002 -0.442563238394872E+000  0.514845952916545E+000 -0.107536384819057E+002 -0.745518454932311E+003 -0.745518454932311E+003
 -0.192573574295007E+002  0.729630736899450E+002 -0.436798909111315E+000  0.511556661309188E+000 -0.107536384819057E+002 -0.745529503468103E+003 -0.745529503468103E+003
 -0.192614478581066E+002  0.728455477478379E+002 -0.447186026212304E+000  0.517971573498482E+000 -0.107536384819057E+002 -0.745537018341522E+003 -0.745537018341522E+003
 -0.192572880371628E+002  0.729380048841654E+002 -0.434882810286860E+000  0.505963335803154E+000 -0.107536384819057E+002 -0.745506726601536E+003 -0.745506726601536E+003
 -0.192630586832767E+002  0.727853015161046E+002 -0.439757803061625E+000  0.509983504017129E+000 -0.107536384819057E+002 -0.745502045697075E+003 -0.745502045697075E+003
 -0.192692609197183E+002  0.725528594152971E+002 -0.439231102607385E+000  0.511259528224594E+000 -0.107536384819057E+002 -0.745536498834216E+003 -0.745536498834216E+003
 -0.192621938162423E+002  0.728387402137995E+002 -0.441516096136249E+000  0.507142337838269E+000 -0.107536384819057E+002 -0.745553714065695E+003 -0.745553714065695E+003
 -0.192700307086858E+002  0.725199484229942E+002 -0.438502164693333E+000  0.512169475087282E+000 -0.107536384819057E+002 -0.745547150353326E+003 -0.745547150353326E+003
 -0.192648759415257E+002  0.727678704469809E+002 -0.448411627389202E+000  0.516731383156268E+000 -0.107536384819057E+002 -0.745552871324272E+003 -0.745552871324272E+003
 -0.192589106375335E+002  0.729086747148327E+002 -0.437625056321976E+000  0.503475734941765E+000 -0.107536384819057E+002 -0.745533457678048E+003 -0.745533457678048E+003
 -0.192658977057362E+002  0.726630850545357E+002 -0.438430596843612E+000  0.515578542197549E+000 -0.107536384819057E+002 -0.745535004275995E+003 -0.745535004275995E+003
 -0.192592430946799E+002  0.729352567295060E+002 -0.443551935785138E+000  0.517711068602757E+000 -0.107536384819057E+002 -0.745514433371260E+003 -0.745514433371260E+003
 -0.192611467766874E+002  0.728777151257186E+002 -0.445857547615853E+000  0.519795973134972E+000 -0.107536384819057E+002 -0.745515800967155E+003 -0.745515800967155E+003
 -0.192587471940736E+002  0.729389007379883E+002 -0.445761134061112E+000  0.520389700924206E+000 -0.107536384819057E+002 -0.745523156047607E+003 -0.745523156047607E+003
 -0.192636965324551E+002  0.727414195739317E+002 -0.437241981711395E+000  0.508389116098944E+000 -0.107536384819057E+002 -0.745500878770240E+003 -0.745500878770240E+003
 -0.192583336099720E+002  0.729816053858824E+002 -0.444841173932423E+000  0.512741894023351E+000 -0.107536384819057E+002 -0.745530847878951E+003 -0.745530847878951E+003
 -0.192596224354052E+002  0.729207171160348E+002 -0.448023974494635E+000  0.518353155935559E+000 -0.107536384819057E+002 -0.745534717919788E+003 -0.745534717919788E+003
 -0.192601343001095E+002  0.728185277265833E+002 -0.434322416950260E+000  0.508980580229358E+000 -0.107536384819057E+002 -0.745514896649227E+003 -0.745514896649227E+003
 -0.192563758661492E+002  0.729354992215206E+002 -0.434772260009443E+000  0.505269253700153E+000 -0.107536384819057E+002 -0.745536517494346E+003 -0.745536517494346E+003
 -0.192654314052210E+002  0.726460984284228E+002 -0.438778783667823E+000  0.510004455388435E+000 -0.107536384819057E+002 -0.745550841698953E+003 -0.745550841698953E+003
 -0.192668895672602E+002  0.726438178242287E+002 -0.439448589934262E+000  0.511628391868335E+000 -0.107536384819057E+002 -0.745513663097069E+003 -0.745513663097069E+003
 -0.192690050877625E+002  0.725451051657729E+002 -0.434921649839673E+000  0.507742651401436E+000 -0.107536384819057E+002 -0.745547005608146E+003 -0.745547005608146E+003
 -0.192596589702051E+002  0.729499660781649E+002 -0.446930870635771E+000  0.517542352775900E+000 -0.107536384819057E+002 -0.745529936513247E+003 -0.745529936513247E+003
 -0.192604548771436E+002  0.728578512090874E+002 -0.436511025947566E+000  0.512118882410980E+000 -0.107536384819057E+002 -0.745531476380275E+003 -0.745531476380275E+003
 -0.192615489037945E+002  0.727759373787809E+002 -0.431766319280669E+000  0.501454376350845E+000 -0.107536384819057E+002 -0.745527450427795E+003 -0.745527450427795E+003
 -0.192584232201651E+002  0.728554736005945E+002 -0.434750206203870E+000  0.510258911921216E+000 -0.107536384819057E+002 -0.745553063919325E+003 -0.745553063919325E+003
 -0.192557516758822E+002  0.730224405733745E+002 -0.441688768703183E+000  0.518471033462068E+000 -0.107536384819057E+002 -0.745541033698263E+003 -0.745541033698263E+003
 -0.192632348982878E+002  0.727181054682393E+002 -0.435963555226170E+000  0.511358596872380E+000 -0.107536384819057E+002 -0.745521059795889E+003 -0.745521059795889E+003
 -0.192636621685121E+002  0.728217520109194E+002 -0.449091672078413E+000  0.521610658429329E+000 -0.107536384819057E+002 -0.745545357523923E+003 -0.745545357523923E+003
 -0.192598834139799E+002  0.729182904085197E+002 -0.446937065260801E+000  0.514531786069373E+000 -0.107536384819057E+002 -0.745536714238746E+003 -0.745536714238746E+003
 -0.192574231258778E+002  0.729387853590815E+002 -0.433540996011779E+000  0.503965422977027E+000 -0.107536384819057E+002 -0.745524015205863E+003 -0.745524015205863E+003
 -0.192548536792492E+002  0.730472461308300E+002 -0.437316960490658E+000  0.503430837368163E+000 -0.107536384819057E+002 -0.745547015052590E+003 -0.745547015052590E+003
 -0.192624641449212E+002  0.727908553330214E+002 -0.439555734369767E+000  0.507550802422837E+000 -0.107536384819057E+002 -0.745509402926379E+003 -0.745509402926380E+003
 -0.192582479225379E+002  0.729591180352331E+002 -0.446173637288459E+000  0.522080249506405E+000 -0.107536384819057E+002 -0.745539062171334E+003 -0.745539062171335E+003
 -0.192617977584782E+002  0.728456109402027E+002 -0.439989452764309E+000  0.510207833983984E+000 -0.107536384819057E+002 -0.745522339156519E+003 -0.745522339156519E+003
 -0.192641285198308E+002  0.726937288631108E+002 -0.430936952554606E+000  0.504538039367511E+000 -0.107536384819057E+002 -0.745547238400436E+003 -0.745547238400436E+003
 -0.192577654458930E+002  0.729217765488626E+002 -0.431289108196774E+000  0.500404166142678E+000 -0.107536384819057E+002 -0.745553976567692E+003 -0.745553976567692E+003
 -0.192554787114925E+002  0.730081865980822E+002 -0.440704634299828E+000  0.511997281956703E+000 -0.107536384819057E+002 -0.745519336573707E+003 -0.745519336573707E+003
 -0.192578900355267E+002  0.729122879427970E+002 -0.435127534557541E+000  0.506467767149655E+000 -0.107536384819057E+002 -0.745502582495167E+003 -0.745502582495167E+003
 -0.192643016663000E+002  0.727319275262043E+002 -0.442574825313931E+000  0.514760951635492E+000 -0.107536384819057E+002 -0.745504879893626E+003 -0.745504879893626E+003
 -0.192573974378507E+002  0.729025365606923E+002 -0.433544301313708E+000  0.507818897661520E+000 -0.107536384819057E+002 -0.745526410658109E+003 -0.745526410658109E+003
 -0.192640844665171E+002  0.726893773129620E+002 -0.439026084083991E+000  0.510400885438754E+000 -0.107536384819057E+002 -0.745550618589740E+003 -0.745550618589740E+003
 -0.192577171934522E+002  0.729373216460560E+002 -0.438858937585934E+000  0.517382487122107E+000 -0.107536384819057E+002 -0.745551561006215E+003 -0.745551561006215E+003
 -0.192609233397862E+002  0.728444643524835E+002 -0.440449269071044E+000  0.505518049158901E+000 -0.107536384819057E+002 -0.745545432475765E+003 -0.745545432475765E+003
 -0.192554869793179E+002  0.730361472817482E+002 -0.445805164955347E+000  0.519143392366374E+000 -0.107536384819057E+002 -0.745545577956926E+003 -0.745545577956926E+003
 -0.192642059431608E+002  0.726898869805580E+002 -0.433904120125308E+000  0.509332641036763E+000 -0.107536384819057E+002 -0.745525481968626E+003 -0.745525481968626E+003
 -0.192579745677066E+002  0.729997902615422E+002 -0.445607006279872E+000  0.518674038204939E+000 -0.107536384819057E+002 -0.745534142289165E+003 -0.745534142289165E+003
 -0.192563854872583E+002  0.729976159305086E+002 -0.444099956562744E+000  0.520400495067973E+000 -0.107536384819057E+002 -0.745548116929053E+003 -0.745548116929053E+003
 -0.192643236389854E+002  0.727183317205353E+002 -0.442280287360899E+000  0.511628594554311E+000 -0.107536384819057E+002 -0.745532026111660E+003 -0.745532026111660E+003
 -0.192584645716471E+002  0.729629375316348E+002 -0.446780264262158E+000  0.522993916413360E+000 -0.107536384819057E+002 -0.745545518041928E+003 -0.745545518041928E+003
 -0.192565521834688E+002  0.729788139751979E+002 -0.440165654612825E+000  0.511778273735231E+000 -0.107536384819057E+002 -0.745501984455518E+003 -0.745501984455519E+003
 -0.192556621975768E+002  0.729710724725580E+002 -0.434067326811804E+000  0.509457405925009E+000 -0.107536384819057E+002 -0.745535816481723E+003 -0.745535816481723E+003
 -0.192519028557673E+002  0.731617563463208E+002 -0.441120353910792E+000  0.509585215055194E+000 -0.107536384819057E+002 -0.745545852719700E+003 -0.745545852719700E+003
 -0.192637267205179E+002  0.727120154752350E+002 -0.431240564195619E+000  0.502456073000907E+000 -0.107536384819057E+002 -0.745542214952827E+003 -0.745542214952827E+003
 -0.192617062471298E+002  0.728223671228557E+002 -0.437092100277432E+000  0.503077361878036E+000 -0.107536384819057E+002 -0.745543556275736E+003 -0.745543556275736E+003
 -0.192622021002205E+002  0.728220174493353E+002 -0.444801183615826E+000  0.521880315513508E+000 -0.107536384819057E+002 -0.745536582373142E+003 -0.745536582373142E+003
 -0.192570144047066E+002  0.729905216477909E+002 -0.438554515517426E+000  0.509011402711526E+000 -0.107536384819057E+002 -0.745516825091480E+003 -0.745516825091480E+003
 -0.192673931791966E+002  0.726053595902380E+002 -0.437021023947279E+000  0.506677774992445E+000 -0.107536384819057E+002 -0.745531627849350E+003 -0.745531627849350E+003
 -0.192597494138069E+002  0.728572378083813E+002 -0.432888552462545E+000  0.502508509908921E+000 -0.107536384819057E+002 -0.745526732290205E+003 -0.745526732290205E+003
 -0.192560073230396E+002  0.729350144497098E+002 -0.430970966790296E+000  0.500800903438446E+000 -0.107536384819057E+002 -0.745551383381387E+003 -0.745551383381387E+003
 -0.192662316428467E+002  0.726554566011337E+002 -0.438362994002973E+000  0.514365979564571E+000 -0.107536384819057E+002 -0.745526197167717E+003 -0.745526197167717E+003
 -0.192573063971727E+002  0.730256091707690E+002 -0.445429436761248E+000  0.516554092289452E+000 -0.107536384819057E+002 -0.745535978286995E+003 -0.745535978286995E+003
 -0.192691148752119E+002  0.725691126597685E+002 -0.439276095761759E+000  0.508635603137303E+000 -0.107536384819057E+002 -0.745546228663462E+003 -0.745546228663462E+003
 -0.192550614996066E+002  0.729797537355661E+002 -0.431411028307810E+000  0.504789627847632E+000 -0.107536384819057E+002 -0.745543297670753E+003 -0.745543297670753E+003
 -0.192555566706140E+002  0.730764507400509E+002 -0.446424646066754E+000  0.519330244160728E+000 -0.107536384819057E+002 -0.745539423539966E+003 -0.745539423539966E+003
 -0.192587881020863E+002  0.728832876303957E+002 -0.440244766930007E+000  0.507940173841243E+000 -0.107536384819057E+002 -0.745552428489429E+003 -0.745552428489429E+003
 -0.192689397426506E+002  0.725670597529377E+002 -0.438634847761866E+000  0.512512388999245E+000 -0.107536384819057E+002 -0.745534951118650E+003 -0.745534951118650E+003
 -0.192612263089865E+002  0.728173411485614E+002 -0.434949358771901E+000  0.512224080514191E+000 -0.107536384819057E+002 -0.745550117006600E+003 -0.745550117006600E+003
 -0.192644588360866E+002  0.727860490045641E+002 -0.444620313168245E+000  0.515241511261035E+000 -0.107536384819057E+002 -0.745543387617041E+003 -0.745543387617041E+003
 -0.192533792358070E+002  0.731175206586042E+002 -0.439505574315557E+000  0.508634952341742E+000 -0.107536384819057E+002 -0.745540643338099E+003 -0.745540643338099E+003
 -0.192616154123286E+002  0.727895985046688E+002 -0.440251118355616E+000  0.510104672662011E+000 -0.107536384819057E+002 -0.745528788435801E+003 -0.745528788435801E+003
 -0.192587927665660E+002  0.728965704494335E+002 -0.442953792201414E+000  0.512929013140656E+000 -0.107536384819057E+002 -0.745543203502595E+003 -0.745543203502595E+003
 -0.192591287013816E+002  0.729365722083693E+002 -0.438998833710546E+000  0.509802568892112E+000 -0.107536384819057E+002 -0.745538942783801E+003 -0.745538942783801E+003
 -0.192651993924390E+002  0.727062213962080E+002 -0.443858218742150E+000  0.519448622317401E+000 -0.107536384819057E+002 -0.745527924258405E+003 -0.745527924258405E+003
 -0.192602254441883E+002  0.728494203513033E+002 -0.438318540913708E+000  0.505378216037128E+000 -0.107536384819057E+002 -0.745520179243127E+003 -0.745520179243127E+003
 -0.192672814186373E+002  0.726204352688442E+002 -0.438233738465458E+000  0.509448192684677E+000 -0.107536384819057E+002 -0.745519380595653E+003 -0.745519380595653E+003
 -0.192680752396201E+002  0.725605538255259E+002 -0.436515966468509E+000  0.507490802564876E+000 -0.107536384819057E+002 -0.745547457701099E+003 -0.745547457701099E+003
 -0.192628756518253E+002  0.727697760372181E+002 -0.440854430573105E+000  0.508806872385063E+000 -0.107536384819057E+002 -0.745520780559226E+003 -0.745520780559226E+003
 -0.192630343689849E+002  0.727265523724989E+002 -0.433421218593769E+000  0.499930865196775E+000 -0.107536384819057E+002 -0.745552628084339E+003 -0.745552628084339E+003
 -0.192619105789048E+002  0.728118742290180E+002 -0.444463583156144E+000  0.518664200694667E+000 -0.107536384819057E+002 -0.745521677951781E+003 -0.745521677951781E+003
 -0.192618186326550E+002  0.728603108727933E+002 -0.443343812102559E+000  0.516167479526944E+000 -0.107536384819057E+002 -0.745522291756449E+003 -0.745522291756449E+003
 -0.192695166958476E+002  0.725504321555563E+002 -0.441308820541851E+000  0.514755575952492E+000 -0.107536384819057E+002 -0.745542394578099E+003 -0.745542394578099E+003
 -0.192563641806362E+002  0.730316487480714E+002 -0.443276782764317E+000  0.510168227727153E+000 -0.107536384819057E+002 -0.745534101809172E+003 -0.745534101809172E+003
 -0.192583371994295E+002  0.729340683498146E+002 -0.443994586511386E+000  0.518212626802132E+000 -0.107536384819057E+002 -0.745517879564697E+003 -0.745517879564697E+003
 -0.192622668308254E+002  0.727918446186837E+002 -0.440147681991799E+000  0.508636374994804E+000 -0.107536384819057E+002 -0.745507693239512E+003 -0.745507693239512E+003
 -0.192563917231567E+002  0.729751868142727E+002 -0.441152965588448E+000  0.510789262456508E+000 -0.107536384819057E+002 -0.745530190724295E+003 -0.745530190724295E+003
 -0.192662050383594E+002  0.726776447317581E+002 -0.446076497279451E+000  0.520911493675785E+000 -0.107536384819057E+002 -0.745549733821923E+003 -0.745549733821923E+003
 -0.192625090185921E+002  0.727526837030014E+002 -0.430611123490883E+000  0.499815659279635E+000 -0.107536384819057E+002 -0.745553552637617E+003 -0.745553552637617E+003
 -0.192579299975985E+002  0.729238213616671E+002 -0.442776819264521E+000  0.513959381284455E+000 -0.107536384819057E+002 -0.745539649028167E+003 -0.745539649028167E+003
 -0.192578982921036E+002  0.729103774610025E+002 -0.432773605734153E+000  0.509463938511838E+000 -0.107536384819057E+002 -0.745553900743816E+003 -0.745553900743816E+003
 -0.192606620638234E+002  0.728340131699259E+002 -0.436669983265402E+000  0.509679405493789E+000 -0.107536384819057E+002 -0.745494761404116E+003 -0.745494761404116E+003
 -0.192657378247984E+002  0.726599532712294E+002 -0.436732674753667E+000  0.511192455752657E+000 -0.107536384819057E+002 -0.745515045494378E+003 -0.745515045494378E+003
 -0.192613181871341E+002  0.727938593990209E+002 -0.434788313615351E+000  0.501316638510919E+000 -0.107536384819057E+002 -0.745537876289982E+003 -0.745537876289982E+003
 -0.192635323614589E+002  0.727855417167083E+002 -0.446705362612231E+000  0.519004544173043E+000 -0.107536384819057E+002 -0.745520351350397E+003 -0.745520351350397E+003
 -0.192547829544092E+002  0.730195414923117E+002 -0.439397903671813E+000  0.511854488395059E+000 -0.107536384819057E+002 -0.745528032813554E+003 -0.745528032813555E+003
 -0.192543838000024E+002  0.730301215068812E+002 -0.438753135165254E+000  0.512804042623507E+000 -0.107536384819057E+002 -0.745534038575200E+003 -0.745534038575201E+003
 -0.192573984801338E+002  0.729840844586734E+002 -0.443663175228003E+000  0.518024268469935E+000 -0.107536384819057E+002 -0.745513505174393E+003 -0.745513505174393E+003
 -0.192590542292098E+002  0.728258173289504E+002 -0.428694634747712E+000  0.502336021776566E+000 -0.107536384819057E+002 -0.745553715463984E+003 -0.745553715463984E+003
 -0.192577278580686E+002  0.728717833711366E+002 -0.430746928047132E+000  0.502202796200738E+000 -0.107536384819057E+002 -0.745545142416159E+003 -0.745545142416159E+003
 -0.192663756521705E+002  0.726614928155087E+002 -0.443121023195050E+000  0.511119279597243E+000 -0.107536384819057E+002 -0.745551610692760E+003 -0.745551610692761E+003
 -0.192542392007543E+002  0.730804434141295E+002 -0.441360840843435E+000  0.511404435337041E+000 -0.107536384819057E+002 -0.745517097459490E+003 -0.745517097459490E+003
 -0.192582058990067E+002  0.729581415519663E+002 -0.439103834300491E+000  0.509905507687050E+000 -0.107536384819057E+002 -0.745519266828759E+003 -0.745519266828759E+003
 -0.192585999331821E+002  0.728888262446158E+002 -0.438459721288442E+000  0.504560135323641E+000 -0.107536384819057E+002 -0.745554048418281E+003 -0.745554048418281E+003
 -0.192648280844487E+002  0.726441206928793E+002 -0.433280059581714E+000  0.504307782298161E+000 -0.107536384819057E+002 -0.745545892469254E+003 -0.745545892469254E+003
 -0.192566785309765E+002  0.729755201265479E+002 -0.443023161605295E+000  0.510913634442409E+000 -0.107536384819057E+002 -0.745552601867151E+003 -0.745552601867151E+003
 -0.192622227319660E+002  0.727705773814134E+002 -0.434577017759340E+000  0.506181651262478E+000 -0.107536384819057E+002 -0.745504457413781E+003 -0.745504457413781E+003
 -0.192668978703009E+002  0.726854410084882E+002 -0.446557512160044E+000  0.516423176710243E+000 -0.107536384819057E+002 -0.745541059535823E+003 -0.745541059535823E+003
 -0.192554753299333E+002  0.729817104976638E+002 -0.436589423760616E+000  0.511745935099130E+000 -0.107536384819057E+002 -0.745533754936384E+003 -0.745533754936384E+003
 -0.192620905988767E+002  0.728545450823556E+002 -0.445064815350324E+000  0.514854110004319E+000 -0.107536384819057E+002 -0.745518137907712E+003 -0.745518137907713E+003
 -0.192551524651878E+002  0.730869611164312E+002 -0.444517362922874E+000  0.516059489787094E+000 -0.107536384819057E+002 -0.745535667736857E+003 -0.745535667736857E+003
 -0.192557278083691E+002  0.730062974718660E+002 -0.441792656778285E+000  0.510585417618787E+000 -0.107536384819057E+002 -0.745533137403137E+003 -0.745533137403137E+003
 -0.192611960749233E+002  0.727724652842584E+002 -0.432392022341148E+000  0.507653683797979E+000 -0.107536384819057E+002 -0.745529440816899E+003 -0.745529440816899E+003
 -0.192639400998021E+002  0.727587369244466E+002 -0.438113199061265E+000  0.511283980511811E+000 -0.107536384819057E+002 -0.745528122383095E+003 -0.745528122383095E+003
 -0.192587764411885E+002  0.729832207265999E+002 -0.444663627859835E+000  0.514059249630146E+000 -0.107536384819057E+002 -0.745551666003617E+003 -0.745551666003618E+003
 -0.192586180893647E+002  0.729125207711719E+002 -0.437996678448669E+000  0.514035078639635E+000 -0.107536384819057E+002 -0.745517714284013E+003 -0.745517714284013E+003
 -0.192586161966504E+002  0.729641134050277E+002 -0.444408837837015E+000  0.520323742803591E+000 -0.107536384819057E+002 -0.745541721802778E+003 -0.745541721802778E+003
 -0.192574837169203E+002  0.730086155138843E+002 -0.444198942885230E+000  0.510696518971234E+000 -0.107536384819057E+002 -0.745545513782110E+003 -0.745545513782110E+003
 -0.192612559848434E+002  0.728623604289362E+002 -0.444361359775265E+000  0.517359790482410E+000 -0.107536384819057E+002 -0.745501647157907E+003 -0.745501647157907E+003
 -0.192602623876681E+002  0.728881981339055E+002 -0.447813449271709E+000  0.522992402194364E+000 -0.107536384819057E+002 -0.745550579803771E+003 -0.745550579803771E+003
 -0.192655620682200E+002  0.726585478895564E+002 -0.438514882374999E+000  0.506721321432516E+000 -0.107536384819057E+002 -0.745541989593914E+003 -0.745541989593914E+003
 -0.192555075385789E+002  0.730149092160806E+002 -0.441882552623812E+000  0.514078872740567E+000 -0.107536384819057E+002 -0.745520145623485E+003 -0.745520145623485E+003
 -0.192536866490643E+002  0.731035420103030E+002 -0.444656734001762E+000  0.513628842823844E+000 -0.107536384819057E+002 -0.745543787553541E+003 -0.745543787553541E+003
 -0.192569234395570E+002  0.729071035086166E+002 -0.433488881654250E+000  0.508970826352714E+000 -0.107536384819057E+002 -0.745549218622883E+003 -0.745549218622883E+003
 -0.192636979473204E+002  0.727340194327443E+002 -0.444097824985260E+000  0.517214770464497E+000 -0.107536384819057E+002 -0.745551984355445E+003 -0.745551984355445E+003
 -0.192600212303705E+002  0.728832798179131E+002 -0.440052750071960E+000  0.505126486698964E+000 -0.107536384819057E+002 -0.745541613756866E+003 -0.745541613756866E+003
 -0.192564406674302E+002  0.730159744254424E+002 -0.442807862566131E+000  0.517667558416239E+000 -0.107536384819057E+002 -0.745521785905489E+003 -0.745521785905489E+003
 -0.192577857316494E+002  0.729554357250557E+002 -0.438202533299430E+000  0.511766381318433E+000 -0.107536384819057E+002 -0.745512685697574E+003 -0.745512685697574E+003
 -0.192613599199501E+002  0.728064643566252E+002 -0.437164846025847E+000  0.509653210587626E+000 -0.107536384819057E+002 -0.745492033196668E+003 -0.745492033196668E+003
 -0.192583666944961E+002  0.729531491831460E+002 -0.442210726119675E+000  0.507351334244955E+000 -0.107536384819057E+002 -0.745544779322176E+003 -0.745544779322177E+003
 -0.192609681782267E+002  0.728917698527014E+002 -0.441152573570372E+000  0.509831386491325E+000 -0.107536384819057E+002 -0.745551422152275E+003 -0.745551422152275E+003
 -0.192608964247502E+002  0.728404657283676E+002 -0.434810122775408E+000  0.503491111939708E+000 -0.107536384819057E+002 -0.745533503615355E+003 -0.745533503615356E+003
 -0.192620751230500E+002  0.728131669779440E+002 -0.437156110572356E+000  0.504979732980495E+000 -0.107536384819057E+002 -0.745529058292803E+003 -0.745529058292803E+003
 -0.192624327898008E+002  0.727369790439396E+002 -0.433706725755389E+000  0.501167637240875E+000 -0.107536384819057E+002 -0.745547669516331E+003 -0.745547669516331E+003
 -0.192608526614545E+002  0.728085550227347E+002 -0.437849877072805E+000  0.512787430827241E+000 -0.107536384819057E+002 -0.745511139985066E+003 -0.745511139985066E+003
 -0.192635393167352E+002  0.726961573689764E+002 -0.434236724594983E+000  0.507611643585829E+000 -0.107536384819057E+002 -0.745524135905543E+003 -0.745524135905543E+003
 -0.192661179777092E+002  0.726504311029945E+002 -0.437338457897730E+000  0.513781664532225E+000 -0.107536384819057E+002 -0.745530773232456E+003 -0.745530773232456E+003
 -0.192579111499164E+002  0.729745106685556E+002 -0.444268419711265E+000  0.513072263323188E+000 -0.107536384819057E+002 -0.745512504597694E+003 -0.745512504597694E+003
 -0.192640507621210E+002  0.727786167161195E+002 -0.441143068875889E+000  0.512584429590842E+000 -0.107536384819057E+002 -0.745532386731903E+003 -0.745532386731903E+003
 -0.192648797784701E+002  0.727525407889614E+002 -0.448351242945316E+000  0.517987588894116E+000 -0.107536384819057E+002 -0.745546744398099E+003 -0.745546744398099E+003
 -0.192654780762834E+002  0.727171415741255E+002 -0.447683818219583E+000  0.520761252436902E+000 -0.107536384819057E+002 -0.745545166457508E+003 -0.745545166457508E+003
 -0.192670141172714E+002  0.726509189474019E+002 -0.442030767425451E+000  0.509473271185161E+000 -0.107536384819057E+002 -0.745545540292999E+003 -0.745545540292999E+003
 -0.192542640674142E+002  0.730094350868958E+002 -0.432712961733251E+000  0.506779004090022E+000 -0.107536384819057E+002 -0.745544863238044E+003 -0.745544863238044E+003
 -0.192598576413912E+002  0.728350267083346E+002 -0.440491137713828E+000  0.514118673386610E+000 -0.107536384819057E+002 -0.745551793638077E+003 -0.745551793638077E+003
 -0.192642312121949E+002  0.727419101775168E+002 -0.443884783945771E+000  0.517606569373912E+000 -0.107536384819057E+002 -0.745511278436936E+003 -0.745511278436936E+003
 -0.192628894028888E+002  0.728065297002001E+002 -0.448282652380686E+000  0.518100491861160E+000 -0.107536384819057E+002 -0.745550376567247E+003 -0.745550376567247E+003
 -0.192577436453727E+002  0.729436005772673E+002 -0.435305900863827E+000  0.507942538915131E+000 -0.107536384819057E+002 -0.745522926713154E+003 -0.745522926713154E+003
 -0.192574208512451E+002  0.729722594671825E+002 -0.441277482498071E+000  0.515688148657509E+000 -0.107536384819057E+002 -0.745507614968901E+003 -0.745507614968901E+003
 -0.192580304533740E+002  0.730086959803723E+002 -0.449409917851225E+000  0.522843352111995E+000 -0.107536384819057E+002 -0.745551972505481E+003 -0.745551972505481E+003
 -0.192585189275049E+002  0.729230393518916E+002 -0.438921534333997E+000  0.505545890555602E+000 -0.107536384819057E+002 -0.745521044283514E+003 -0.745521044283514E+003
 -0.192698790052800E+002  0.725295842161466E+002 -0.439719142861992E+000  0.511790654203983E+000 -0.107536384819057E+002 -0.745546011675731E+003 -0.745546011675731E+003
 -0.192643370642119E+002  0.727708533568337E+002 -0.444240266986234E+000  0.517050816475755E+000 -0.107536384819057E+002 -0.745516952491120E+003 -0.745516952491120E+003
 -0.192553079731903E+002  0.729902514996891E+002 -0.435242041796733E+000  0.509555963091644E+000 -0.107536384819057E+002 -0.745524997037627E+003 -0.745524997037627E+003
 -0.192632574288568E+002  0.727948769083431E+002 -0.442328541434189E+000  0.518291234802711E+000 -0.107536384819057E+002 -0.745529678940235E+003 -0.745529678940235E+003
 -0.192576522779403E+002  0.729452577179253E+002 -0.438728655310908E+000  0.510247361683820E+000 -0.107536384819057E+002 -0.745493548591855E+003 -0.745493548591855E+003
 -0.192579403132349E+002  0.729997530124956E+002 -0.449093263487850E+000  0.517093188620916E+000 -0.107536384819057E+002 -0.745553381456576E+003 -0.745553381456576E+003
 -0.192644149317749E+002  0.727471432481049E+002 -0.446162517064091E+000  0.519142447381943E+000 -0.107536384819057E+002 -0.745524769867181E+003 -0.745524769867181E+003
 -0.192592455108020E+002  0.729029212360446E+002 -0.443497026960974E+000  0.520760342914478E+000 -0.107536384819057E+002 -0.745539139220822E+003 -0.745539139220822E+003
 -0.192651891369220E+002  0.726965790157170E+002 -0.439486613143330E+000  0.513537882809183E+000 -0.107536384819057E+002 -0.745505287407812E+003 -0.745505287407812E+003
 -0.192605538201341E+002  0.728410052135069E+002 -0.435016963142304E+000  0.511267646314321E+000 -0.107536384819057E+002 -0.745537545289660E+003 -0.745537545289660E+003
 -0.192535045181585E+002  0.731034819665082E+002 -0.442905479092939E+000  0.516077870426224E+000 -0.107536384819057E+002 -0.745530799000925E+003 -0.745530799000925E+003
 -0.192668087715111E+002  0.726669008841905E+002 -0.442669977064092E+000  0.510135903468685E+000 -0.107536384819057E+002 -0.745543896346286E+003 -0.745543896346286E+003
 -0.192654447802794E+002  0.727442385381988E+002 -0.446256278369173E+000  0.522122943189379E+000 -0.107536384819057E+002 -0.745553294558427E+003 -0.745553294558427E+003
 -0.192648404829596E+002  0.726791508475984E+002 -0.439686863000730E+000  0.514800317374625E+000 -0.107536384819057E+002 -0.745529819061642E+003 -0.745529819061642E+003
 -0.192631593750432E+002  0.727152107910653E+002 -0.437036764267156E+000  0.510037694501817E+000 -0.107536384819057E+002 -0.745529208780476E+003 -0.745529208780476E+003
 -0.192580208833542E+002  0.729154297099226E+002 -0.438633618806248E+000  0.511423890732762E+000 -0.107536384819057E+002 -0.745500090930404E+003 -0.745500090930404E+003
 -0.192606776549223E+002  0.727939642515746E+002 -0.434621347627481E+000  0.501843681614873E+000 -0.107536384819057E+002 -0.745552906829518E+003 -0.745552906829518E+003
 -0.192609552487167E+002  0.728376689652971E+002 -0.440288201469748E+000  0.511071326922704E+000 -0.107536384819057E+002 -0.745490741791276E+003 -0.745490741791276E+003
 -0.192547231599943E+002  0.730409273743193E+002 -0.437832007930067E+000  0.504166367263418E+000 -0.107536384819057E+002 -0.745540664044491E+003 -0.745540664044491E+003
 -0.192592462475684E+002  0.729299564835464E+002 -0.438609308139455E+000  0.510333944475526E+000 -0.107536384819057E+002 -0.745540338253790E+003 -0.745540338253790E+003
 -0.192528744955402E+002  0.730987316676722E+002 -0.437212966591212E+000  0.512295470210939E+000 -0.107536384819057E+002 -0.745546740079886E+003 -0.745546740079886E+003
 -0.192577645458853E+002  0.728794886190835E+002 -0.432757378138331E+000  0.503311774908729E+000 -0.107536384819057E+002 -0.745537532515010E+003 -0.745537532515010E+003
 -0.192620929428690E+002  0.727919440859901E+002 -0.438523281014797E+000  0.512765537927702E+000 -0.107536384819057E+002 -0.745495963680068E+003 -0.745495963680069E+003
 -0.192544946846482E+002  0.730300891188730E+002 -0.432522701347434E+000  0.504288264880750E+000 -0.107536384819057E+002 -0.745545891450293E+003 -0.745545891450293E+003
 -0.192541586019213E+002  0.730450275384336E+002 -0.440348311779589E+000  0.511469851969660E+000 -0.107536384819057E+002 -0.745536895547267E+003 -0.745536895547267E+003
 -0.192556012560363E+002  0.730123086814563E+002 -0.442502883554065E+000  0.516898903841071E+000 -0.107536384819057E+002 -0.745532338255671E+003 -0.745532338255671E+003
 -0.192599547562438E+002  0.728475499443514E+002 -0.431954958505539E+000  0.504509397228090E+000 -0.107536384819057E+002 -0.745536407444087E+003 -0.745536407444087E+003
 -0.192597788066683E+002  0.728919361797098E+002 -0.436509399936476E+000  0.509805911724740E+000 -0.107536384819057E+002 -0.745534485486320E+003 -0.745534485486320E+003
 -0.192621503706928E+002  0.728053544905533E+002 -0.440915655918397E+000  0.509596154268800E+000 -0.107536384819057E+002 -0.745503791050468E+003 -0.745503791050468E+003
 -0.192618826084372E+002  0.727913451442907E+002 -0.435672128251245E+000  0.507568602509199E+000 -0.107536384819057E+002 -0.745499623407643E+003 -0.745499623407643E+003
 -0.192696165137946E+002  0.725573923826518E+002 -0.442483825949184E+000  0.513920158765259E+000 -0.107536384819057E+002 -0.745545919186756E+003 -0.745545919186756E+003
 -0.192542624796734E+002  0.730291089643197E+002 -0.433565789474542E+000  0.506543803680741E+000 -0.107536384819057E+002 -0.745533344615687E+003 -0.745533344615687E+003
 -0.192607679867682E+002  0.728813703961380E+002 -0.448169714730866E+000  0.522687396308798E+000 -0.107536384819057E+002 -0.745540197849354E+003 -0.745540197849354E+003
 -0.192644559398204E+002  0.726615711866265E+002 -0.431140324173668E+000  0.506256280625951E+000 -0.107536384819057E+002 -0.745544727345042E+003 -0.745544727345042E+003
 -0.192598511820184E+002  0.728540542317213E+002 -0.434935135672390E+000  0.503141991088451E+000 -0.107536384819057E+002 -0.745515426364457E+003 -0.745515426364457E+003
 -0.192581873293986E+002  0.729619082126527E+002 -0.443693778898167E+000  0.517170984226834E+000 -0.107536384819057E+002 -0.745506102048332E+003 -0.745506102048332E+003
 -0.192614144631181E+002  0.727574458157430E+002 -0.430162709824135E+000  0.498617677484763E+000 -0.107536384819057E+002 -0.745553479557460E+003 -0.745553479557460E+003
 -0.192545419960019E+002  0.730423500508578E+002 -0.441112247561398E+000  0.517605160707681E+000 -0.107536384819057E+002 -0.745551802132253E+003 -0.745551802132253E+003
 -0.192613722870706E+002  0.728046156472911E+002 -0.432630471006826E+000  0.503980823452341E+000 -0.107536384819057E+002 -0.745530566470506E+003 -0.745530566470506E+003
 -0.192636083100596E+002  0.727776641066754E+002 -0.440109646480067E+000  0.514261366630139E+000 -0.107536384819057E+002 -0.745522988547894E+003 -0.745522988547894E+003
 -0.192628140664942E+002  0.727818521423231E+002 -0.438112627465108E+000  0.503178539923194E+000 -0.107536384819057E+002 -0.745550915198682E+003 -0.745550915198682E+003
 -0.192582923706645E+002  0.729068756222608E+002 -0.432213841195677E+000  0.506596520919106E+000 -0.107536384819057E+002 -0.745551127408806E+003 -0.745551127408806E+003
 -0.192559618731446E+002  0.729617033731123E+002 -0.437731985971370E+000  0.512811500243683E+000 -0.107536384819057E+002 -0.745543123231509E+003 -0.745543123231509E+003
 -0.192577026654845E+002  0.729334825291815E+002 -0.434642278486145E+000  0.505282585794337E+000 -0.107536384819057E+002 -0.745513866364353E+003 -0.745513866364354E+003
 -0.192620363755723E+002  0.728270403853471E+002 -0.440209789729537E+000  0.516626767880676E+000 -0.107536384819057E+002 -0.745536183776716E+003 -0.745536183776716E+003
 -0.192577780377389E+002  0.729009233841588E+002 -0.436499690031942E+000  0.511107573131067E+000 -0.107536384819057E+002 -0.745521599601307E+003 -0.745521599601307E+003
 -0.192625958523226E+002  0.727667672815845E+002 -0.438321789882654E+000  0.507169397790044E+000 -0.107536384819057E+002 -0.745508740025053E+003 -0.745508740025053E+003
 -0.192578070923942E+002  0.729817667853018E+002 -0.442756224018634E+000  0.517966493387590E+000 -0.107536384819057E+002 -0.745530282793120E+003 -0.745530282793120E+003
 -0.192601756841627E+002  0.728930279961365E+002 -0.447203573299949E+000  0.518077917647996E+000 -0.107536384819057E+002 -0.745529982877042E+003 -0.745529982877042E+003
 -0.192604900710916E+002  0.728862367162256E+002 -0.443443599510275E+000  0.511930906867983E+000 -0.107536384819057E+002 -0.745508412112594E+003 -0.745508412112594E+003
 -0.192587007921557E+002  0.728899555164017E+002 -0.436404112782808E+000  0.510540704228002E+000 -0.107536384819057E+002 -0.745501843301312E+003 -0.745501843301312E+003
 -0.192655826063851E+002  0.726386116415052E+002 -0.430966979122650E+000  0.504803056411172E+000 -0.107536384819057E+002 -0.745550013009901E+003 -0.745550013009901E+003
 -0.192541584095215E+002  0.730779021152918E+002 -0.444528003551406E+000  0.517786563792795E+000 -0.107536384819057E+002 -0.745541777568277E+003 -0.745541777568277E+003
 -0.192644337811837E+002  0.727869553759321E+002 -0.448844040272687E+000  0.519386420901348E+000 -0.107536384819057E+002 -0.745541141788568E+003 -0.745541141788568E+003
 -0.192641792420437E+002  0.727314656471859E+002 -0.438014334003790E+000  0.514055060853088E+000 -0.107536384819057E+002 -0.745523519834372E+003 -0.745523519834372E+003
 -0.192600813187332E+002  0.728079902302584E+002 -0.433640469867552E+000  0.502940653886421E+000 -0.107536384819057E+002 -0.745535718340756E+003 -0.745535718340756E+003
 -0.192591103178356E+002  0.729036080737767E+002 -0.434422769264810E+000  0.502782685940245E+000 -0.107536384819057E+002 -0.745547011986441E+003 -0.745547011986441E+003
 -0.192585311590036E+002  0.729534684542549E+002 -0.444454564276657E+000  0.514625808196353E+000 -0.107536384819057E+002 -0.745504755901216E+003 -0.745504755901216E+003
 -0.192569779788554E+002  0.730473496576618E+002 -0.448285173899124E+000  0.517070760298891E+000 -0.107536384819057E+002 -0.745552613546977E+003 -0.745552613546977E+003
 -0.192662548936991E+002  0.726966909567178E+002 -0.445261747194381E+000  0.513932656035317E+000 -0.107536384819057E+002 -0.745537609952166E+003 -0.745537609952166E+003
 -0.192535455090168E+002  0.730659375328526E+002 -0.434890554227982E+000  0.508834953839180E+000 -0.107536384819057E+002 -0.745540302847393E+003 -0.745540302847393E+003
 -0.192615866314077E+002  0.728174513908903E+002 -0.434635560832324E+000  0.503784929737503E+000 -0.107536384819057E+002 -0.745535228439875E+003 -0.745535228439875E+003
 -0.192611879706789E+002  0.728093626049873E+002 -0.441869445164655E+000  0.517340483034491E+000 -0.107536384819057E+002 -0.745535909386734E+003 -0.745535909386734E+003
 -0.192627900179345E+002  0.727164529262642E+002 -0.433590079357340E+000  0.502550594523905E+000 -0.107536384819057E+002 -0.745545343026616E+003 -0.745545343026616E+003
 -0.192611324728454E+002  0.728731227904559E+002 -0.440913845130517E+000  0.509221631419299E+000 -0.107536384819057E+002 -0.745528420339865E+003 -0.745528420339865E+003
 -0.192660268109099E+002  0.726670819483360E+002 -0.438886995948052E+000  0.507369806669882E+000 -0.107536384819057E+002 -0.745524627483012E+003 -0.745524627483012E+003
 -0.192607699785484E+002  0.728977072790101E+002 -0.445114572565197E+000  0.520931275412177E+000 -0.107536384819057E+002 -0.745541633742560E+003 -0.745541633742560E+003
 -0.192589552123132E+002  0.728561740450669E+002 -0.430069353698954E+000  0.502934842480643E+000 -0.107536384819057E+002 -0.745540169178263E+003 -0.745540169178263E+003
 -0.192687952729039E+002  0.725489566399272E+002 -0.433894662253991E+000  0.507367794096300E+000 -0.107536384819057E+002 -0.745553399167742E+003 -0.745553399167742E+003
 -0.192554611452742E+002  0.730368829329732E+002 -0.445119266691712E+000  0.513632407765279E+000 -0.107536384819057E+002 -0.745548931849092E+003 -0.745548931849092E+003
 -0.192675792747059E+002  0.725880087316337E+002 -0.438164807808572E+000  0.511336475831987E+000 -0.107536384819057E+002 -0.745531288312272E+003 -0.745531288312272E+003
 -0.192607631073407E+002  0.728547562517745E+002 -0.444127235054251E+000  0.513099381825604E+000 -0.107536384819057E+002 -0.745522424458199E+003 -0.745522424458199E+003
 -0.192654202699130E+002  0.726639983098058E+002 -0.435194864354270E+000  0.511196107582177E+000 -0.107536384819057E+002 -0.745531099389190E+003 -0.745531099389190E+003
 -0.192605221515444E+002  0.728577158528775E+002 -0.441955583947230E+000  0.520439786301168E+000 -0.107536384819057E+002 -0.745546181373302E+003 -0.745546181373302E+003
 -0.192624556335470E+002  0.727857140919420E+002 -0.433522537656112E+000  0.506306845221280E+000 -0.107536384819057E+002 -0.745552061414206E+003 -0.745552061414206E+003
 -0.192651571824440E+002  0.727047072909197E+002 -0.441973205631693E+000  0.514749846380555E+000 -0.107536384819057E+002 -0.745504611911069E+003 -0.745504611911070E+003
 -0.192553158134617E+002  0.729964659755580E+002 -0.435534873118645E+000  0.507968639872049E+000 -0.107536384819057E+002 -0.745514649067161E+003 -0.745514649067161E+003
 -0.192631374898545E+002  0.727166261967096E+002 -0.431558872774262E+000  0.504870591268390E+000 -0.107536384819057E+002 -0.745527932367878E+003 -0.745527932367878E+003
 -0.192594253156086E+002  0.728493435267931E+002 -0.437618729204663E+000  0.508882820423571E+000 -0.107536384819057E+002 -0.745517164976790E+003 -0.745517164976790E+003
 -0.192585320893608E+002  0.728736414890893E+002 -0.434255503152979E+000  0.512139390291027E+000 -0.107536384819057E+002 -0.745549237841524E+003 -0.745549237841524E+003
 -0.192655265150252E+002  0.727331673267473E+002 -0.443724682499971E+000  0.516330935811824E+000 -0.107536384819057E+002 -0.745527114607808E+003 -0.745527114607808E+003
 -0.192590492601368E+002  0.729269878440479E+002 -0.440312748766393E+000  0.509318143644356E+000 -0.107536384819057E+002 -0.745506916953120E+003 -0.745506916953120E+003
 -0.192626675256070E+002  0.728245312639753E+002 -0.442979190112401E+000  0.515338784617271E+000 -0.107536384819057E+002 -0.745512464906397E+003 -0.745512464906397E+003
 -0.192604617470963E+002  0.728508315560265E+002 -0.441803809932136E+000  0.508722205176713E+000 -0.107536384819057E+002 -0.745537082928982E+003 -0.745537082928982E+003
 -0.192585692992203E+002  0.729327861884572E+002 -0.437989367467122E+000  0.514270350552650E+000 -0.107536384819057E+002 -0.745545134850290E+003 -0.745545134850290E+003
 -0.192666566295674E+002  0.726363553311109E+002 -0.439949191330330E+000  0.509069349134053E+000 -0.107536384819057E+002 -0.745532605346798E+003 -0.745532605346798E+003
 -0.192628866384812E+002  0.727873070087741E+002 -0.445956221265186E+000  0.515597210340800E+000 -0.107536384819057E+002 -0.745542629251097E+003 -0.745542629251097E+003
