  0.714786710870863E+001  0.673677028824484E+002 -0.535601786231787E+000  0.164259774185510E+001  0.447871534979512E+001 -0.153588086678938E+002 -0.708797098406416E+003 -0.708797098406416E+003 -0.708824808414892E+003
 -0.881979549375779E+001  0.683328975079961E+002 -0.536503628704992E+000  0.166085602345677E+001  0.581488610132257E+001 -0.153588086678938E+002 -0.708809871056226E+003 -0.708809871056226E+003 -0.708827777798197E+003
  0.165504753769890E+002  0.676153739256819E+002 -0.529225871050926E+000  0.171734504045720E+001  0.657935520069363E+001 -0.153588086678938E+002 -0.708791677990927E+003 -0.708791677990927E+003 -0.708997889103281E+003
  0.104774826681764E+001  0.692982536003211E+002 -0.464275136813613E+000  0.792342746015809E+000 -0.807096738415751E-001 -0.153588086678938E+002 -0.708748025094056E+003 -0.708748025094056E+003 -0.708953215320329E+003
 -0.767195701406820E+001  0.689857137808081E+002 -0.505485768129727E+000  0.121994725536014E+001  0.169262745685068E+001 -0.153588086678938E+002 -0.708724818861687E+003 -0.708724818861687E+003 -0.708855702531004E+003
 -0.161645882109812E+002  0.662081986132232E+002 -0.494165252288472E+000  0.114919713223735E+001  0.112880982812457E+001 -0.153588086678938E+002 -0.708758831570459E+003 -0.708758831570459E+003 -0.708874460706414E+003
 -0.959337294057059E+001  0.693549158726755E+002 -0.474550887957898E+000  0.989452087325787E+000  0.899335298452442E+000 -0.153588086678938E+002 -0.708749447777969E+003 -0.708749447777969E+003 -0.709028517860074E+003
  0.983216847909264E+001  0.675224510016368E+002 -0.513987723688056E+000  0.132233186164090E+001  0.190176055232454E+001 -0.153588086678938E+002 -0.708791120005375E+003 -0.708791120005375E+003 -0.708849254308787E+003
  0.154877241661257E+002  0.682350749678834E+002 -0.473688512523772E+000  0.957349552496444E+000  0.671809112717504E+000 -0.153588086678938E+002 -0.708686750275990E+003 -0.708686750275990E+003 -0.708834037212064E+003
 -0.185819770188135E+002  0.684202790257603E+002 -0.535620645456872E+000  0.161148574791292E+001  0.525560736465523E+001 -0.153588086678938E+002 -0.708813949904361E+003 -0.708813949904361E+003 -0.708840690233977E+003
 -0.179233032835171E+002  0.677046857977541E+002 -0.514855421505493E+000  0.153484040836652E+001  0.488025182601087E+001 -0.153588086678938E+002 -0.708760782219137E+003 -0.708760782219137E+003 -0.708824867888985E+003
  0.188138636674321E+002  0.689028896899410E+002 -0.449963639698583E+000  0.775922277596054E+000  0.580762234038588E-001 -0.153588086678938E+002 -0.708794034236207E+003 -0.708794034236207E+003 -0.709126793027174E+003
  0.295240905752436E+001  0.681835088593019E+002 -0.518957600450926E+000  0.153457712892179E+001  0.449295126038324E+001 -0.153588086678938E+002 -0.708721627611532E+003 -0.708721627611532E+003 -0.708846304883222E+003
  0.186506243438827E+002  0.685244840309325E+002 -0.518742298229161E+000  0.153205585518541E+001  0.470592080971430E+001 -0.153588086678938E+002 -0.708732754201394E+003 -0.708732754201394E+003 -0.708991986183927E+003
  0.120639910713022E+002  0.685017619286876E+002 -0.473758456958641E+000  0.840227886510300E+000 -0.215290725083769E+000 -0.153588086678938E+002 -0.708773003383763E+003 -0.708773003383763E+003 -0.708845837301074E+003
  0.287684345786152E+001  0.687229914275154E+002 -0.550355642228891E+000  0.181220031052932E+001  0.655090330379857E+001 -0.153588086678938E+002 -0.708799828995281E+003 -0.708799828995281E+003 -0.708947262946886E+003
 -0.113399404463543E+002  0.671995577469376E+002 -0.490212051121026E+000  0.106448388589851E+001  0.625124137211522E+000 -0.153588086678938E+002 -0.708696623637181E+003 -0.708696623637181E+003 -0.708844168653303E+003
  0.191522035727912E+002  0.690088450601692E+002 -0.492021499556649E+000  0.126379294093565E+001  0.287738384698202E+001 -0.153588086678938E+002 -0.708764582310091E+003 -0.708764582310091E+003 -0.708819775632481E+003
  0.830257060192977E+001  0.694088739152970E+002 -0.533857594331819E+000  0.169907546710284E+001  0.603157970833712E+001 -0.153588086678938E+002 -0.708808206260031E+003 -0.708808206260031E+003 -0.708953888248120E+003
  0.149520936761923E+002  0.672538218605386E+002 -0.468221121190251E+000  0.935059178210369E+000  0.461665221780628E+000 -0.153588086678938E+002 -0.708695188025879E+003 -0.708695188025879E+003 -0.708874210230603E+003
 -0.891846198410840E+001  0.694940291243695E+002 -0.471479064140182E+000  0.911485454450918E+000  0.560566425287533E+000 -0.153588086678938E+002 -0.708783716665218E+003 -0.708783716665218E+003 -0.708845618460582E+003
  0.621118942254499E+001  0.671588118392689E+002 -0.453400677516326E+000  0.815848035398173E+000  0.150922011836840E+000 -0.153588086678938E+002 -0.708807402369259E+003 -0.708807402369259E+003 -0.708847563699450E+003
  0.498241897512072E+001  0.664632611631463E+002 -0.511411692510533E+000  0.119065673944943E+001  0.132058237673880E+001 -0.153588086678938E+002 -0.708777377411666E+003 -0.708777377411666E+003 -0.708884728167953E+003
  0.242941241752743E+001  0.675504484771703E+002 -0.515101389390634E+000  0.137995328696741E+001  0.314234601094820E+001 -0.153588086678938E+002 -0.708727983583672E+003 -0.708727983583672E+003 -0.708827709078037E+003
 -0.326951777845252E-002  0.666081715414814E+002 -0.498078370971796E+000  0.125738045551223E+001  0.197764425809523E+001 -0.153588086678938E+002 -0.708752612716128E+003 -0.708752612716128E+003 -0.708865675763494E+003
 -0.906997803025023E+001  0.689509626296057E+002 -0.519788675762052E+000  0.150664324910361E+001  0.472056567041117E+001 -0.153588086678938E+002 -0.708783328402841E+003 -0.708783328402841E+003 -0.708945831721823E+003
  0.193217284356806E+002  0.685359268669051E+002 -0.495150634213670E+000  0.104404348479574E+001  0.813364035898502E+000 -0.153588086678938E+002 -0.708689712816508E+003 -0.708689712816508E+003 -0.708833564982188E+003
 -0.614765487219378E+001  0.697223327542648E+002 -0.506574832826609E+000  0.131765051069528E+001  0.303014635645219E+001 -0.153588086678938E+002 -0.708797564707915E+003 -0.708797564707915E+003 -0.709031038082928E+003
  0.152413224753887E+002  0.688145541220879E+002 -0.512412023320315E+000  0.144977854409766E+001  0.349512184128893E+001 -0.153588086678938E+002 -0.708787005578457E+003 -0.708787005578457E+003 -0.708900074396744E+003
  0.777607679226264E+001  0.684527048940000E+002 -0.520848281959875E+000  0.162206118473560E+001  0.568837185445683E+001 -0.153588086678938E+002 -0.708755572759089E+003 -0.708755572759089E+003 -0.708862381100843E+003
  0.272927946364543E+000  0.690039518645852E+002 -0.482182050560189E+000  0.891999203980570E+000  0.728441815173184E-001 -0.153588086678938E+002 -0.708735524122834E+003 -0.708735524122834E+003 -0.708836663002259E+003
 -0.103123143859265E+002  0.691595717330740E+002 -0.537221733257102E+000  0.178598367664553E+001  0.680866820756953E+001 -0.153588086678938E+002 -0.708813665868422E+003 -0.708813665868422E+003 -0.708920873952382E+003
  0.838936613870856E+001  0.687296217700698E+002 -0.513497180485715E+000  0.163311248835137E+001  0.641627895567120E+001 -0.153588086678938E+002 -0.708814499522152E+003 -0.708814499522152E+003 -0.708844064694865E+003
 -0.836129178120922E+001  0.664233061812920E+002 -0.516738683129329E+000  0.144274015492231E+001  0.326290800557747E+001 -0.153588086678938E+002 -0.708789000963476E+003 -0.708789000963476E+003 -0.708865163622150E+003
 -0.164015652135953E+002  0.691343153038351E+002 -0.487711002177375E+000  0.102713833979486E+001  0.926855960385197E+000 -0.153588086678938E+002 -0.708717518489981E+003 -0.708717518489981E+003 -0.709081976624689E+003
 -0.106152094556131E+002  0.674971791440268E+002 -0.486859102986736E+000  0.126863875914820E+001  0.259636479248038E+001 -0.153588086678938E+002 -0.708795081209382E+003 -0.708795081209382E+003 -0.708854829482789E+003
  0.167740085938993E+002  0.684877710744742E+002 -0.498275546797529E+000  0.131267273903129E+001  0.328590974801052E+001 -0.153588086678938E+002 -0.708760823908364E+003 -0.708760823908364E+003 -0.708855645275946E+003
 -0.187999364260605E+002  0.676616797214957E+002 -0.477665747410065E+000  0.112258080757165E+001  0.197893472633104E+001 -0.153588086678938E+002 -0.708810259981571E+003 -0.708810259981571E+003 -0.709383128351334E+003
  0.171641616891156E+002  0.694491496922420E+002 -0.496638239922426E+000  0.129922561548329E+001  0.324587188755628E+001 -0.153588086678938E+002 -0.708801406024195E+003 -0.708801406024195E+003 -0.708856427091746E+003
  0.187629744613673E+002  0.692366872949075E+002 -0.519712967631991E+000  0.135447895154846E+001  0.295483581435577E+001 -0.153588086678938E+002 -0.708787711091089E+003 -0.708787711091089E+003 -0.708836232077307E+003
 -0.102232810586603E+002  0.684579940510826E+002 -0.502787327076828E+000  0.129512350033219E+001  0.293897311383401E+001 -0.153588086678938E+002 -0.708741833621834E+003 -0.708741833621834E+003 -0.708832383168962E+003
  0.158566444193673E+002  0.680280687996439E+002 -0.487744766741700E+000  0.118071932682238E+001  0.195924819386254E+001 -0.153588086678938E+002 -0.708700732040115E+003 -0.708700732040115E+003 -0.708992742388945E+003
  0.763716682786100E+001  0.687897292833788E+002 -0.479809326724552E+000  0.100056049074412E+001  0.607290279180248E+000 -0.153588086678938E+002 -0.708699709395722E+003 -0.708699709395722E+003 -0.708837738482599E+003
 -0.139774606159958E+002  0.680294975809195E+002 -0.463146211303467E+000  0.860742357928761E+000  0.357019923464776E+000 -0.153588086678938E+002 -0.708762842729533E+003 -0.708762842729533E+003 -0.708821953524364E+003
 -0.293109769723829E+001  0.686157435981952E+002 -0.540362429317261E+000  0.168680886730073E+001  0.561413403788348E+001 -0.153588086678938E+002 -0.708768293920852E+003 -0.708768293920852E+003 -0.708900126027099E+003
 -0.973740577664173E+001  0.665341910334705E+002 -0.515973517351048E+000  0.148754714964532E+001  0.358878173582045E+001 -0.153588086678938E+002 -0.708807917456242E+003 -0.708807917456242E+003 -0.708943887311340E+003
 -0.837260836634734E+001  0.675905246985667E+002 -0.541983691178278E+000  0.188875792461833E+001  0.809136161958853E+001 -0.153588086678938E+002 -0.708804117666383E+003 -0.708804117666383E+003 -0.708828329079667E+003
  0.527363916315478E+001  0.669785953441164E+002 -0.527880778773330E+000  0.159737450792383E+001  0.490121063886061E+001 -0.153588086678938E+002 -0.708790426722434E+003 -0.708790426722434E+003 -0.708839126201029E+003
 -0.160559524064603E+002  0.674223004483235E+002 -0.546051823799088E+000  0.187748274052658E+001  0.769374953534135E+001 -0.153588086678938E+002 -0.708810239103335E+003 -0.708810239103335E+003 -0.708846613566045E+003
 -0.179883357555509E+002  0.682234874059839E+002 -0.441712468123900E+000  0.649934203865746E+000 -0.365871142630652E+000 -0.153588086678938E+002 -0.708783656685757E+003 -0.708783656685757E+003 -0.708875714763469E+003
  0.118569323634802E+002  0.688781164679016E+002 -0.496779938156098E+000  0.138818191522684E+001  0.393711407179843E+001 -0.153588086678938E+002 -0.708795084843831E+003 -0.708795084843831E+003 -0.709057337192425E+003
  0.835546412161737E+000  0.680684251591034E+002 -0.532432283203822E+000  0.142365524981334E+001  0.246835326447892E+001 -0.153588086678938E+002 -0.708815992545936E+003 -0.708815992545936E+003 -0.708875646781494E+003
  0.125832692033794E+002  0.688375283747340E+002 -0.522180966866540E+000  0.147314852225321E+001  0.334046266032870E+001 -0.153588086678938E+002 -0.708796188498411E+003 -0.708796188498411E+003 -0.708900017767551E+003
  0.409581099844797E+001  0.681076637557678E+002 -0.488366871552972E+000  0.124319532659869E+001  0.222991042211217E+001 -0.153588086678938E+002 -0.708767890701222E+003 -0.708767890701222E+003 -0.708818005816593E+003
 -0.126299003627315E+002  0.669422764359185E+002 -0.494045998758796E+000  0.111688056419245E+001  0.894245199380720E+000 -0.153588086678938E+002 -0.708705006404785E+003 -0.708705006404785E+003 -0.708817255558330E+003
 -0.185226389948525E+001  0.677643287509408E+002 -0.481228764096251E+000  0.893535199332246E+000  0.277445118615134E-001 -0.153588086678938E+002 -0.708665648200844E+003 -0.708665648200844E+003 -0.708866542099168E+003
 -0.178280774662925E+002  0.684140211384419E+002 -0.474416017932447E+000  0.987112639594212E+000  0.504722732768784E+000 -0.153588086678938E+002 -0.708728764853207E+003 -0.708728764853207E+003 -0.708900204821135E+003
  0.124262935379946E+002  0.679238548318752E+002 -0.551962218565774E+000  0.192762282793068E+001  0.794330839945919E+001 -0.153588086678938E+002 -0.708793695042127E+003 -0.708793695042127E+003 -0.708971162568571E+003
  0.112233912916496E+002  0.696429396613709E+002 -0.501967754999168E+000  0.121758095100572E+001  0.200696752690357E+001 -0.153588086678938E+002 -0.708768254529800E+003 -0.708768254529800E+003 -0.708839306226024E+003
  0.169316911741562E+002  0.677290218320257E+002 -0.492315463119459E+000  0.997640273111116E+000  0.238484189112810E+000 -0.153588086678938E+002 -0.708734912009865E+003 -0.708734912009865E+003 -0.708840072094908E+003
  0.179845769269735E+002  0.689087775231775E+002 -0.473074668033732E+000  0.811533193182605E+000 -0.154153371120508E+000 -0.153588086678938E+002 -0.708734351006805E+003 -0.708734351006805E+003 -0.708818432440838E+003
 -0.101534672310392E+002  0.685999661261781E+002 -0.513507405181503E+000  0.135352388285685E+001  0.242313045493956E+001 -0.153588086678938E+002 -0.708762830027285E+003 -0.708762830027285E+003 -0.708830543269973E+003
  0.579008966370759E+001  0.675726889159736E+002 -0.530415397408414E+000  0.152296324234422E+001  0.424075261755563E+001 -0.153588086678938E+002 -0.708797716099313E+003 -0.708797716099313E+003 -0.708838991744673E+003
 -0.128858496672667E+002  0.694813452182119E+002 -0.517961480932130E+000  0.130807208127459E+001  0.251581196856529E+001 -0.153588086678938E+002 -0.708802569503692E+003 -0.708802569503692E+003 -0.708872473616653E+003
  0.421016926877308E+001  0.689038234162667E+002 -0.526909072443269E+000  0.160101791810915E+001  0.478889705363852E+001 -0.153588086678938E+002 -0.708774611558108E+003 -0.708774611558108E+003 -0.708871903311672E+003
  0.186919659508206E+000  0.677773163504309E+002 -0.486874172200957E+000  0.115200344244581E+001  0.186558584656553E+001 -0.153588086678938E+002 -0.708718937058414E+003 -0.708718937058414E+003 -0.708848385236469E+003
  0.628703443461116E+001  0.667028826334772E+002 -0.484047234515298E+000  0.102086708423111E+001  0.568288956555193E+000 -0.153588086678938E+002 -0.708684319908889E+003 -0.708684319908889E+003 -0.708846458434448E+003
 -0.549298407158673E+001  0.679250263680731E+002 -0.521629025681677E+000  0.147683661837341E+001  0.412410951021679E+001 -0.153588086678938E+002 -0.708763095881158E+003 -0.708763095881158E+003 -0.708937126236120E+003
  0.635213719826427E+001  0.660350506450206E+002 -0.484768764676461E+000  0.906088685566790E+000  0.230209195828621E-001 -0.153588086678938E+002 -0.708798291460706E+003 -0.708798291460706E+003 -0.708885195381060E+003
 -0.165095356503165E+002  0.685086138809934E+002 -0.539593526720494E+000  0.168544086144253E+001  0.535257239258723E+001 -0.153588086678938E+002 -0.708758109378287E+003 -0.708758109378287E+003 -0.708828875003783E+003
 -0.132946201039291E+002  0.691634504253484E+002 -0.478228670864960E+000  0.104779849948651E+001  0.150648548933273E+001 -0.153588086678938E+002 -0.708805339053008E+003 -0.708805339053008E+003 -0.708986162482743E+003
  0.106237334860133E+002  0.669334007924123E+002 -0.458722335501460E+000  0.859789521052701E+000  0.293863869624275E+000 -0.153588086678938E+002 -0.708802966483537E+003 -0.708802966483537E+003 -0.709034009756172E+003
  0.155903173910105E+001  0.681891317632812E+002 -0.538309316349737E+000  0.167762064752119E+001  0.540278184276615E+001 -0.153588086678938E+002 -0.708745854827454E+003 -0.708745854827454E+003 -0.708902150958750E+003
  0.199479673945787E+001  0.692536935660998E+002 -0.524028887531433E+000  0.152425965666689E+001  0.422369902298312E+001 -0.153588086678938E+002 -0.708770737959529E+003 -0.708770737959529E+003 -0.709150024364743E+003
 -0.594276046974000E+001  0.674951438021308E+002 -0.508138631124704E+000  0.153566512723526E+001  0.518384627675268E+001 -0.153588086678938E+002 -0.708814087505977E+003 -0.708814087505977E+003 -0.708835793259116E+003
  0.183461703362594E+002  0.684744665641581E+002 -0.532781664140277E+000  0.138810094028901E+001  0.262302827730525E+001 -0.153588086678938E+002 -0.708804454067593E+003 -0.708804454067593E+003 -0.709037306731643E+003
  0.260716698909117E+001  0.673644938245498E+002 -0.528445535052984E+000  0.164072837020970E+001  0.470861338463436E+001 -0.153588086678938E+002 -0.708812770541062E+003 -0.708812770541062E+003 -0.709201008066162E+003
  0.432964960996437E+001  0.681166754350133E+002 -0.532009503714613E+000  0.168731808872616E+001  0.535343266794529E+001 -0.153588086678938E+002 -0.708782113550549E+003 -0.708782113550549E+003 -0.708853751337899E+003
 -0.148922252577644E+002  0.690250860426532E+002 -0.469461775885525E+000  0.944152326030347E+000  0.533733909641057E+000 -0.153588086678938E+002 -0.708725425123990E+003 -0.708725425123990E+003 -0.709022458074790E+003
  0.169843833794468E+002  0.685144924669622E+002 -0.463563004620103E+000  0.753597223244109E+000 -0.144633601831266E+000 -0.153588086678938E+002 -0.708786365484579E+003 -0.708786365484579E+003 -0.708909152935373E+003
  0.565170958639538E+000  0.686356837003230E+002 -0.529600714619283E+000  0.159379965874059E+001  0.429139287902125E+001 -0.153588086678938E+002 -0.708815990624462E+003 -0.708815990624462E+003 -0.708817726962565E+003
  0.695222033552750E+001  0.689891556122500E+002 -0.513183932193295E+000  0.147748139515221E+001  0.404838190585109E+001 -0.153588086678938E+002 -0.708759707529407E+003 -0.708759707529407E+003 -0.709037796086079E+003
  0.137083719298923E+002  0.687207777822682E+002 -0.526741449922769E+000  0.176718295381460E+001  0.775557285585509E+001 -0.153588086678938E+002 -0.708815071431701E+003 -0.708815071431701E+003 -0.708941002504519E+003
 -0.259037788118437E+001  0.694052652790819E+002 -0.496954677722290E+000  0.104491612386953E+001  0.736471864445051E+000 -0.153588086678938E+002 -0.708769079289580E+003 -0.708769079289580E+003 -0.708920300850790E+003
 -0.133170842832204E+002  0.663457543968402E+002 -0.498895784200455E+000  0.119148681828228E+001  0.130073004317517E+001 -0.153588086678938E+002 -0.708757949439816E+003 -0.708757949439816E+003 -0.708938985937809E+003
  0.760472820966111E+001  0.670100655029494E+002 -0.516840927367193E+000  0.146778373310127E+001  0.330358018417409E+001 -0.153588086678938E+002 -0.708771411172024E+003 -0.708771411172024E+003 -0.709037725119248E+003
 -0.774429520364973E+001  0.661403568113026E+002 -0.502475973102855E+000  0.121011849431320E+001  0.166368250366054E+001 -0.153588086678938E+002 -0.708790990552645E+003 -0.708790990552645E+003 -0.708863926088370E+003
 -0.391916556215611E+001  0.673464644454485E+002 -0.509111896352723E+000  0.137651391147062E+001  0.314529457279122E+001 -0.153588086678938E+002 -0.708717720867725E+003 -0.708717720867725E+003 -0.708846191707425E+003
  0.188193041342048E+002  0.674870258720783E+002 -0.496682296344579E+000  0.109083031206771E+001  0.786179648691011E+000 -0.153588086678938E+002 -0.708668194356803E+003 -0.708668194356803E+003 -0.708855598490270E+003
  0.898675579253094E+001  0.680974437392676E+002 -0.519223509375430E+000  0.118690555310825E+001  0.132147852170672E+001 -0.153588086678938E+002 -0.708806245940664E+003 -0.708806245940664E+003 -0.708834863522630E+003
  0.120905861706160E+002  0.682050714192312E+002 -0.506861958886079E+000  0.152121367631216E+001  0.526235363735559E+001 -0.153588086678938E+002 -0.708798685942973E+003 -0.708798685942973E+003 -0.708975216121371E+003
 -0.148002834135629E+002  0.691466828182708E+002 -0.509360683162076E+000  0.146582624998683E+001  0.416397245379802E+001 -0.153588086678938E+002 -0.708777700412780E+003 -0.708777700412780E+003 -0.708906557898822E+003
 -0.694168860971592E+001  0.678611541074684E+002 -0.513853718370095E+000  0.148132408831351E+001  0.376035566438367E+001 -0.153588086678938E+002 -0.708741786858231E+003 -0.708741786858231E+003 -0.708860804120121E+003
 -0.177663272738394E+002  0.675764111139352E+002 -0.451920362509432E+000  0.684532319125939E+000 -0.509302071260109E+000 -0.153588086678938E+002 -0.708748206321883E+003 -0.708748206321883E+003 -0.708889217926305E+003
 -0.362276247577082E+001  0.665178477308181E+002 -0.520696655236634E+000  0.144265554268537E+001  0.280972908910684E+001 -0.153588086678938E+002 -0.708810002399484E+003 -0.708810002399484E+003 -0.709089652386331E+003
 -0.537551191193448E+001  0.684329826278978E+002 -0.524048546901472E+000  0.148852681589271E+001  0.369257897658328E+001 -0.153588086678938E+002 -0.708715309229101E+003 -0.708715309229101E+003 -0.708827502238902E+003
 -0.563518879746998E+001  0.696955302428785E+002 -0.516370083673002E+000  0.136608927138566E+001  0.286476836646924E+001 -0.153588086678938E+002 -0.708804610509702E+003 -0.708804610509702E+003 -0.708987309668481E+003
  0.529441368852126E+000  0.676302093297334E+002 -0.515136206241370E+000  0.143704828160192E+001  0.309779413024203E+001 -0.153588086678938E+002 -0.708745961423571E+003 -0.708745961423571E+003 -0.708939897396244E+003
 -0.367586305578122E+001  0.675290764380167E+002 -0.496954488007926E+000  0.135230065024549E+001  0.328715885203438E+001 -0.153588086678938E+002 -0.708760622132421E+003 -0.708760622132421E+003 -0.708842105650785E+003
 -0.464380821402976E+001  0.677117050708212E+002 -0.543287036968801E+000  0.168425806653267E+001  0.474415458162108E+001 -0.153588086678938E+002 -0.708799006931832E+003 -0.708799006931832E+003 -0.708817996015599E+003
  0.378465925298628E+001  0.670205585394764E+002 -0.547151930400834E+000  0.177058970042757E+001  0.589558313002014E+001 -0.153588086678938E+002 -0.708812165485790E+003 -0.708812165485790E+003 -0.708818147777675E+003
  0.121352855440289E+002  0.674506753673155E+002 -0.525360275570578E+000  0.145106278455494E+001  0.369139266033012E+001 -0.153588086678938E+002 -0.708811897570556E+003 -0.708811897570556E+003 -0.708868137266835E+003
  0.110168079681804E+001  0.664973644119841E+002 -0.466258147355951E+000  0.938772587651570E+000  0.493543783025586E+000 -0.153588086678938E+002 -0.708781544907633E+003 -0.708781544907633E+003 -0.708832078079477E+003
 -0.295958589635150E+001  0.670480782331761E+002 -0.504972000219987E+000  0.131653187620817E+001  0.265320241988659E+001 -0.153588086678938E+002 -0.708727246059676E+003 -0.708727246059676E+003 -0.708904013957915E+003
 -0.222866938382999E+001  0.696783815453571E+002 -0.510329033580483E+000  0.139303184506331E+001  0.379331354782780E+001 -0.153588086678938E+002 -0.708813056960664E+003 -0.708813056960664E+003 -0.708902615921727E+003
 -0.164608007325786E+001  0.697199387821789E+002 -0.464570103446984E+000  0.891050472628407E+000  0.433120272385700E+000 -0.153588086678938E+002 -0.708803796601375E+003 -0.708803796601375E+003 -0.709404063486252E+003
  0.120661548508793E+002  0.656355638273468E+002 -0.472532267139259E+000  0.890177627146520E+000  0.454148556063529E-001 -0.153588086678938E+002 -0.708816239787485E+003 -0.708816239787485E+003 -0.708839548651309E+003
 -0.184084200599104E+001  0.690652256408548E+002 -0.544990222244484E+000  0.178168097584366E+001  0.641175059521913E+001 -0.153588086678938E+002 -0.708805408057174E+003 -0.708805408057174E+003 -0.708870722769834E+003
 -0.276714839045364E+001  0.687085373786117E+002 -0.544221483976218E+000  0.177774729831151E+001  0.665591740694310E+001 -0.153588086678938E+002 -0.708785209079155E+003 -0.708785209079155E+003 -0.708830171502850E+003
  0.182121847523733E+001  0.675795352206811E+002 -0.542812580948932E+000  0.167966281086695E+001  0.534097901537779E+001 -0.153588086678938E+002 -0.708790479975707E+003 -0.708790479975707E+003 -0.708944298219014E+003
  0.129468045940904E+002  0.679081482177594E+002 -0.434595793020836E+000  0.615988468414655E+000 -0.447538324290321E+000 -0.153588086678938E+002 -0.708788044729709E+003 -0.708788044729709E+003 -0.708982142281807E+003
 -0.174390159020959E+002  0.692311444580252E+002 -0.529318131358241E+000  0.158304127844597E+001  0.492555229156257E+001 -0.153588086678938E+002 -0.708775721617962E+003 -0.708775721617962E+003 -0.708822576245130E+003
 -0.800514899535424E+001  0.672769797627127E+002 -0.482831373814550E+000  0.120811172604695E+001  0.200914804894376E+001 -0.153588086678938E+002 -0.708803391294027E+003 -0.708803391294027E+003 -0.708841849801739E+003
 -0.347943707095397E+001  0.680138312901399E+002 -0.522084346563867E+000  0.123362762203963E+001  0.131225461274423E+001 -0.153588086678938E+002 -0.708798946572318E+003 -0.708798946572318E+003 -0.708902996582442E+003
 -0.811288292091853E+001  0.675103106718762E+002 -0.523323994188879E+000  0.124725720140560E+001  0.134520809848887E+001 -0.153588086678938E+002 -0.708797493474953E+003 -0.708797493474953E+003 -0.708898391969093E+003
 -0.110113330286668E+002  0.676958503234481E+002 -0.534938417670944E+000  0.176727947408370E+001  0.632048661265271E+001 -0.153588086678938E+002 -0.708783484957113E+003 -0.708783484957113E+003 -0.708852833351569E+003
  0.889074622790308E+001  0.678877693367491E+002 -0.458468819565803E+000  0.812966595779711E+000  0.236820920232788E-001 -0.153588086678938E+002 -0.708690735238477E+003 -0.708690735238477E+003 -0.708845225510501E+003
  0.646253701031067E+001  0.697844386836198E+002 -0.514529938535635E+000  0.134945890583155E+001  0.288474797028083E+001 -0.153588086678938E+002 -0.708804420635218E+003 -0.708804420635218E+003 -0.708821323615071E+003
  0.872791809299260E+001  0.681540646442661E+002 -0.501629288522930E+000  0.129124315092361E+001  0.305427311542081E+001 -0.153588086678938E+002 -0.708790237492383E+003 -0.708790237492383E+003 -0.708838347828275E+003
 -0.402432986315006E+000  0.685377083811315E+002 -0.552393946884321E+000  0.178571925207823E+001  0.628848274555066E+001 -0.153588086678938E+002 -0.708814621027607E+003 -0.708814621027607E+003 -0.709080969069484E+003
 -0.662136178246799E+001  0.683354151601290E+002 -0.526325798881180E+000  0.152963994357532E+001  0.472060605591358E+001 -0.153588086678938E+002 -0.708801625681697E+003 -0.708801625681697E+003 -0.708829459782568E+003
 -0.111701635035428E+001  0.665469573342799E+002 -0.530633145081735E+000  0.153428943813901E+001  0.365219799778341E+001 -0.153588086678938E+002 -0.708795716325223E+003 -0.708795716325223E+003 -0.708961007669871E+003
  0.377097977217809E+001  0.669610666224729E+002 -0.504122450004280E+000  0.117046033778848E+001  0.155949156931254E+001 -0.153588086678938E+002 -0.708768773407895E+003 -0.708768773407895E+003 -0.709048518247709E+003
  0.714226707317678E+001  0.680693159511433E+002 -0.481140374893126E+000  0.120823192796419E+001  0.230700525333732E+001 -0.153588086678938E+002 -0.708788605796667E+003 -0.708788605796667E+003 -0.708837625323114E+003
 -0.904140434835092E+001  0.693021816197031E+002 -0.517910471668002E+000  0.127576283741579E+001  0.198049520078634E+001 -0.153588086678938E+002 -0.708786522573216E+003 -0.708786522573216E+003 -0.708817855123259E+003
 -0.136059525351244E+002  0.698055701131835E+002 -0.484565182456338E+000  0.940000404693922E+000  0.454593386972505E+000 -0.153588086678938E+002 -0.708810717450465E+003 -0.708810717450465E+003 -0.708825777603071E+003
  0.962917258079034E+001  0.681695066053852E+002 -0.512610828154685E+000  0.137164416580525E+001  0.306512804097891E+001 -0.153588086678938E+002 -0.708690411443047E+003 -0.708690411443047E+003 -0.708902618592211E+003
  0.173706919209754E+002  0.682508646328497E+002 -0.528612223588009E+000  0.165971815800082E+001  0.568665198012211E+001 -0.153588086678938E+002 -0.708741503060345E+003 -0.708741503060345E+003 -0.708841793613725E+003
  0.167155742488484E+002  0.695735017690290E+002 -0.502056296574602E+000  0.134690576184958E+001  0.318424553902991E+001 -0.153588086678938E+002 -0.708799877379234E+003 -0.708799877379234E+003 -0.708838479085938E+003
 -0.557023308047365E+001  0.682133978772635E+002 -0.487742352424207E+000  0.118021573408567E+001  0.201059705414982E+001 -0.153588086678938E+002 -0.708704544263320E+003 -0.708704544263320E+003 -0.708846084212783E+003
  0.463621987020959E+001  0.674302135783043E+002 -0.474093308777960E+000  0.105219705186493E+001  0.116964095509768E+001 -0.153588086678938E+002 -0.708730299045902E+003 -0.708730299045902E+003 -0.709450133420979E+003
  0.797444489973818E+001  0.688963307679569E+002 -0.518225125508850E+000  0.143363850250385E+001  0.392763692758989E+001 -0.153588086678938E+002 -0.708776036198711E+003 -0.708776036198711E+003 -0.708940973721011E+003
  0.389231404657344E+001  0.676353609479279E+002 -0.536121204643101E+000  0.186288890492673E+001  0.792089671749168E+001 -0.153588086678938E+002 -0.708805099469125E+003 -0.708805099469125E+003 -0.708891439275944E+003
 -0.139395538358241E+002  0.683690740823756E+002 -0.506127032193926E+000  0.151205215607885E+001  0.530035951257087E+001 -0.153588086678938E+002 -0.708808747381082E+003 -0.708808747381082E+003 -0.708875985586498E+003
 -0.100799736583381E+002  0.694753358913305E+002 -0.504789828189419E+000  0.144180228026956E+001  0.429108761469665E+001 -0.153588086678938E+002 -0.708813170410893E+003 -0.708813170410893E+003 -0.709017811784771E+003
 -0.178166716625084E+002  0.674220727588057E+002 -0.521595351373921E+000  0.143903880966554E+001  0.324388520351668E+001 -0.153588086678938E+002 -0.708708775831313E+003 -0.708708775831313E+003 -0.708981576851011E+003
 -0.171970764372803E+002  0.675245492334262E+002 -0.503018658133319E+000  0.142541522227985E+001  0.366825883615425E+001 -0.153588086678938E+002 -0.708767747397296E+003 -0.708767747397296E+003 -0.708824766965765E+003
  0.190151801156619E+002  0.667421384109186E+002 -0.517752769514382E+000  0.144605163720359E+001  0.314627124469624E+001 -0.153588086678938E+002 -0.708760643992923E+003 -0.708760643992923E+003 -0.709137977861350E+003
 -0.731491951414065E+001  0.674235326590064E+002 -0.489447735535114E+000  0.104609152089594E+001  0.645557600153722E+000 -0.153588086678938E+002 -0.708653458635296E+003 -0.708653458635296E+003 -0.708827361450691E+003
 -0.490526058770234E+001  0.681441886093313E+002 -0.523460745336671E+000  0.149346213692525E+001  0.402983137870182E+001 -0.153588086678938E+002 -0.708718678957791E+003 -0.708718678957791E+003 -0.708874529025501E+003
 -0.102254547381286E+002  0.681590015461408E+002 -0.494521607820684E+000  0.111230270998656E+001  0.787596507497376E+000 -0.153588086678938E+002 -0.708800526558145E+003 -0.708800526558145E+003 -0.708873574472820E+003
  0.806475086952545E+001  0.684484520679893E+002 -0.483775082767270E+000  0.980246718696232E+000  0.681789353736960E+000 -0.153588086678938E+002 -0.708691686787636E+003 -0.708691686787636E+003 -0.708903630387402E+003
  0.132726573244790E+002  0.694021624687574E+002 -0.472645280205316E+000  0.105318530517281E+001  0.129850008505679E+001 -0.153588086678938E+002 -0.708813237530684E+003 -0.708813237530684E+003 -0.708865867633082E+003
  0.180861151857345E+002  0.692837108344690E+002 -0.478258404310227E+000  0.106192378241709E+001  0.150658285118566E+001 -0.153588086678938E+002 -0.708779870925963E+003 -0.708779870925963E+003 -0.708860166231637E+003
 -0.461795301879835E+001  0.690473383833659E+002 -0.503905159931433E+000  0.137131457456137E+001  0.393521739374859E+001 -0.153588086678938E+002 -0.708811148608280E+003 -0.708811148608280E+003 -0.708938641403122E+003
  0.384112852477949E+001  0.681095553415130E+002 -0.518803476424815E+000  0.119992903723657E+001  0.133787738860589E+001 -0.153588086678938E+002 -0.708771750443844E+003 -0.708771750443844E+003 -0.708888861143919E+003
  0.762351250122969E+001  0.688905397665772E+002 -0.534821790403496E+000  0.172026700493104E+001  0.582734417680528E+001 -0.153588086678938E+002 -0.708805703770040E+003 -0.708805703770040E+003 -0.708921449163424E+003
 -0.148724406451256E+001  0.683508331524701E+002 -0.485593623857569E+000  0.126822565636557E+001  0.287592807022221E+001 -0.153588086678938E+002 -0.708793502884178E+003 -0.708793502884178E+003 -0.708875602980199E+003
  0.189625271956714E+002  0.691691371768097E+002 -0.455260797505188E+000  0.789246748860605E+000  0.808787866578484E-001 -0.153588086678938E+002 -0.708786637584540E+003 -0.708786637584540E+003 -0.709000023515220E+003
  0.142325701470753E+002  0.683007287120273E+002 -0.525283693782232E+000  0.177210713040215E+001  0.738713836871380E+001 -0.153588086678938E+002 -0.708802420416682E+003 -0.708802420416682E+003 -0.708843952459523E+003
 -0.287497498400393E+001  0.691915211417525E+002 -0.448441806773359E+000  0.652959873535072E+000 -0.391046987679985E+000 -0.153588086678938E+002 -0.708813022292656E+003 -0.708813022292656E+003 -0.708847920934236E+003
  0.126321222901871E+002  0.691247000842921E+002 -0.458434158960075E+000  0.916932723943966E+000  0.656890971440426E+000 -0.153588086678938E+002 -0.708814971696096E+003 -0.708814971696096E+003 -0.708819590973687E+003
 -0.183194362492356E+002  0.681059469090771E+002 -0.509961190980029E+000  0.151907386404215E+001  0.448579174908566E+001 -0.153588086678938E+002 -0.708774063714003E+003 -0.708774063714003E+003 -0.708937080862544E+003
  0.186638658894573E+002  0.680662623706182E+002 -0.439674755399212E+000  0.641669569984512E+000 -0.543618780592674E+000 -0.153588086678938E+002 -0.708815200973887E+003 -0.708815200973887E+003 -0.708906582418155E+003
  0.176014458543759E+002  0.687545874041370E+002 -0.495224240984173E+000  0.103712295679979E+001  0.906721346400715E+000 -0.153588086678938E+002 -0.708747560802507E+003 -0.708747560802507E+003 -0.708877347648417E+003
  0.250369915940246E+001  0.664191292680176E+002 -0.502754229622231E+000  0.130071305684406E+001  0.238239035568802E+001 -0.153588086678938E+002 -0.708774867823064E+003 -0.708774867823064E+003 -0.708840615529346E+003
 -0.109725490841159E+002  0.674804680932406E+002 -0.468914312233804E+000  0.858337394612333E+000  0.233574958553838E+000 -0.153588086678938E+002 -0.708765024932503E+003 -0.708765024932503E+003 -0.708864536859985E+003
  0.173472165095016E+002  0.680611161288356E+002 -0.435252067102517E+000  0.637431587278966E+000 -0.445993278044440E+000 -0.153588086678938E+002 -0.708767806228605E+003 -0.708767806228605E+003 -0.708887203043414E+003
  0.286583704433561E-001  0.670255205931750E+002 -0.484981823630250E+000  0.120112669490890E+001  0.202333869216547E+001 -0.153588086678938E+002 -0.708774564544684E+003 -0.708774564544684E+003 -0.708862520984591E+003
  0.557057818558516E+000  0.681303557984757E+002 -0.525575007827583E+000  0.155741092877093E+001  0.462967070344994E+001 -0.153588086678938E+002 -0.708723719968626E+003 -0.708723719968626E+003 -0.708900043703651E+003
 -0.790368195786529E+001  0.683472742942787E+002 -0.504876532121602E+000  0.112087238999318E+001  0.117490168780600E+001 -0.153588086678938E+002 -0.708715509791186E+003 -0.708715509791186E+003 -0.708900642052152E+003
  0.109499975434093E+002  0.680213136580282E+002 -0.502918932955015E+000  0.147421922236745E+001  0.449581193781313E+001 -0.153588086678938E+002 -0.708785447131134E+003 -0.708785447131134E+003 -0.708978049278733E+003
  0.551994952350975E+001  0.676168156326122E+002 -0.528523074164615E+000  0.166279915957166E+001  0.599577308677749E+001 -0.153588086678938E+002 -0.708792963796772E+003 -0.708792963796772E+003 -0.708964614644348E+003
  0.183253705994570E+002  0.678747047901343E+002 -0.551392096898280E+000  0.178225508654075E+001  0.628226542599951E+001 -0.153588086678938E+002 -0.708815621594534E+003 -0.708815621594534E+003 -0.708853205765526E+003
  0.600918442440064E+001  0.689707228644696E+002 -0.534492061184254E+000  0.173925673611787E+001  0.640983412037481E+001 -0.153588086678938E+002 -0.708782474499637E+003 -0.708782474499637E+003 -0.708894268993838E+003
 -0.971231783379012E+001  0.689038655350124E+002 -0.476585136746775E+000  0.928406253387008E+000  0.416912119187550E+000 -0.153588086678938E+002 -0.708688188886965E+003 -0.708688188886965E+003 -0.708876126795854E+003
  0.136735093420656E+002  0.692501316562817E+002 -0.497794873935970E+000  0.131082080386044E+001  0.328169234941532E+001 -0.153588086678938E+002 -0.708780834301265E+003 -0.708780834301265E+003 -0.708892389337860E+003
  0.937215592358780E+001  0.672246016943662E+002 -0.514092342496181E+000  0.121130401585997E+001  0.127932630963377E+001 -0.153588086678938E+002 -0.708725872486213E+003 -0.708725872486213E+003 -0.708821386524249E+003
  0.174049386923116E+002  0.690049694977496E+002 -0.522263483736685E+000  0.157605489140722E+001  0.482529490249976E+001 -0.153588086678938E+002 -0.708768004120658E+003 -0.708768004120658E+003 -0.708831565261151E+003
  0.138574957055501E+002  0.685023541220515E+002 -0.476860474108128E+000  0.904989251654177E+000  0.128544022669175E+000 -0.153588086678938E+002 -0.708672095164206E+003 -0.708672095164206E+003 -0.708870756390047E+003
 -0.162029803726379E+002  0.695456275118507E+002 -0.495840274762194E+000  0.110256212700608E+001  0.103878990586905E+001 -0.153588086678938E+002 -0.708785885673465E+003 -0.708785885673465E+003 -0.708968025144338E+003
  0.147075250691659E+002  0.675262277227939E+002 -0.475327162017756E+000  0.945894779376352E+000  0.864020659814031E-001 -0.153588086678938E+002 -0.708786904103471E+003 -0.708786904103471E+003 -0.708923473607681E+003
 -0.125961719798800E+002  0.669650282797408E+002 -0.504646025976193E+000  0.123320521465370E+001  0.214988480183111E+001 -0.153588086678938E+002 -0.708798872559579E+003 -0.708798872559579E+003 -0.708926206057111E+003
 -0.106597387504931E+002  0.694564640029537E+002 -0.509060965793212E+000  0.133382907149057E+001  0.290257930573272E+001 -0.153588086678938E+002 -0.708757969311767E+003 -0.708757969311767E+003 -0.708932668503761E+003
 -0.175076989356913E+002  0.688658859110969E+002 -0.543992065479995E+000  0.179621381756891E+001  0.656108165328791E+001 -0.153588086678938E+002 -0.708794101723268E+003 -0.708794101723268E+003 -0.708838026900758E+003
  0.599378676335795E+001  0.676502577398916E+002 -0.537749320383253E+000  0.188240433303773E+001  0.827971183446454E+001 -0.153588086678938E+002 -0.708810349283270E+003 -0.708810349283270E+003 -0.709048639858957E+003
  0.581184944550560E+001  0.689411178376705E+002 -0.518228241483512E+000  0.152320667444533E+001  0.506467753727916E+001 -0.153588086678938E+002 -0.708799325116912E+003 -0.708799325116912E+003 -0.708942407937057E+003
 -0.256442832958441E+001  0.684545697167908E+002 -0.548774115701712E+000  0.184070206976226E+001  0.666369570328907E+001 -0.153588086678938E+002 -0.708804705413873E+003 -0.708804705413873E+003 -0.708835204473313E+003
  0.418300518586189E+001  0.687118810674342E+002 -0.535915038185322E+000  0.167844752492315E+001  0.533404402670939E+001 -0.153588086678938E+002 -0.708771025220042E+003 -0.708771025220042E+003 -0.708832393148522E+003
  0.127019123430643E+002  0.686887235974615E+002 -0.506832231206272E+000  0.135132434465077E+001  0.261497341800635E+001 -0.153588086678938E+002 -0.708776519742249E+003 -0.708776519742249E+003 -0.708825890627018E+003
  0.174924405035039E+002  0.671068356613863E+002 -0.505310082514765E+000  0.123880766638800E+001  0.209948505316698E+001 -0.153588086678938E+002 -0.708748383047886E+003 -0.708748383047886E+003 -0.708895835778350E+003
 -0.186087878779743E+002  0.685510328551906E+002 -0.488367586952850E+000  0.912503803564826E+000  0.204345938024616E+000 -0.153588086678938E+002 -0.708754984362235E+003 -0.708754984362235E+003 -0.708874298366374E+003
  0.182680151024428E+002  0.685721842486825E+002 -0.465242339729196E+000  0.762110181257746E+000 -0.213638011824393E+000 -0.153588086678938E+002 -0.708721367371962E+003 -0.708721367371962E+003 -0.708976104813165E+003
 -0.734103853150478E+001  0.672940929020347E+002 -0.502134242666360E+000  0.117081600378409E+001  0.108469420656085E+001 -0.153588086678938E+002 -0.708723672158433E+003 -0.708723672158433E+003 -0.708841894089975E+003
  0.113982925221459E+002  0.675261822080362E+002 -0.484540148843041E+000  0.106499897096983E+001  0.131950770677332E+001 -0.153588086678938E+002 -0.708758956910282E+003 -0.708758956910282E+003 -0.708986405498494E+003
 -0.115248483098551E+001  0.689954934990773E+002 -0.522319941001972E+000  0.146989660047259E+001  0.367161463121961E+001 -0.153588086678938E+002 -0.708740489817859E+003 -0.708740489817859E+003 -0.709114739966700E+003
 -0.709091849900635E+001  0.694687845283722E+002 -0.494182237472310E+000  0.123602257869784E+001  0.253843083912100E+001 -0.153588086678938E+002 -0.708773168199353E+003 -0.708773168199353E+003 -0.708817339263604E+003
  0.121683578441039E+002  0.677535811652094E+002 -0.541021269748080E+000  0.177134895134286E+001  0.621464881993803E+001 -0.153588086678938E+002 -0.708765471891282E+003 -0.708765471891282E+003 -0.708921272724261E+003
 -0.109495219174553E+002  0.683509567245350E+002 -0.495891033332569E+000  0.110114048823054E+001  0.136976529666776E+001 -0.153588086678938E+002 -0.708730632635740E+003 -0.708730632635740E+003 -0.708819242690062E+003
 -0.943921405361300E+001  0.673327970060528E+002 -0.488552080411066E+000  0.109646562316478E+001  0.114914206887925E+001 -0.153588086678938E+002 -0.708664344985439E+003 -0.708664344985439E+003 -0.709046905553992E+003
  0.468420458992124E+001  0.674300378640546E+002 -0.460143155954722E+000  0.907474172173320E+000  0.146276615264561E+000 -0.153588086678938E+002 -0.708803841808522E+003 -0.708803841808522E+003 -0.708875967626385E+003
  0.442764972963413E+001  0.682331014547243E+002 -0.460299702306416E+000  0.828647423674662E+000  0.904037952405048E-001 -0.153588086678938E+002 -0.708689102256174E+003 -0.708689102256174E+003 -0.708889518873239E+003
  0.737654046725711E+001  0.688944836871199E+002 -0.499096120382868E+000  0.121209532080079E+001  0.232328587434885E+001 -0.153588086678938E+002 -0.708758933231788E+003 -0.708758933231788E+003 -0.708900190272935E+003
 -0.142578327123953E+002  0.681337574848464E+002 -0.523409778816895E+000  0.134485037672830E+001  0.242791685369428E+001 -0.153588086678938E+002 -0.708725436203991E+003 -0.708725436203991E+003 -0.708850309334772E+003
 -0.187608062278252E+002  0.693072102093406E+002 -0.527639360089276E+000  0.155592837380077E+001  0.444502301083586E+001 -0.153588086678938E+002 -0.708782358820702E+003 -0.708782358820702E+003 -0.708837370853754E+003
 -0.494577470965709E+001  0.679747197781535E+002 -0.526133375567368E+000  0.173385584644929E+001  0.708226531091947E+001 -0.153588086678938E+002 -0.708797793383048E+003 -0.708797793383048E+003 -0.708842498761602E+003
 -0.958244126726785E+001  0.690307330791385E+002 -0.463761080495365E+000  0.840230508135996E+000  0.298487094588104E+000 -0.153588086678938E+002 -0.708793195715055E+003 -0.708793195715055E+003 -0.709130539497795E+003
 -0.164064348710141E+002  0.681808035911400E+002 -0.497671994986319E+000  0.115903685961609E+001  0.147494356850211E+001 -0.153588086678938E+002 -0.708654456211992E+003 -0.708654456211992E+003 -0.708954199480812E+003
  0.291764452203996E+001  0.691718152909305E+002 -0.473477398389937E+000  0.103429577348683E+001  0.139821188398741E+001 -0.153588086678938E+002 -0.708791277594953E+003 -0.708791277594953E+003 -0.708831063147589E+003
  0.188307749419080E+002  0.689434230269834E+002 -0.492553849953030E+000  0.126088095308629E+001  0.231144104267295E+001 -0.153588086678938E+002 -0.708797983293929E+003 -0.708797983293929E+003 -0.708875079988506E+003
 -0.888879606327954E+001  0.678743175776107E+002 -0.511360497252866E+000  0.135267618970421E+001  0.268446696914978E+001 -0.153588086678938E+002 -0.708681235645984E+003 -0.708681235645984E+003 -0.708831951368955E+003
  0.841313111859364E+001  0.686468649197194E+002 -0.546481363740495E+000  0.175212029256201E+001  0.625217392160070E+001 -0.153588086678938E+002 -0.708798718405704E+003 -0.708798718405704E+003 -0.708961168880787E+003
 -0.334775581337708E+001  0.671966560950700E+002 -0.519613036701712E+000  0.147369109688039E+001  0.315972810797650E+001 -0.153588086678938E+002 -0.708793253411015E+003 -0.708793253411015E+003 -0.708930280730929E+003
  0.259887636912585E+001  0.662914255961160E+002 -0.464084212597558E+000  0.938264896992502E+000  0.381444095714166E+000 -0.153588086678938E+002 -0.708802104833358E+003 -0.708802104833358E+003 -0.708999511775892E+003
  0.158405952857998E+002  0.681188836986027E+002 -0.474938675591316E+000  0.108837301479451E+001  0.157916519615721E+001 -0.153588086678938E+002 -0.708749734911933E+003 -0.708749734911933E+003 -0.708879186886079E+003
 -0.121172609737741E+002  0.692325619956501E+002 -0.525856159651525E+000  0.168276044654886E+001  0.640817411558143E+001 -0.153588086678938E+002 -0.708798402718994E+003 -0.708798402718994E+003 -0.708865338803876E+003
  0.804757482762963E+001  0.676430385254069E+002 -0.531271249574429E+000  0.140660970721566E+001  0.230450847933087E+001 -0.153588086678938E+002 -0.708809424376727E+003 -0.708809424376727E+003 -0.708938192515342E+003
  0.120318196099591E+002  0.677280458930893E+002 -0.486789274152513E+000  0.994209344808464E+000  0.353070159160985E+000 -0.153588086678938E+002 -0.708669588252200E+003 -0.708669588252200E+003 -0.708874336492492E+003
 -0.915141119640164E+001  0.696707872049403E+002 -0.501726463806007E+000  0.112703039540408E+001  0.129457298828746E+001 -0.153588086678938E+002 -0.708786456874011E+003 -0.708786456874011E+003 -0.708859083703074E+003
  0.175199062727701E+002  0.684585748614919E+002 -0.527848531603385E+000  0.151756357615253E+001  0.380057229318182E+001 -0.153588086678938E+002 -0.708730931910306E+003 -0.708730931910306E+003 -0.708879230740891E+003
  0.968848848626855E-001  0.691972997535058E+002 -0.450035989958256E+000  0.660129337428257E+000 -0.401946721362819E+000 -0.153588086678938E+002 -0.708802133402841E+003 -0.708802133402841E+003 -0.708866272984329E+003
 -0.115356213146081E+002  0.681706656371013E+002 -0.486722267521976E+000  0.111992336270562E+001  0.191071366207724E+001 -0.153588086678938E+002 -0.708809327024117E+003 -0.708809327024117E+003 -0.709041042621909E+003
  0.793585131759136E+001  0.675448282817730E+002 -0.516659038030408E+000  0.161838704857661E+001  0.563791717952798E+001 -0.153588086678938E+002 -0.708789172391080E+003 -0.708789172391080E+003 -0.708944188631412E+003
 -0.932888814870040E+001  0.668019234092564E+002 -0.528056121048421E+000  0.165005743025377E+001  0.513186510635060E+001 -0.153588086678938E+002 -0.708803614492591E+003 -0.708803614492591E+003 -0.708897654459007E+003
 -0.190010623297787E+002  0.693236869903828E+002 -0.464697297851579E+000  0.922798146193379E+000  0.744802338915342E+000 -0.153588086678938E+002 -0.708802448219994E+003 -0.708802448219994E+003 -0.708858519492802E+003
  0.165603359247731E+002  0.681611700951966E+002 -0.524529283899102E+000  0.147882986338055E+001  0.406855285553290E+001 -0.153588086678938E+002 -0.708768341105308E+003 -0.708768341105308E+003 -0.708847834026826E+003
  0.172439914858402E+002  0.686122168740362E+002 -0.540869479927912E+000  0.187170743922597E+001  0.800902980640047E+001 -0.153588086678938E+002 -0.708787438896189E+003 -0.708787438896189E+003 -0.708820027222225E+003
 -0.710149269710877E+001  0.684051437857200E+002 -0.479946728132243E+000  0.102374864435578E+001  0.869152554832361E+000 -0.153588086678938E+002 -0.708664363161147E+003 -0.708664363161147E+003 -0.708864129347256E+003
 -0.395677437276898E+001  0.692273331686813E+002 -0.468910148855876E+000  0.975053922717470E+000  0.102816105575501E+001 -0.153588086678938E+002 -0.708792090453225E+003 -0.708792090453225E+003 -0.708830914902299E+003
 -0.193549857500793E+002  0.666909501352301E+002 -0.521477485384913E+000  0.149098972874284E+001  0.333394675003744E+001 -0.153588086678938E+002 -0.708795102768930E+003 -0.708795102768930E+003 -0.708930878473914E+003
  0.112347298069664E+002  0.680260895074448E+002 -0.458214955455008E+000  0.808328387261229E+000 -0.150206543850118E-003 -0.153588086678938E+002 -0.708686382592117E+003 -0.708686382592117E+003 -0.708825314676316E+003
  0.982124835817445E+001  0.689517332056424E+002 -0.511873900363286E+000  0.124526849113284E+001  0.206382875820257E+001 -0.153588086678938E+002 -0.708739555601152E+003 -0.708739555601152E+003 -0.708840363604005E+003
 -0.141572433224587E+002  0.670305087423680E+002 -0.508783084713231E+000  0.133941004445954E+001  0.250796521160935E+001 -0.153588086678938E+002 -0.708712698349901E+003 -0.708712698349901E+003 -0.708818259206364E+003
 -0.626986001308327E+001  0.684819077748796E+002 -0.530858685187685E+000  0.147490079976071E+001  0.332520363213025E+001 -0.153588086678938E+002 -0.708742139749988E+003 -0.708742139749988E+003 -0.708829844786944E+003
  0.165805052867557E+002  0.684181352727198E+002 -0.519766553349784E+000  0.151661774150624E+001  0.474216852568916E+001 -0.153588086678938E+002 -0.708763866409263E+003 -0.708763866409263E+003 -0.708865832112417E+003
 -0.960599132673678E+000  0.685381424884182E+002 -0.477821596607346E+000  0.105922800392295E+001  0.159208158057476E+001 -0.153588086678938E+002 -0.708798325006002E+003 -0.708798325006002E+003 -0.708818324163108E+003
 -0.391706746366704E+001  0.690052173214853E+002 -0.461268954824533E+000  0.860183980612094E+000  0.431749994327845E+000 -0.153588086678938E+002 -0.708793927210491E+003 -0.708793927210491E+003 -0.708835794570528E+003
 -0.363069491053328E+001  0.671844142830505E+002 -0.507012384255550E+000  0.133870136910751E+001  0.303102265155426E+001 -0.153588086678938E+002 -0.708766145754936E+003 -0.708766145754936E+003 -0.708856810229929E+003
  0.540544012979582E+001  0.685534144765123E+002 -0.518170751743108E+000  0.117460247604236E+001  0.124824677976117E+001 -0.153588086678938E+002 -0.708811901446864E+003 -0.708811901446864E+003 -0.708848291198456E+003
 -0.600779001325967E+001  0.690599875707613E+002 -0.479817368050621E+000  0.114161517639651E+001  0.191722935330321E+001 -0.153588086678938E+002 -0.708777895126423E+003 -0.708777895126423E+003 -0.708970436592159E+003
  0.176738642742356E+002  0.674778791045235E+002 -0.535115828720795E+000  0.150977492387366E+001  0.367996658104129E+001 -0.153588086678938E+002 -0.708775481160546E+003 -0.708775481160546E+003 -0.708887364637737E+003
  0.181835389317316E+002  0.670880951883396E+002 -0.482623895251159E+000  0.978893806230477E+000  0.237794212809050E+000 -0.153588086678938E+002 -0.708700777118636E+003 -0.708700777118636E+003 -0.708858752783185E+003
  0.321677141262164E+000  0.695164665153230E+002 -0.509804438039730E+000  0.138839657779758E+001  0.380480525141864E+001 -0.153588086678938E+002 -0.708806768533539E+003 -0.708806768533539E+003 -0.708874994711439E+003
 -0.137943108617495E+002  0.667059355452209E+002 -0.478965693028583E+000  0.111914997707568E+001  0.161982613012257E+001 -0.153588086678938E+002 -0.708811580483328E+003 -0.708811580483328E+003 -0.708886266146471E+003
 -0.116528387549868E+002  0.679267409729288E+002 -0.522576998692302E+000  0.146994301911298E+001  0.377039438271986E+001 -0.153588086678938E+002 -0.708715903356282E+003 -0.708715903356282E+003 -0.708838610462753E+003
 -0.839291934825675E+001  0.677855229982368E+002 -0.480628184054722E+000  0.116039076179761E+001  0.193037814167580E+001 -0.153588086678938E+002 -0.708749143728679E+003 -0.708749143728679E+003 -0.708818808934620E+003
  0.129312065587937E+002  0.678424247384498E+002 -0.472085424925561E+000  0.100298377681000E+001  0.116342913425559E+001 -0.153588086678938E+002 -0.708788244342620E+003 -0.708788244342620E+003 -0.708900028244142E+003
 -0.602518528714735E+001  0.668020345100199E+002 -0.469290975388347E+000  0.796253850239701E+000 -0.402947892231545E+000 -0.153588086678938E+002 -0.708792313426835E+003 -0.708792313426835E+003 -0.708826556916255E+003
  0.143953473116596E+002  0.666807313367663E+002 -0.453662668724524E+000  0.806680666943794E+000 -0.206947252631231E+000 -0.153588086678938E+002 -0.708760625830655E+003 -0.708760625830655E+003 -0.708859224016605E+003
 -0.307131805864583E+001  0.690585533444911E+002 -0.451100415462389E+000  0.658707844464298E+000 -0.455741678522863E+000 -0.153588086678938E+002 -0.708798698422982E+003 -0.708798698422982E+003 -0.708823877311516E+003
 -0.169716301095803E+002  0.689856387117820E+002 -0.525131199699944E+000  0.134143559731497E+001  0.241157541892307E+001 -0.153588086678938E+002 -0.708781092748318E+003 -0.708781092748318E+003 -0.709078100483492E+003
  0.646446073514958E+001  0.693740229815055E+002 -0.521284420552335E+000  0.151640352502788E+001  0.444376430654982E+001 -0.153588086678938E+002 -0.708774397623448E+003 -0.708774397623448E+003 -0.708930474928388E+003
  0.194728310948382E+002  0.680169613312195E+002 -0.520559154182700E+000  0.121332123169222E+001  0.123718845702584E+001 -0.153588086678938E+002 -0.708788992977866E+003 -0.708788992977866E+003 -0.709034934277515E+003
  0.120117457902633E+002  0.674728058965186E+002 -0.539791799696902E+000  0.168652130307358E+001  0.496940816617841E+001 -0.153588086678938E+002 -0.708778189685502E+003 -0.708778189685502E+003 -0.708985839750697E+003
 -0.119477088258166E+002  0.678883917281185E+002 -0.502323584179369E+000  0.125184151053224E+001  0.223112453224734E+001 -0.153588086678938E+002 -0.708678127094728E+003 -0.708678127094728E+003 -0.708934919498405E+003
 -0.126208702508999E+002  0.684147205083933E+002 -0.462121951196229E+000  0.926631489223176E+000  0.501371062813050E+000 -0.153588086678938E+002 -0.708737478893537E+003 -0.708737478893537E+003 -0.708830415863673E+003
  0.107889050728314E+002  0.689857535057355E+002 -0.447217498356120E+000  0.717926927202706E+000 -0.323941770623911E+000 -0.153588086678938E+002 -0.708775168498021E+003 -0.708775168498021E+003 -0.708915809982284E+003
  0.108177530373171E+002  0.680564688248231E+002 -0.523079684720868E+000  0.144254381803050E+001  0.351678341151146E+001 -0.153588086678938E+002 -0.708722151504466E+003 -0.708722151504466E+003 -0.708890973905497E+003
 -0.668538670927025E+001  0.679512359820571E+002 -0.472579815899536E+000  0.106303253270258E+001  0.161441404128298E+001 -0.153588086678938E+002 -0.708803332203769E+003 -0.708803332203769E+003 -0.708846542589441E+003
 -0.505780873827125E+001  0.676651503831884E+002 -0.525314147939085E+000  0.135433834391820E+001  0.232978214495104E+001 -0.153588086678938E+002 -0.708729880018489E+003 -0.708729880018489E+003 -0.708852842246115E+003
  0.160704810756207E+002  0.689528022318698E+002 -0.449854528474388E+000  0.751349140484077E+000 -0.377481027224889E-001 -0.153588086678938E+002 -0.708794405305457E+003 -0.708794405305457E+003 -0.708841869093542E+003
 -0.787325640673114E+001  0.691009825859794E+002 -0.518574940059235E+000  0.146532368599146E+001  0.351447993639958E+001 -0.153588086678938E+002 -0.708789308821851E+003 -0.708789308821851E+003 -0.708904305057288E+003
  0.146876189941177E+002  0.689996700955620E+002 -0.491996506957510E+000  0.963084793982113E+000  0.231142520582772E+000 -0.153588086678938E+002 -0.708778194781374E+003 -0.708778194781374E+003 -0.708823230909430E+003
  0.113630938331490E+002  0.666000133404364E+002 -0.483496953262634E+000  0.106418452436007E+001  0.973673716935807E+000 -0.153588086678938E+002 -0.708724113928826E+003 -0.708724113928826E+003 -0.708828456923141E+003
  0.166052648971304E+002  0.679074594640924E+002 -0.496158075889770E+000  0.134680721852481E+001  0.332675900062891E+001 -0.153588086678938E+002 -0.708752428816897E+003 -0.708752428816897E+003 -0.708823294485139E+003
  0.100032703879807E+002  0.674666273426169E+002 -0.484059207588831E+000  0.108669616425039E+001  0.114498249151806E+001 -0.153588086678938E+002 -0.708670744310084E+003 -0.708670744310084E+003 -0.709108758638367E+003
  0.140737930007281E+002  0.690848717346130E+002 -0.480042839270623E+000  0.866062600370771E+000  0.315599175076855E-001 -0.153588086678938E+002 -0.708746715025059E+003 -0.708746715025059E+003 -0.708819923437250E+003
 -0.191863848904783E+001  0.674491423382621E+002 -0.490119794354617E+000  0.943482746683022E+000  0.166825311248111E+000 -0.153588086678938E+002 -0.708695745526225E+003 -0.708695745526225E+003 -0.708819381036169E+003
 -0.639183400757478E+000  0.683670712993553E+002 -0.496162797902541E+000  0.125759609632502E+001  0.236594131018775E+001 -0.153588086678938E+002 -0.708696516030332E+003 -0.708696516030332E+003 -0.708822929605057E+003
 -0.143369966187047E+002  0.687116494372718E+002 -0.535664415691709E+000  0.158029859783054E+001  0.418658855036526E+001 -0.153588086678938E+002 -0.708771630920873E+003 -0.708771630920873E+003 -0.708872178342774E+003
  0.218555151535351E+001  0.693068666777398E+002 -0.504811810003511E+000  0.128377659801289E+001  0.278812602573353E+001 -0.153588086678938E+002 -0.708766605180378E+003 -0.708766605180378E+003 -0.708822624459632E+003
 -0.164448174670688E+002  0.674122407636891E+002 -0.540667958766078E+000  0.170099490185174E+001  0.549167465908861E+001 -0.153588086678938E+002 -0.708770321381257E+003 -0.708770321381257E+003 -0.708872428147442E+003
  0.115402678565065E+001  0.687897852313147E+002 -0.492443523964035E+000  0.129220350285235E+001  0.316524152502554E+001 -0.153588086678938E+002 -0.708769697952847E+003 -0.708769697952847E+003 -0.708876138673102E+003
  0.108037982957248E+002  0.680004417153807E+002 -0.547537921905998E+000  0.164408416636254E+001  0.460739250353605E+001 -0.153588086678938E+002 -0.708801101442530E+003 -0.708801101442530E+003 -0.709053765908686E+003
  0.170170623578670E+002  0.694226804688557E+002 -0.526223750237570E+000  0.155150810726201E+001  0.459748443621707E+001 -0.153588086678938E+002 -0.708785602183103E+003 -0.708785602183103E+003 -0.708865652316871E+003
  0.537908701032422E+001  0.674683233608510E+002 -0.528718403679104E+000  0.177969119680531E+001  0.703141916360410E+001 -0.153588086678938E+002 -0.708810242199850E+003 -0.708810242199850E+003 -0.708877622112954E+003
  0.708773404269273E+001  0.688511604165859E+002 -0.469618994841678E+000  0.921527069350829E+000  0.581031662721919E+000 -0.153588086678938E+002 -0.708725615961837E+003 -0.708725615961837E+003 -0.708827638744545E+003
  0.246396982782119E+001  0.675022479744770E+002 -0.504885409225705E+000  0.135014786341689E+001  0.294289926330917E+001 -0.153588086678938E+002 -0.708706235079397E+003 -0.708706235079397E+003 -0.708845926877127E+003
 -0.728434943559061E+001  0.690532447214106E+002 -0.511681252212519E+000  0.133980937577231E+001  0.304655381033023E+001 -0.153588086678938E+002 -0.708745409887821E+003 -0.708745409887821E+003 -0.708836601471585E+003
  0.140645848203333E+002  0.684073537504586E+002 -0.543113375399166E+000  0.170360144384813E+001  0.523095564519062E+001 -0.153588086678938E+002 -0.708780612189651E+003 -0.708780612189651E+003 -0.708935281613275E+003
 -0.131126566512154E+002  0.678751304832138E+002 -0.502989673286344E+000  0.139473362417128E+001  0.393352309452746E+001 -0.153588086678938E+002 -0.708777317637423E+003 -0.708777317637423E+003 -0.708869574437968E+003
 -0.110562528488986E+002  0.672886082625724E+002 -0.518661377548274E+000  0.165540570244126E+001  0.578998950668292E+001 -0.153588086678938E+002 -0.708814683885633E+003 -0.708814683885633E+003 -0.708838030413251E+003
  0.160998523285812E+002  0.661236546016917E+002 -0.509097502249433E+000  0.124296531185958E+001  0.140420995742375E+001 -0.153588086678938E+002 -0.708803894927358E+003 -0.708803894927358E+003 -0.708873889109453E+003
 -0.103438895605577E+002  0.682003888792049E+002 -0.467708811291252E+000  0.894392171711393E+000  0.780639118016850E-001 -0.153588086678938E+002 -0.708712398259557E+003 -0.708712398259557E+003 -0.708903844655896E+003
 -0.194920887853285E+002  0.691886466777700E+002 -0.524125513808067E+000  0.133357144910146E+001  0.217988308362654E+001 -0.153588086678938E+002 -0.708815956158369E+003 -0.708815956158369E+003 -0.708870233095703E+003
  0.102287052081475E+002  0.671716935839296E+002 -0.473983952297728E+000  0.948622934147066E+000  0.245918995675829E+000 -0.153588086678938E+002 -0.708683485263212E+003 -0.708683485263212E+003 -0.708820504917958E+003
 -0.979392472626607E+000  0.696589123517205E+002 -0.493373995053968E+000  0.111648982218664E+001  0.146306690277448E+001 -0.153588086678938E+002 -0.708765090664606E+003 -0.708765090664606E+003 -0.708901234604961E+003
  0.681132342592428E+001  0.678835780806877E+002 -0.542524539100375E+000  0.183463465210552E+001  0.736832701194366E+001 -0.153588086678938E+002 -0.708780977929023E+003 -0.708780977929023E+003 -0.708871637748606E+003
 -0.555989901403038E+000  0.690064026186292E+002 -0.492707278243131E+000  0.106476348289811E+001  0.653012118717825E+000 -0.153588086678938E+002 -0.708807689942848E+003 -0.708807689942848E+003 -0.708875097116383E+003
  0.118025854819123E+002  0.677294381320493E+002 -0.496712061908196E+000  0.122391739999381E+001  0.246044205902341E+001 -0.153588086678938E+002 -0.708784841957525E+003 -0.708784841957525E+003 -0.708830925040202E+003
 -0.173854796134368E+001  0.668013260624266E+002 -0.486192311535240E+000  0.114834035830077E+001  0.117812973140116E+001 -0.153588086678938E+002 -0.708798432664198E+003 -0.708798432664198E+003 -0.708860860767064E+003
 -0.103809911346522E+002  0.678486968119659E+002 -0.488845237212224E+000  0.125984618562802E+001  0.248335025427148E+001 -0.153588086678938E+002 -0.708756009539108E+003 -0.708756009539108E+003 -0.708835491639460E+003
 -0.126958238918963E+001  0.669842044267159E+002 -0.519620907731649E+000  0.148683760329655E+001  0.402508718038581E+001 -0.153588086678938E+002 -0.708779360826117E+003 -0.708779360826117E+003 -0.708856388138954E+003
  0.167615185987531E+002  0.685902998696075E+002 -0.538575147420993E+000  0.173001733248193E+001  0.559522197072416E+001 -0.153588086678938E+002 -0.708814898122597E+003 -0.708814898122597E+003 -0.709102182155838E+003
 -0.945046402719634E+001  0.684021329682335E+002 -0.448206005127328E+000  0.790624756499528E+000  0.155588659389139E-001 -0.153588086678938E+002 -0.708762983488534E+003 -0.708762983488534E+003 -0.708840880732320E+003
 -0.571757601103426E+001  0.690752163673595E+002 -0.469447938869362E+000  0.863141267094441E+000  0.199531802773556E+000 -0.153588086678938E+002 -0.708715558445484E+003 -0.708715558445484E+003 -0.708995826008031E+003
 -0.910061262287017E+001  0.659457382818353E+002 -0.473804369361406E+000  0.909987169718239E+000  0.964453504207157E-001 -0.153588086678938E+002 -0.708760049606549E+003 -0.708760049606549E+003 -0.708825621569179E+003
  0.936076717976882E+001  0.688645239675353E+002 -0.487502475466998E+000  0.102577465991229E+001  0.644499788852890E+000 -0.153588086678938E+002 -0.708700830859880E+003 -0.708700830859880E+003 -0.708866221186605E+003
 -0.207666982382952E+001  0.694876368791134E+002 -0.493757074086695E+000  0.124652008599261E+001  0.256964356708149E+001 -0.153588086678938E+002 -0.708778533558052E+003 -0.708778533558052E+003 -0.708829703480375E+003
  0.187821375780687E+002  0.677476594691784E+002 -0.476847962899290E+000  0.970373000346835E+000  0.585763824146277E+000 -0.153588086678938E+002 -0.708654990717728E+003 -0.708654990717728E+003 -0.708818298262871E+003
  0.579492080456875E+001  0.681721283576431E+002 -0.502897856589801E+000  0.107329324136698E+001  0.533287597266543E+000 -0.153588086678938E+002 -0.708776636267578E+003 -0.708776636267578E+003 -0.708884274556915E+003
  0.596669043616757E+001  0.689219380589707E+002 -0.513873652436067E+000  0.144059743806637E+001  0.374566336194190E+001 -0.153588086678938E+002 -0.708729772363227E+003 -0.708729772363227E+003 -0.708872675350232E+003
  0.161900043975461E+002  0.683845358511837E+002 -0.549249928693494E+000  0.187861301872025E+001  0.784196822786084E+001 -0.153588086678938E+002 -0.708803321194713E+003 -0.708803321194713E+003 -0.708906313370407E+003
  0.875024583475583E+001  0.687042239082682E+002 -0.494161038969220E+000  0.967893203178929E+000  0.524261322244371E+000 -0.153588086678938E+002 -0.708814849695459E+003 -0.708814849695459E+003 -0.708890758645569E+003
  0.910529567842748E+001  0.675357165346116E+002 -0.517913885562661E+000  0.119040213548550E+001  0.105012627002725E+001 -0.153588086678938E+002 -0.708784859922779E+003 -0.708784859922779E+003 -0.708941399747322E+003
 -0.415189312230559E+001  0.679333242513809E+002 -0.533233959282173E+000  0.179833964693329E+001  0.681899091492531E+001 -0.153588086678938E+002 -0.708803844304466E+003 -0.708803844304466E+003 -0.708953971187753E+003
  0.158338115749992E+002  0.669617175982357E+002 -0.524208322372214E+000  0.144787023674546E+001  0.290038188098093E+001 -0.153588086678938E+002 -0.708756546805884E+003 -0.708756546805884E+003 -0.708847785807510E+003
 -0.338469613060437E+001  0.692335701006103E+002 -0.508391730252331E+000  0.127285304348419E+001  0.217678493611972E+001 -0.153588086678938E+002 -0.708737323505877E+003 -0.708737323505877E+003 -0.708824950530036E+003
  0.128404206732860E+002  0.689031117720563E+002 -0.492178490951427E+000  0.106628192425967E+001  0.112312844465786E+001 -0.153588086678938E+002 -0.708709310411679E+003 -0.708709310411679E+003 -0.708926272671165E+003
 -0.919440193035448E+001  0.673298440817006E+002 -0.496066343577395E+000  0.110668187410613E+001  0.766389724422581E+000 -0.153588086678938E+002 -0.708717188428747E+003 -0.708717188428747E+003 -0.708817229362301E+003
