  0.390207817619896E+001  0.681002872517561E+002 -0.361001955420536E+000  0.400358353079733E+000 -0.107536384819057E+002 -0.715665788231262E+003 -0.715665788231262E+003
  0.415933494057607E+001  0.678724938671578E+002 -0.361962849217209E+000  0.400439988165711E+000 -0.107536384819057E+002 -0.715660661742296E+003 -0.715660661742296E+003
  0.847447264255465E+001  0.678137898087265E+002 -0.363807755789133E+000  0.401326452497069E+000 -0.107536384819057E+002 -0.715666244685228E+003 -0.715666244685229E+003
  0.433423813038095E+001  0.676270249475888E+002 -0.363072793520280E+000  0.400953771065710E+000 -0.107536384819057E+002 -0.715667834162945E+003 -0.715667834162945E+003
  0.610363784149569E+001  0.679940188103286E+002 -0.362482161471491E+000  0.401382154365228E+000 -0.107536384819057E+002 -0.715669710034503E+003 -0.715669710034503E+003
  0.677666895378124E+001  0.679370635964715E+002 -0.361048717578132E+000  0.399982580697319E+000 -0.107536384819057E+002 -0.715661600153279E+003 -0.715661600153279E+003
  0.820856164327743E+001  0.683460713413766E+002 -0.362992210250519E+000  0.401273984379885E+000 -0.107536384819057E+002 -0.715670197151931E+003 -0.715670197151931E+003
  0.505398676605635E+001  0.680279308931308E+002 -0.361418770468059E+000  0.400400721009162E+000 -0.107536384819057E+002 -0.715661764984974E+003 -0.715661764984974E+003
  0.520727552899776E+001  0.681500113600290E+002 -0.362413665517566E+000  0.400482573782130E+000 -0.107536384819057E+002 -0.715664188968079E+003 -0.715664188968079E+003
  0.666918796531655E+001  0.677140793203707E+002 -0.362727374220398E+000  0.400917573409742E+000 -0.107536384819057E+002 -0.715663732698266E+003 -0.715663732698266E+003
  0.516084747821623E+001  0.680641640273652E+002 -0.361640726175786E+000  0.399913114359206E+000 -0.107536384819057E+002 -0.715666526930412E+003 -0.715666526930412E+003
  0.796450517518678E+001  0.676621133564976E+002 -0.363021540801775E+000  0.400713788411236E+000 -0.107536384819057E+002 -0.715669393842162E+003 -0.715669393842162E+003
  0.737190248686364E+001  0.681615964222156E+002 -0.363825921985875E+000  0.401576639828755E+000 -0.107536384819057E+002 -0.715666243849766E+003 -0.715666243849766E+003
  0.812922208720967E+001  0.682385407387211E+002 -0.363679033902482E+000  0.401116097806585E+000 -0.107536384819057E+002 -0.715668476611648E+003 -0.715668476611648E+003
  0.500520294383253E+001  0.681002325067439E+002 -0.363682957634727E+000  0.401243765566477E+000 -0.107536384819057E+002 -0.715664878410358E+003 -0.715664878410358E+003
  0.653450112929154E+001  0.679735232957634E+002 -0.363445282092966E+000  0.401661547999835E+000 -0.107536384819057E+002 -0.715666802351900E+003 -0.715666802351900E+003
  0.620386130715521E+001  0.679383793163328E+002 -0.362035906323402E+000  0.400996461742913E+000 -0.107536384819057E+002 -0.715664912717736E+003 -0.715664912717737E+003
  0.360299392642836E+001  0.679367761234289E+002 -0.361226181181094E+000  0.399586299781379E+000 -0.107536384819057E+002 -0.715669557054361E+003 -0.715669557054361E+003
