  0.100000000000000E+001  0.936411167784361E+004 -0.193727831440555E+002  0.636152913362295E+002 -0.508150519589042E+000  0.735393622391513E+000 -0.101608548767136E+001 -0.167451030290137E+002 -0.468205583892180E+004
  0.100000000000000E+001  0.934505433943484E+004 -0.193382748400400E+002  0.647410286854209E+002 -0.510220707236435E+000  0.734076803550296E+000 -0.100095362176886E+001 -0.167451030290137E+002 -0.467252716971742E+004
  0.100000000000000E+001  0.934611821325698E+004 -0.193357286450779E+002  0.648454258282621E+002 -0.509551678886405E+000  0.734366341055884E+000 -0.100516983156429E+001 -0.167451030290137E+002 -0.467305910662849E+004
  0.100000000000000E+001  0.934758522533260E+004 -0.193303774715628E+002  0.647420436059099E+002 -0.509627683793807E+000  0.734613209943104E+000 -0.100608146578809E+001 -0.167451030290137E+002 -0.467379261266630E+004
  0.100000000000000E+001  0.934502174680221E+004 -0.193507609388672E+002  0.641555704108612E+002 -0.511899614717044E+000  0.733023088804487E+000 -0.988751813549470E+000 -0.167451030290137E+002 -0.467251087340111E+004
  0.100000000000000E+001  0.934857430659159E+004 -0.194381920634894E+002  0.617817578633205E+002 -0.510783407285919E+000  0.733842181390237E+000 -0.997452488301448E+000 -0.167451030290137E+002 -0.467428715329579E+004
  0.100000000000000E+001  0.935135488442635E+004 -0.193206748469604E+002  0.651389167153165E+002 -0.508067982025175E+000  0.735772004787359E+000 -0.101831462319161E+001 -0.167451030290137E+002 -0.467567744221317E+004
  0.100000000000000E+001  0.935021806339366E+004 -0.193284224641014E+002  0.648075209778364E+002 -0.510283933202601E+000  0.734188813595285E+000 -0.100124868626209E+001 -0.167451030290137E+002 -0.467510903169683E+004
  0.100000000000000E+001  0.934857727795738E+004 -0.194430616536426E+002  0.615866040417465E+002 -0.503140955035409E+000  0.739111035449305E+000 -0.105537256222679E+001 -0.167451030290137E+002 -0.467428863897869E+004
  0.100000000000000E+001  0.934504619934286E+004 -0.193450307918859E+002  0.643753007707812E+002 -0.510923873075797E+000  0.733734089851685E+000 -0.996333513253091E+000 -0.167451030290137E+002 -0.467252309967143E+004
  0.100000000000000E+001  0.934506364294810E+004 -0.193677265865477E+002  0.638846317686905E+002 -0.507456684328794E+000  0.736100983779718E+000 -0.102248631700364E+001 -0.167451030290137E+002 -0.467253182147405E+004
  0.100000000000000E+001  0.934884850960527E+004 -0.194006166670927E+002  0.627082452191157E+002 -0.505052383370949E+000  0.737443207371966E+000 -0.103914177136340E+001 -0.167451030290137E+002 -0.467442425480264E+004
  0.100000000000000E+001  0.935932392069890E+004 -0.194705219154287E+002  0.608243641570312E+002 -0.504508522186923E+000  0.737814634742172E+000 -0.104324572759936E+001 -0.167451030290137E+002 -0.467966196034945E+004
  0.100000000000000E+001  0.935903088183231E+004 -0.193767772118362E+002  0.633162533876270E+002 -0.505184286269461E+000  0.738196137120209E+000 -0.104234625147470E+001 -0.167451030290137E+002 -0.467951544091616E+004
  0.100000000000000E+001  0.934512509404093E+004 -0.193568753432940E+002  0.642283872609112E+002 -0.511965041787964E+000  0.733165399517810E+000 -0.989189510016701E+000 -0.167451030290137E+002 -0.467256254702046E+004
  0.100000000000000E+001  0.934523617838038E+004 -0.193577663791363E+002  0.642104170802239E+002 -0.509704247001737E+000  0.734640883618711E+000 -0.100590125400490E+001 -0.167451030290137E+002 -0.467261808919019E+004
  0.100000000000000E+001  0.934947080048953E+004 -0.194675349318142E+002  0.609436174854162E+002 -0.505586879108944E+000  0.737466175029516E+000 -0.103703679371058E+001 -0.167451030290137E+002 -0.467473540024477E+004
  0.100000000000000E+001  0.935020093287210E+004 -0.194017538351356E+002  0.627340824884599E+002 -0.504951958801518E+000  0.737572900699590E+000 -0.104020229180716E+001 -0.167451030290137E+002 -0.467510046643605E+004
  0.100000000000000E+001  0.935024488650818E+004 -0.194057624940816E+002  0.626231068914591E+002 -0.507193139897402E+000  0.736949294842468E+000 -0.102781427383344E+001 -0.167451030290137E+002 -0.467512244325409E+004
  0.100000000000000E+001  0.934532560103663E+004 -0.193569230120414E+002  0.641645378459120E+002 -0.508729876553828E+000  0.735359494407495E+000 -0.101351737703592E+001 -0.167451030290137E+002 -0.467266280051831E+004
  0.100000000000000E+001  0.934550486613332E+004 -0.193660878530523E+002  0.640402832292603E+002 -0.509795266332427E+000  0.734769241120505E+000 -0.100616536916914E+001 -0.167451030290137E+002 -0.467275243306666E+004
  0.100000000000000E+001  0.935056501767744E+004 -0.194528327677688E+002  0.612123820915511E+002 -0.509743469179699E+000  0.734643030620630E+000 -0.100574941655786E+001 -0.167451030290137E+002 -0.467528250883872E+004
  0.100000000000000E+001  0.934550679130453E+004 -0.193654789796625E+002  0.639001679388589E+002 -0.508591797596117E+000  0.735676294458337E+000 -0.101567004262768E+001 -0.167451030290137E+002 -0.467275339565227E+004
  0.100000000000000E+001  0.934953892741181E+004 -0.193689323450879E+002  0.639329225984767E+002 -0.504131009317214E+000  0.738483407737711E+000 -0.104814026851577E+001 -0.167451030290137E+002 -0.467476946370591E+004
  0.100000000000000E+001  0.934559013383583E+004 -0.193789880977270E+002  0.635272791623985E+002 -0.507860241058409E+000  0.736090121055961E+000 -0.102076082318366E+001 -0.167451030290137E+002 -0.467279506691791E+004
  0.100000000000000E+001  0.934563224360283E+004 -0.193461718412015E+002  0.645823946260199E+002 -0.507562651939383E+000  0.735970416412266E+000 -0.102139775981959E+001 -0.167451030290137E+002 -0.467281612180141E+004
  0.100000000000000E+001  0.935656411890033E+004 -0.194110284289307E+002  0.626278913397132E+002 -0.501772584487591E+000  0.739622331651546E+000 -0.106359948528041E+001 -0.167451030290137E+002 -0.467828205945016E+004
  0.100000000000000E+001  0.935643280679022E+004 -0.194244085053964E+002  0.620692176164194E+002 -0.508509428557224E+000  0.735009883805901E+000 -0.101269215453220E+001 -0.167451030290137E+002 -0.467821640339511E+004
  0.100000000000000E+001  0.934986729610543E+004 -0.194229650553135E+002  0.620754510384959E+002 -0.503734596409924E+000  0.738445698454136E+000 -0.104959801308820E+001 -0.167451030290137E+002 -0.467493364805272E+004
  0.100000000000000E+001  0.935491557412662E+004 -0.193259580079449E+002  0.650679866588486E+002 -0.509898233806566E+000  0.734323386082066E+000 -0.100351566880411E+001 -0.167451030290137E+002 -0.467745778706331E+004
  0.100000000000000E+001  0.934575364739788E+004 -0.193371523414616E+002  0.645753164664248E+002 -0.509492187863217E+000  0.734731282677171E+000 -0.100723076230945E+001 -0.167451030290137E+002 -0.467287682369894E+004
  0.100000000000000E+001  0.934576796169386E+004 -0.193715125086255E+002  0.638721558581881E+002 -0.508189001850480E+000  0.735685447165714E+000 -0.101738188798416E+001 -0.167451030290137E+002 -0.467288398084693E+004
  0.100000000000000E+001  0.934957585461153E+004 -0.194443814087182E+002  0.615913506536744E+002 -0.505049539617640E+000  0.737910760730060E+000 -0.104147852483086E+001 -0.167451030290137E+002 -0.467478792730577E+004
  0.100000000000000E+001  0.934584775494103E+004 -0.193559800197768E+002  0.642889861974908E+002 -0.508467062587983E+000  0.735644659155128E+000 -0.101602777957474E+001 -0.167451030290137E+002 -0.467292387747051E+004
  0.100000000000000E+001  0.935118744176218E+004 -0.194010520343974E+002  0.629249017370454E+002 -0.510636239373518E+000  0.733775607374129E+000 -0.997730403885825E+000 -0.167451030290137E+002 -0.467559372088109E+004
  0.100000000000000E+001  0.935358652315222E+004 -0.193587883050389E+002  0.642258580621751E+002 -0.508411447722697E+000  0.735934112801369E+000 -0.101770359614630E+001 -0.167451030290137E+002 -0.467679326157611E+004
  0.100000000000000E+001  0.934618193502068E+004 -0.193552783051722E+002  0.642480114866184E+002 -0.510441522584389E+000  0.734041531044449E+000 -0.999861831087685E+000 -0.167451030290137E+002 -0.467309096751034E+004
  0.100000000000000E+001  0.934642140769444E+004 -0.193412290585038E+002  0.644413977323400E+002 -0.511513384657771E+000  0.733396766407708E+000 -0.992212236186333E+000 -0.167451030290137E+002 -0.467321070384722E+004
  0.100000000000000E+001  0.934642428337711E+004 -0.193602371898473E+002  0.639605172234469E+002 -0.510942126436730E+000  0.733674699577467E+000 -0.995961488650707E+000 -0.167451030290137E+002 -0.467321214168855E+004
  0.100000000000000E+001  0.934651974276920E+004 -0.193447444931770E+002  0.642807043194262E+002 -0.510565271805116E+000  0.733906883445135E+000 -0.998680006381676E+000 -0.167451030290137E+002 -0.467325987138460E+004
  0.100000000000000E+001  0.934702730402552E+004 -0.193498762405969E+002  0.643317280773148E+002 -0.508216596689367E+000  0.735392981225305E+000 -0.101581223585251E+001 -0.167451030290137E+002 -0.467351365201276E+004
  0.100000000000000E+001  0.935024616834352E+004 -0.193576343122257E+002  0.641391948119999E+002 -0.512004187300453E+000  0.732676416253790E+000 -0.986593921112828E+000 -0.167451030290137E+002 -0.467512308417176E+004
  0.100000000000000E+001  0.934742514287960E+004 -0.193408620372456E+002  0.645330197592909E+002 -0.506407120687986E+000  0.737008232668085E+000 -0.103135632719213E+001 -0.167451030290137E+002 -0.467371257143980E+004
  0.100000000000000E+001  0.935469649749604E+004 -0.193384630610552E+002  0.644920584769017E+002 -0.503179422453311E+000  0.739063281765231E+000 -0.105497524571510E+001 -0.167451030290137E+002 -0.467734824874802E+004
  0.100000000000000E+001  0.935149679911564E+004 -0.193659789072248E+002  0.639881366656742E+002 -0.507819268554230E+000  0.736101919208290E+000 -0.102098834469848E+001 -0.167451030290137E+002 -0.467574839955782E+004
  0.100000000000000E+001  0.934800008111345E+004 -0.193738298215807E+002  0.635667425379766E+002 -0.506986878100877E+000  0.736489913531049E+000 -0.102636985375780E+001 -0.167451030290137E+002 -0.467400004055673E+004
  0.100000000000000E+001  0.934806099048146E+004 -0.193443279779324E+002  0.644118687773402E+002 -0.506170272416848E+000  0.737109549288917E+000 -0.103284220203868E+001 -0.167451030290137E+002 -0.467403049524073E+004
  0.100000000000000E+001  0.934808988325793E+004 -0.193608743906415E+002  0.642428493416928E+002 -0.508021421003454E+000  0.735566243061061E+000 -0.101748382444707E+001 -0.167451030290137E+002 -0.467404494162896E+004
  0.100000000000000E+001  0.935400410600050E+004 -0.193853333116812E+002  0.631631364567790E+002 -0.500235806929804E+000  0.741157173255750E+000 -0.107761755280390E+001 -0.167451030290137E+002 -0.467700205300025E+004
  0.100000000000000E+001  0.934816475416484E+004 -0.193686011912374E+002  0.640514363267957E+002 -0.507336318744278E+000  0.736308028482641E+000 -0.102401696637895E+001 -0.167451030290137E+002 -0.467408237708242E+004
  0.100000000000000E+001  0.935033427678569E+004 -0.193777526266806E+002  0.635615245982695E+002 -0.507148921875801E+000  0.736014309923231E+000 -0.102333232604754E+001 -0.167451030290137E+002 -0.467516713839285E+004
  0.100000000000000E+001  0.935047889281708E+004 -0.193586877176382E+002  0.641321924198918E+002 -0.504408235984626E+000  0.738289708014069E+000 -0.104602524497909E+001 -0.167451030290137E+002 -0.467523944640854E+004
  0.100000000000000E+001  0.934510304249677E+004 -0.193902792827543E+002  0.630273923860023E+002 -0.506304713497460E+000  0.737203867143050E+000 -0.103275626582723E+001 -0.167451030290137E+002 -0.467255152124839E+004
  0.100000000000000E+001  0.935153571086357E+004 -0.193675542937328E+002  0.640698190287078E+002 -0.507925535911619E+000  0.735805421903557E+000 -0.101907060179454E+001 -0.167451030290137E+002 -0.467576785543178E+004
  0.100000000000000E+001  0.934519308881585E+004 -0.194387380881672E+002  0.618458635615083E+002 -0.508101648531992E+000  0.735440485067848E+000 -0.101652611774117E+001 -0.167451030290137E+002 -0.467259654440793E+004
  0.100000000000000E+001  0.934960785709883E+004 -0.194826100081935E+002  0.604424494585817E+002 -0.508781512507729E+000  0.735372214911383E+000 -0.101336792590891E+001 -0.167451030290137E+002 -0.467480392854942E+004
  0.100000000000000E+001  0.934952671652554E+004 -0.194823481918691E+002  0.605104789356755E+002 -0.507978399667142E+000  0.735938359627639E+000 -0.101951544865032E+001 -0.167451030290137E+002 -0.467476335826277E+004
  0.100000000000000E+001  0.934520307898876E+004 -0.194416885077963E+002  0.616523632809189E+002 -0.509558147515775E+000  0.734915234368554E+000 -0.100787442709020E+001 -0.167451030290137E+002 -0.467260153949438E+004
  0.100000000000000E+001  0.934522219570721E+004 -0.194104281015423E+002  0.624416619950413E+002 -0.506444912974029E+000  0.736689465366602E+000 -0.102961182172837E+001 -0.167451030290137E+002 -0.467261109785360E+004
  0.100000000000000E+001  0.934535687980252E+004 -0.194067594190760E+002  0.624786300757923E+002 -0.509280906539443E+000  0.734835315013180E+000 -0.100862385524279E+001 -0.167451030290137E+002 -0.467267843990126E+004
  0.100000000000000E+001  0.935265614249634E+004 -0.194365418670665E+002  0.620327595854021E+002 -0.505109535853446E+000  0.737544120301624E+000 -0.103940502600362E+001 -0.167451030290137E+002 -0.467632807124817E+004
  0.100000000000000E+001  0.935171650054614E+004 -0.193951053547546E+002  0.629358565763637E+002 -0.501119492665694E+000  0.740680112522574E+000 -0.107157466618887E+001 -0.167451030290137E+002 -0.467585825027307E+004
  0.100000000000000E+001  0.935173371475659E+004 -0.194705947158746E+002  0.610258246300467E+002 -0.508284979522129E+000  0.735623828380152E+000 -0.101667724860191E+001 -0.167451030290137E+002 -0.467586685737830E+004
  0.100000000000000E+001  0.935183633821107E+004 -0.193975786201274E+002  0.628565546930277E+002 -0.503416321062453E+000  0.738517575420691E+000 -0.105127814099542E+001 -0.167451030290137E+002 -0.467591816910554E+004
  0.100000000000000E+001  0.935244933992749E+004 -0.194315378508830E+002  0.617976930578824E+002 -0.507837115574107E+000  0.735620412449816E+000 -0.101851726413983E+001 -0.167451030290137E+002 -0.467622466996375E+004
  0.100000000000000E+001  0.935184257961717E+004 -0.194133190146232E+002  0.624390445150261E+002 -0.501524631088422E+000  0.740027888745233E+000 -0.106664524328059E+001 -0.167451030290137E+002 -0.467592128980859E+004
  0.100000000000000E+001  0.935199844896420E+004 -0.193961726421074E+002  0.630108164437233E+002 -0.503033570099601E+000  0.739395522891709E+000 -0.105723471798252E+001 -0.167451030290137E+002 -0.467599922448210E+004
  0.100000000000000E+001  0.934537788770273E+004 -0.194332979144165E+002  0.619790048990412E+002 -0.507377946592962E+000  0.735915392962266E+000 -0.102189087785816E+001 -0.167451030290137E+002 -0.467268894385136E+004
  0.100000000000000E+001  0.934551734323994E+004 -0.194571534823073E+002  0.614152958222853E+002 -0.509692150509086E+000  0.734872070989407E+000 -0.100710576638345E+001 -0.167451030290137E+002 -0.467275867161997E+004
  0.100000000000000E+001  0.934571373696389E+004 -0.194018016771917E+002  0.628277347645383E+002 -0.506851416871469E+000  0.736351424555854E+000 -0.102624323384298E+001 -0.167451030290137E+002 -0.467285686848195E+004
  0.100000000000000E+001  0.935220698583606E+004 -0.194124540871225E+002  0.626650755061196E+002 -0.505032652537582E+000  0.738066924853790E+000 -0.104232722757487E+001 -0.167451030290137E+002 -0.467610349291803E+004
  0.100000000000000E+001  0.934596347031588E+004 -0.194256311395823E+002  0.619661384437935E+002 -0.505814870413633E+000  0.737398672502740E+000 -0.103575584372231E+001 -0.167451030290137E+002 -0.467298173515794E+004
  0.100000000000000E+001  0.934820485948729E+004 -0.194352850991750E+002  0.618866330160589E+002 -0.510793522489857E+000  0.733936169549274E+000 -0.997878969693133E+000 -0.167451030290137E+002 -0.467410242974365E+004
  0.100000000000000E+001  0.934601052352680E+004 -0.194208642513510E+002  0.621481712976420E+002 -0.509428859436136E+000  0.734548826779440E+000 -0.100658534825976E+001 -0.167451030290137E+002 -0.467300526176340E+004
  0.100000000000000E+001  0.934806129766138E+004 -0.194369584703237E+002  0.617322891064682E+002 -0.509718963597435E+000  0.734766074980191E+000 -0.100646432992286E+001 -0.167451030290137E+002 -0.467403064883069E+004
  0.100000000000000E+001  0.934606533060558E+004 -0.194460556017606E+002  0.613708831457395E+002 -0.509027281715432E+000  0.735074321099695E+000 -0.101086536092775E+001 -0.167451030290137E+002 -0.467303266530279E+004
  0.100000000000000E+001  0.934617906853563E+004 -0.194418101895676E+002  0.616815402185806E+002 -0.510845443326937E+000  0.733894307287041E+000 -0.997455952329048E+000 -0.167451030290137E+002 -0.467308953426781E+004
  0.100000000000000E+001  0.934755207601496E+004 -0.194326667553228E+002  0.622583773628000E+002 -0.509423310637848E+000  0.734989562627433E+000 -0.100880380593561E+001 -0.167451030290137E+002 -0.467377603800748E+004
  0.100000000000000E+001  0.934620202247648E+004 -0.194222488591622E+002  0.623060895515357E+002 -0.507212315291780E+000  0.736249426889962E+000 -0.102423815653547E+001 -0.167451030290137E+002 -0.467310101123824E+004
  0.100000000000000E+001  0.934654219429719E+004 -0.194285386393133E+002  0.619326788345143E+002 -0.506179182806456E+000  0.736968226663304E+000 -0.103210100831026E+001 -0.167451030290137E+002 -0.467327109714860E+004
  0.100000000000000E+001  0.934697763378835E+004 -0.194451146307705E+002  0.616439603008525E+002 -0.507469557928047E+000  0.735871407910791E+000 -0.102129172765740E+001 -0.167451030290137E+002 -0.467348881689418E+004
  0.100000000000000E+001  0.934668517151206E+004 -0.194601273164857E+002  0.613080261860328E+002 -0.508151671379077E+000  0.735891201716182E+000 -0.101856333422838E+001 -0.167451030290137E+002 -0.467334258575603E+004
  0.100000000000000E+001  0.934674444987857E+004 -0.193886839567264E+002  0.630365635619147E+002 -0.509993394543435E+000  0.734464323995388E+000 -0.100382398270233E+001 -0.167451030290137E+002 -0.467337222493929E+004
  0.100000000000000E+001  0.934488958141559E+004 -0.194208733238328E+002  0.623690648502248E+002 -0.506256069221046E+000  0.736973411181232E+000 -0.103180811010081E+001 -0.167451030290137E+002 -0.467244479070780E+004
  0.100000000000000E+001  0.934484187067612E+004 -0.194129236946866E+002  0.624203599426923E+002 -0.510363552423127E+000  0.734200378346692E+000 -0.100097610604799E+001 -0.167451030290137E+002 -0.467242093533806E+004
  0.100000000000000E+001  0.934473984371492E+004 -0.194131959826529E+002  0.624355630432056E+002 -0.507194647591469E+000  0.736227491179553E+000 -0.102420255535351E+001 -0.167451030290137E+002 -0.467236992185746E+004
  0.100000000000000E+001  0.934452312587962E+004 -0.194044122425312E+002  0.627990920113904E+002 -0.509773040508074E+000  0.734796538622987E+000 -0.100639311646664E+001 -0.167451030290137E+002 -0.467226156293981E+004
  0.100000000000000E+001  0.934439291707453E+004 -0.193943055513757E+002  0.629391995722809E+002 -0.509563033677913E+000  0.734848157232291E+000 -0.100751920750498E+001 -0.167451030290137E+002 -0.467219645853727E+004
  0.100000000000000E+001  0.934437555833046E+004 -0.194471588247422E+002  0.614100305644708E+002 -0.508164113844036E+000  0.735694743128978E+000 -0.101753195716796E+001 -0.167451030290137E+002 -0.467218777916523E+004
  0.100000000000000E+001  0.934423470844335E+004 -0.194012561926561E+002  0.626273042124695E+002 -0.509036445271020E+000  0.734893008006932E+000 -0.100992514496923E+001 -0.167451030290137E+002 -0.467211735422167E+004
  0.100000000000000E+001  0.934403293512518E+004 -0.194267369859505E+002  0.621449742354033E+002 -0.510308864145032E+000  0.733813373811341E+000 -0.999279698663912E+000 -0.167451030290137E+002 -0.467201646756259E+004
  0.100000000000000E+001  0.934400776398894E+004 -0.193792005318636E+002  0.635453061339613E+002 -0.506504209673367E+000  0.736777041327581E+000 -0.102980156570237E+001 -0.167451030290137E+002 -0.467200388199447E+004
  0.100000000000000E+001  0.934400632169338E+004 -0.194353015481678E+002  0.617602968358137E+002 -0.507391988872582E+000  0.736066225773708E+000 -0.102258233612416E+001 -0.167451030290137E+002 -0.467200316084669E+004
  0.100000000000000E+001  0.934398441362586E+004 -0.194500975478472E+002  0.615581034773664E+002 -0.509741481082123E+000  0.734635450871572E+000 -0.100572067008649E+001 -0.167451030290137E+002 -0.467199220681293E+004
  0.100000000000000E+001  0.934396976396533E+004 -0.194065845317596E+002  0.625139630264032E+002 -0.508374847754240E+000  0.735337263846358E+000 -0.101487900764629E+001 -0.167451030290137E+002 -0.467198488198267E+004
  0.100000000000000E+001  0.934388800620390E+004 -0.194130708805946E+002  0.625946622227772E+002 -0.509097703860196E+000  0.735363568205130E+000 -0.101201723172775E+001 -0.167451030290137E+002 -0.467194400310195E+004
  0.100000000000000E+001  0.934384659471852E+004 -0.194539006266851E+002  0.612675051031375E+002 -0.508881445861817E+000  0.735399397200066E+000 -0.101309031937622E+001 -0.167451030290137E+002 -0.467192329735926E+004
  0.100000000000000E+001  0.934498806594656E+004 -0.193676897223035E+002  0.636187643100197E+002 -0.510825328886326E+000  0.733507788040406E+000 -0.995617948612121E+000 -0.167451030290137E+002 -0.467249403297328E+004
  0.100000000000000E+001  0.934477593209593E+004 -0.193721373321435E+002  0.638510868615621E+002 -0.508969421815383E+000  0.735201376442893E+000 -0.101173755168182E+001 -0.167451030290137E+002 -0.467238796604797E+004
  0.100000000000000E+001  0.934468484292599E+004 -0.193720447487503E+002  0.638845714654320E+002 -0.508830431777642E+000  0.735321587907379E+000 -0.101291253607030E+001 -0.167451030290137E+002 -0.467234242146299E+004
  0.100000000000000E+001  0.934465667956150E+004 -0.193554490708552E+002  0.640672460112356E+002 -0.508456227462012E+000  0.735420684499431E+000 -0.101495625159494E+001 -0.167451030290137E+002 -0.467232833978075E+004
  0.100000000000000E+001  0.934455893456956E+004 -0.193798589868892E+002  0.636673158210133E+002 -0.508553108157544E+000  0.735694599655920E+000 -0.101592194428940E+001 -0.167451030290137E+002 -0.467227946728478E+004
  0.100000000000000E+001  0.934455797523727E+004 -0.193671812335799E+002  0.639825973710235E+002 -0.508995709573483E+000  0.734954004539572E+000 -0.101039686517397E+001 -0.167451030290137E+002 -0.467227898761864E+004
  0.100000000000000E+001  0.934453412927522E+004 -0.193814733740399E+002  0.636774293648967E+002 -0.509494835252132E+000  0.734606081770725E+000 -0.100659667656447E+001 -0.167451030290137E+002 -0.467226706463761E+004
  0.100000000000000E+001  0.934451937747226E+004 -0.193654145287148E+002  0.638902605208548E+002 -0.506886547536801E+000  0.736777492357580E+000 -0.102822065079258E+001 -0.167451030290137E+002 -0.467225968873613E+004
  0.100000000000000E+001  0.934440030483385E+004 -0.193702195877690E+002  0.637247477534446E+002 -0.511872967674807E+000  0.733068726988046E+000 -0.989088604099976E+000 -0.167451030290137E+002 -0.467220015241692E+004
  0.100000000000000E+001  0.934435455428751E+004 -0.193615409015979E+002  0.640563720313265E+002 -0.509863411315897E+000  0.734717898249430E+000 -0.100562724482003E+001 -0.167451030290137E+002 -0.467217727714375E+004
  0.100000000000000E+001  0.934432732710850E+004 -0.193803444223232E+002  0.637819180810238E+002 -0.511077538803753E+000  0.733668065274184E+000 -0.995368925850286E+000 -0.167451030290137E+002 -0.467216366355425E+004
  0.100000000000000E+001  0.934431208456598E+004 -0.193679465147708E+002  0.639651952819142E+002 -0.513079859962709E+000  0.732130626695007E+000 -0.979420167134450E+000 -0.167451030290137E+002 -0.467215604228299E+004
  0.100000000000000E+001  0.934428413115255E+004 -0.193590393463242E+002  0.641735692440802E+002 -0.509407541280360E+000  0.734652695099614E+000 -0.100719007500552E+001 -0.167451030290137E+002 -0.467214206557627E+004
  0.100000000000000E+001  0.934428041212197E+004 -0.193547049414995E+002  0.641793268462045E+002 -0.508414389440004E+000  0.735363291342626E+000 -0.101484405577878E+001 -0.167451030290137E+002 -0.467214020606099E+004
  0.100000000000000E+001  0.934422005258123E+004 -0.193586567310603E+002  0.640352411863136E+002 -0.509975200925910E+000  0.734375721067604E+000 -0.100345827427510E+001 -0.167451030290137E+002 -0.467211002629062E+004
  0.100000000000000E+001  0.934421718468015E+004 -0.193745592527215E+002  0.635515541227066E+002 -0.507578954510680E+000  0.736091205530045E+000 -0.102193089323846E+001 -0.167451030290137E+002 -0.467210859234007E+004
  0.100000000000000E+001  0.934415799275349E+004 -0.193620644879364E+002  0.637598383350134E+002 -0.510603037346392E+000  0.734175161671413E+000 -0.999860957681364E+000 -0.167451030290137E+002 -0.467207899637675E+004
  0.100000000000000E+001  0.934401919166005E+004 -0.193505223004912E+002  0.643020362419718E+002 -0.508707208260143E+000  0.735486745471492E+000 -0.101424661769482E+001 -0.167451030290137E+002 -0.467200959583002E+004
  0.100000000000000E+001  0.934379077088107E+004 -0.193428395666917E+002  0.646435788633830E+002 -0.509484599205677E+000  0.734725214104113E+000 -0.100723184848471E+001 -0.167451030290137E+002 -0.467189538544054E+004
  0.100000000000000E+001  0.934479536659404E+004 -0.193326828205401E+002  0.649677086289264E+002 -0.511069073136498E+000  0.733432213332161E+000 -0.994230419341477E+000 -0.167451030290137E+002 -0.467239768329702E+004
  0.100000000000000E+001  0.934369718464304E+004 -0.193273838571920E+002  0.650574053031605E+002 -0.510766972368960E+000  0.733775967350034E+000 -0.997192665679421E+000 -0.167451030290137E+002 -0.467184859232152E+004
  0.100000000000000E+001  0.934365289902949E+004 -0.194315794930464E+002  0.618431664383652E+002 -0.508948785843438E+000  0.735285604422764E+000 -0.101224345823657E+001 -0.167451030290137E+002 -0.467182644951474E+004
  0.100000000000000E+001  0.934360144418800E+004 -0.194042760764459E+002  0.626792965232965E+002 -0.508807722885822E+000  0.735452093521126E+000 -0.101365752609954E+001 -0.167451030290137E+002 -0.467180072209400E+004
  0.100000000000000E+001  0.934330841324338E+004 -0.194456907250863E+002  0.615947743372484E+002 -0.510111496381652E+000  0.734220219360873E+000 -0.100211994302836E+001 -0.167451030290137E+002 -0.467165420662169E+004
  0.100000000000000E+001  0.934329421678816E+004 -0.194085084027091E+002  0.624714032231086E+002 -0.510301591975810E+000  0.734070307172342E+000 -0.100058594822380E+001 -0.167451030290137E+002 -0.467164710839408E+004
  0.100000000000000E+001  0.934327360738091E+004 -0.194404449436153E+002  0.616052365577808E+002 -0.509153281280456E+000  0.735017604960998E+000 -0.101006083494529E+001 -0.167451030290137E+002 -0.467163680369045E+004
  0.100000000000000E+001  0.934316253497462E+004 -0.194181984112700E+002  0.622691123613268E+002 -0.509015941128905E+000  0.735182293739591E+000 -0.101144989506892E+001 -0.167451030290137E+002 -0.467158126748731E+004
  0.100000000000000E+001  0.934313529784587E+004 -0.194284218160443E+002  0.620171778588567E+002 -0.509377306726492E+000  0.734775162356140E+000 -0.100792477155684E+001 -0.167451030290137E+002 -0.467156764892294E+004
  0.100000000000000E+001  0.934311989670351E+004 -0.194056638029664E+002  0.627020833740383E+002 -0.508542589464557E+000  0.735626785752235E+000 -0.101562602267200E+001 -0.167451030290137E+002 -0.467155994835175E+004
  0.100000000000000E+001  0.934309353591373E+004 -0.194221099586400E+002  0.622159394405105E+002 -0.507865799802855E+000  0.735937269311695E+000 -0.101997566299741E+001 -0.167451030290137E+002 -0.467154676795687E+004
  0.100000000000000E+001  0.934307641162407E+004 -0.193982884676428E+002  0.628902113419359E+002 -0.507936344486710E+000  0.735839224374608E+000 -0.101919472585577E+001 -0.167451030290137E+002 -0.467153820581204E+004
  0.100000000000000E+001  0.934304271804232E+004 -0.194079613756861E+002  0.624636878671940E+002 -0.508974320685112E+000  0.734946451308785E+000 -0.101044867009651E+001 -0.167451030290137E+002 -0.467152135902116E+004
  0.100000000000000E+001  0.934298551777823E+004 -0.194478023849844E+002  0.615373214531125E+002 -0.510223157237902E+000  0.734262688130581E+000 -0.100186871150967E+001 -0.167451030290137E+002 -0.467149275888912E+004
  0.100000000000000E+001  0.934293624202265E+004 -0.193984788233846E+002  0.629982124299186E+002 -0.510956791732436E+000  0.734049659565340E+000 -0.997771818434785E+000 -0.167451030290137E+002 -0.467146812101132E+004
  0.100000000000000E+001  0.934274591460071E+004 -0.193853282054441E+002  0.633519683596040E+002 -0.507388421843890E+000  0.736212066352573E+000 -0.102332266822266E+001 -0.167451030290137E+002 -0.467137295730036E+004
  0.100000000000000E+001  0.934354999445293E+004 -0.193772400101529E+002  0.638411917298102E+002 -0.510829567027092E+000  0.733766043346760E+000 -0.996883914127594E+000 -0.167451030290137E+002 -0.467177499722646E+004
  0.100000000000000E+001  0.934349050513208E+004 -0.193752215663733E+002  0.638199365105203E+002 -0.508742098850957E+000  0.735279882765916E+000 -0.101307076511753E+001 -0.167451030290137E+002 -0.467174525256604E+004
  0.100000000000000E+001  0.934344441829020E+004 -0.193521321263037E+002  0.642813463966227E+002 -0.508618317455737E+000  0.735225882559874E+000 -0.101331486941987E+001 -0.167451030290137E+002 -0.467172220914510E+004
  0.100000000000000E+001  0.934343903667500E+004 -0.193746312011426E+002  0.636740893307147E+002 -0.509655162767765E+000  0.734507421838405E+000 -0.100544028287571E+001 -0.167451030290137E+002 -0.467171951833750E+004
  0.100000000000000E+001  0.934340226475005E+004 -0.193472511282890E+002  0.645130386837103E+002 -0.509247867810223E+000  0.734930562085221E+000 -0.100923533786190E+001 -0.167451030290137E+002 -0.467170113237502E+004
  0.100000000000000E+001  0.934339179195332E+004 -0.193729411681821E+002  0.637152107951898E+002 -0.507634163340192E+000  0.736064393399364E+000 -0.102156872704332E+001 -0.167451030290137E+002 -0.467169589597666E+004
  0.100000000000000E+001  0.934338102168808E+004 -0.193522160242134E+002  0.643342018159759E+002 -0.509446650944949E+000  0.734510485219047E+000 -0.100632156131064E+001 -0.167451030290137E+002 -0.467169051084404E+004
  0.100000000000000E+001  0.934313097325511E+004 -0.193533572949510E+002  0.643137942733892E+002 -0.509596551481768E+000  0.734853909809800E+000 -0.100740994346434E+001 -0.167451030290137E+002 -0.467156548662755E+004
  0.100000000000000E+001  0.934309962371333E+004 -0.193712448240696E+002  0.636676665987320E+002 -0.509856948818625E+000  0.734565144541540E+000 -0.100489172831975E+001 -0.167451030290137E+002 -0.467154981185667E+004
  0.100000000000000E+001  0.934308168350472E+004 -0.193677046371019E+002  0.637268305511750E+002 -0.512949962762372E+000  0.732480043023633E+000 -0.981698570005179E+000 -0.167451030290137E+002 -0.467154084175236E+004
  0.100000000000000E+001  0.934293571624212E+004 -0.193704168689619E+002  0.637744871497197E+002 -0.508160852161131E+000  0.735557580908781E+000 -0.101686218815468E+001 -0.167451030290137E+002 -0.467146785812106E+004
  0.100000000000000E+001  0.934292255442989E+004 -0.193816969716115E+002  0.635780627723321E+002 -0.509722491843094E+000  0.734904163600138E+000 -0.100714065830608E+001 -0.167451030290137E+002 -0.467146127721494E+004
  0.100000000000000E+001  0.934291737158074E+004 -0.193564082013393E+002  0.643281752286742E+002 -0.511639609229548E+000  0.733168517218887E+000 -0.990552919379198E+000 -0.167451030290137E+002 -0.467145868579037E+004
  0.100000000000000E+001  0.934288603155883E+004 -0.193697592847825E+002  0.637105686885712E+002 -0.507976250260588E+000  0.735830097242385E+000 -0.101898425606328E+001 -0.167451030290137E+002 -0.467144301577941E+004
  0.100000000000000E+001  0.934282373581021E+004 -0.193668184778160E+002  0.637747735556021E+002 -0.507935940603596E+000  0.735988067262197E+000 -0.101993907624227E+001 -0.167451030290137E+002 -0.467141186790510E+004
  0.100000000000000E+001  0.934282187616638E+004 -0.193595640859239E+002  0.639384302241998E+002 -0.508598197611464E+000  0.735248161105595E+000 -0.101350940407752E+001 -0.167451030290137E+002 -0.467141093808319E+004
  0.100000000000000E+001  0.934281330109813E+004 -0.193636690007412E+002  0.641359426578619E+002 -0.510343244733105E+000  0.734315739205094E+000 -0.100163642341441E+001 -0.167451030290137E+002 -0.467140665054907E+004
  0.100000000000000E+001  0.934277811312265E+004 -0.193827028329585E+002  0.634525809188266E+002 -0.511625957530046E+000  0.733155581202762E+000 -0.990544597948613E+000 -0.167451030290137E+002 -0.467138905656133E+004
  0.100000000000000E+001  0.934249032065775E+004 -0.193484254862687E+002  0.643288789361420E+002 -0.509366629340950E+000  0.734714418345128E+000 -0.100766734965907E+001 -0.167451030290137E+002 -0.467124516032888E+004
  0.100000000000000E+001  0.934245543153740E+004 -0.193392614943876E+002  0.646543310519628E+002 -0.510173133688746E+000  0.734137848795815E+000 -0.100145497361103E+001 -0.167451030290137E+002 -0.467122771576870E+004
  0.100000000000000E+001  0.934245486682017E+004 -0.193660469255218E+002  0.638265918367362E+002 -0.507338340754947E+000  0.736139730414887E+000 -0.102317057973296E+001 -0.167451030290137E+002 -0.467122743341009E+004
  0.100000000000000E+001  0.934237933775054E+004 -0.193689226916124E+002  0.637755317613524E+002 -0.509098760351120E+000  0.734886600209224E+000 -0.100963430060690E+001 -0.167451030290137E+002 -0.467118966887527E+004
  0.100000000000000E+001  0.934236584964462E+004 -0.193625129914123E+002  0.639322888708573E+002 -0.508109616343608E+000  0.735658196667808E+000 -0.101757565109611E+001 -0.167451030290137E+002 -0.467118292482231E+004
  0.100000000000000E+001  0.934228639333828E+004 -0.193529238774857E+002  0.642084187928294E+002 -0.508482187126349E+000  0.735360264390739E+000 -0.101454829192184E+001 -0.167451030290137E+002 -0.467114319666914E+004
  0.100000000000000E+001  0.934226845774666E+004 -0.193545335429382E+002  0.642125140362870E+002 -0.508507021466204E+000  0.735363887734010E+000 -0.101446324234503E+001 -0.167451030290137E+002 -0.467113422887333E+004
  0.100000000000000E+001  0.934223678072330E+004 -0.193798338550594E+002  0.636119263612269E+002 -0.510414239192496E+000  0.733801223238773E+000 -0.998781643149883E+000 -0.167451030290137E+002 -0.467111839036165E+004
  0.100000000000000E+001  0.934216769308225E+004 -0.193693822367531E+002  0.639441654075852E+002 -0.510334739561552E+000  0.734408765629670E+000 -0.100213608640466E+001 -0.167451030290137E+002 -0.467108384654113E+004
  0.100000000000000E+001  0.934215090812710E+004 -0.193649415356925E+002  0.639774162025699E+002 -0.511017070772661E+000  0.733819342035051E+000 -0.996372568095993E+000 -0.167451030290137E+002 -0.467107545406355E+004
  0.100000000000000E+001  0.934213598334540E+004 -0.193600687574882E+002  0.640136007688604E+002 -0.508383828241886E+000  0.735420563231660E+000 -0.101525606155238E+001 -0.167451030290137E+002 -0.467106799167270E+004
  0.100000000000000E+001  0.934211310681633E+004 -0.193705470366543E+002  0.639246334365182E+002 -0.510279317796123E+000  0.734428441064194E+000 -0.100246341271414E+001 -0.167451030290137E+002 -0.467105655340817E+004
  0.100000000000000E+001  0.934211200409806E+004 -0.193575164126119E+002  0.644311596890583E+002 -0.512934153739883E+000  0.732330033448118E+000 -0.981017380250819E+000 -0.167451030290137E+002 -0.467105600204903E+004
  0.100000000000000E+001  0.934198085202190E+004 -0.193663245146183E+002  0.637680958717426E+002 -0.508707692366997E+000  0.735213961249952E+000 -0.101288504697631E+001 -0.167451030290137E+002 -0.467099042601095E+004
  0.100000000000000E+001  0.934197056082800E+004 -0.193671314392685E+002  0.638371205751334E+002 -0.511920275350783E+000  0.733333838923539E+000 -0.990216123209592E+000 -0.167451030290137E+002 -0.467098528041400E+004
  0.100000000000000E+001  0.934196836757721E+004 -0.193537287451272E+002  0.640916417783938E+002 -0.510969109498449E+000  0.733600720741292E+000 -0.995482930125206E+000 -0.167451030290137E+002 -0.467098418378861E+004
  0.100000000000000E+001  0.934190981261835E+004 -0.193369434450915E+002  0.646942649083229E+002 -0.511110693295292E+000  0.733756147159159E+000 -0.995670830175754E+000 -0.167451030290137E+002 -0.467095490630918E+004
  0.100000000000000E+001  0.934188851788276E+004 -0.193659194273379E+002  0.640033427541776E+002 -0.509921523473993E+000  0.734691169983284E+000 -0.100525417689930E+001 -0.167451030290137E+002 -0.467094425894138E+004
  0.100000000000000E+001  0.934182012448621E+004 -0.193549183527563E+002  0.641744739388329E+002 -0.511299926001043E+000  0.733660763433253E+000 -0.994411972218074E+000 -0.167451030290137E+002 -0.467091006224311E+004
  0.100000000000000E+001  0.934168992073426E+004 -0.193669106190725E+002  0.640345368702799E+002 -0.510362457557886E+000  0.734365759196285E+000 -0.100180691636197E+001 -0.167451030290137E+002 -0.467084496036713E+004
  0.100000000000000E+001  0.934160215079170E+004 -0.193703738746846E+002  0.636432220966586E+002 -0.512199891257495E+000  0.732627292877998E+000 -0.985539153526929E+000 -0.167451030290137E+002 -0.467080107539585E+004
  0.100000000000000E+001  0.934151891346152E+004 -0.193788424257680E+002  0.636888748885235E+002 -0.509704824256047E+000  0.734578800823872E+000 -0.100559043841363E+001 -0.167451030290137E+002 -0.467075945673076E+004
  0.100000000000000E+001  0.934150785858248E+004 -0.193456856767109E+002  0.644937616220688E+002 -0.511514945897949E+000  0.733195904104688E+000 -0.991206248874505E+000 -0.167451030290137E+002 -0.467075392929124E+004
  0.100000000000000E+001  0.934143585348680E+004 -0.193690142050448E+002  0.638496320381218E+002 -0.510570557308119E+000  0.734035126484542E+000 -0.999296172716029E+000 -0.167451030290137E+002 -0.467071792674340E+004
  0.100000000000000E+001  0.934134236305794E+004 -0.193512321596916E+002  0.644452085679667E+002 -0.511076722993132E+000  0.733417454852791E+000 -0.994125654091675E+000 -0.167451030290137E+002 -0.467067118152897E+004
  0.100000000000000E+001  0.934132361372504E+004 -0.193469435130403E+002  0.644152479423078E+002 -0.509556217769767E+000  0.734740211572189E+000 -0.100701020380686E+001 -0.167451030290137E+002 -0.467066180686252E+004
  0.100000000000000E+001  0.934131664610744E+004 -0.193632091319895E+002  0.639421803517413E+002 -0.509115407073324E+000  0.734889838795759E+000 -0.100958168205149E+001 -0.167451030290137E+002 -0.467065832305372E+004
  0.100000000000000E+001  0.934127170408370E+004 -0.193744679299146E+002  0.637493253754488E+002 -0.508737216683139E+000  0.735370366106196E+000 -0.101354195275701E+001 -0.167451030290137E+002 -0.467063585204185E+004
  0.100000000000000E+001  0.934122357144378E+004 -0.193602364107431E+002  0.643301882698520E+002 -0.513069983669032E+000  0.732203229603217E+000 -0.979823575698404E+000 -0.167451030290137E+002 -0.467061178572189E+004
  0.100000000000000E+001  0.934120322913262E+004 -0.193672199351251E+002  0.639261062519675E+002 -0.510963774476036E+000  0.733479468535744E+000 -0.994902157916002E+000 -0.167451030290137E+002 -0.467060161456631E+004
  0.100000000000000E+001  0.934117409002640E+004 -0.193742496093615E+002  0.636723834039817E+002 -0.512970853970305E+000  0.732287893440075E+000 -0.980654550341242E+000 -0.167451030290137E+002 -0.467058704501320E+004
  0.100000000000000E+001  0.934110034050288E+004 -0.193720474214720E+002  0.637004516854095E+002 -0.508394544316661E+000  0.735511723720212E+000 -0.101566540651478E+001 -0.167451030290137E+002 -0.467055017025144E+004
  0.100000000000000E+001  0.934106341727445E+004 -0.193452295305437E+002  0.644825141138269E+002 -0.511010050817949E+000  0.733830790221903E+000 -0.996459329667658E+000 -0.167451030290137E+002 -0.467053170863722E+004
  0.100000000000000E+001  0.934105802834581E+004 -0.193658870360259E+002  0.639021348994823E+002 -0.510514259955913E+000  0.733996374779711E+000 -0.999336448056681E+000 -0.167451030290137E+002 -0.467052901417290E+004
  0.100000000000000E+001  0.934102707236792E+004 -0.193521291812219E+002  0.644075089129346E+002 -0.511281474927631E+000  0.733292374363623E+000 -0.992654472491935E+000 -0.167451030290137E+002 -0.467051353618396E+004
  0.100000000000000E+001  0.934267619545833E+004 -0.194055420980900E+002  0.628780800623077E+002 -0.508506597586537E+000  0.735677763414380E+000 -0.101602993106854E+001 -0.167451030290137E+002 -0.467133809772917E+004
  0.100000000000000E+001  0.934256553911574E+004 -0.193897735204807E+002  0.630189109632644E+002 -0.507938489321321E+000  0.735741044991657E+000 -0.101869763530883E+001 -0.167451030290137E+002 -0.467128276955787E+004
  0.100000000000000E+001  0.934248233306113E+004 -0.193779093836275E+002  0.634549501004415E+002 -0.508355206413023E+000  0.735554946894101E+000 -0.101604342534283E+001 -0.167451030290137E+002 -0.467124116653056E+004
  0.100000000000000E+001  0.934232510232836E+004 -0.194005205978840E+002  0.629853287021334E+002 -0.510787477208198E+000  0.733742742620567E+000 -0.996941586003501E+000 -0.167451030290137E+002 -0.467116255116418E+004
  0.100000000000000E+001  0.934215121428491E+004 -0.193967838291933E+002  0.630197736612137E+002 -0.507777829670012E+000  0.736123752109801E+000 -0.102127014879837E+001 -0.167451030290137E+002 -0.467107560714245E+004
  0.100000000000000E+001  0.934201712318654E+004 -0.193894650986388E+002  0.632934348527097E+002 -0.508294074794438E+000  0.735327133156524E+000 -0.101516408153877E+001 -0.167451030290137E+002 -0.467100856159327E+004
  0.100000000000000E+001  0.934195168152184E+004 -0.193765567815520E+002  0.635274377976618E+002 -0.508709652314313E+000  0.735477011918686E+000 -0.101418779062040E+001 -0.167451030290137E+002 -0.467097584076092E+004
  0.100000000000000E+001  0.934254731264175E+004 -0.194377540760373E+002  0.617878515611266E+002 -0.508953753389181E+000  0.735070189217550E+000 -0.101114925340057E+001 -0.167451030290137E+002 -0.467127365632087E+004
  0.100000000000000E+001  0.934249677169330E+004 -0.194336889387187E+002  0.619528593317182E+002 -0.508240645855633E+000  0.735638488889469E+000 -0.101693439189978E+001 -0.167451030290137E+002 -0.467124838584665E+004
  0.100000000000000E+001  0.934247381042947E+004 -0.194157901477156E+002  0.623818527904474E+002 -0.507328435145606E+000  0.736067128941276E+000 -0.102285046160094E+001 -0.167451030290137E+002 -0.467123690521474E+004
  0.100000000000000E+001  0.934215628092315E+004 -0.194202416649579E+002  0.624146954251356E+002 -0.511114901271873E+000  0.733446905174262E+000 -0.994112992337506E+000 -0.167451030290137E+002 -0.467107814046157E+004
  0.100000000000000E+001  0.934214941783154E+004 -0.194077057096837E+002  0.624722069221573E+002 -0.509746783121847E+000  0.734753908111328E+000 -0.100628985676437E+001 -0.167451030290137E+002 -0.467107470891577E+004
  0.100000000000000E+001  0.934214409381651E+004 -0.194069290697096E+002  0.626215541778687E+002 -0.510518004950179E+000  0.733874073288908E+000 -0.998712361116333E+000 -0.167451030290137E+002 -0.467107204690826E+004
  0.100000000000000E+001  0.934198542498149E+004 -0.194173522537384E+002  0.624927319563059E+002 -0.511369585043452E+000  0.733437005114588E+000 -0.993007849979548E+000 -0.167451030290137E+002 -0.467099271249075E+004
  0.100000000000000E+001  0.934190109645871E+004 -0.194333081403438E+002  0.620544444070562E+002 -0.511394064045559E+000  0.733578612213375E+000 -0.993612802210450E+000 -0.167451030290137E+002 -0.467095054822936E+004
  0.100000000000000E+001  0.934188285649702E+004 -0.194113976615334E+002  0.624510290299495E+002 -0.508805800588500E+000  0.735526015985775E+000 -0.101403538224717E+001 -0.167451030290137E+002 -0.467094142824851E+004
  0.100000000000000E+001  0.934187514013475E+004 -0.194095006937468E+002  0.627420200994900E+002 -0.509876463648763E+000  0.734659110206035E+000 -0.100528002943864E+001 -0.167451030290137E+002 -0.467093757006738E+004
  0.100000000000000E+001  0.934183931961652E+004 -0.194343005832343E+002  0.618354387783336E+002 -0.508497249139726E+000  0.735455502388360E+000 -0.101495992958669E+001 -0.167451030290137E+002 -0.467091965980826E+004
  0.100000000000000E+001  0.934180703779300E+004 -0.194278572376842E+002  0.620837259230747E+002 -0.509661272648166E+000  0.734876695714924E+000 -0.100725611953520E+001 -0.167451030290137E+002 -0.467090351889650E+004
  0.100000000000000E+001  0.934149154723837E+004 -0.194440756380314E+002  0.615420939888019E+002 -0.509375638127588E+000  0.734952641307643E+000 -0.100881678152173E+001 -0.167451030290137E+002 -0.467074577361919E+004
  0.100000000000000E+001  0.934147983293421E+004 -0.194179948208430E+002  0.623268432114999E+002 -0.509929962330110E+000  0.734603567066062E+000 -0.100478154722616E+001 -0.167451030290137E+002 -0.467073991646710E+004
  0.100000000000000E+001  0.934132186886444E+004 -0.194147725546104E+002  0.624305255807155E+002 -0.510052686783720E+000  0.734565758502734E+000 -0.100408542038841E+001 -0.167451030290137E+002 -0.467066093443222E+004
  0.100000000000000E+001  0.934128561847799E+004 -0.194069528964191E+002  0.627778671522767E+002 -0.507587362514633E+000  0.736096576310423E+000 -0.102192337358585E+001 -0.167451030290137E+002 -0.467064280923900E+004
  0.100000000000000E+001  0.934126388516810E+004 -0.194078790951224E+002  0.626444355628721E+002 -0.508552104207247E+000  0.735724933203869E+000 -0.101607767604402E+001 -0.167451030290137E+002 -0.467063194258405E+004
  0.100000000000000E+001  0.934116284523323E+004 -0.194115110525049E+002  0.625621572695576E+002 -0.509256062806171E+000  0.735211146464751E+000 -0.101060150659708E+001 -0.167451030290137E+002 -0.467058142261661E+004
  0.100000000000000E+001  0.934112137875796E+004 -0.194232040817875E+002  0.622600345268686E+002 -0.509007777972632E+000  0.734891089547293E+000 -0.101003454298888E+001 -0.167451030290137E+002 -0.467056068937898E+004
  0.100000000000000E+001  0.934098932041642E+004 -0.194122188416735E+002  0.625462299586339E+002 -0.509172925293725E+000  0.735275465798219E+000 -0.101126646748142E+001 -0.167451030290137E+002 -0.467049466020821E+004
  0.100000000000000E+001  0.934097901794640E+004 -0.193595194153350E+002  0.643551552570448E+002 -0.512944085529123E+000  0.732280834926254E+000 -0.980731440885492E+000 -0.167451030290137E+002 -0.467048950897320E+004
  0.100000000000000E+001  0.934095996818992E+004 -0.193650371420890E+002  0.639784115497226E+002 -0.510061041532141E+000  0.734505739616797E+000 -0.100375154725094E+001 -0.167451030290137E+002 -0.467047998409496E+004
  0.100000000000000E+001  0.934095449145561E+004 -0.193729065331128E+002  0.639196900398432E+002 -0.510971519903298E+000  0.733825245489626E+000 -0.996591271372338E+000 -0.167451030290137E+002 -0.467047724572781E+004
  0.100000000000000E+001  0.934094127765307E+004 -0.193587522666800E+002  0.642659570142216E+002 -0.510303904004421E+000  0.734190772633418E+000 -0.100117649222527E+001 -0.167451030290137E+002 -0.467047063882653E+004
  0.100000000000000E+001  0.934089982435903E+004 -0.193638656630924E+002  0.638661210226767E+002 -0.508460317568428E+000  0.735468661342761E+000 -0.101517867782455E+001 -0.167451030290137E+002 -0.467044991217952E+004
  0.100000000000000E+001  0.934072662341213E+004 -0.193569113886500E+002  0.644342086478843E+002 -0.513034571859734E+000  0.732247575277379E+000 -0.980191148389864E+000 -0.167451030290137E+002 -0.467036331170606E+004
  0.100000000000000E+001  0.934072418784082E+004 -0.193616377291309E+002  0.642570496703222E+002 -0.512601831385211E+000  0.732641787100960E+000 -0.983945819769701E+000 -0.167451030290137E+002 -0.467036209392041E+004
  0.100000000000000E+001  0.934072184549800E+004 -0.193535206722349E+002  0.641602172403935E+002 -0.509999619214046E+000  0.734384641267082E+000 -0.100340242961241E+001 -0.167451030290137E+002 -0.467036092274900E+004
  0.100000000000000E+001  0.934065557891919E+004 -0.193645485018473E+002  0.641142436611449E+002 -0.511032239656298E+000  0.733675492778774E+000 -0.995593431051589E+000 -0.167451030290137E+002 -0.467032778945959E+004
  0.100000000000000E+001  0.934060597722584E+004 -0.193745683271041E+002  0.637996520793089E+002 -0.512021408728673E+000  0.732890211872984E+000 -0.987586118831928E+000 -0.167451030290137E+002 -0.467030298861292E+004
  0.100000000000000E+001  0.934055698486792E+004 -0.193700735596425E+002  0.638645815666331E+002 -0.509109603323678E+000  0.735097485814546E+000 -0.101063997114626E+001 -0.167451030290137E+002 -0.467027849243396E+004
  0.100000000000000E+001  0.934045411196765E+004 -0.193904627884373E+002  0.633584376700886E+002 -0.513095437386880E+000  0.732350977318383E+000 -0.980453657396126E+000 -0.167451030290137E+002 -0.467022705598383E+004
  0.100000000000000E+001  0.934036584269700E+004 -0.193483471702639E+002  0.645097472598156E+002 -0.511358906156399E+000  0.733600267956621E+000 -0.993866692247153E+000 -0.167451030290137E+002 -0.467018292134850E+004
  0.100000000000000E+001  0.934033024827237E+004 -0.193585405831408E+002  0.640798495580885E+002 -0.511510339043067E+000  0.733105292954026E+000 -0.990775274520871E+000 -0.167451030290137E+002 -0.467016512413618E+004
  0.100000000000000E+001  0.934031365355692E+004 -0.193646073007137E+002  0.638771796628177E+002 -0.511063603077005E+000  0.733475322654096E+000 -0.994467365512250E+000 -0.167451030290137E+002 -0.467015682677846E+004
  0.100000000000000E+001  0.934027450398504E+004 -0.193649328330116E+002  0.640555095797050E+002 -0.510810221727057E+000  0.733794465801104E+000 -0.997105409904293E+000 -0.167451030290137E+002 -0.467013725199252E+004
  0.100000000000000E+001  0.934011907554879E+004 -0.193624722424429E+002  0.639907206214454E+002 -0.508779751869715E+000  0.735271921198128E+000 -0.101287530445778E+001 -0.167451030290137E+002 -0.467005953777439E+004
  0.100000000000000E+001  0.933996021630424E+004 -0.193602926164635E+002  0.640126290151823E+002 -0.512491015352622E+000  0.732530373530253E+000 -0.983849874638665E+000 -0.167451030290137E+002 -0.466998010815212E+004
  0.100000000000000E+001  0.933993701656263E+004 -0.193749502535895E+002  0.637252960554038E+002 -0.512286472194472E+000  0.732898356794873E+000 -0.986528952076469E+000 -0.167451030290137E+002 -0.466996850828132E+004
  0.100000000000000E+001  0.933986998863488E+004 -0.193695283015454E+002  0.637814274519577E+002 -0.513988920969260E+000  0.731426067739092E+000 -0.972149698344865E+000 -0.167451030290137E+002 -0.466993499431744E+004
  0.100000000000000E+001  0.933980297565039E+004 -0.193776722927268E+002  0.637932170366277E+002 -0.513201824113362E+000  0.732036007780829E+000 -0.978445408797626E+000 -0.167451030290137E+002 -0.466990148782520E+004
  0.100000000000000E+001  0.933980139595417E+004 -0.193673604620420E+002  0.639185428101599E+002 -0.510518370710013E+000  0.734161588143817E+000 -0.100014306329737E+001 -0.167451030290137E+002 -0.466990069797708E+004
  0.100000000000000E+001  0.933976522436655E+004 -0.193740046744644E+002  0.636552476314187E+002 -0.510237375746583E+000  0.734012401878912E+000 -0.100056481536647E+001 -0.167451030290137E+002 -0.466988261218328E+004
  0.100000000000000E+001  0.933967820245638E+004 -0.193585807589894E+002  0.639956165252910E+002 -0.511919579133094E+000  0.732923429471192E+000 -0.988173884730401E+000 -0.167451030290137E+002 -0.466983910122819E+004
  0.100000000000000E+001  0.933959933082667E+004 -0.193718390044073E+002  0.637676680229536E+002 -0.511200449338972E+000  0.733348603734985E+000 -0.993269920477672E+000 -0.167451030290137E+002 -0.466979966541333E+004
  0.100000000000000E+001  0.933953317370613E+004 -0.193680621882415E+002  0.639328237342335E+002 -0.509693492443153E+000  0.734638661023325E+000 -0.100593575952203E+001 -0.167451030290137E+002 -0.466976658685307E+004
  0.100000000000000E+001  0.933950727729963E+004 -0.193660770484751E+002  0.640711270018195E+002 -0.512077357598765E+000  0.732808004964394E+000 -0.986945809709155E+000 -0.167451030290137E+002 -0.466975363864982E+004
  0.100000000000000E+001  0.933948786260651E+004 -0.193700661654817E+002  0.639460453906205E+002 -0.511558393760386E+000  0.733335550612143E+000 -0.991721441805169E+000 -0.167451030290137E+002 -0.466974393130325E+004
  0.100000000000000E+001  0.933946863901918E+004 -0.193691774223439E+002  0.638066954364527E+002 -0.512727660563356E+000  0.732472137437437E+000 -0.982579324777092E+000 -0.167451030290137E+002 -0.466973431950959E+004
  0.100000000000000E+001  0.934064768493271E+004 -0.193948901460513E+002  0.630105707338842E+002 -0.509352212312026E+000  0.735105469814863E+000 -0.100967620511091E+001 -0.167451030290137E+002 -0.467032384246635E+004
  0.100000000000000E+001  0.934048258766805E+004 -0.194043512037874E+002  0.629081818348191E+002 -0.509358716224522E+000  0.735046730142486E+000 -0.100935619971467E+001 -0.167451030290137E+002 -0.467024129383402E+004
  0.100000000000000E+001  0.934002404181807E+004 -0.193974736165385E+002  0.629983210325674E+002 -0.507802793355056E+000  0.735998194470058E+000 -0.102054084850309E+001 -0.167451030290137E+002 -0.467001202090904E+004
  0.100000000000000E+001  0.934001907928802E+004 -0.193899474653118E+002  0.630971711155150E+002 -0.509908563031701E+000  0.734497974714888E+000 -0.100434377828603E+001 -0.167451030290137E+002 -0.467000953964401E+004
  0.100000000000000E+001  0.933997475397897E+004 -0.193959152016893E+002  0.630690436948826E+002 -0.511087474197093E+000  0.733724479803639E+000 -0.995608343522434E+000 -0.167451030290137E+002 -0.466998737698948E+004
  0.100000000000000E+001  0.933959036842957E+004 -0.193908089529707E+002  0.630767327486195E+002 -0.508695233474104E+000  0.735201862371648E+000 -0.101287670386021E+001 -0.167451030290137E+002 -0.466979518421478E+004
  0.100000000000000E+001  0.934090308067514E+004 -0.194296232363110E+002  0.620038386468062E+002 -0.509446392158713E+000  0.735033591113165E+000 -0.100892810450549E+001 -0.167451030290137E+002 -0.467045154033757E+004
  0.100000000000000E+001  0.934090260447026E+004 -0.194214096826126E+002  0.623119622926351E+002 -0.509480370128595E+000  0.735087424405453E+000 -0.100905682505311E+001 -0.167451030290137E+002 -0.467045130223513E+004
  0.100000000000000E+001  0.934083638393975E+004 -0.194121510909804E+002  0.626279017485905E+002 -0.510940116804983E+000  0.733965674898588E+000 -0.997421301608071E+000 -0.167451030290137E+002 -0.467041819196988E+004
  0.100000000000000E+001  0.934082286377602E+004 -0.194152265455619E+002  0.624888662783494E+002 -0.511055802917658E+000  0.733929262707459E+000 -0.996761512297539E+000 -0.167451030290137E+002 -0.467041143188801E+004
  0.100000000000000E+001  0.934077188056971E+004 -0.194015469760554E+002  0.627712866356647E+002 -0.509718340846380E+000  0.734625963735434E+000 -0.100576904595677E+001 -0.167451030290137E+002 -0.467038594028486E+004
  0.100000000000000E+001  0.934076440496528E+004 -0.194386109991646E+002  0.618824961225167E+002 -0.510187326068314E+000  0.734204488427004E+000 -0.100172773607817E+001 -0.167451030290137E+002 -0.467038220248264E+004
  0.100000000000000E+001  0.934066174202857E+004 -0.194279965497658E+002  0.621010999110192E+002 -0.509224257500455E+000  0.734871053776677E+000 -0.100903692784578E+001 -0.167451030290137E+002 -0.467033087101429E+004
  0.100000000000000E+001  0.934051239385672E+004 -0.194060826083132E+002  0.627242885029477E+002 -0.508568966629499E+000  0.735409245466629E+000 -0.101443219669844E+001 -0.167451030290137E+002 -0.467025619692836E+004
  0.100000000000000E+001  0.934037872949712E+004 -0.194117027020145E+002  0.626616284138342E+002 -0.510265734591047E+000  0.734229752641795E+000 -0.100152829746902E+001 -0.167451030290137E+002 -0.467018936474856E+004
  0.100000000000000E+001  0.934036367299445E+004 -0.194315083285092E+002  0.620277529379335E+002 -0.511717265260518E+000  0.733137102423276E+000 -0.990075034111115E+000 -0.167451030290137E+002 -0.467018183649722E+004
  0.100000000000000E+001  0.934035085196117E+004 -0.194257024393299E+002  0.621638976768781E+002 -0.510099236964645E+000  0.734591025590099E+000 -0.100401961165076E+001 -0.167451030290137E+002 -0.467017542598059E+004
  0.100000000000000E+001  0.934023540465132E+004 -0.194143242399445E+002  0.623844948220260E+002 -0.509708194184870E+000  0.734743952903688E+000 -0.100639963405213E+001 -0.167451030290137E+002 -0.467011770232566E+004
  0.100000000000000E+001  0.934020667511948E+004 -0.194171791423249E+002  0.623940635334736E+002 -0.509636648513453E+000  0.734947543210874E+000 -0.100771213618972E+001 -0.167451030290137E+002 -0.467010333755974E+004
  0.100000000000000E+001  0.934020445272179E+004 -0.194116833244903E+002  0.625384912085830E+002 -0.509543949795558E+000  0.734989329101243E+000 -0.100830381664106E+001 -0.167451030290137E+002 -0.467010222636090E+004
  0.100000000000000E+001  0.933991193489041E+004 -0.194154414180177E+002  0.625554595781388E+002 -0.511120440071575E+000  0.733496583230908E+000 -0.994337317036582E+000 -0.167451030290137E+002 -0.466995596744520E+004
  0.100000000000000E+001  0.933986029457689E+004 -0.194080117338566E+002  0.627289470070117E+002 -0.512314414534534E+000  0.732985356408996E+000 -0.986847512561368E+000 -0.167451030290137E+002 -0.466993014728844E+004
  0.100000000000000E+001  0.933977111978623E+004 -0.194233673866459E+002  0.622190159671488E+002 -0.508983951711113E+000  0.734999087768898E+000 -0.101067055844557E+001 -0.167451030290137E+002 -0.466988555989311E+004
  0.100000000000000E+001  0.933962249415341E+004 -0.194028992616546E+002  0.627660202604343E+002 -0.508563450039273E+000  0.735380063978130E+000 -0.101430991120037E+001 -0.167451030290137E+002 -0.466981124707671E+004
  0.100000000000000E+001  0.933955855262281E+004 -0.194275371363475E+002  0.621113425280732E+002 -0.509862402700390E+000  0.734734374194112E+000 -0.100571445937463E+001 -0.167451030290137E+002 -0.466977927631140E+004
  0.100000000000000E+001  0.933955139694398E+004 -0.194208347185746E+002  0.622316477700612E+002 -0.508904523640162E+000  0.735116060805927E+000 -0.101158204060971E+001 -0.167451030290137E+002 -0.466977569847199E+004
  0.100000000000000E+001  0.933953602396197E+004 -0.194395521260122E+002  0.617770238581745E+002 -0.510585996607076E+000  0.733979575694114E+000 -0.998956226638214E+000 -0.167451030290137E+002 -0.466976801198099E+004
  0.100000000000000E+001  0.933953583906511E+004 -0.194170402387804E+002  0.624035939302391E+002 -0.508895720163139E+000  0.735225447706513E+000 -0.101216328088752E+001 -0.167451030290137E+002 -0.466976791953256E+004
  0.100000000000000E+001  0.933918809907115E+004 -0.193978835355756E+002  0.630204146072456E+002 -0.509378741082075E+000  0.734733521066641E+000 -0.100771214375027E+001 -0.167451030290137E+002 -0.466959404953558E+004
  0.100000000000000E+001  0.933889366864100E+004 -0.193989951950575E+002  0.628678533715719E+002 -0.508854745427284E+000  0.735269719568819E+000 -0.101255371631542E+001 -0.167451030290137E+002 -0.466944683432050E+004
  0.100000000000000E+001  0.933869850680073E+004 -0.193895721276249E+002  0.631897534687932E+002 -0.510764042981098E+000  0.734135818333341E+000 -0.998999038262028E+000 -0.167451030290137E+002 -0.466934925340036E+004
  0.100000000000000E+001  0.933860867875520E+004 -0.193971017288343E+002  0.630719752229963E+002 -0.510554370771541E+000  0.733901567980311E+000 -0.998698849205681E+000 -0.167451030290137E+002 -0.466930433937760E+004
  0.100000000000000E+001  0.933854597751611E+004 -0.193976181856913E+002  0.630031122302143E+002 -0.511095861182999E+000  0.733710155098251E+000 -0.995502475841903E+000 -0.167451030290137E+002 -0.466927298875805E+004
  0.100000000000000E+001  0.933945730692984E+004 -0.194070644672145E+002  0.626898375485863E+002 -0.510152460388080E+000  0.734142394545536E+000 -0.100156314456689E+001 -0.167451030290137E+002 -0.466972865346492E+004
  0.100000000000000E+001  0.933909511292441E+004 -0.194082784893340E+002  0.626191757461265E+002 -0.510700768331179E+000  0.734088960409952E+000 -0.999026324963950E+000 -0.167451030290137E+002 -0.466954755646221E+004
  0.100000000000000E+001  0.933905327278213E+004 -0.194078612563015E+002  0.625440387653848E+002 -0.510029466669000E+000  0.734446726910516E+000 -0.100358817494302E+001 -0.167451030290137E+002 -0.466952663639107E+004
  0.100000000000000E+001  0.933873436794131E+004 -0.194286862015775E+002  0.620736285079786E+002 -0.509998292933025E+000  0.734566359801940E+000 -0.100431391852551E+001 -0.167451030290137E+002 -0.466936718397065E+004
  0.100000000000000E+001  0.933816869811393E+004 -0.194240987030982E+002  0.622329188302942E+002 -0.510291983571146E+000  0.734331342470105E+000 -0.100192658251588E+001 -0.167451030290137E+002 -0.466908434905696E+004
  0.100000000000000E+001  0.933810286298179E+004 -0.194291512327436E+002  0.620498856919561E+002 -0.512788136347941E+000  0.732573634056832E+000 -0.982835287279244E+000 -0.167451030290137E+002 -0.466905143149089E+004
  0.100000000000000E+001  0.933939361349964E+004 -0.193757566218262E+002  0.637392772362228E+002 -0.512574758545761E+000  0.732708386016217E+000 -0.984389431423224E+000 -0.167451030290137E+002 -0.466969680674982E+004
  0.100000000000000E+001  0.933925576466646E+004 -0.193726798456544E+002  0.637781301456477E+002 -0.513136366410746E+000  0.732110468386932E+000 -0.979086454147676E+000 -0.167451030290137E+002 -0.466962788233323E+004
  0.100000000000000E+001  0.933922593994363E+004 -0.193669311949322E+002  0.638733124043843E+002 -0.511193770710610E+000  0.733859468579370E+000 -0.995843457441410E+000 -0.167451030290137E+002 -0.466961296997182E+004
  0.100000000000000E+001  0.933922216914195E+004 -0.193703090759055E+002  0.636912218147023E+002 -0.511296727156411E+000  0.733261978135413E+000 -0.992440269471984E+000 -0.167451030290137E+002 -0.466961108457097E+004
  0.100000000000000E+001  0.933908085184349E+004 -0.193747172995079E+002  0.636832225673476E+002 -0.509938664228519E+000  0.734308687844575E+000 -0.100327700574788E+001 -0.167451030290137E+002 -0.466954042592174E+004
  0.100000000000000E+001  0.933907385203567E+004 -0.193802377380303E+002  0.635843045648629E+002 -0.509555886234271E+000  0.734671069826199E+000 -0.100666721229273E+001 -0.167451030290137E+002 -0.466953692601783E+004
  0.100000000000000E+001  0.933905563684344E+004 -0.193698664192590E+002  0.638842454641420E+002 -0.511013602600765E+000  0.733775150912436E+000 -0.996167123593921E+000 -0.167451030290137E+002 -0.466952781842172E+004
  0.100000000000000E+001  0.933903670275337E+004 -0.193713165517107E+002  0.638553726617003E+002 -0.512253092698732E+000  0.732574500592914E+000 -0.985056546575819E+000 -0.167451030290137E+002 -0.466951835137668E+004
  0.100000000000000E+001  0.933892041943485E+004 -0.193706692299684E+002  0.638818877454030E+002 -0.510232229281346E+000  0.734275272702137E+000 -0.100189434884498E+001 -0.167451030290137E+002 -0.466946020971742E+004
  0.100000000000000E+001  0.933876373693346E+004 -0.193733940432637E+002  0.636484853116417E+002 -0.510786086835478E+000  0.733623279865856E+000 -0.996354406008479E+000 -0.167451030290137E+002 -0.466938186846673E+004
  0.100000000000000E+001  0.933863375889073E+004 -0.193910104403784E+002  0.633264295174380E+002 -0.512232223100024E+000  0.733111319369348E+000 -0.987816749913037E+000 -0.167451030290137E+002 -0.466931687944536E+004
  0.100000000000000E+001  0.933861528919100E+004 -0.193698388966946E+002  0.637523194881571E+002 -0.509776161981551E+000  0.734488087406334E+000 -0.100484341685274E+001 -0.167451030290137E+002 -0.466930764459550E+004
  0.100000000000000E+001  0.933859460052358E+004 -0.193830797413072E+002  0.635376665808894E+002 -0.510831964967852E+000  0.733773121911707E+000 -0.996909260849904E+000 -0.167451030290137E+002 -0.466929730026179E+004
  0.100000000000000E+001  0.933835002953912E+004 -0.193845027679306E+002  0.633594613774295E+002 -0.513001283745809E+000  0.732092739449040E+000 -0.979558785553877E+000 -0.167451030290137E+002 -0.466917501476956E+004
  0.100000000000000E+001  0.933832980600475E+004 -0.193763919532029E+002  0.636041997946249E+002 -0.509809075955785E+000  0.734435464965140E+000 -0.100444509493892E+001 -0.167451030290137E+002 -0.466916490300237E+004
  0.100000000000000E+001  0.933828485230572E+004 -0.193791321174129E+002  0.636769866141834E+002 -0.511945418057201E+000  0.733023769000432E+000 -0.988566059250545E+000 -0.167451030290137E+002 -0.466914242615286E+004
  0.100000000000000E+001  0.933818251895119E+004 -0.193738870309941E+002  0.634960569433703E+002 -0.512332750889112E+000  0.732738741013598E+000 -0.985542933111844E+000 -0.167451030290137E+002 -0.466909125947560E+004
  0.100000000000000E+001  0.933931870389492E+004 -0.193631984985716E+002  0.640857253349425E+002 -0.510932614951066E+000  0.733673556790681E+000 -0.995996573347824E+000 -0.167451030290137E+002 -0.466965935194746E+004
  0.100000000000000E+001  0.933914506232564E+004 -0.193570095037114E+002  0.641849325885394E+002 -0.512916223539059E+000  0.732345992804490E+000 -0.981170610059650E+000 -0.167451030290137E+002 -0.466957253116282E+004
  0.100000000000000E+001  0.933891153201742E+004 -0.193574778783745E+002  0.640377944027965E+002 -0.511917136035918E+000  0.733126528130301E+000 -0.989195083097115E+000 -0.167451030290137E+002 -0.466945576600871E+004
  0.100000000000000E+001  0.933814637545627E+004 -0.193626710696693E+002  0.640055371400806E+002 -0.510718283843172E+000  0.733998079079452E+000 -0.998500813575276E+000 -0.167451030290137E+002 -0.466907318772813E+004
  0.100000000000000E+001  0.933741727059361E+004 -0.193913752415889E+002  0.631616300026423E+002 -0.510011239045090E+000  0.734359774674836E+000 -0.100323048136693E+001 -0.167451030290137E+002 -0.466870863529680E+004
  0.100000000000000E+001  0.933730776545664E+004 -0.193939336636915E+002  0.630387981929244E+002 -0.509868660124623E+000  0.734569593166940E+000 -0.100486636201484E+001 -0.167451030290137E+002 -0.466865388272832E+004
  0.100000000000000E+001  0.933693172534928E+004 -0.193919401645404E+002  0.630609454966306E+002 -0.510702122738495E+000  0.733869719892336E+000 -0.997928230873796E+000 -0.167451030290137E+002 -0.466846586267464E+004
  0.100000000000000E+001  0.933789894573043E+004 -0.194186676451159E+002  0.623504882227732E+002 -0.512104269117496E+000  0.732896619030930E+000 -0.987274942071636E+000 -0.167451030290137E+002 -0.466894947286521E+004
  0.100000000000000E+001  0.933719918551949E+004 -0.194210277396493E+002  0.622958966618228E+002 -0.512317073363790E+000  0.732715678189042E+000 -0.985492943897157E+000 -0.167451030290137E+002 -0.466859959275974E+004
  0.100000000000000E+001  0.933712226641012E+004 -0.194155556683914E+002  0.624182381047384E+002 -0.512286626494684E+000  0.732903555357691E+000 -0.986554742123744E+000 -0.167451030290137E+002 -0.466856113320506E+004
  0.100000000000000E+001  0.933808874487652E+004 -0.193814063167257E+002  0.634863836686240E+002 -0.512987285213630E+000  0.732513277897549E+000 -0.981710718904409E+000 -0.167451030290137E+002 -0.466904437243826E+004
  0.100000000000000E+001  0.933807601772611E+004 -0.193774756870069E+002  0.635478175815381E+002 -0.511391849453004E+000  0.733376028979993E+000 -0.992612630819593E+000 -0.167451030290137E+002 -0.466903800886305E+004
  0.100000000000000E+001  0.933806140157156E+004 -0.193819663432429E+002  0.635885320600126E+002 -0.513386289407531E+000  0.732196913190815E+000 -0.978483061957647E+000 -0.167451030290137E+002 -0.466903070078578E+004
  0.100000000000000E+001  0.933798536528495E+004 -0.193665868277268E+002  0.638795084930592E+002 -0.511945176102216E+000  0.732836591977645E+000 -0.987636176502335E+000 -0.167451030290137E+002 -0.466899268264247E+004
  0.100000000000000E+001  0.933796624115753E+004 -0.193858237606894E+002  0.634194304689974E+002 -0.511661396985746E+000  0.733263257705810E+000 -0.990934732900044E+000 -0.167451030290137E+002 -0.466898312057876E+004
  0.100000000000000E+001  0.933786261170179E+004 -0.193868066875770E+002  0.634455961399001E+002 -0.512929957158236E+000  0.732580801700394E+000 -0.982285028269388E+000 -0.167451030290137E+002 -0.466893130585090E+004
  0.100000000000000E+001  0.933779375832210E+004 -0.193825894650506E+002  0.633332441173556E+002 -0.512289646871110E+000  0.732928619830789E+000 -0.986667134475582E+000 -0.167451030290137E+002 -0.466889687916105E+004
  0.100000000000000E+001  0.933774436167247E+004 -0.193744419767822E+002  0.635528324426772E+002 -0.511378187375352E+000  0.733505637032525E+000 -0.993315015765390E+000 -0.167451030290137E+002 -0.466887218083623E+004
  0.100000000000000E+001  0.933763511203818E+004 -0.193885049757270E+002  0.632915149870835E+002 -0.512341569868972E+000  0.732521818958860E+000 -0.984427738249650E+000 -0.167451030290137E+002 -0.466881755601909E+004
  0.100000000000000E+001  0.933763489642042E+004 -0.193890741850144E+002  0.633909410726137E+002 -0.513354716225535E+000  0.731970901665917E+000 -0.977487844527502E+000 -0.167451030290137E+002 -0.466881744821021E+004
  0.100000000000000E+001  0.933744533971711E+004 -0.193808741355623E+002  0.635204758148863E+002 -0.511888641411745E+000  0.733210515100245E+000 -0.989731572014946E+000 -0.167451030290137E+002 -0.466872266985856E+004
  0.100000000000000E+001  0.933743209192691E+004 -0.193768801971703E+002  0.636731684195428E+002 -0.512029597580410E+000  0.732846344264125E+000 -0.987334446218696E+000 -0.167451030290137E+002 -0.466871604596346E+004
  0.100000000000000E+001  0.933723043231560E+004 -0.193808828188322E+002  0.632855656019999E+002 -0.513968333221856E+000  0.731721782428956E+000 -0.973707286487752E+000 -0.167451030290137E+002 -0.466861521615780E+004
  0.100000000000000E+001  0.933713492644628E+004 -0.193658994563746E+002  0.639070088161003E+002 -0.512667793858545E+000  0.732410686702895E+000 -0.982522221510166E+000 -0.167451030290137E+002 -0.466856746322314E+004
  0.100000000000000E+001  0.933702959102318E+004 -0.193766822545954E+002  0.635533463162146E+002 -0.511338826164108E+000  0.733430423684842E+000 -0.993103300965075E+000 -0.167451030290137E+002 -0.466851479551159E+004
  0.100000000000000E+001  0.933698246552106E+004 -0.193812730586726E+002  0.634091659764428E+002 -0.511438468811765E+000  0.733248526495743E+000 -0.991785440319518E+000 -0.167451030290137E+002 -0.466849123276053E+004
  0.100000000000000E+001  0.933697693197514E+004 -0.193868148834976E+002  0.633755120187608E+002 -0.512753900424846E+000  0.732614101289393E+000 -0.983178644051733E+000 -0.167451030290137E+002 -0.466848846598757E+004
  0.100000000000000E+001  0.933690539316792E+004 -0.193765305807833E+002  0.636644520543904E+002 -0.512850855625024E+000  0.732515577957919E+000 -0.982286348223084E+000 -0.167451030290137E+002 -0.466845269658396E+004
  0.100000000000000E+001  0.933758098886235E+004 -0.193526408581045E+002  0.642875058261875E+002 -0.512786154842970E+000  0.732343781770869E+000 -0.981698959936281E+000 -0.167451030290137E+002 -0.466879049443117E+004
  0.100000000000000E+001  0.933753105223353E+004 -0.193517680009383E+002  0.643288282314333E+002 -0.512723434730659E+000  0.732406811483832E+000 -0.982272414455991E+000 -0.167451030290137E+002 -0.466876552611676E+004
  0.100000000000000E+001  0.933721975309561E+004 -0.193548844199440E+002  0.641814486364191E+002 -0.512707124554721E+000  0.732494369737323E+000 -0.982775731287319E+000 -0.167451030290137E+002 -0.466860987654780E+004
  0.100000000000000E+001  0.933721866514295E+004 -0.193632551962268E+002  0.639898220236930E+002 -0.512854718460016E+000  0.732230938174068E+000 -0.980853689529511E+000 -0.167451030290137E+002 -0.466860933257147E+004
  0.100000000000000E+001  0.933711421614906E+004 -0.193555423564019E+002  0.643485829777877E+002 -0.513562853960025E+000  0.732037870282392E+000 -0.976960097667671E+000 -0.167451030290137E+002 -0.466855710807453E+004
  0.100000000000000E+001  0.933706735015579E+004 -0.193558409274478E+002  0.641882378909716E+002 -0.513354992805602E+000  0.732000470459020E+000 -0.977633863129682E+000 -0.167451030290137E+002 -0.466853367507790E+004
  0.100000000000000E+001  0.933666106578360E+004 -0.193995033684977E+002  0.628079677533536E+002 -0.512228821514920E+000  0.732862854638727E+000 -0.986591281272425E+000 -0.167451030290137E+002 -0.466833053289180E+004
  0.100000000000000E+001  0.933656566926609E+004 -0.193960236161660E+002  0.629662079121934E+002 -0.511781996952990E+000  0.733064325233761E+000 -0.989445072094213E+000 -0.167451030290137E+002 -0.466828283463305E+004
  0.100000000000000E+001  0.933648329041108E+004 -0.194070304369018E+002  0.628311852281813E+002 -0.512551992734226E+000  0.732551201019096E+000 -0.983701265870906E+000 -0.167451030290137E+002 -0.466824164520554E+004
  0.100000000000000E+001  0.933634171278632E+004 -0.193946644009385E+002  0.629933641872551E+002 -0.511463871029050E+000  0.733362121449222E+000 -0.992245368428812E+000 -0.167451030290137E+002 -0.466817085639316E+004
  0.100000000000000E+001  0.933634014854164E+004 -0.193897719219530E+002  0.631635181399372E+002 -0.511875526303573E+000  0.733035044216395E+000 -0.988911747950112E+000 -0.167451030290137E+002 -0.466817007427082E+004
  0.100000000000000E+001  0.933652689550606E+004 -0.194103069909992E+002  0.626561928367770E+002 -0.512083088577573E+000  0.732915011098516E+000 -0.987454392778659E+000 -0.167451030290137E+002 -0.466826344775303E+004
  0.100000000000000E+001  0.933683929838649E+004 -0.193636919817228E+002  0.639518339861714E+002 -0.512822678569047E+000  0.732284621807864E+000 -0.981253405785537E+000 -0.167451030290137E+002 -0.466841964919325E+004
  0.100000000000000E+001  0.933671145399676E+004 -0.193880880871794E+002  0.633183328164221E+002 -0.512523208451643E+000  0.732687352233373E+000 -0.984498106375696E+000 -0.167451030290137E+002 -0.466835572699838E+004
  0.100000000000000E+001  0.933663651196524E+004 -0.193810667974810E+002  0.634321973737172E+002 -0.512553586737345E+000  0.732743164727665E+000 -0.984650744210199E+000 -0.167451030290137E+002 -0.466831825598262E+004
  0.100000000000000E+001  0.933656333930325E+004 -0.193847087566688E+002  0.634449277111010E+002 -0.513675562721585E+000  0.731689606387425E+000 -0.974759244225069E+000 -0.167451030290137E+002 -0.466828166965162E+004
  0.100000000000000E+001  0.933653766322418E+004 -0.193686646143446E+002  0.638136500946748E+002 -0.513462109082759E+000  0.731914267663370E+000 -0.976761102009064E+000 -0.167451030290137E+002 -0.466826883161209E+004
  0.100000000000000E+001  0.933653762221908E+004 -0.193816012696851E+002  0.635240519765869E+002 -0.512172857206139E+000  0.732722044917837E+000 -0.986122573218466E+000 -0.167451030290137E+002 -0.466826881110954E+004
  0.100000000000000E+001  0.933652638504963E+004 -0.193699655708529E+002  0.639387127896393E+002 -0.512693523976206E+000  0.732552045237036E+000 -0.983119425653214E+000 -0.167451030290137E+002 -0.466826319252482E+004
  0.100000000000000E+001  0.933650059192331E+004 -0.193804220534306E+002  0.635371994556441E+002 -0.511549891349810E+000  0.733361655309752E+000 -0.991886819316491E+000 -0.167451030290137E+002 -0.466825029596165E+004
  0.100000000000000E+001  0.933642675702855E+004 -0.193840031632933E+002  0.634411896915012E+002 -0.512961801929549E+000  0.732137227149817E+000 -0.979943940612841E+000 -0.167451030290137E+002 -0.466821337851428E+004
  0.100000000000000E+001  0.933635008544457E+004 -0.193772620802883E+002  0.635179673577039E+002 -0.513692711927161E+000  0.731624967775835E+000 -0.974367137275721E+000 -0.167451030290137E+002 -0.466817504272229E+004
  0.100000000000000E+001  0.933627122886016E+004 -0.193849076220042E+002  0.634454247875476E+002 -0.514443628107096E+000  0.731229357807091E+000 -0.969287315624570E+000 -0.167451030290137E+002 -0.466813561443008E+004
  0.100000000000000E+001  0.933608494241136E+004 -0.193766497991603E+002  0.635875062432458E+002 -0.511515865001886E+000  0.733420818433109E+000 -0.992322592613760E+000 -0.167451030290137E+002 -0.466804247120568E+004
  0.100000000000000E+001  0.933605129842334E+004 -0.193643055211686E+002  0.639488704428067E+002 -0.513950823309129E+000  0.731741407627540E+000 -0.973877308673153E+000 -0.167451030290137E+002 -0.466802564921167E+004
  0.100000000000000E+001  0.933677842517488E+004 -0.193580537200754E+002  0.641913018158290E+002 -0.512623987349144E+000  0.732673432366566E+000 -0.984012053020919E+000 -0.167451030290137E+002 -0.466838921258744E+004
  0.100000000000000E+001  0.933674740229139E+004 -0.193564594779710E+002  0.641451043798724E+002 -0.513534330672589E+000  0.731903484811625E+000 -0.976408407253189E+000 -0.167451030290137E+002 -0.466837370114569E+004
  0.100000000000000E+001  0.933597473773517E+004 -0.194068721552018E+002  0.627538538574456E+002 -0.511653652414541E+000  0.733333418149400E+000 -0.991316742015144E+000 -0.167451030290137E+002 -0.466798736886759E+004
  0.100000000000000E+001  0.933602441726611E+004 -0.193832114214756E+002  0.634656307171315E+002 -0.513078116480373E+000  0.732077470425651E+000 -0.979164578386644E+000 -0.167451030290137E+002 -0.466801220863306E+004
  0.100000000000000E+001  0.933601963095842E+004 -0.193492477171284E+002  0.643848709918837E+002 -0.513546362567660E+000  0.731953872345013E+000 -0.976609709655889E+000 -0.167451030290137E+002 -0.466800981547921E+004
  0.100000000000000E+001  0.933555341936738E+004 -0.193964891957691E+002  0.629931630058280E+002 -0.513040708212182E+000  0.732314754705998E+000 -0.980500039142512E+000 -0.167451030290137E+002 -0.466777670968369E+004
  0.100000000000000E+001  0.933590368244104E+004 -0.193645082635899E+002  0.640708053338060E+002 -0.514015167302057E+000  0.731509763026253E+000 -0.972457618011205E+000 -0.167451030290137E+002 -0.466795184122052E+004
  0.100000000000000E+001  0.933510708657575E+004 -0.193726052158253E+002  0.638293502694633E+002 -0.513433486424847E+000  0.731955474360213E+000 -0.977085058195598E+000 -0.167451030290137E+002 -0.466755354328788E+004
  0.100000000000000E+001  0.933487139723919E+004 -0.193831170790056E+002  0.634989695818457E+002 -0.513048266642988E+000  0.732291911812684E+000 -0.980355170617486E+000 -0.167451030290137E+002 -0.466743569861959E+004
  0.100000000000000E+001  0.933463758293809E+004 -0.193824147076194E+002  0.633744253158900E+002 -0.514467564219118E+000  0.731259558730304E+000 -0.969338727505260E+000 -0.167451030290137E+002 -0.466731879146905E+004
  0.100000000000000E+001  0.933445370032657E+004 -0.193810963414276E+002  0.634301847132405E+002 -0.513695649528238E+000  0.731901576480492E+000 -0.975731332896927E+000 -0.167451030290137E+002 -0.466722685016329E+004
  0.100000000000000E+001  0.933415928961937E+004 -0.193725532843881E+002  0.637327110983683E+002 -0.514183819909156E+000  0.731570120143683E+000 -0.972059992395714E+000 -0.167451030290137E+002 -0.466707964480969E+004
  0.100000000000000E+001  0.933376399488644E+004 -0.193607080750532E+002  0.640568928480532E+002 -0.514650347163431E+000  0.731148556043891E+000 -0.968029599014969E+000 -0.167451030290137E+002 -0.466688199744322E+004
  0.100000000000000E+001  0.933386709124374E+004 -0.193816011903590E+002  0.635649407328158E+002 -0.514608442986417E+000  0.731124882907810E+000 -0.968085268479086E+000 -0.167451030290137E+002 -0.466693354562187E+004
  0.100000000000000E+001  0.933320380937571E+004 -0.193976189372953E+002  0.629835070296935E+002 -0.514837612216179E+000  0.731008435042844E+000 -0.966556710488348E+000 -0.167451030290137E+002 -0.466660190468785E+004
