 -0.159615954359366E+002  0.605302506110023E+002 -0.123530352539471E+001  0.133405232412353E+001 -0.107536384819057E+002 -0.407694698964475E+005 -0.407694698964475E+005
 -0.166422605372282E+002  0.607610951004486E+002 -0.123212796122938E+001  0.132733109571326E+001 -0.107536384819057E+002 -0.407694676443078E+005 -0.407694676443078E+005
 -0.162127269525073E+002  0.603764172917913E+002 -0.123571109033143E+001  0.133491547811054E+001 -0.107536384819057E+002 -0.407694699039175E+005 -0.407694699039175E+005
 -0.169551396690825E+002  0.611910151992302E+002 -0.123356961014173E+001  0.133036392937071E+001 -0.107536384819057E+002 -0.407694696465632E+005 -0.407694696465632E+005
 -0.189508050561267E+002  0.618829443232728E+002 -0.123056916000166E+001  0.132405559845806E+001 -0.107536384819057E+002 -0.407694668762491E+005 -0.407694668762491E+005
 -0.193886366003667E+002  0.594443176180293E+002 -0.123089784364938E+001  0.132473356504865E+001 -0.107536384819057E+002 -0.407694675190283E+005 -0.407694675190283E+005
 -0.172603198678712E+002  0.607909879302832E+002 -0.123537277513249E+001  0.133419564133294E+001 -0.107536384819057E+002 -0.407694696637824E+005 -0.407694696637824E+005
 -0.152963623587727E+002  0.610472314149142E+002 -0.123535635308367E+001  0.133416212236833E+001 -0.107536384819057E+002 -0.407694696734777E+005 -0.407694696734777E+005
 -0.147108355873124E+002  0.612932444657654E+002 -0.123250039821640E+001  0.132811126984942E+001 -0.107536384819057E+002 -0.407694676593753E+005 -0.407694676593753E+005
 -0.191715816607194E+002  0.597563532210503E+002 -0.123014403030291E+001  0.132316601112759E+001 -0.107536384819057E+002 -0.407694670463742E+005 -0.407694670463742E+005
