  0.394480993272792E-001  0.815442640413398E+005  0.119001130883577E+002  0.895022884212489E+002 -0.189930230324382E+001  0.406288697038777E+001 -0.107536384819057E+002 -0.407737418531238E+005
  0.394480993272792E-001  0.815432228258373E+005 -0.179528859073467E+002  0.606769595552651E+002 -0.124394870627401E+001  0.135158536130123E+001 -0.107536384819057E+002 -0.407732212453725E+005
  0.394480993272792E-001  0.815428608267538E+005 -0.168323514200459E+002  0.757196140435775E+002 -0.193358972830405E+001  0.427598057893002E+001 -0.107536384819057E+002 -0.407730402458308E+005
  0.394480993272792E-001  0.815427054106951E+005 -0.105181592921055E+002  0.629988002635282E+002 -0.164271148273188E+001  0.269462516182561E+001 -0.107536384819057E+002 -0.407729625378014E+005
  0.394480993272792E-001  0.815421993446833E+005 -0.157017564381299E+002  0.899457228844369E+002 -0.150135880872867E+001  0.210947629268903E+001 -0.107536384819057E+002 -0.407727095047955E+005
  0.394480993272792E-001  0.815416383174446E+005 -0.798132453137654E+001  0.652066133280041E+002 -0.159867034547939E+001  0.250418721558970E+001 -0.107536384819057E+002 -0.407724289911762E+005
  0.394480993272792E-001  0.815414669997693E+005 -0.293224072901907E+001  0.681212464084966E+002 -0.140983680621505E+001  0.179737845284030E+001 -0.107536384819057E+002 -0.407723433323385E+005
  0.394480993272792E-001  0.815414056045815E+005  0.664526692181976E+001  0.623007416520477E+002 -0.152616333052972E+001  0.220556159206444E+001 -0.107536384819057E+002 -0.407723126347446E+005
  0.394480993272792E-001  0.815413920623289E+005  0.109383058302685E+002  0.551155445496042E+002 -0.192085885168287E+001  0.419650602104273E+001 -0.107536384819057E+002 -0.407723058636183E+005
  0.394480993272792E-001  0.815413011759734E+005 -0.141735805032699E+002  0.917576983193666E+002 -0.151209781381335E+001  0.215354671834131E+001 -0.107536384819057E+002 -0.407722604204406E+005
  0.394480993272792E-001  0.815411056946155E+005  0.126630364226532E+002  0.867732543905542E+002 -0.190803009791473E+001  0.412441594480689E+001 -0.107536384819057E+002 -0.407721626797616E+005
  0.394480993272792E-001  0.815409180495451E+005 -0.345575243669025E+001  0.878520715726764E+002 -0.176666769169178E+001  0.330681017576775E+001 -0.107536384819057E+002 -0.407720688572264E+005
  0.394480993272792E-001  0.815409120042530E+005 -0.445517437543113E+001  0.781956547873107E+002 -0.197430631176049E+001  0.454618241537528E+001 -0.107536384819057E+002 -0.407720658345804E+005
  0.394480993272792E-001  0.815408750302053E+005 -0.354045514896208E+001  0.837709831140488E+002 -0.151219037957733E+001  0.215174674442689E+001 -0.107536384819057E+002 -0.407720473475565E+005
  0.394480993272792E-001  0.815407057969946E+005 -0.112794194978276E+002  0.598968891857204E+002 -0.186208540607576E+001  0.384068896724345E+001 -0.107536384819057E+002 -0.407719627309512E+005
  0.394480993272792E-001  0.815406660339726E+005 -0.910890295765059E+001  0.620020528264535E+002 -0.152159461273395E+001  0.218608985819815E+001 -0.107536384819057E+002 -0.407719428494402E+005
  0.394480993272792E-001  0.815405808455238E+005 -0.529730259781523E+001  0.857619468021899E+002 -0.120563209668132E+001  0.127284467678478E+001 -0.107536384819057E+002 -0.407719002552158E+005
  0.394480993272792E-001  0.815404387352205E+005 -0.102020519278777E+002  0.733515209294876E+002 -0.173679843304554E+001  0.315103251641623E+001 -0.107536384819057E+002 -0.407718292000641E+005
  0.394480993272792E-001  0.815404101908232E+005 -0.178545109604618E+002  0.534223871372898E+002 -0.183711810361963E+001  0.369580423088722E+001 -0.107536384819057E+002 -0.407718149278655E+005
  0.394480993272792E-001  0.815403896426605E+005  0.118495297332481E+002  0.645347704872614E+002 -0.150281043142686E+001  0.211508873505187E+001 -0.107536384819057E+002 -0.407718046537842E+005
  0.394480993272792E-001  0.815401466861676E+005 -0.539692734543748E+001  0.857718926015484E+002 -0.120839307503895E+001  0.127824775520385E+001 -0.107536384819057E+002 -0.407716831755377E+005
  0.394480993272792E-001  0.815401379135290E+005 -0.154526817564150E+002  0.893083687721559E+002 -0.146128093545947E+001  0.196715411086296E+001 -0.107536384819057E+002 -0.407716787892184E+005
  0.394480993272792E-001  0.815398485679761E+005 -0.105213975027429E+002  0.814031466499666E+002 -0.181781012524912E+001  0.358641375270939E+001 -0.107536384819057E+002 -0.407715341164419E+005
  0.394480993272792E-001  0.815398440019755E+005  0.167255562115458E+002  0.619241060926235E+002 -0.184190264870491E+001  0.372950532091332E+001 -0.107536384819057E+002 -0.407715318334416E+005
  0.394480993272792E-001  0.815398387144726E+005  0.237987281769464E+001  0.423728703037594E+002 -0.150007862863213E+001  0.210825598503157E+001 -0.107536384819057E+002 -0.407715291896902E+005
  0.394480993272792E-001  0.815398341919316E+005 -0.159743201368501E+002  0.890146715969871E+002 -0.146461090147363E+001  0.198018486530385E+001 -0.107536384819057E+002 -0.407715269284197E+005
  0.394480993272792E-001  0.815398244824180E+005 -0.993571153681658E+001  0.604376195693584E+002 -0.159193054006518E+001  0.247501259771944E+001 -0.107536384819057E+002 -0.407715220736629E+005
  0.394480993272792E-001  0.815397904929127E+005  0.118179992034719E+002  0.634861932577441E+002 -0.149496608161475E+001  0.208738307855302E+001 -0.107536384819057E+002 -0.407715050789102E+005
  0.394480993272792E-001  0.815397416376125E+005 -0.986621636370898E+001  0.818595524973299E+002 -0.167225495211615E+001  0.283722202789125E+001 -0.107536384819057E+002 -0.407714806512601E+005
  0.394480993272792E-001  0.815397332172622E+005 -0.155703802140310E+002  0.915770488751026E+002 -0.167385751241419E+001  0.284484104911346E+001 -0.107536384819057E+002 -0.407714764410850E+005
  0.394480993272792E-001  0.815396667219669E+005 -0.339113290693881E+001  0.997092616667733E+002 -0.196538879675615E+001  0.448752228250573E+001 -0.107536384819057E+002 -0.407714431934373E+005
  0.394480993272792E-001  0.815396577514377E+005  0.119574228254311E+002  0.497515073253667E+002 -0.141157663602638E+001  0.180158025434529E+001 -0.107536384819057E+002 -0.407714387081727E+005
  0.394480993272792E-001  0.815396377460277E+005 -0.419132107979512E+001  0.892148926208976E+002 -0.119760202107441E+001  0.125797679191896E+001 -0.107536384819057E+002 -0.407714287054677E+005
  0.394480993272792E-001  0.815395954892011E+005  0.533698601688173E+001  0.634590211276525E+002 -0.174861906805262E+001  0.321745183759503E+001 -0.107536384819057E+002 -0.407714075770544E+005
  0.394480993272792E-001  0.815395443386364E+005 -0.160649615883613E+002  0.569558471871526E+002 -0.123396809876498E+001  0.133083520586903E+001 -0.107536384819057E+002 -0.407713820017721E+005
  0.394480993272792E-001  0.815395292680262E+005 -0.193668616666323E+002  0.566751148822427E+002 -0.199569873637903E+001  0.468290081489235E+001 -0.107536384819057E+002 -0.407713744664670E+005
  0.394480993272792E-001  0.815394959786779E+005 -0.323162606009324E+001  0.679648090259786E+002 -0.190281156683446E+001  0.408777981689405E+001 -0.107536384819057E+002 -0.407713578217928E+005
  0.394480993272792E-001  0.815394655242550E+005 -0.192333031969392E+001  0.913641155998529E+002 -0.161914967600568E+001  0.259079641673667E+001 -0.107536384819057E+002 -0.407713425945814E+005
  0.394480993272792E-001  0.815393715722262E+005 -0.253886987706594E+001  0.501642648845171E+002 -0.196470899998011E+001  0.448300148031208E+001 -0.107536384819057E+002 -0.407712956185670E+005
  0.394480993272792E-001  0.815393701645394E+005  0.189379305309886E+002  0.553314563728152E+002 -0.195774903550602E+001  0.443787109948503E+001 -0.107536384819057E+002 -0.407712949147236E+005
  0.394480993272792E-001  0.815393369354023E+005 -0.304264392707299E+000  0.982418439050753E+002 -0.197223860454173E+001  0.452537833776701E+001 -0.107536384819057E+002 -0.407712783001550E+005
  0.394480993272792E-001  0.815393335089071E+005  0.181158857648312E+002  0.450207981602827E+002 -0.197921683777393E+001  0.457348139722917E+001 -0.107536384819057E+002 -0.407712765869074E+005
  0.394480993272792E-001  0.815393238994446E+005  0.515364097922727E+001  0.639688158089773E+002 -0.160322872829880E+001  0.251963518472886E+001 -0.107536384819057E+002 -0.407712717821762E+005
  0.394480993272792E-001  0.815393222534802E+005 -0.182241460848286E+002  0.562187734990739E+002 -0.199769308567697E+001  0.469767388671025E+001 -0.107536384819057E+002 -0.407712709591940E+005
  0.394480993272792E-001  0.815392736214126E+005  0.109746155981528E+002  0.671089172047513E+002 -0.163527979988861E+001  0.266558695506464E+001 -0.107536384819057E+002 -0.407712466431602E+005
  0.394480993272792E-001  0.815392562099905E+005 -0.727029566554014E+001  0.885326339160954E+002 -0.188667992680912E+001  0.399364533428362E+001 -0.107536384819057E+002 -0.407712379374491E+005
  0.394480993272792E-001  0.815392374151382E+005 -0.834195955908505E+000  0.888370513051811E+002 -0.146707292997322E+001  0.198875940820968E+001 -0.107536384819057E+002 -0.407712285400230E+005
  0.394480993272792E-001  0.815391044991058E+005 -0.435119232925836E+001  0.576309215681278E+002 -0.134335856748108E+001  0.159932121610021E+001 -0.107536384819057E+002 -0.407711620820068E+005
  0.394480993272792E-001  0.815391017501775E+005 -0.110330771199055E+002  0.738195694346367E+002 -0.170476406936165E+001  0.299010595091404E+001 -0.107536384819057E+002 -0.407711607075426E+005
  0.394480993272792E-001  0.815390393871804E+005 -0.172076397437692E+001  0.597239565870366E+002 -0.158456889292967E+001  0.243996844070556E+001 -0.107536384819057E+002 -0.407711295260441E+005
  0.394480993272792E-001  0.815390323620401E+005 -0.450540672870276E+001  0.997124405842539E+002 -0.158307867886370E+001  0.243498803866633E+001 -0.107536384819057E+002 -0.407711260134739E+005
  0.394480993272792E-001  0.815390258007399E+005  0.187426922771872E+002  0.546306356030906E+002 -0.185406843742156E+001  0.379424183984329E+001 -0.107536384819057E+002 -0.407711227328238E+005
  0.394480993272792E-001  0.815389830015029E+005 -0.606742073309841E+001  0.756352971922699E+002 -0.162060741674550E+001  0.259719996606794E+001 -0.107536384819057E+002 -0.407711013332053E+005
  0.394480993272792E-001  0.815389668445100E+005 -0.125030387090465E+002  0.964545370305265E+002 -0.156314134509757E+001  0.235291598118423E+001 -0.107536384819057E+002 -0.407710932547089E+005
  0.394480993272792E-001  0.815389059687846E+005  0.163541334832989E+002  0.509931652855263E+002 -0.186432073878314E+001  0.386005914153208E+001 -0.107536384819057E+002 -0.407710628168462E+005
  0.394480993272792E-001  0.815388974649821E+005  0.119872924107737E+002  0.871858626922787E+002 -0.189864259139168E+001  0.406617650007065E+001 -0.107536384819057E+002 -0.407710585649449E+005
  0.394480993272792E-001  0.815388816916890E+005 -0.637815607773396E+001  0.669169188291424E+002 -0.191055089854049E+001  0.413337516052872E+001 -0.107536384819057E+002 -0.407710506782984E+005
  0.394480993272792E-001  0.815388756685320E+005 -0.147308275194508E+002  0.746552335384682E+002 -0.194994456270824E+001  0.438470040307816E+001 -0.107536384819057E+002 -0.407710476667199E+005
  0.394480993272792E-001  0.815388751914162E+005  0.168726640566166E+002  0.494128847976086E+002 -0.186507325610528E+001  0.385886100197689E+001 -0.107536384819057E+002 -0.407710474281620E+005
  0.394480993272792E-001  0.815388722423004E+005 -0.116640011963167E+002  0.703081224067983E+002 -0.168587900872976E+001  0.289798608849311E+001 -0.107536384819057E+002 -0.407710459536041E+005
  0.394480993272792E-001  0.815388643542081E+005 -0.594379952031597E+001  0.581937797044674E+002 -0.187333166057535E+001  0.391097257588561E+001 -0.107536384819057E+002 -0.407710420095579E+005
  0.394480993272792E-001  0.815388119782315E+005  0.428136815512801E-001  0.827614624821740E+002 -0.193263705997359E+001  0.427726719956178E+001 -0.107536384819057E+002 -0.407710158215696E+005
  0.394480993272792E-001  0.815388037309145E+005 -0.510270716891171E+001  0.846347451388640E+002 -0.145720066653389E+001  0.195425663019397E+001 -0.107536384819057E+002 -0.407710116979111E+005
  0.394480993272792E-001  0.815387899311752E+005 -0.441843549688260E+001  0.575395645952767E+002 -0.186162174520706E+001  0.383856656782059E+001 -0.107536384819057E+002 -0.407710047980415E+005
  0.394480993272792E-001  0.815387848463713E+005  0.149602478569523E+002  0.523022230850245E+002 -0.140396025946839E+001  0.177856839825280E+001 -0.107536384819057E+002 -0.407710022556395E+005
  0.394480993272792E-001  0.815387742790004E+005  0.166652988812286E+002  0.412751984087211E+002 -0.183265352992583E+001  0.367377295344202E+001 -0.107536384819057E+002 -0.407709969719541E+005
  0.394480993272792E-001  0.815387283824302E+005  0.180141829197314E+002  0.444580747167843E+002 -0.196130625164952E+001  0.446067240539724E+001 -0.107536384819057E+002 -0.407709740236690E+005
  0.394480993272792E-001  0.815386816643991E+005  0.824499821818151E+000  0.999687867143605E+002 -0.156671903021799E+001  0.236762144228795E+001 -0.107536384819057E+002 -0.407709506646534E+005
  0.394480993272792E-001  0.815386629455999E+005  0.185071458445974E+002  0.436946838781787E+002 -0.198606458567191E+001  0.461853014900830E+001 -0.107536384819057E+002 -0.407709413052538E+005
  0.394480993272792E-001  0.815386529902222E+005 -0.151176222529933E+002  0.659061209488798E+002 -0.158229720033460E+001  0.243397047560265E+001 -0.107536384819057E+002 -0.407709363275650E+005
  0.394480993272792E-001  0.815386498788474E+005  0.124733742087876E+002  0.492255576480237E+002 -0.140347223609461E+001  0.177603537314864E+001 -0.107536384819057E+002 -0.407709347718776E+005
  0.394480993272792E-001  0.815386459199821E+005  0.550752955823294E+001  0.832435339105528E+002 -0.169476384489413E+001  0.294355780366811E+001 -0.107536384819057E+002 -0.407709327924449E+005
  0.394480993272792E-001  0.815386269602282E+005 -0.940223934816322E+001  0.905015076055326E+002 -0.137237279010634E+001  0.168107373147540E+001 -0.107536384819057E+002 -0.407709233125680E+005
  0.394480993272792E-001  0.815386114488980E+005 -0.476091315465468E+001  0.936211716062558E+002 -0.149180045843288E+001  0.207627525474578E+001 -0.107536384819057E+002 -0.407709155569029E+005
  0.394480993272792E-001  0.815385579725386E+005 -0.106953985620706E+002  0.435056958366539E+002 -0.133206925449366E+001  0.156831432112728E+001 -0.107536384819057E+002 -0.407708888187232E+005
  0.394480993272792E-001  0.815384841102189E+005 -0.821211513214658E+001  0.775115712758941E+002 -0.179615638089237E+001  0.347153217241774E+001 -0.107536384819057E+002 -0.407708518875633E+005
  0.394480993272792E-001  0.815384783442003E+005 -0.667613815767845E+001  0.532142729442974E+002 -0.136426405191097E+001  0.165737472159795E+001 -0.107536384819057E+002 -0.407708490045540E+005
  0.394480993272792E-001  0.815384620012649E+005  0.377304122672925E+000  0.862982033209322E+002 -0.197623340307687E+001  0.455359209028202E+001 -0.107536384819057E+002 -0.407708408330863E+005
  0.394480993272792E-001  0.815384557720921E+005 -0.110117305293660E+002  0.929155626648875E+002 -0.160212640034375E+001  0.251505864796403E+001 -0.107536384819057E+002 -0.407708377184999E+005
  0.394480993272792E-001  0.815384221268644E+005  0.459891934253698E+001  0.773210679186944E+002 -0.192420850788136E+001  0.421845640851243E+001 -0.107536384819057E+002 -0.407708208958861E+005
  0.394480993272792E-001  0.815384067586648E+005  0.685845011444597E+001  0.975101643904931E+002 -0.166986630552137E+001  0.282284749043115E+001 -0.107536384819057E+002 -0.407708132117863E+005
  0.394480993272792E-001  0.815383941195582E+005 -0.348977727219356E+001  0.658580827930962E+002 -0.179340694109660E+001  0.345642375062027E+001 -0.107536384819057E+002 -0.407708068922330E+005
  0.394480993272792E-001  0.815383617722720E+005  0.480030067884807E+001  0.428332834132316E+002 -0.197408352232372E+001  0.453793028187925E+001 -0.107536384819057E+002 -0.407707907185899E+005
  0.394480993272792E-001  0.815383283201491E+005 -0.953238932631217E+001  0.915652484151718E+002 -0.136967993178878E+001  0.167248304115982E+001 -0.107536384819057E+002 -0.407707739925284E+005
  0.394480993272792E-001  0.815383216122806E+005 -0.641041101843230E+001  0.946670407098116E+002 -0.120245925268259E+001  0.126712215086897E+001 -0.107536384819057E+002 -0.407707706385942E+005
  0.394480993272792E-001  0.815383155546075E+005 -0.107345037558807E+002  0.455734631263681E+002 -0.158291801522298E+001  0.243317580971432E+001 -0.107536384819057E+002 -0.407707676097576E+005
  0.394480993272792E-001  0.815382921220153E+005  0.112812280410382E+002  0.943024551202591E+002 -0.166018961551977E+001  0.277618671508970E+001 -0.107536384819057E+002 -0.407707558934615E+005
  0.394480993272792E-001  0.815382222856900E+005 -0.233636575367471E+001  0.544376322223995E+002 -0.133852631491469E+001  0.158420013407043E+001 -0.107536384819057E+002 -0.407707209752989E+005
  0.394480993272792E-001  0.815382098453167E+005 -0.105239929078121E+002  0.956764180572417E+002 -0.157930522599365E+001  0.241903360393857E+001 -0.107536384819057E+002 -0.407707147551122E+005
  0.394480993272792E-001  0.815382091237590E+005 -0.369157589897322E+001  0.681896516150618E+002 -0.190578897983850E+001  0.410437227833416E+001 -0.107536384819057E+002 -0.407707143943334E+005
  0.394480993272792E-001  0.815382057898098E+005 -0.191755443249402E+002  0.961677104855728E+002 -0.190930033786289E+001  0.413136786608130E+001 -0.107536384819057E+002 -0.407707127273588E+005
  0.394480993272792E-001  0.815381747435888E+005  0.154264779753792E+002  0.808593920756766E+002 -0.143723916847997E+001  0.188473739759914E+001 -0.107536384819057E+002 -0.407706972042483E+005
  0.394480993272792E-001  0.815381560557208E+005  0.721401878420285E+001  0.773203061322722E+002 -0.193201083566625E+001  0.427306386330126E+001 -0.107536384819057E+002 -0.407706878603143E+005
  0.394480993272792E-001  0.815381176849273E+005 -0.175186662329592E+002  0.965394980422493E+002 -0.167096373116626E+001  0.282691595245225E+001 -0.107536384819057E+002 -0.407706686749175E+005
  0.394480993272792E-001  0.815381083227673E+005 -0.919698651861471E+001  0.793133896144271E+002 -0.153680430354362E+001  0.224559782311957E+001 -0.107536384819057E+002 -0.407706639938375E+005
  0.394480993272792E-001  0.815380682081331E+005  0.175169612365043E+002  0.440969990904702E+002 -0.198523897003011E+001  0.461278984004664E+001 -0.107536384819057E+002 -0.407706439365204E+005
  0.394480993272792E-001  0.815380608078262E+005 -0.287005163414191E+001  0.993453037750912E+002 -0.160468390424159E+001  0.252719651328079E+001 -0.107536384819057E+002 -0.407706402363670E+005
  0.394480993272792E-001  0.815380513145523E+005 -0.181972606916680E+002  0.531577188761317E+002 -0.184191726406359E+001  0.372421681758182E+001 -0.107536384819057E+002 -0.407706354897300E+005
  0.394480993272792E-001  0.815380480125375E+005  0.159898535819776E+002  0.510726567645515E+002 -0.181285602376598E+001  0.356396160602306E+001 -0.107536384819057E+002 -0.407706338387226E+005
  0.394480993272792E-001  0.815380215111006E+005 -0.287119877843956E+001  0.664751566292972E+002 -0.190478433664296E+001  0.410138799629839E+001 -0.107536384819057E+002 -0.407706205880042E+005
  0.394480993272792E-001  0.815380180142651E+005 -0.187924691611377E+002  0.511117350657861E+002 -0.135409925780316E+001  0.162864498194492E+001 -0.107536384819057E+002 -0.407706188395864E+005
  0.394480993272792E-001  0.815379903826971E+005 -0.265719765357014E+001  0.997694464936083E+002 -0.196586938450052E+001  0.448454681985690E+001 -0.107536384819057E+002 -0.407706050238024E+005
  0.394480993272792E-001  0.815379829207846E+005 -0.350948525600941E+001  0.994175969087095E+002 -0.160156552071390E+001  0.251276363953430E+001 -0.107536384819057E+002 -0.407706012928462E+005
  0.394480993272792E-001  0.815379778899582E+005 -0.920782389068993E+001  0.596145017236311E+002 -0.160341154548561E+001  0.252406158736686E+001 -0.107536384819057E+002 -0.407705987774330E+005
  0.394480993272792E-001  0.815379761427624E+005  0.157136190260331E+002  0.762121654514990E+002 -0.145214312170984E+001  0.193672224007568E+001 -0.107536384819057E+002 -0.407705979038351E+005
  0.394480993272792E-001  0.815379661068389E+005  0.850648196071655E+001  0.485710832918820E+002 -0.159732462311617E+001  0.249540712951592E+001 -0.107536384819057E+002 -0.407705928858733E+005
  0.394480993272792E-001  0.815379382901988E+005 -0.191458827400382E+001  0.883999721938395E+002 -0.193285761204896E+001  0.427308925372197E+001 -0.107536384819057E+002 -0.407705789775533E+005
  0.394480993272792E-001  0.815379200778879E+005 -0.162253141813733E+002  0.954887004845885E+002 -0.196547949479780E+001  0.448530222046513E+001 -0.107536384819057E+002 -0.407705698713978E+005
  0.394480993272792E-001  0.815379128674509E+005 -0.181233998262439E+002  0.878236002084048E+002 -0.148453145039804E+001  0.204986182779779E+001 -0.107536384819057E+002 -0.407705662661793E+005
  0.394480993272792E-001  0.815379062934493E+005  0.396578180534275E+001  0.539709343432386E+002 -0.130989422781039E+001  0.150821679239850E+001 -0.107536384819057E+002 -0.407705629791785E+005
  0.394480993272792E-001  0.815378885468379E+005 -0.104814817951259E+002  0.875811969484359E+002 -0.196332894679106E+001  0.446812747280649E+001 -0.107536384819057E+002 -0.407705541058728E+005
  0.394480993272792E-001  0.815378867201236E+005 -0.976730102457858E+001  0.968234824271107E+002 -0.158801438986077E+001  0.245566400803642E+001 -0.107536384819057E+002 -0.407705531925157E+005
  0.394480993272792E-001  0.815378838504749E+005  0.156974653925518E+002  0.502811333724592E+002 -0.179556674073829E+001  0.346809765802511E+001 -0.107536384819057E+002 -0.407705517576913E+005
  0.394480993272792E-001  0.815378783629962E+005 -0.469837694181274E+001  0.679845308790289E+002 -0.188292402914694E+001  0.396564670840810E+001 -0.107536384819057E+002 -0.407705490139520E+005
  0.394480993272792E-001  0.815378751349030E+005 -0.458979295176421E+001  0.877733304526007E+002 -0.119647784025173E+001  0.125621495868030E+001 -0.107536384819057E+002 -0.407705473999054E+005
  0.394480993272792E-001  0.815378664681968E+005 -0.116659084703654E+002  0.603468793178184E+002 -0.186926358029563E+001  0.388507779905016E+001 -0.107536384819057E+002 -0.407705430665523E+005
  0.394480993272792E-001  0.815378546637618E+005  0.120593996924562E+002  0.637905472972391E+002 -0.150221256958283E+001  0.211402382632080E+001 -0.107536384819057E+002 -0.407705371643348E+005
  0.394480993272792E-001  0.815378520677030E+005  0.170385107796793E+002  0.415836239498959E+002 -0.183237188883176E+001  0.367418862078037E+001 -0.107536384819057E+002 -0.407705358663054E+005
  0.394480993272792E-001  0.815378448029563E+005  0.524872092781628E+001  0.428800556685232E+002 -0.197597557405274E+001  0.455154518227548E+001 -0.107536384819057E+002 -0.407705322339320E+005
  0.394480993272792E-001  0.815378393744479E+005 -0.116772707911221E+002  0.444908586204122E+002 -0.134258912905978E+001  0.159594486613057E+001 -0.107536384819057E+002 -0.407705295196778E+005
  0.394480993272792E-001  0.815378374856031E+005 -0.483918390914343E+001  0.580185396095502E+002 -0.169088158593833E+001  0.292629679762515E+001 -0.107536384819057E+002 -0.407705285752554E+005
  0.394480993272792E-001  0.815378364211084E+005  0.140422516246436E+002  0.980752957909498E+002 -0.189431501383078E+001  0.403940121930791E+001 -0.107536384819057E+002 -0.407705280430081E+005
  0.394480993272792E-001  0.815378355614349E+005 -0.699685221559053E+001  0.563143830905019E+002 -0.199767774701525E+001  0.469795437276173E+001 -0.107536384819057E+002 -0.407705276131713E+005
  0.394480993272792E-001  0.815378316695242E+005  0.834268572424104E+001  0.539956264818280E+002 -0.181391612800310E+001  0.356803711159760E+001 -0.107536384819057E+002 -0.407705256672160E+005
  0.394480993272792E-001  0.815378193357293E+005  0.179457943739256E+002  0.443121583366680E+002 -0.197041590606589E+001  0.451959874345896E+001 -0.107536384819057E+002 -0.407705195003185E+005
  0.394480993272792E-001  0.815378185206316E+005 -0.742027351008307E+001  0.757443610443031E+002 -0.173370390184651E+001  0.313686935704954E+001 -0.107536384819057E+002 -0.407705190927697E+005
  0.394480993272792E-001  0.815378123039978E+005 -0.182470621818773E+002  0.958248148617126E+002 -0.192482232388031E+001  0.422351850920280E+001 -0.107536384819057E+002 -0.407705159844528E+005
  0.394480993272792E-001  0.815378100215225E+005 -0.185270363416241E+002  0.864755751656844E+002 -0.148540401585996E+001  0.205155744846031E+001 -0.107536384819057E+002 -0.407705148432151E+005
  0.394480993272792E-001  0.815377893364531E+005  0.150317437367346E+002  0.433589197056540E+002 -0.184448850018960E+001  0.373921680120722E+001 -0.107536384819057E+002 -0.407705045006804E+005
  0.394480993272792E-001  0.815377706767827E+005 -0.187635594796670E+002  0.964530221687162E+002 -0.191946692354426E+001  0.419005259884508E+001 -0.107536384819057E+002 -0.407704951708452E+005
  0.394480993272792E-001  0.815377656081688E+005  0.144669955073429E+002  0.566312877152855E+002 -0.182681032200631E+001  0.363803421582940E+001 -0.107536384819057E+002 -0.407704926365383E+005
  0.394480993272792E-001  0.815377573752511E+005 -0.148307839601601E+002  0.756151080260678E+002 -0.194592700717282E+001  0.435688933158373E+001 -0.107536384819057E+002 -0.407704885200794E+005
  0.394480993272792E-001  0.815377571808019E+005 -0.974393272040846E+001  0.661398118405129E+002 -0.189473266130600E+001  0.404190697566615E+001 -0.107536384819057E+002 -0.407704884228548E+005
  0.394480993272792E-001  0.815377531209918E+005 -0.137292186497205E+002  0.724610462595273E+002 -0.168807861633794E+001  0.290982014317081E+001 -0.107536384819057E+002 -0.407704863929498E+005
  0.394480993272792E-001  0.815377473390859E+005 -0.219184056804812E+001  0.487923258316001E+002 -0.197425685890962E+001  0.453958381652755E+001 -0.107536384819057E+002 -0.407704835019968E+005
  0.394480993272792E-001  0.815377453221855E+005  0.910756073996358E+001  0.832086572838151E+002 -0.173441920627156E+001  0.313966959952289E+001 -0.107536384819057E+002 -0.407704824935466E+005
  0.394480993272792E-001  0.815377311714796E+005 -0.163282015383434E+002  0.901101989299733E+002 -0.146024621560610E+001  0.196299117971518E+001 -0.107536384819057E+002 -0.407704754181937E+005
  0.394480993272792E-001  0.815377298401872E+005 -0.189040872117752E+002  0.883893552316099E+002 -0.144512428086373E+001  0.191053584393214E+001 -0.107536384819057E+002 -0.407704747525475E+005
  0.394480993272792E-001  0.815377194819436E+005  0.120911755454204E+002  0.511941353337241E+002 -0.182774630629852E+001  0.364605439424625E+001 -0.107536384819057E+002 -0.407704695734257E+005
  0.394480993272792E-001  0.815377179730190E+005 -0.119207425704049E+002  0.627252193573159E+002 -0.153039855697155E+001  0.222064086052909E+001 -0.107536384819057E+002 -0.407704688189634E+005
  0.394480993272792E-001  0.815377129465085E+005  0.163452681666235E+002  0.719918656684136E+002 -0.146060249925307E+001  0.196358481486316E+001 -0.107536384819057E+002 -0.407704663057081E+005
  0.394480993272792E-001  0.815377096882396E+005  0.159394930432520E+001  0.885724863421708E+002 -0.199275340339204E+001  0.466197366587031E+001 -0.107536384819057E+002 -0.407704646765737E+005
  0.394480993272792E-001  0.815377045833489E+005 -0.807343628023063E+001  0.899398753379294E+002 -0.189323281512462E+001  0.402805622502756E+001 -0.107536384819057E+002 -0.407704621241283E+005
  0.394480993272792E-001  0.815377014933241E+005 -0.181259722418223E+002  0.474146083270211E+002 -0.182919518934115E+001  0.365236233662937E+001 -0.107536384819057E+002 -0.407704605791159E+005
  0.394480993272792E-001  0.815376972856158E+005  0.114275758963216E+002  0.972759938383090E+002 -0.195860624205648E+001  0.443776935553418E+001 -0.107536384819057E+002 -0.407704584752618E+005
  0.394480993272792E-001  0.815376767122797E+005 -0.700637690239648E+001  0.564254083645848E+002 -0.199978313252369E+001  0.470921920819003E+001 -0.107536384819057E+002 -0.407704481885937E+005
  0.394480993272792E-001  0.815376599071270E+005  0.182446238329758E+002  0.447534648156127E+002 -0.197418391498374E+001  0.453928717410889E+001 -0.107536384819057E+002 -0.407704397860174E+005
  0.394480993272792E-001  0.815376562542464E+005 -0.108307917648336E+002  0.691942696563102E+002 -0.168579904372293E+001  0.289876907521241E+001 -0.107536384819057E+002 -0.407704379595771E+005
  0.394480993272792E-001  0.815376470121856E+005  0.504191187405439E+001  0.531817591632279E+002 -0.131350816439522E+001  0.151899675828998E+001 -0.107536384819057E+002 -0.407704333385467E+005
  0.394480993272792E-001  0.815376391269328E+005 -0.881077974245114E+001  0.769408198311255E+002 -0.180235260746343E+001  0.350120904770304E+001 -0.107536384819057E+002 -0.407704293959203E+005
  0.394480993272792E-001  0.815376335805392E+005 -0.157157400683547E+002  0.958816847964822E+002 -0.196602077689854E+001  0.448607262975277E+001 -0.107536384819057E+002 -0.407704266227235E+005
  0.394480993272792E-001  0.815376280938602E+005  0.188003628735369E+002  0.519168200630042E+002 -0.196079540026819E+001  0.445214014517557E+001 -0.107536384819057E+002 -0.407704238793840E+005
  0.394480993272792E-001  0.815376214053247E+005  0.120541824402005E+002  0.541772742826289E+002 -0.180000230098678E+001  0.348825455009932E+001 -0.107536384819057E+002 -0.407704205351162E+005
  0.394480993272792E-001  0.815376149109166E+005 -0.792164682551844E+001  0.544534618212847E+002 -0.169977130740111E+001  0.296675563533421E+001 -0.107536384819057E+002 -0.407704172879122E+005
  0.394480993272792E-001  0.815376121464153E+005 -0.151614379413161E-001  0.828801602628374E+002 -0.193605769731276E+001  0.429394454285053E+001 -0.107536384819057E+002 -0.407704159056615E+005
  0.394480993272792E-001  0.815376037445546E+005 -0.169911473928016E+002  0.751581467396692E+002 -0.156044310473661E+001  0.234033187336582E+001 -0.107536384819057E+002 -0.407704117047312E+005
  0.394480993272792E-001  0.815376021092991E+005 -0.331596019776708E+001  0.683981058837606E+002 -0.190983039497577E+001  0.413013151237385E+001 -0.107536384819057E+002 -0.407704108871034E+005
  0.394480993272792E-001  0.815375901266330E+005  0.707301022760208E+001  0.643729644322294E+002 -0.191236139386033E+001  0.414546429961398E+001 -0.107536384819057E+002 -0.407704048957704E+005
  0.394480993272792E-001  0.815375896914785E+005 -0.184107670634616E+002  0.875934612376045E+002 -0.145687131249777E+001  0.195069321909443E+001 -0.107536384819057E+002 -0.407704046781931E+005
  0.394480993272792E-001  0.815375884567110E+005  0.129366111791729E+000  0.851611246782893E+002 -0.196855364125116E+001  0.450545187746861E+001 -0.107536384819057E+002 -0.407704040608094E+005
  0.394480993272792E-001  0.815375876362070E+005 -0.193314624556944E+002  0.958986460695296E+002 -0.191702370207303E+001  0.417438774002585E+001 -0.107536384819057E+002 -0.407704036505574E+005
  0.394480993272792E-001  0.815375834975051E+005 -0.176167666677335E+002  0.689490434279351E+002 -0.152906747115637E+001  0.221816510620599E+001 -0.107536384819057E+002 -0.407704015812064E+005
  0.394480993272792E-001  0.815375829824470E+005 -0.377307518088394E+001  0.763425891596369E+002 -0.180080766134891E+001  0.349272844024530E+001 -0.107536384819057E+002 -0.407704013236774E+005
  0.394480993272792E-001  0.815375719349271E+005  0.423618172023763E+001  0.859148760011728E+002 -0.176794653804369E+001  0.331865605513508E+001 -0.107536384819057E+002 -0.407703957999174E+005
  0.394480993272792E-001  0.815375678276357E+005 -0.699172723849380E+001  0.732600019616165E+002 -0.158848905681924E+001  0.245992123564511E+001 -0.107536384819057E+002 -0.407703937462717E+005
  0.394480993272792E-001  0.815375665148775E+005 -0.613151150079383E+001  0.965344776220633E+002 -0.158657182780920E+001  0.244881307396968E+001 -0.107536384819057E+002 -0.407703930898926E+005
  0.394480993272792E-001  0.815375641012046E+005 -0.389761368987688E+001  0.527624150557735E+002 -0.180258384922872E+001  0.350664356712852E+001 -0.107536384819057E+002 -0.407703918830562E+005
  0.394480993272792E-001  0.815375613830684E+005 -0.111660088340697E+002  0.892823400290426E+002 -0.168363664968997E+001  0.288830925056304E+001 -0.107536384819057E+002 -0.407703905239881E+005
  0.394480993272792E-001  0.815375535986567E+005 -0.313618371234991E+001  0.773885728624726E+002 -0.177979942285616E+001  0.337819772264726E+001 -0.107536384819057E+002 -0.407703866317822E+005
  0.394480993272792E-001  0.815375427059686E+005  0.192249925609313E+002  0.965171462488598E+002 -0.188461938933267E+001  0.397624035932075E+001 -0.107536384819057E+002 -0.407703811854382E+005
  0.394480993272792E-001  0.815375418920221E+005  0.839456620252814E+001  0.540856513404454E+002 -0.181094917652658E+001  0.354902085417194E+001 -0.107536384819057E+002 -0.407703807784649E+005
  0.394480993272792E-001  0.815375409766798E+005  0.134885802901261E+002  0.843519248200843E+002 -0.187824291851495E+001  0.394060880367460E+001 -0.107536384819057E+002 -0.407703803207938E+005
  0.394480993272792E-001  0.815375345690339E+005 -0.134029907628001E+001  0.992471670509703E+002 -0.159990529937032E+001  0.250575666775167E+001 -0.107536384819057E+002 -0.407703771169708E+005
  0.394480993272792E-001  0.815375341160226E+005 -0.132469905483169E+002  0.710439390344805E+002 -0.163146370398753E+001  0.264795746718943E+001 -0.107536384819057E+002 -0.407703768904652E+005
  0.394480993272792E-001  0.815375308784799E+005  0.133410057985628E+002  0.511873835356195E+002 -0.134175067704272E+001  0.159315349556022E+001 -0.107536384819057E+002 -0.407703752716938E+005
  0.394480993272792E-001  0.815375290526146E+005  0.120900921134923E+002  0.885702549307031E+002 -0.167395403608683E+001  0.284198249668420E+001 -0.107536384819057E+002 -0.407703743587612E+005
  0.394480993272792E-001  0.815375262023759E+005  0.393064482898211E+000  0.816865064122691E+002 -0.164475897909865E+001  0.270837576477974E+001 -0.107536384819057E+002 -0.407703729336418E+005
  0.394480993272792E-001  0.815375260509979E+005 -0.106243773105656E+002  0.794021595109824E+002 -0.182143318695674E+001  0.361195456742188E+001 -0.107536384819057E+002 -0.407703728579528E+005
  0.394480993272792E-001  0.815375213262299E+005 -0.350406445800648E+001  0.996027700070980E+002 -0.167870823815944E+001  0.286613434397010E+001 -0.107536384819057E+002 -0.407703704955688E+005
  0.394480993272792E-001  0.815375107661533E+005  0.179922987200276E+002  0.706656750010473E+002 -0.186678446470863E+001  0.386989752565287E+001 -0.107536384819057E+002 -0.407703652155305E+005
  0.394480993272792E-001  0.815375078844947E+005  0.184569931296219E+002  0.707991909770570E+002 -0.182916884540534E+001  0.365168324535713E+001 -0.107536384819057E+002 -0.407703637747012E+005
  0.394480993272792E-001  0.815375047980401E+005 -0.109021064511379E+002  0.600200012073875E+002 -0.186636856873164E+001  0.386747506526500E+001 -0.107536384819057E+002 -0.407703622314739E+005
  0.394480993272792E-001  0.815375016363086E+005 -0.104229569528629E+002  0.767306252739675E+002 -0.179396193590665E+001  0.345519036088845E+001 -0.107536384819057E+002 -0.407703606506082E+005
  0.394480993272792E-001  0.815374870577178E+005  0.577441344178105E+000  0.966636184862646E+002 -0.162097556975272E+001  0.259792018666367E+001 -0.107536384819057E+002 -0.407703533613128E+005
  0.394480993272792E-001  0.815374818173649E+005 -0.651007365096167E+001  0.857162146941278E+002 -0.157294195610788E+001  0.239235264571976E+001 -0.107536384819057E+002 -0.407703507411363E+005
  0.394480993272792E-001  0.815374791979834E+005 -0.494479780805079E-001  0.997098650487181E+002 -0.161503725994168E+001  0.257475695479987E+001 -0.107536384819057E+002 -0.407703494314456E+005
  0.394480993272792E-001  0.815374711324757E+005  0.176055358239632E+002  0.567336430196045E+002 -0.183441817631166E+001  0.368170775336317E+001 -0.107536384819057E+002 -0.407703453986917E+005
  0.394480993272792E-001  0.815374654483578E+005  0.102007878300562E+002  0.676613501679501E+002 -0.168929953889601E+001  0.291717558066520E+001 -0.107536384819057E+002 -0.407703425566328E+005
  0.394480993272792E-001  0.815374515418244E+005 -0.609863717727814E+001  0.815810971813211E+002 -0.180010717111354E+001  0.348902598161154E+001 -0.107536384819057E+002 -0.407703356033661E+005
  0.394480993272792E-001  0.815374483416806E+005 -0.298175212987413E+001  0.830494144810624E+002 -0.171843242748316E+001  0.305930851485341E+001 -0.107536384819057E+002 -0.407703340032942E+005
  0.394480993272792E-001  0.815374429349435E+005  0.297804631751717E+000  0.856729200035867E+002 -0.179010864902478E+001  0.343451307013719E+001 -0.107536384819057E+002 -0.407703312999256E+005
  0.394480993272792E-001  0.815374409202263E+005 -0.919442540959107E+001  0.887028358915063E+002 -0.180730126156974E+001  0.352906813114850E+001 -0.107536384819057E+002 -0.407703302925670E+005
  0.394480993272792E-001  0.815374397166931E+005 -0.194603369579719E+001  0.842462847693275E+002 -0.150539358342365E+001  0.212582020186068E+001 -0.107536384819057E+002 -0.407703296908004E+005
  0.394480993272792E-001  0.815374373249576E+005 -0.315742246180276E+001  0.764794128342181E+002 -0.177222324224118E+001  0.334142555498136E+001 -0.107536384819057E+002 -0.407703284949327E+005
  0.394480993272792E-001  0.815374307783137E+005  0.347705316659079E+001  0.860529857819512E+002 -0.177789516794059E+001  0.336808306834410E+001 -0.107536384819057E+002 -0.407703252216108E+005
  0.394480993272792E-001  0.815374279792476E+005 -0.696829567425024E+000  0.992404521789817E+002 -0.160678340509251E+001  0.253858066087290E+001 -0.107536384819057E+002 -0.407703238220777E+005
  0.394480993272792E-001  0.815374237284911E+005 -0.158005772950094E+002  0.889280863738670E+002 -0.147834663559871E+001  0.202853521437403E+001 -0.107536384819057E+002 -0.407703216966994E+005
  0.394480993272792E-001  0.815374237056091E+005 -0.385973012151400E+001  0.868670809806416E+002 -0.177007970182929E+001  0.332623257357084E+001 -0.107536384819057E+002 -0.407703216852584E+005
  0.394480993272792E-001  0.815374099047348E+005 -0.466869335736010E+001  0.401835924239800E+002 -0.138828871145589E+001  0.172860421511010E+001 -0.107536384819057E+002 -0.407703147848213E+005
  0.394480993272792E-001  0.815374033435002E+005 -0.110162340425583E+002  0.956096799221087E+002 -0.158180317322770E+001  0.242877809877613E+001 -0.107536384819057E+002 -0.407703115042040E+005
  0.394480993272792E-001  0.815373972089779E+005 -0.538222348022028E+001  0.849777999273445E+002 -0.176923768429601E+001  0.332178991763156E+001 -0.107536384819057E+002 -0.407703084369428E+005
  0.394480993272792E-001  0.815373925347735E+005  0.165973694979663E+002  0.512546194268222E+002 -0.178969539906088E+001  0.343578189423036E+001 -0.107536384819057E+002 -0.407703060998406E+005
  0.394480993272792E-001  0.815373889411248E+005 -0.150697504470929E+002  0.614919377293440E+002 -0.169321151845689E+001  0.293412469516696E+001 -0.107536384819057E+002 -0.407703043030163E+005
  0.394480993272792E-001  0.815373851609254E+005 -0.275771037804850E+001  0.774656475912506E+002 -0.177830136217252E+001  0.337046881273724E+001 -0.107536384819057E+002 -0.407703024129166E+005
  0.394480993272792E-001  0.815373839101451E+005 -0.666484089785979E+001  0.924432043698425E+002 -0.154932821730332E+001  0.229817089209848E+001 -0.107536384819057E+002 -0.407703017875264E+005
  0.394480993272792E-001  0.815373823483297E+005 -0.112964086951899E+002  0.617233947030452E+002 -0.186290054577219E+001  0.385110006066903E+001 -0.107536384819057E+002 -0.407703010066187E+005
  0.394480993272792E-001  0.815373809277711E+005 -0.169809832747621E+000  0.754989509802659E+002 -0.177775635960498E+001  0.336747457587995E+001 -0.107536384819057E+002 -0.407703002963394E+005
  0.394480993272792E-001  0.815373425234746E+005 -0.104603090221588E+002  0.626836468309423E+002 -0.173622054110183E+001  0.314943130011227E+001 -0.107536384819057E+002 -0.407702810941912E+005
  0.394480993272792E-001  0.815373364103329E+005 -0.119731767063290E+002  0.623735999439546E+002 -0.152625589022287E+001  0.220623567252463E+001 -0.107536384819057E+002 -0.407702780376203E+005
  0.394480993272792E-001  0.815373359039493E+005  0.645119339546264E+001  0.611946951560654E+002 -0.156920269498791E+001  0.237634550655043E+001 -0.107536384819057E+002 -0.407702777844285E+005
  0.394480993272792E-001  0.815373267222721E+005 -0.111568886514235E+002  0.620032667893751E+002 -0.172809982586543E+001  0.310797952535378E+001 -0.107536384819057E+002 -0.407702731935899E+005
  0.394480993272792E-001  0.815373263128390E+005  0.476877411033962E+001  0.535698643469477E+002 -0.131389034539578E+001  0.151860001802935E+001 -0.107536384819057E+002 -0.407702729888734E+005
  0.394480993272792E-001  0.815373261690600E+005 -0.101325757753597E+002  0.730921102277938E+002 -0.172460914625491E+001  0.309010284853987E+001 -0.107536384819057E+002 -0.407702729169839E+005
  0.394480993272792E-001  0.815373199056226E+005  0.110895206151092E+002  0.488086252469764E+002 -0.155311737671195E+001  0.231239413595516E+001 -0.107536384819057E+002 -0.407702697852652E+005
  0.394480993272792E-001  0.815373187080719E+005  0.185678746425038E+002  0.433783846554060E+002 -0.198277586551899E+001  0.460058606145425E+001 -0.107536384819057E+002 -0.407702691864898E+005
  0.394480993272792E-001  0.815373155284464E+005  0.667727043646402E+001  0.413564358315391E+002 -0.196818444599090E+001  0.450316197648729E+001 -0.107536384819057E+002 -0.407702675966771E+005
  0.394480993272792E-001  0.815373034835805E+005  0.194746620084452E+002  0.972035126659157E+002 -0.188390741834116E+001  0.397468791874733E+001 -0.107536384819057E+002 -0.407702615742441E+005
  0.394480993272792E-001  0.815372945713627E+005 -0.542092940928852E+001  0.661547480635980E+002 -0.166277782994596E+001  0.278875653821026E+001 -0.107536384819057E+002 -0.407702571181352E+005
  0.394480993272792E-001  0.815372728709694E+005  0.224427314922534E+001  0.793741502722595E+002 -0.169211897637404E+001  0.292911389301542E+001 -0.107536384819057E+002 -0.407702462679386E+005
  0.394480993272792E-001  0.815372728464465E+005 -0.151832067433994E+002  0.916983986293004E+002 -0.168401390012619E+001  0.289287358364295E+001 -0.107536384819057E+002 -0.407702462556771E+005
  0.394480993272792E-001  0.815372650685624E+005 -0.152483447227493E+002  0.472483916385083E+002 -0.155279434859381E+001  0.231110129176862E+001 -0.107536384819057E+002 -0.407702423667351E+005
  0.394480993272792E-001  0.815372648517636E+005 -0.182585535506743E+002  0.873423652515308E+002 -0.145546986903209E+001  0.194594557561411E+001 -0.107536384819057E+002 -0.407702422583357E+005
  0.394480993272792E-001  0.815372595010789E+005 -0.177645745021807E+002  0.876698984315888E+002 -0.145755850294554E+001  0.195359291515556E+001 -0.107536384819057E+002 -0.407702395829933E+005
  0.394480993272792E-001  0.815372544432896E+005  0.149731514761788E+002  0.519817280200304E+002 -0.140405817245405E+001  0.177685839149070E+001 -0.107536384819057E+002 -0.407702370540987E+005
  0.394480993272792E-001  0.815372535392388E+005  0.309905978949037E+001  0.453580548036242E+002 -0.149484953645054E+001  0.208849419571174E+001 -0.107536384819057E+002 -0.407702366020733E+005
  0.394480993272792E-001  0.815372531521076E+005 -0.146260802377807E+002  0.617256208846536E+002 -0.168879513092897E+001  0.291294259379088E+001 -0.107536384819057E+002 -0.407702364085077E+005
  0.394480993272792E-001  0.815372479661104E+005 -0.381793820717426E+001  0.997017778891192E+002 -0.159613399024162E+001  0.249006754810091E+001 -0.107536384819057E+002 -0.407702338155091E+005
  0.394480993272792E-001  0.815372452126255E+005 -0.112568306447836E+002  0.970893960713902E+002 -0.165933378388272E+001  0.277270160184288E+001 -0.107536384819057E+002 -0.407702324387666E+005
  0.394480993272792E-001  0.815372448133653E+005 -0.110969102855443E+002  0.587260094148828E+002 -0.157540543086576E+001  0.240249733196274E+001 -0.107536384819057E+002 -0.407702322391365E+005
  0.394480993272792E-001  0.815372445507210E+005  0.142450323907687E+002  0.535655139325236E+002 -0.192355287114201E+001  0.421947738905429E+001 -0.107536384819057E+002 -0.407702321078144E+005
  0.394480993272792E-001  0.815372433573679E+005 -0.127208092547969E+002  0.716945948942573E+002 -0.166939170934554E+001  0.282014580823798E+001 -0.107536384819057E+002 -0.407702315111378E+005
  0.394480993272792E-001  0.815372368551849E+005  0.191908535841862E+002  0.859542392819724E+002 -0.178652786680339E+001  0.341846850735540E+001 -0.107536384819057E+002 -0.407702282600463E+005
  0.394480993272792E-001  0.815372333741315E+005 -0.785407759839477E+001  0.813235305098557E+002 -0.150108952284891E+001  0.210928288822670E+001 -0.107536384819057E+002 -0.407702265195196E+005
  0.394480993272792E-001  0.815372277379778E+005 -0.184723621727981E+002  0.962006659806674E+002 -0.192112270301068E+001  0.420428005548234E+001 -0.107536384819057E+002 -0.407702237014428E+005
  0.394480993272792E-001  0.815372265511622E+005  0.126147547273627E+002  0.663125423763326E+002 -0.167483800134689E+001  0.284588413009771E+001 -0.107536384819057E+002 -0.407702231080350E+005
  0.394480993272792E-001  0.815372242972024E+005  0.597893409267155E+001  0.424307678763513E+002 -0.197301030682343E+001  0.453476071074617E+001 -0.107536384819057E+002 -0.407702219810551E+005
  0.394480993272792E-001  0.815372212839406E+005 -0.125007783892533E+002  0.984017962535375E+002 -0.155854600087376E+001  0.233439151195400E+001 -0.107536384819057E+002 -0.407702204744242E+005
  0.394480993272792E-001  0.815372209712033E+005  0.500621880858395E+001  0.894125208274493E+002 -0.163495949784307E+001  0.266364740648871E+001 -0.107536384819057E+002 -0.407702203180555E+005
  0.394480993272792E-001  0.815372206166711E+005  0.152611354048549E+000  0.854503582426596E+002 -0.198859750076660E+001  0.463911348808855E+001 -0.107536384819057E+002 -0.407702201407894E+005
  0.394480993272792E-001  0.815372143271922E+005  0.394743460359912E-001  0.856122146345817E+002 -0.198867420425087E+001  0.463814346228491E+001 -0.107536384819057E+002 -0.407702169960500E+005
  0.394480993272792E-001  0.815372131833847E+005  0.106875115949111E+001  0.817071502817473E+002 -0.156441524624131E+001  0.235709785394946E+001 -0.107536384819057E+002 -0.407702164241462E+005
  0.394480993272792E-001  0.815372124153849E+005 -0.115860582329827E+002  0.450341434317867E+002 -0.134631112376096E+001  0.160735638048588E+001 -0.107536384819057E+002 -0.407702160401463E+005
  0.394480993272792E-001  0.815372097603843E+005  0.158319444642694E+002  0.814242236285089E+002 -0.144186150379772E+001  0.189966035861964E+001 -0.107536384819057E+002 -0.407702147126460E+005
  0.394480993272792E-001  0.815372080478219E+005 -0.178146338374205E+002  0.932740919551493E+002 -0.163130524177464E+001  0.264426295669389E+001 -0.107536384819057E+002 -0.407702138563648E+005
  0.394480993272792E-001  0.815372058574645E+005 -0.453539058090018E+001  0.698856153208064E+002 -0.172899111553081E+001  0.311569211003646E+001 -0.107536384819057E+002 -0.407702127611861E+005
  0.394480993272792E-001  0.815372012071834E+005 -0.924814240038157E+001  0.897224053992687E+002 -0.180280493636095E+001  0.350639963241220E+001 -0.107536384819057E+002 -0.407702104360456E+005
  0.394480993272792E-001  0.815372010122533E+005  0.492875734469762E+001  0.853390131069027E+002 -0.168414779966476E+001  0.289349311603436E+001 -0.107536384819057E+002 -0.407702103385805E+005
  0.394480993272792E-001  0.815371967065911E+005 -0.645922415245359E+001  0.692530039724875E+002 -0.164547270419211E+001  0.270878297080172E+001 -0.107536384819057E+002 -0.407702081857494E+005
  0.394480993272792E-001  0.815371902595904E+005 -0.122968932248999E+002  0.613485150217760E+002 -0.176268656413791E+001  0.329058317275667E+001 -0.107536384819057E+002 -0.407702049622491E+005
  0.394480993272792E-001  0.815371848237013E+005  0.159477358807932E+002  0.812279144099196E+002 -0.144042927554002E+001  0.189485928408947E+001 -0.107536384819057E+002 -0.407702022443045E+005
  0.394480993272792E-001  0.815371832941060E+005 -0.522661355900520E+001  0.969575626182373E+002 -0.162630211763956E+001  0.262185608049649E+001 -0.107536384819057E+002 -0.407702014795069E+005
  0.394480993272792E-001  0.815371819651920E+005 -0.940689199059160E+001  0.725301217239636E+002 -0.161620383025259E+001  0.257724883834288E+001 -0.107536384819057E+002 -0.407702008150499E+005
  0.394480993272792E-001  0.815371745479385E+005  0.176607372120569E+002  0.701600914151571E+002 -0.182450934072322E+001  0.362918109404873E+001 -0.107536384819057E+002 -0.407701971064231E+005
  0.394480993272792E-001  0.815371615644824E+005 -0.751343848550447E+001  0.824349385950336E+002 -0.154367628973887E+001  0.227553836012282E+001 -0.107536384819057E+002 -0.407701906146951E+005
  0.394480993272792E-001  0.815371534718579E+005  0.727300207768735E-001  0.826286003489083E+002 -0.175197052556016E+001  0.323299519411290E+001 -0.107536384819057E+002 -0.407701865683828E+005
  0.394480993272792E-001  0.815371519127235E+005  0.246609685855303E+001  0.746503430488372E+002 -0.162981132330819E+001  0.263935679641892E+001 -0.107536384819057E+002 -0.407701857888156E+005
  0.394480993272792E-001  0.815371463911641E+005  0.117340717962910E+002  0.457607803689827E+002 -0.160890632284722E+001  0.254521205174682E+001 -0.107536384819057E+002 -0.407701830280359E+005
  0.394480993272792E-001  0.815371416826709E+005 -0.106332093329329E+002  0.427502603953397E+002 -0.133057783690254E+001  0.156307568086396E+001 -0.107536384819057E+002 -0.407701806737893E+005
  0.394480993272792E-001  0.815371349771529E+005 -0.979836811869662E+001  0.589579405781874E+002 -0.159722587810547E+001  0.249465867362236E+001 -0.107536384819057E+002 -0.407701773210304E+005
  0.394480993272792E-001  0.815371204095519E+005  0.600878753012538E+001  0.622279001705422E+002 -0.154411393632057E+001  0.227726908889738E+001 -0.107536384819057E+002 -0.407701700372299E+005
  0.394480993272792E-001  0.815371119434529E+005  0.616075971533967E+001  0.784266802921174E+002 -0.173269227270036E+001  0.313337310471482E+001 -0.107536384819057E+002 -0.407701658041803E+005
  0.394480993272792E-001  0.815370992566188E+005 -0.470127961482732E+001  0.877615785341052E+002 -0.119584252123225E+001  0.125426478474973E+001 -0.107536384819057E+002 -0.407701594607633E+005
  0.394480993272792E-001  0.815370879868519E+005 -0.183554414947450E+002  0.981175104049278E+002 -0.164907648549815E+001  0.272808404624218E+001 -0.107536384819057E+002 -0.407701538258798E+005
  0.394480993272792E-001  0.815370858772176E+005  0.570828998142180E+001  0.626912802698076E+002 -0.155094879152467E+001  0.230217830452840E+001 -0.107536384819057E+002 -0.407701527710627E+005
  0.394480993272792E-001  0.815370845265135E+005 -0.175764768250472E+002  0.856643878681944E+002 -0.147983686399499E+001  0.203201918911962E+001 -0.107536384819057E+002 -0.407701520957106E+005
  0.394480993272792E-001  0.815370810825588E+005 -0.340982650246247E-001  0.498666661332077E+002 -0.194555666362423E+001  0.435720443617011E+001 -0.107536384819057E+002 -0.407701503737333E+005
  0.394480993272792E-001  0.815370751487238E+005 -0.172034016528834E+002  0.920412249521621E+002 -0.144721023399553E+001  0.191810206256271E+001 -0.107536384819057E+002 -0.407701474068158E+005
  0.394480993272792E-001  0.815370680173825E+005 -0.156006905709211E+002  0.892049869502111E+002 -0.146371027417322E+001  0.197459299316449E+001 -0.107536384819057E+002 -0.407701438411451E+005
  0.394480993272792E-001  0.815370662805076E+005 -0.107671362906933E+002  0.587042737482842E+002 -0.158227218732348E+001  0.243350041048312E+001 -0.107536384819057E+002 -0.407701429727077E+005
  0.394480993272792E-001  0.815370581719173E+005 -0.112309922740749E+002  0.916990531723458E+002 -0.154567191768025E+001  0.228127230008520E+001 -0.107536384819057E+002 -0.407701389184125E+005
  0.394480993272792E-001  0.815370535938971E+005  0.114047842916135E+002  0.960070468312695E+002 -0.165766962100003E+001  0.276790675886893E+001 -0.107536384819057E+002 -0.407701366294024E+005
  0.394480993272792E-001  0.815370516408250E+005 -0.981794589391235E+001  0.753515648629943E+002 -0.182102023320881E+001  0.360939485350475E+001 -0.107536384819057E+002 -0.407701356528664E+005
  0.394480993272792E-001  0.815370296001156E+005 -0.870796764885878E+001  0.978304993786842E+002 -0.152743949470927E+001  0.220943983161084E+001 -0.107536384819057E+002 -0.407701246325117E+005
  0.394480993272792E-001  0.815370276186794E+005 -0.133618448387878E+002  0.967488095992567E+002 -0.153425811870967E+001  0.223601600782994E+001 -0.107536384819057E+002 -0.407701236417936E+005
  0.394480993272792E-001  0.815370275225296E+005 -0.682673199510138E+001  0.932432147554734E+002 -0.155135553691951E+001  0.230395141548066E+001 -0.107536384819057E+002 -0.407701235937187E+005
  0.394480993272792E-001  0.815370263418078E+005  0.334647934196730E+001  0.447523372581646E+002 -0.149495982773937E+001  0.208695498178207E+001 -0.107536384819057E+002 -0.407701230033578E+005
  0.394480993272792E-001  0.815370157348646E+005  0.261029085714621E+001  0.664944886191408E+002 -0.153998408528532E+001  0.225856969334658E+001 -0.107536384819057E+002 -0.407701176998862E+005
  0.394480993272792E-001  0.815370100011693E+005  0.110557162283935E+002  0.502219674127164E+002 -0.154010735284464E+001  0.225913509586429E+001 -0.107536384819057E+002 -0.407701148330385E+005
  0.394480993272792E-001  0.815370054683437E+005  0.172211216100469E+002  0.522442113199530E+002 -0.179737558617193E+001  0.347653421586907E+001 -0.107536384819057E+002 -0.407701125666257E+005
  0.394480993272792E-001  0.815370014201775E+005  0.864250406418703E+001  0.839722000868631E+002 -0.173473699382251E+001  0.314387334146278E+001 -0.107536384819057E+002 -0.407701105425426E+005
  0.394480993272792E-001  0.815369974869800E+005 -0.585174235305248E+001  0.862737878047269E+002 -0.120783374679494E+001  0.127778262432096E+001 -0.107536384819057E+002 -0.407701085759439E+005
  0.394480993272792E-001  0.815369961453204E+005  0.185318213368055E+002  0.435968470265045E+002 -0.198304252567465E+001  0.460210797869509E+001 -0.107536384819057E+002 -0.407701079051141E+005
  0.394480993272792E-001  0.815369763566031E+005 -0.172216476445690E+002  0.910617244786289E+002 -0.145611578360490E+001  0.195021566925567E+001 -0.107536384819057E+002 -0.407700980107554E+005
  0.394480993272792E-001  0.815369730211327E+005  0.464907987568232E+001  0.534409032239098E+002 -0.131079539044042E+001  0.151065570852986E+001 -0.107536384819057E+002 -0.407700963430202E+005
  0.394480993272792E-001  0.815369678863614E+005 -0.314729041901921E+001  0.763437417118235E+002 -0.177220842671201E+001  0.334006120832192E+001 -0.107536384819057E+002 -0.407700937756346E+005
  0.394480993272792E-001  0.815369677815664E+005 -0.155258905588256E+002  0.659646473734956E+002 -0.156960296352533E+001  0.237975989006485E+001 -0.107536384819057E+002 -0.407700937232371E+005
  0.394480993272792E-001  0.815369656953160E+005  0.535546012805927E+001  0.890802632033470E+002 -0.163200932381753E+001  0.265023597801933E+001 -0.107536384819057E+002 -0.407700926801119E+005
  0.394480993272792E-001  0.815369646447777E+005 -0.462936621835096E+001  0.611201105620840E+002 -0.175095535482698E+001  0.322881392461284E+001 -0.107536384819057E+002 -0.407700921548427E+005
  0.394480993272792E-001  0.815369636842858E+005 -0.248633460612986E+000  0.810886686274846E+002 -0.176856833035098E+001  0.332063624746960E+001 -0.107536384819057E+002 -0.407700916745968E+005
  0.394480993272792E-001  0.815369521499923E+005 -0.193680118362252E+002  0.572348831892498E+002 -0.198734982980275E+001  0.463060786854565E+001 -0.107536384819057E+002 -0.407700859074500E+005
  0.394480993272792E-001  0.815369510382917E+005 -0.122060006513633E+002  0.878760173550634E+002 -0.174263689491122E+001  0.318558425819071E+001 -0.107536384819057E+002 -0.407700853515997E+005
  0.394480993272792E-001  0.815369415312185E+005 -0.168882390031570E+002  0.861860114327160E+002 -0.146211270423929E+001  0.196928242316535E+001 -0.107536384819057E+002 -0.407700805980631E+005
  0.394480993272792E-001  0.815369289965106E+005 -0.213397981093910E+001  0.543830562792482E+002 -0.133748907828178E+001  0.158180782080276E+001 -0.107536384819057E+002 -0.407700743307092E+005
  0.394480993272792E-001  0.815369282239831E+005 -0.156628777241760E+002  0.892696954124745E+002 -0.149703395480128E+001  0.209447202298752E+001 -0.107536384819057E+002 -0.407700739444454E+005
  0.394480993272792E-001  0.815369267693241E+005 -0.282919960024337E+001  0.845520062680104E+002 -0.151362750112016E+001  0.215789446940206E+001 -0.107536384819057E+002 -0.407700732171159E+005
  0.394480993272792E-001  0.815369247881332E+005 -0.168874665535325E+002  0.567712559331667E+002 -0.199885415343575E+001  0.470735253031378E+001 -0.107536384819057E+002 -0.407700722265205E+005
  0.394480993272792E-001  0.815369239841625E+005  0.166582235646208E+002  0.667136740039524E+002 -0.180471655531512E+001  0.351710002051847E+001 -0.107536384819057E+002 -0.407700718245351E+005
  0.394480993272792E-001  0.815369212673620E+005  0.334561485167163E+001  0.443595322432979E+002 -0.149294587500119E+001  0.207942281958458E+001 -0.107536384819057E+002 -0.407700704661349E+005
  0.394480993272792E-001  0.815369209381482E+005 -0.505351824780595E+001  0.855283563849436E+002 -0.120549103212691E+001  0.127293459043035E+001 -0.107536384819057E+002 -0.407700703015280E+005
  0.394480993272792E-001  0.815369183961142E+005 -0.676514181870949E+001  0.750059650352259E+002 -0.162870394141008E+001  0.263535252291033E+001 -0.107536384819057E+002 -0.407700690305110E+005
  0.394480993272792E-001  0.815369168390086E+005 -0.214622062336802E+001  0.998413030008706E+002 -0.196407774946702E+001  0.447770038108697E+001 -0.107536384819057E+002 -0.407700682519582E+005
  0.394480993272792E-001  0.815369136222296E+005  0.505312320202379E+001  0.428073570676320E+002 -0.197216006391860E+001  0.453042148325263E+001 -0.107536384819057E+002 -0.407700666435687E+005
  0.394480993272792E-001  0.815369109389813E+005 -0.677096142220552E+001  0.673520683844687E+002 -0.175430659398413E+001  0.324531108887731E+001 -0.107536384819057E+002 -0.407700653019445E+005
  0.394480993272792E-001  0.815369089401632E+005 -0.162923646914482E+002  0.884094401443660E+002 -0.147256370745013E+001  0.200708765747942E+001 -0.107536384819057E+002 -0.407700643025355E+005
  0.394480993272792E-001  0.815368972686370E+005 -0.159910339566104E+002  0.885421254006969E+002 -0.147433489795683E+001  0.201224504344597E+001 -0.107536384819057E+002 -0.407700584667724E+005
  0.394480993272792E-001  0.815368933568403E+005  0.363546035758425E+001  0.528964525629481E+002 -0.131240523474031E+001  0.151560844615116E+001 -0.107536384819057E+002 -0.407700565108740E+005
  0.394480993272792E-001  0.815368913177586E+005 -0.167817817951507E+002  0.565517951450080E+002 -0.123073578868178E+001  0.132456881096826E+001 -0.107536384819057E+002 -0.407700554913332E+005
  0.394480993272792E-001  0.815368879849588E+005 -0.160868397338336E+002  0.885431589611302E+002 -0.147438692379252E+001  0.201237473233181E+001 -0.107536384819057E+002 -0.407700538249333E+005
  0.394480993272792E-001  0.815368833862999E+005 -0.538305760491231E+001  0.816312521148690E+002 -0.158704069789755E+001  0.245358131998343E+001 -0.107536384819057E+002 -0.407700515256038E+005
  0.394480993272792E-001  0.815368729411028E+005 -0.169698064245357E+002  0.860730521581181E+002 -0.146296387128694E+001  0.197218521458752E+001 -0.107536384819057E+002 -0.407700463030053E+005
  0.394480993272792E-001  0.815368662185678E+005  0.169786324135556E+002  0.564061770914934E+002 -0.182984865110260E+001  0.365931739536432E+001 -0.107536384819057E+002 -0.407700429417378E+005
  0.394480993272792E-001  0.815368435290040E+005 -0.181055373995545E+002  0.875100545759979E+002 -0.144691737450968E+001  0.191698309432314E+001 -0.107536384819057E+002 -0.407700315969559E+005
  0.394480993272792E-001  0.815368244198387E+005 -0.190693552742812E+002  0.563119387669091E+002 -0.198731123449060E+001  0.463021563972528E+001 -0.107536384819057E+002 -0.407700220423732E+005
  0.394480993272792E-001  0.815368002159963E+005 -0.333513039390912E+001  0.996586655074840E+002 -0.158559562581211E+001  0.244664810803361E+001 -0.107536384819057E+002 -0.407700099404520E+005
  0.394480993272792E-001  0.815367969462712E+005  0.193509950726685E+002  0.968959313944219E+002 -0.188220812292597E+001  0.396474181795813E+001 -0.107536384819057E+002 -0.407700083055895E+005
  0.394480993272792E-001  0.815367851816756E+005  0.779549049556618E+000  0.945349605161351E+002 -0.160374468824645E+001  0.252437302735214E+001 -0.107536384819057E+002 -0.407700024232917E+005
  0.394480993272792E-001  0.815367836100608E+005 -0.115362530885785E+002  0.696190045711538E+002 -0.163315236925665E+001  0.265450492346774E+001 -0.107536384819057E+002 -0.407700016374843E+005
  0.394480993272792E-001  0.815367806215991E+005 -0.157416994186256E+002  0.842422273721857E+002 -0.146254274044530E+001  0.197248211760696E+001 -0.107536384819057E+002 -0.407700001432534E+005
  0.394480993272792E-001  0.815367783967977E+005 -0.980328222599166E+001  0.986526982377285E+002 -0.151894283808194E+001  0.217818640881538E+001 -0.107536384819057E+002 -0.407699990308527E+005
  0.394480993272792E-001  0.815367782883682E+005 -0.547807536863296E+001  0.596810425559775E+002 -0.134746114103606E+001  0.161051360290354E+001 -0.107536384819057E+002 -0.407699989766380E+005
  0.394480993272792E-001  0.815367496870587E+005 -0.861457105822598E+000  0.977377144559357E+002 -0.160180768572776E+001  0.251599464523110E+001 -0.107536384819057E+002 -0.407699846759833E+005
  0.394480993272792E-001  0.815367482358495E+005  0.518233269248141E+001  0.500144467919082E+002 -0.174986834205643E+001  0.322302156231220E+001 -0.107536384819057E+002 -0.407699839503786E+005
  0.394480993272792E-001  0.815367465757845E+005  0.128562309612010E+002  0.535431274170409E+002 -0.146488114889010E+001  0.198065257415921E+001 -0.107536384819057E+002 -0.407699831203461E+005
  0.394480993272792E-001  0.815367446910663E+005 -0.371696724444346E+001  0.659312739205547E+002 -0.179715521153054E+001  0.347545541354110E+001 -0.107536384819057E+002 -0.407699821779870E+005
  0.394480993272792E-001  0.815367366771758E+005  0.130666164283185E+002  0.673726687446541E+002 -0.178863676079068E+001  0.342966315014282E+001 -0.107536384819057E+002 -0.407699781710418E+005
  0.394480993272792E-001  0.815367247383856E+005 -0.253154282736303E+001  0.996023723151942E+002 -0.196453565393980E+001  0.448045396476321E+001 -0.107536384819057E+002 -0.407699722016467E+005
  0.394480993272792E-001  0.815367204646066E+005 -0.765236418391573E+001  0.898940295179571E+002 -0.154413972564971E+001  0.227655557977000E+001 -0.107536384819057E+002 -0.407699700647572E+005
  0.394480993272792E-001  0.815367174685982E+005 -0.147282762318009E+002  0.813965485428422E+002 -0.196331906478155E+001  0.447193716041260E+001 -0.107536384819057E+002 -0.407699685667530E+005
  0.394480993272792E-001  0.815367170130196E+005 -0.273968250401605E+001  0.782816829822454E+002 -0.177357598932409E+001  0.334750427115606E+001 -0.107536384819057E+002 -0.407699683389637E+005
  0.394480993272792E-001  0.815367165856249E+005 -0.119919254258788E+002  0.685375139976431E+002 -0.157314410649153E+001  0.239449322405711E+001 -0.107536384819057E+002 -0.407699681252663E+005
  0.394480993272792E-001  0.815367127716795E+005 -0.874712889208195E+001  0.791044038783639E+002 -0.162764637658946E+001  0.263052683900874E+001 -0.107536384819057E+002 -0.407699662182936E+005
  0.394480993272792E-001  0.815367100959188E+005 -0.141416148474515E+002  0.992359106738269E+002 -0.161045717154675E+001  0.255438777507281E+001 -0.107536384819057E+002 -0.407699648804133E+005
  0.394480993272792E-001  0.815367044683317E+005  0.123388996095442E+002  0.495219780184954E+002 -0.194007192730974E+001  0.432317916229194E+001 -0.107536384819057E+002 -0.407699620666197E+005
  0.394480993272792E-001  0.815367029620463E+005  0.124754157309434E+002  0.494232717181415E+002 -0.194028683535471E+001  0.432454268954590E+001 -0.107536384819057E+002 -0.407699613134770E+005
  0.394480993272792E-001  0.815367028182941E+005 -0.107141697508962E+002  0.426259353631574E+002 -0.133014136630080E+001  0.156247379245743E+001 -0.107536384819057E+002 -0.407699612416009E+005
  0.394480993272792E-001  0.815367025420409E+005 -0.113508913820338E+002  0.623173779499660E+002 -0.185797646210545E+001  0.382098353657766E+001 -0.107536384819057E+002 -0.407699611034743E+005
  0.394480993272792E-001  0.815366998384823E+005 -0.117229856815846E+002  0.938759143660493E+002 -0.171504318667096E+001  0.304427187598843E+001 -0.107536384819057E+002 -0.407699597516950E+005
  0.394480993272792E-001  0.815366970476547E+005  0.500115660572945E+001  0.487249468183961E+002 -0.175372472499532E+001  0.324236716974463E+001 -0.107536384819057E+002 -0.407699583562812E+005
  0.394480993272792E-001  0.815366927117520E+005  0.121991982715033E+002  0.877461852855471E+002 -0.189062584481420E+001  0.401562481294468E+001 -0.107536384819057E+002 -0.407699561883299E+005
  0.394480993272792E-001  0.815366886971369E+005 -0.175566372207746E+002  0.919630726055921E+002 -0.145180668387356E+001  0.193533120740792E+001 -0.107536384819057E+002 -0.407699541810223E+005
  0.394480993272792E-001  0.815366854480245E+005  0.144045705530146E+002  0.562155255191613E+002 -0.182240321411101E+001  0.361622260921182E+001 -0.107536384819057E+002 -0.407699525564661E+005
  0.394480993272792E-001  0.815366852343767E+005  0.509756294967391E+001  0.482382711115585E+002 -0.175029992543166E+001  0.322523116671465E+001 -0.107536384819057E+002 -0.407699524496422E+005
  0.394480993272792E-001  0.815366806388452E+005  0.119093390964167E+002  0.917979747776735E+002 -0.192533561423931E+001  0.422957827746947E+001 -0.107536384819057E+002 -0.407699501518765E+005
  0.394480993272792E-001  0.815366782986765E+005 -0.190693942002359E+002  0.567050595022620E+002 -0.198841616218800E+001  0.463694178995365E+001 -0.107536384819057E+002 -0.407699489817921E+005
  0.394480993272792E-001  0.815366663080132E+005 -0.104815850671658E+002  0.761374409544636E+002 -0.181042938744084E+001  0.354972446321143E+001 -0.107536384819057E+002 -0.407699429864605E+005
  0.394480993272792E-001  0.815366632899687E+005 -0.183279274542632E+002  0.636323620098282E+002 -0.171780570223767E+001  0.305814007457759E+001 -0.107536384819057E+002 -0.407699414774382E+005
  0.394480993272792E-001  0.815366604128187E+005 -0.100156582108223E+002  0.874505851381603E+002 -0.195687180805066E+001  0.443069397949587E+001 -0.107536384819057E+002 -0.407699400388632E+005
  0.394480993272792E-001  0.815366581317737E+005 -0.114751214897635E+002  0.522750157556489E+002 -0.135767901170616E+001  0.163815287524930E+001 -0.107536384819057E+002 -0.407699388983407E+005
  0.394480993272792E-001  0.815366569044829E+005  0.283536888683270E+001  0.891176138557706E+002 -0.179470967651951E+001  0.346278745083848E+001 -0.107536384819057E+002 -0.407699382846953E+005
  0.394480993272792E-001  0.815366562204333E+005 -0.151114315233222E+002  0.897760211657122E+002 -0.150829608503770E+001  0.213780058782632E+001 -0.107536384819057E+002 -0.407699379426705E+005
  0.394480993272792E-001  0.815367870051964E+005 -0.237388408897786E+000  0.855268484977587E+002 -0.198739060502785E+001  0.463041584816305E+001 -0.107536384819057E+002 -0.407699366436776E+005
  0.394480993272792E-001  0.815367773332770E+005  0.116093026514236E+002  0.891341897293402E+002 -0.189166859851440E+001  0.402200290373675E+001 -0.107536384819057E+002 -0.407699318077179E+005
  0.394480993272792E-001  0.815367768278620E+005  0.397630283985997E-001  0.856916509505643E+002 -0.198781231399781E+001  0.463308566056927E+001 -0.107536384819057E+002 -0.407699315550104E+005
  0.394480993272792E-001  0.815367715503643E+005 -0.494222089368779E+001  0.692723481152213E+002 -0.175301164582205E+001  0.323866976134627E+001 -0.107536384819057E+002 -0.407699289162615E+005
  0.394480993272792E-001  0.815367712254008E+005  0.186085853189122E+002  0.433649705913406E+002 -0.198290701611309E+001  0.460060976451177E+001 -0.107536384819057E+002 -0.407699287537798E+005
  0.394480993272792E-001  0.815367643525783E+005 -0.167037362373249E+001  0.959047862885570E+002 -0.158269702763149E+001  0.243446952393508E+001 -0.107536384819057E+002 -0.407699253173686E+005
  0.394480993272792E-001  0.815367613348852E+005  0.276538860685083E+000  0.855561969691316E+002 -0.179008622396794E+001  0.343747713449762E+001 -0.107536384819057E+002 -0.407699238085220E+005
  0.394480993272792E-001  0.815367602052442E+005 -0.311704131610331E+001  0.778469176932701E+002 -0.177337952956952E+001  0.334651094825700E+001 -0.107536384819057E+002 -0.407699232437015E+005
  0.394480993272792E-001  0.815367599539410E+005 -0.225283953294643E+001  0.547285643728059E+002 -0.133901313674483E+001  0.158583371790403E+001 -0.107536384819057E+002 -0.407699231180499E+005
  0.394480993272792E-001  0.815367588776462E+005 -0.300999954002108E+001  0.975873821479363E+002 -0.160539750800165E+001  0.253160218015566E+001 -0.107536384819057E+002 -0.407699225799025E+005
  0.394480993272792E-001  0.815367522675414E+005 -0.950882633092976E+001  0.874023960390148E+002 -0.195524215112862E+001  0.442005944777698E+001 -0.107536384819057E+002 -0.407699192748501E+005
  0.394480993272792E-001  0.815367497644916E+005  0.123494293724459E+002  0.495631650146947E+002 -0.194034949348305E+001  0.432449207524447E+001 -0.107536384819057E+002 -0.407699180233252E+005
  0.394480993272792E-001  0.815367411668801E+005  0.175174852550231E+002  0.703772937747763E+002 -0.186423838177692E+001  0.385791609654184E+001 -0.107536384819057E+002 -0.407699137245194E+005
  0.394480993272792E-001  0.815367367072582E+005 -0.106785661719639E+002  0.428702381731199E+002 -0.132989594088538E+001  0.156106359853100E+001 -0.107536384819057E+002 -0.407699114947085E+005
  0.394480993272792E-001  0.815367302296511E+005 -0.107490159625447E+002  0.428252682028874E+002 -0.132822693525562E+001  0.155658617514522E+001 -0.107536384819057E+002 -0.407699082559049E+005
  0.394480993272792E-001  0.815367291753025E+005 -0.166635903798679E+002  0.589050794466159E+002 -0.123093196498267E+001  0.132430639730334E+001 -0.107536384819057E+002 -0.407699077287306E+005
  0.394480993272792E-001  0.815367279172212E+005  0.143761812984126E+002  0.534760528222433E+002 -0.192324038140629E+001  0.421686636259570E+001 -0.107536384819057E+002 -0.407699070996900E+005
  0.394480993272792E-001  0.815367198157230E+005 -0.119840200414729E+002  0.446328867803874E+002 -0.131323646787037E+001  0.151713799851246E+001 -0.107536384819057E+002 -0.407699030489409E+005
  0.394480993272792E-001  0.815367165429593E+005  0.188383430920876E+002  0.705275866776073E+002 -0.185989831025880E+001  0.383239333168881E+001 -0.107536384819057E+002 -0.407699014125590E+005
  0.394480993272792E-001  0.815367159546915E+005  0.144304781155748E+002  0.532791391169387E+002 -0.192453401215253E+001  0.422477577202643E+001 -0.107536384819057E+002 -0.407699011184251E+005
  0.394480993272792E-001  0.815367150968292E+005 -0.538651721752083E+001  0.608509298246755E+002 -0.174597305756623E+001  0.320263910664337E+001 -0.107536384819057E+002 -0.407699006894940E+005
  0.394480993272792E-001  0.815367146349207E+005  0.193772830782212E+002  0.969686960640701E+002 -0.188195217334049E+001  0.396343955789918E+001 -0.107536384819057E+002 -0.407699004585397E+005
  0.394480993272792E-001  0.815367144660943E+005  0.119673323519075E+002  0.875693146741389E+002 -0.188705475871994E+001  0.399453320049253E+001 -0.107536384819057E+002 -0.407699003741265E+005
  0.394480993272792E-001  0.815367064623955E+005  0.132318209990841E+001  0.945219853256680E+002 -0.161588065153793E+001  0.257815621516086E+001 -0.107536384819057E+002 -0.407698963722771E+005
  0.394480993272792E-001  0.815366994115906E+005  0.416247316944695E+001  0.534480610518193E+002 -0.131590778201587E+001  0.152405354652959E+001 -0.107536384819057E+002 -0.407698928468747E+005
  0.394480993272792E-001  0.815366954195653E+005 -0.164405155288684E+002  0.600365752063059E+002 -0.123574557160116E+001  0.133433896986053E+001 -0.107536384819057E+002 -0.407698908508620E+005
  0.394480993272792E-001  0.815366893071819E+005 -0.198550169232528E+001  0.920455994246103E+002 -0.162189711174694E+001  0.260478946112288E+001 -0.107536384819057E+002 -0.407698877946703E+005
  0.394480993272792E-001  0.815366881761791E+005 -0.674734365449750E+001  0.886481082114111E+002 -0.156940396359664E+001  0.237965684492244E+001 -0.107536384819057E+002 -0.407698872291689E+005
  0.394480993272792E-001  0.815366819859549E+005 -0.916185727832304E+001  0.800348140176311E+002 -0.163139564582230E+001  0.264667634780991E+001 -0.107536384819057E+002 -0.407698841340568E+005
  0.394480993272792E-001  0.815366784526495E+005  0.122831325592990E+002  0.874397823284388E+002 -0.189056674558814E+001  0.401554324196074E+001 -0.107536384819057E+002 -0.407698823674041E+005
  0.394480993272792E-001  0.815366753952941E+005 -0.153975572180125E+002  0.622655417896643E+002 -0.169660307858608E+001  0.295367290146445E+001 -0.107536384819057E+002 -0.407698808387264E+005
  0.394480993272792E-001  0.815366742691649E+005 -0.180981008935266E+002  0.533056104204117E+002 -0.183628434604780E+001  0.369576586007008E+001 -0.107536384819057E+002 -0.407698802756618E+005
  0.394480993272792E-001  0.815366621645688E+005 -0.121249392303458E+002  0.675570065901909E+002 -0.166828567603447E+001  0.281689362191649E+001 -0.107536384819057E+002 -0.407698742233638E+005
  0.394480993272792E-001  0.815366550155001E+005  0.568643430055279E+001  0.619321701927884E+002 -0.154470799941958E+001  0.227887601073163E+001 -0.107536384819057E+002 -0.407698706488294E+005
  0.394480993272792E-001  0.815366528189116E+005 -0.123729367857593E+002  0.949487957757450E+002 -0.169927085693037E+001  0.296673378544141E+001 -0.107536384819057E+002 -0.407698695505352E+005
  0.394480993272792E-001  0.815366497739774E+005 -0.181938944304909E+002  0.988836915617912E+002 -0.164395040463364E+001  0.270427818365842E+001 -0.107536384819057E+002 -0.407698680280681E+005
  0.394480993272792E-001  0.815366484538476E+005 -0.356136030044764E+001  0.989688068347807E+002 -0.159374312447823E+001  0.248139105731290E+001 -0.107536384819057E+002 -0.407698673680032E+005
  0.394480993272792E-001  0.815366431350080E+005 -0.101867393507379E+002  0.951868925739548E+002 -0.158190693306523E+001  0.243118857496764E+001 -0.107536384819057E+002 -0.407698647085834E+005
  0.394480993272792E-001  0.815366367744138E+005  0.273571492509706E+001  0.892656341876208E+002 -0.179494026946677E+001  0.346350073883868E+001 -0.107536384819057E+002 -0.407698615282863E+005
  0.394480993272792E-001  0.815366355487781E+005 -0.106839247593550E+002  0.808404230837788E+002 -0.182124653997238E+001  0.360989855946537E+001 -0.107536384819057E+002 -0.407698609154684E+005
  0.394480993272792E-001  0.815366242069743E+005  0.964345347818067E-001  0.857580133776995E+002 -0.179167073242874E+001  0.344596993762178E+001 -0.107536384819057E+002 -0.407698552445665E+005
  0.394480993272792E-001  0.815366231065734E+005 -0.180071087894501E+002  0.535126033179514E+002 -0.183468823977803E+001  0.368635748714054E+001 -0.107536384819057E+002 -0.407698546943661E+005
  0.394480993272792E-001  0.815366148155525E+005 -0.174090587037333E+002  0.530190832527503E+002 -0.183084609803504E+001  0.366453416957372E+001 -0.107536384819057E+002 -0.407698505488556E+005
  0.394480993272792E-001  0.815366101582688E+005 -0.151537452557510E+002  0.511747903842022E+002 -0.162737284638873E+001  0.262864469245082E+001 -0.107536384819057E+002 -0.407698482202138E+005
  0.394480993272792E-001  0.815366089510959E+005  0.144691254160285E+002  0.566053897073408E+002 -0.182517081472721E+001  0.363228347710272E+001 -0.107536384819057E+002 -0.407698476166273E+005
  0.394480993272792E-001  0.815366061263574E+005 -0.103971248984260E+002  0.760949353690006E+002 -0.181064643809104E+001  0.355067295840116E+001 -0.107536384819057E+002 -0.407698462042581E+005
  0.394480993272792E-001  0.815366060873958E+005  0.107396160833537E+002  0.962125066863426E+002 -0.166541248152277E+001  0.280389005432643E+001 -0.107536384819057E+002 -0.407698461847773E+005
  0.394480993272792E-001  0.815366051358625E+005  0.144832488000713E+002  0.565553709666391E+002 -0.182540522863578E+001  0.363357202124231E+001 -0.107536384819057E+002 -0.407698457090106E+005
  0.394480993272792E-001  0.815366004581984E+005  0.152751594287301E+002  0.502489108011439E+002 -0.179730346228279E+001  0.347679115255614E+001 -0.107536384819057E+002 -0.407698433701786E+005
  0.394480993272792E-001  0.815365900435839E+005  0.129059258757894E+002  0.802403878808098E+002 -0.181049103480548E+001  0.354967300012302E+001 -0.107536384819057E+002 -0.407698381628713E+005
  0.394480993272792E-001  0.815365898903749E+005 -0.102942650883090E+002  0.951701277757031E+002 -0.169886944378289E+001  0.296425374014632E+001 -0.107536384819057E+002 -0.407698380862668E+005
  0.394480993272792E-001  0.815365876330198E+005 -0.111507680325427E+002  0.691655509912964E+002 -0.163197810276407E+001  0.264934846432207E+001 -0.107536384819057E+002 -0.407698369575893E+005
  0.394480993272792E-001  0.815365861807686E+005 -0.369280822949980E+001  0.702600229089535E+002 -0.174095501147058E+001  0.317616332843044E+001 -0.107536384819057E+002 -0.407698362314637E+005
  0.394480993272792E-001  0.815365832950945E+005  0.170336832611517E+002  0.519748764972495E+002 -0.179050740061489E+001  0.343953386489819E+001 -0.107536384819057E+002 -0.407698347886266E+005
  0.394480993272792E-001  0.815365807901865E+005 -0.454466126157741E+001  0.612503695661546E+002 -0.175061465589893E+001  0.322665140734964E+001 -0.107536384819057E+002 -0.407698335361726E+005
  0.394480993272792E-001  0.815365807435761E+005 -0.135549102160275E+001  0.937140763854247E+002 -0.169610261277256E+001  0.295070301435548E+001 -0.107536384819057E+002 -0.407698335128674E+005
  0.394480993272792E-001  0.815365806802746E+005 -0.992430782707893E+001  0.784966082385869E+002 -0.147922873226365E+001  0.203146414659301E+001 -0.107536384819057E+002 -0.407698334812167E+005
  0.394480993272792E-001  0.815365768930335E+005 -0.465071095618595E+001  0.613207037263560E+002 -0.174805709331653E+001  0.321332202335768E+001 -0.107536384819057E+002 -0.407698315875961E+005
  0.394480993272792E-001  0.815365745099130E+005 -0.129744002945850E+002  0.950125352062108E+002 -0.153690058041397E+001  0.224849588856630E+001 -0.107536384819057E+002 -0.407698303960359E+005
  0.394480993272792E-001  0.815365683633801E+005  0.171807592077694E+001  0.944373010788935E+002 -0.162202998837789E+001  0.260482149156395E+001 -0.107536384819057E+002 -0.407698273227694E+005
  0.394480993272792E-001  0.815365647210606E+005 -0.108373993230366E+002  0.942327642824955E+002 -0.169484096722153E+001  0.294454979607008E+001 -0.107536384819057E+002 -0.407698255016097E+005
  0.394480993272792E-001  0.815365634768835E+005 -0.496548041351550E+001  0.689435584182048E+002 -0.175211799715643E+001  0.323447303421373E+001 -0.107536384819057E+002 -0.407698248795211E+005
  0.394480993272792E-001  0.815365624921665E+005 -0.340867755985853E+001  0.782132416485951E+002 -0.177268573823459E+001  0.334302764628558E+001 -0.107536384819057E+002 -0.407698243871626E+005
  0.394480993272792E-001  0.815365557465743E+005 -0.154405936973354E+002  0.619066836284299E+002 -0.169230537755547E+001  0.293259389732636E+001 -0.107536384819057E+002 -0.407698210143665E+005
  0.394480993272792E-001  0.815365471883227E+005 -0.269299382995935E+001  0.981073365528279E+002 -0.161434365960571E+001  0.257129467316199E+001 -0.107536384819057E+002 -0.407698167352407E+005
  0.394480993272792E-001  0.815365387770106E+005  0.551041685862754E+001  0.626058545934440E+002 -0.154908400138850E+001  0.229640562290603E+001 -0.107536384819057E+002 -0.407698125295847E+005
  0.394480993272792E-001  0.815365265509208E+005 -0.494490961115467E+001  0.688705157921546E+002 -0.175273397854087E+001  0.323758898805353E+001 -0.107536384819057E+002 -0.407698064165398E+005
  0.394480993272792E-001  0.815365245334505E+005 -0.493248826789596E+001  0.688682236275408E+002 -0.175281454721021E+001  0.323799215944474E+001 -0.107536384819057E+002 -0.407698054078046E+005
  0.394480993272792E-001  0.815365189896680E+005 -0.125932139125933E+002  0.951856382481537E+002 -0.153783505121932E+001  0.225215123594243E+001 -0.107536384819057E+002 -0.407698026359134E+005
  0.394480993272792E-001  0.815365110459343E+005 -0.374893017153807E+001  0.703445490210041E+002 -0.174056957892446E+001  0.317433557508517E+001 -0.107536384819057E+002 -0.407697986640465E+005
  0.394480993272792E-001  0.815365007571477E+005 -0.117786519798190E+002  0.939668718625059E+002 -0.170758393596091E+001  0.300758664001203E+001 -0.107536384819057E+002 -0.407697935196532E+005
  0.394480993272792E-001  0.815364953594995E+005 -0.121938290653726E+002  0.675881806367600E+002 -0.166606117974165E+001  0.280652185544757E+001 -0.107536384819057E+002 -0.407697908208291E+005
  0.394480993272792E-001  0.815364778629600E+005  0.117148793142312E+002  0.955639477360090E+002 -0.165322680755523E+001  0.274686726345368E+001 -0.107536384819057E+002 -0.407697820725594E+005
  0.394480993272792E-001  0.815364750931588E+005 -0.126830718250889E+001  0.994684196958910E+002 -0.160877685617125E+001  0.254646693566092E+001 -0.107536384819057E+002 -0.407697806876588E+005
  0.394480993272792E-001  0.815364717791992E+005 -0.802491901341472E+001  0.813457943535865E+002 -0.149721885114835E+001  0.209656491119964E+001 -0.107536384819057E+002 -0.407697790306790E+005
  0.394480993272792E-001  0.815364666043337E+005 -0.126073024748091E+002  0.952913057546618E+002 -0.155505260024975E+001  0.232087737786269E+001 -0.107536384819057E+002 -0.407697764432462E+005
  0.394480993272792E-001  0.815364661655004E+005 -0.128401420822401E+002  0.955207962026824E+002 -0.163850400250354E+001  0.267929148620187E+001 -0.107536384819057E+002 -0.407697762238296E+005
  0.394480993272792E-001  0.815364628138492E+005 -0.152750076166227E+002  0.622623995281042E+002 -0.169777048735972E+001  0.295911799775950E+001 -0.107536384819057E+002 -0.407697745480040E+005
  0.394480993272792E-001  0.815364572591729E+005 -0.153771357327623E+002  0.512242711145539E+002 -0.162637669373023E+001  0.262460605927528E+001 -0.107536384819057E+002 -0.407697717706658E+005
  0.394480993272792E-001  0.815364469697298E+005 -0.554328798800770E+001  0.702042146616634E+002 -0.161804965319747E+001  0.258756383053809E+001 -0.107536384819057E+002 -0.407697666259443E+005
  0.394480993272792E-001  0.815364421660775E+005 -0.653089455342024E+001  0.876397968100970E+002 -0.158182081132028E+001  0.243127949270404E+001 -0.107536384819057E+002 -0.407697642241181E+005
  0.394480993272792E-001  0.815364397844774E+005  0.101712794229211E+002  0.988115107504053E+002 -0.166475906894582E+001  0.280046993638735E+001 -0.107536384819057E+002 -0.407697630333181E+005
  0.394480993272792E-001  0.815364363584530E+005 -0.851409371874773E+001  0.809000184332824E+002 -0.163799446840226E+001  0.267694107737642E+001 -0.107536384819057E+002 -0.407697613203059E+005
  0.394480993272792E-001  0.815364282430005E+005 -0.121892119716563E+002  0.449737279404011E+002 -0.131580877748072E+001  0.152481911904052E+001 -0.107536384819057E+002 -0.407697572625796E+005
  0.394480993272792E-001  0.815364258998224E+005  0.104151239264270E+002  0.965342941746957E+002 -0.166809286346292E+001  0.281624818705953E+001 -0.107536384819057E+002 -0.407697560909906E+005
  0.394480993272792E-001  0.815364238830603E+005 -0.199193937273519E+001  0.993424170090526E+002 -0.161186635373244E+001  0.256003393896712E+001 -0.107536384819057E+002 -0.407697550826095E+005
  0.394480993272792E-001  0.815364204091311E+005  0.109475713070640E+002  0.694177986101713E+002 -0.161895264373724E+001  0.259153042729535E+001 -0.107536384819057E+002 -0.407697533456449E+005
  0.394480993272792E-001  0.815393746462688E+005 -0.129798724003199E+002  0.981862815072744E+002 -0.155604078463841E+001  0.232466168919257E+001 -0.107536384819057E+002 -0.407696873231344E+005
