 -0.179729142387362E+002  0.418387385548725E+002 -0.114922825171681E+001  0.117326678478577E+001 -0.107536384819057E+002 -0.407694337200710E+005 -0.407694337200710E+005
 -0.176524615854953E+002  0.415203568886680E+002 -0.114760026412361E+001  0.117068390391599E+001 -0.107536384819057E+002 -0.407694195612332E+005 -0.407694195612332E+005
 -0.182789482654366E+002  0.417916716749322E+002 -0.115424061633093E+001  0.118143225942428E+001 -0.107536384819057E+002 -0.407694152006332E+005 -0.407694152006332E+005
 -0.178906825467695E+002  0.412172736233320E+002 -0.114790285908833E+001  0.117115426928473E+001 -0.107536384819057E+002 -0.407694083000583E+005 -0.407694083000583E+005
 -0.182646509100736E+002  0.410556096079123E+002 -0.114570137944869E+001  0.116764789651737E+001 -0.107536384819057E+002 -0.407694070518702E+005 -0.407694070518702E+005
 -0.152891043532022E+002  0.448377149703989E+002 -0.116128828282197E+001  0.119313547226923E+001 -0.107536384819057E+002 -0.407694196377469E+005 -0.407694196377469E+005
 -0.157433650630000E+002  0.432818782526686E+002 -0.114729947602691E+001  0.117020251613597E+001 -0.107536384819057E+002 -0.407694184170217E+005 -0.407694184170217E+005
 -0.151590418344089E+002  0.448885555392096E+002 -0.116128780526180E+001  0.119312463096691E+001 -0.107536384819057E+002 -0.407694182539742E+005 -0.407694182539742E+005
 -0.175931471931312E+002  0.417684451940666E+002 -0.114790385036863E+001  0.117117159008518E+001 -0.107536384819057E+002 -0.407694234284055E+005 -0.407694234284055E+005
 -0.179373255362382E+002  0.411405873883532E+002 -0.114796513017211E+001  0.117124379353772E+001 -0.107536384819057E+002 -0.407694206153104E+005 -0.407694206153104E+005
 -0.180582085901106E+002  0.411521137360807E+002 -0.114949281641184E+001  0.117370788718369E+001 -0.107536384819057E+002 -0.407694094204942E+005 -0.407694094204942E+005
 -0.177604123696631E+002  0.414206106287372E+002 -0.114906998432569E+001  0.117304498186821E+001 -0.107536384819057E+002 -0.407694281841125E+005 -0.407694281841125E+005
 -0.162639919578105E+002  0.426778235752273E+002 -0.114622284380553E+001  0.116848757453407E+001 -0.107536384819057E+002 -0.407694215751520E+005 -0.407694215751520E+005
