 -0.194462014207108E+002  0.404306026825044E+002 -0.114587228126856E+001  0.116791099382130E+001 -0.107536384819057E+002 -0.407694095833066E+005 -0.407694095833066E+005
 -0.194678900648058E+002  0.404359677347090E+002 -0.114562953955763E+001  0.116752441278333E+001 -0.107536384819057E+002 -0.407694105487917E+005 -0.407694105487917E+005
 -0.183699647065413E+002  0.431742357974241E+002 -0.113945977605525E+001  0.115785293071943E+001 -0.107536384819057E+002 -0.407694033562084E+005 -0.407694033562084E+005
 -0.188511399641655E+002  0.407629303313265E+002 -0.114387656362471E+001  0.116475171205194E+001 -0.107536384819057E+002 -0.407694079691452E+005 -0.407694079691452E+005
 -0.185453887955599E+002  0.402463379319948E+002 -0.115478549857836E+001  0.118231806286242E+001 -0.107536384819057E+002 -0.407694130686852E+005 -0.407694130686852E+005
 -0.191544352307980E+002  0.400191511006379E+002 -0.115397030215729E+001  0.118099294236190E+001 -0.107536384819057E+002 -0.407694192723843E+005 -0.407694192723843E+005
 -0.192634923753189E+002  0.406504768366061E+002 -0.114047909462652E+001  0.115943003342315E+001 -0.107536384819057E+002 -0.407694039490724E+005 -0.407694039490724E+005
 -0.185114141175612E+002  0.403524281824443E+002 -0.113946722373430E+001  0.115786756424601E+001 -0.107536384819057E+002 -0.407694063192842E+005 -0.407694063192842E+005
 -0.194857629869323E+002  0.404059704740501E+002 -0.114436808664962E+001  0.116554593573689E+001 -0.107536384819057E+002 -0.407694197678691E+005 -0.407694197678691E+005
 -0.193502158495567E+002  0.416837309144755E+002 -0.114000833596764E+001  0.115869507328670E+001 -0.107536384819057E+002 -0.407694061531345E+005 -0.407694061531345E+005
 -0.193093066086136E+002  0.466815859750573E+002 -0.114860958277195E+001  0.117229174028517E+001 -0.107536384819057E+002 -0.407694089044996E+005 -0.407694089044996E+005
 -0.179901657497461E+002  0.425056395995289E+002 -0.114264192423634E+001  0.116282139987643E+001 -0.107536384819057E+002 -0.407694087534946E+005 -0.407694087534946E+005
 -0.194517779800471E+002  0.421144634779747E+002 -0.114842408677998E+001  0.117199015876895E+001 -0.107536384819057E+002 -0.407694085439565E+005 -0.407694085439565E+005
 -0.184636176648295E+002  0.503806070625734E+002 -0.113881975057049E+001  0.115686302897744E+001 -0.107536384819057E+002 -0.407694040267838E+005 -0.407694040267838E+005
 -0.188274738103917E+002  0.423441331589922E+002 -0.113886705986598E+001  0.115691670050434E+001 -0.107536384819057E+002 -0.407694243029634E+005 -0.407694243029634E+005
 -0.192519768359181E+002  0.404827327010992E+002 -0.114743841609641E+001  0.117042547272897E+001 -0.107536384819057E+002 -0.407694202344427E+005 -0.407694202344427E+005
 -0.185542800776093E+002  0.403690484386765E+002 -0.114967935559697E+001  0.117401446662358E+001 -0.107536384819057E+002 -0.407694104378602E+005 -0.407694104378602E+005
 -0.194889012648748E+002  0.417531814691830E+002 -0.115105364743751E+001  0.117622609143672E+001 -0.107536384819057E+002 -0.407694126056475E+005 -0.407694126056475E+005
 -0.194876338502779E+002  0.406770693723593E+002 -0.114737583308475E+001  0.117030801422084E+001 -0.107536384819057E+002 -0.407694097918353E+005 -0.407694097918353E+005
 -0.186556717434888E+002  0.407190503269887E+002 -0.114043909246391E+001  0.115937575040568E+001 -0.107536384819057E+002 -0.407694050195163E+005 -0.407694050195163E+005
 -0.192847535746111E+002  0.403517671945313E+002 -0.114894499161163E+001  0.117281529758888E+001 -0.107536384819057E+002 -0.407694229475191E+005 -0.407694229475191E+005
 -0.182063840999479E+002  0.400416429012568E+002 -0.115295193820321E+001  0.117931808403627E+001 -0.107536384819057E+002 -0.407694114664182E+005 -0.407694114664182E+005
 -0.188780942318741E+002  0.402730828169166E+002 -0.114479109896348E+001  0.116619235018410E+001 -0.107536384819057E+002 -0.407694144934715E+005 -0.407694144934715E+005
 -0.188254225607750E+002  0.404482615530444E+002 -0.114828763372400E+001  0.117175972593619E+001 -0.107536384819057E+002 -0.407694228336132E+005 -0.407694228336132E+005
 -0.184419188913969E+002  0.429345747282278E+002 -0.114141150140311E+001  0.116089642341278E+001 -0.107536384819057E+002 -0.407694109538201E+005 -0.407694109538201E+005
 -0.194601758997768E+002  0.409590213389517E+002 -0.114078152229775E+001  0.115990441673731E+001 -0.107536384819057E+002 -0.407694031193332E+005 -0.407694031193332E+005
 -0.193868947212945E+002  0.401356840111195E+002 -0.115289370481070E+001  0.117923507639463E+001 -0.107536384819057E+002 -0.407694217417197E+005 -0.407694217417197E+005
 -0.194026860790329E+002  0.401288714607323E+002 -0.114041060590830E+001  0.115933540492306E+001 -0.107536384819057E+002 -0.407694100749265E+005 -0.407694100749265E+005
 -0.192072077092160E+002  0.409088297601096E+002 -0.115101306676337E+001  0.117617604132725E+001 -0.107536384819057E+002 -0.407694180388889E+005 -0.407694180388889E+005
 -0.194980967235804E+002  0.400077536790128E+002 -0.114237961888601E+001  0.116240589989537E+001 -0.107536384819057E+002 -0.407694050315070E+005 -0.407694050315070E+005
 -0.193988824350651E+002  0.404437379577095E+002 -0.114768291088604E+001  0.117080101387201E+001 -0.107536384819057E+002 -0.407694086510949E+005 -0.407694086510949E+005
 -0.188180998351602E+002  0.412822212888448E+002 -0.114077532108397E+001  0.115988449896836E+001 -0.107536384819057E+002 -0.407694133964080E+005 -0.407694133964080E+005
 -0.187659932067724E+002  0.401628387513673E+002 -0.115409742633511E+001  0.118118399516284E+001 -0.107536384819057E+002 -0.407694162931191E+005 -0.407694162931191E+005
 -0.191803319670461E+002  0.408852265565634E+002 -0.115638179782992E+001  0.118494648172379E+001 -0.107536384819057E+002 -0.407694147835603E+005 -0.407694147835603E+005
 -0.186118618264579E+002  0.427970081721557E+002 -0.114030310222319E+001  0.115917027825285E+001 -0.107536384819057E+002 -0.407694139871133E+005 -0.407694139871133E+005
 -0.191006936207227E+002  0.413870541627232E+002 -0.114607503602787E+001  0.116824549454067E+001 -0.107536384819057E+002 -0.407694101402003E+005 -0.407694101402003E+005
 -0.188422361965882E+002  0.405313584066810E+002 -0.114284920038913E+001  0.116315120866807E+001 -0.107536384819057E+002 -0.407694158480159E+005 -0.407694158480159E+005
 -0.188658090284196E+002  0.400262793509182E+002 -0.114523156434005E+001  0.116689668225825E+001 -0.107536384819057E+002 -0.407694070345587E+005 -0.407694070345587E+005
 -0.191335022153713E+002  0.417705157153729E+002 -0.114247482166701E+001  0.116255119826730E+001 -0.107536384819057E+002 -0.407694043736743E+005 -0.407694043736743E+005
 -0.184213548415903E+002  0.425809072511920E+002 -0.113913389516487E+001  0.115734121882190E+001 -0.107536384819057E+002 -0.407694030740925E+005 -0.407694030740925E+005
 -0.183504769106022E+002  0.434575563430698E+002 -0.114010299119069E+001  0.115884819243459E+001 -0.107536384819057E+002 -0.407694026577106E+005 -0.407694026577106E+005
 -0.189457606300667E+002  0.448638321520072E+002 -0.114683453818326E+001  0.116944823163299E+001 -0.107536384819057E+002 -0.407694072849457E+005 -0.407694072849457E+005
 -0.184161280471958E+002  0.432112959821967E+002 -0.113955384604143E+001  0.115798046342372E+001 -0.107536384819057E+002 -0.407694250867323E+005 -0.407694250867323E+005
 -0.192784904519809E+002  0.401806038545344E+002 -0.115093197404110E+001  0.117604375331563E+001 -0.107536384819057E+002 -0.407694166160921E+005 -0.407694166160921E+005
 -0.185250466381575E+002  0.425466651397220E+002 -0.115389022762006E+001  0.118085221540245E+001 -0.107536384819057E+002 -0.407694121168223E+005 -0.407694121168223E+005
 -0.193398993378237E+002  0.404403383102028E+002 -0.114830963529764E+001  0.117181231089678E+001 -0.107536384819057E+002 -0.407694097149243E+005 -0.407694097149243E+005
 -0.192510878695229E+002  0.422833968719995E+002 -0.115346772920425E+001  0.118017138474669E+001 -0.107536384819057E+002 -0.407694202013846E+005 -0.407694202013846E+005
 -0.194101302005421E+002  0.411230061146528E+002 -0.114727308788342E+001  0.117014706408629E+001 -0.107536384819057E+002 -0.407694078352735E+005 -0.407694078352735E+005
 -0.180812420503442E+002  0.432303708963955E+002 -0.113954376463109E+001  0.115798631787664E+001 -0.107536384819057E+002 -0.407694064160677E+005 -0.407694064160677E+005
 -0.193372723530710E+002  0.401530217936063E+002 -0.114307363731946E+001  0.116349071638476E+001 -0.107536384819057E+002 -0.407694050576804E+005 -0.407694050576804E+005
 -0.180681312493613E+002  0.401674804867959E+002 -0.115196701787582E+001  0.117771828378226E+001 -0.107536384819057E+002 -0.407694121239242E+005 -0.407694121239242E+005
 -0.193509310902529E+002  0.410008835160491E+002 -0.114696677884327E+001  0.116966164858164E+001 -0.107536384819057E+002 -0.407694076334588E+005 -0.407694076334588E+005
 -0.189948979975206E+002  0.403748741886556E+002 -0.115270548341914E+001  0.117892088019243E+001 -0.107536384819057E+002 -0.407694128560650E+005 -0.407694128560650E+005
 -0.194908444515560E+002  0.400498752034575E+002 -0.114693328471116E+001  0.116959613938600E+001 -0.107536384819057E+002 -0.407694163774633E+005 -0.407694163774633E+005
 -0.186296590549512E+002  0.403262697988756E+002 -0.114849789553463E+001  0.117210296546760E+001 -0.107536384819057E+002 -0.407694127125983E+005 -0.407694127125983E+005
 -0.184501093551259E+002  0.421609568829539E+002 -0.113982177965029E+001  0.115841153709630E+001 -0.107536384819057E+002 -0.407694024732671E+005 -0.407694024732671E+005
 -0.191699165500904E+002  0.401814703984017E+002 -0.115467519233671E+001  0.118212977412267E+001 -0.107536384819057E+002 -0.407694190709601E+005 -0.407694190709601E+005
 -0.174007862870572E+002  0.446074866765053E+002 -0.114940092046993E+001  0.117354938978282E+001 -0.107536384819057E+002 -0.407694220690428E+005 -0.407694220690428E+005
 -0.193596923665395E+002  0.418765611039936E+002 -0.114559679239377E+001  0.116746980333142E+001 -0.107536384819057E+002 -0.407694143429900E+005 -0.407694143429900E+005
 -0.172628391726830E+002  0.431737321025619E+002 -0.115240570767673E+001  0.117842780058046E+001 -0.107536384819057E+002 -0.407694110870931E+005 -0.407694110870931E+005
 -0.178118995859973E+002  0.456268895914878E+002 -0.113842901516863E+001  0.115626337473384E+001 -0.107536384819057E+002 -0.407694096225550E+005 -0.407694096225550E+005
 -0.192991468202653E+002  0.400172847048087E+002 -0.115449202929358E+001  0.118183842573825E+001 -0.107536384819057E+002 -0.407694125272533E+005 -0.407694125272533E+005
 -0.194892605876458E+002  0.405640448194919E+002 -0.114067109796242E+001  0.115973510017379E+001 -0.107536384819057E+002 -0.407694037812024E+005 -0.407694037812024E+005
 -0.186141318536971E+002  0.416036516386633E+002 -0.114475913793993E+001  0.116616263213037E+001 -0.107536384819057E+002 -0.407694164814195E+005 -0.407694164814195E+005
 -0.191503910996334E+002  0.403540963946130E+002 -0.114572894775200E+001  0.116769964636236E+001 -0.107536384819057E+002 -0.407694159465733E+005 -0.407694159465733E+005
 -0.192380766750800E+002  0.443592744663549E+002 -0.114953088173042E+001  0.117376153375289E+001 -0.107536384819057E+002 -0.407694169010581E+005 -0.407694169010581E+005
 -0.193005001062866E+002  0.417980184206229E+002 -0.115138222888551E+001  0.117677663800310E+001 -0.107536384819057E+002 -0.407694218256129E+005 -0.407694218256129E+005
 -0.188269879222465E+002  0.428788613481129E+002 -0.114161224213706E+001  0.116119739033464E+001 -0.107536384819057E+002 -0.407694051071487E+005 -0.407694051071487E+005
 -0.187320654799008E+002  0.407850276962674E+002 -0.114553071737734E+001  0.116736174589275E+001 -0.107536384819057E+002 -0.407694206466895E+005 -0.407694206466895E+005
 -0.185898169125046E+002  0.431732985974683E+002 -0.114056905773276E+001  0.115957153961153E+001 -0.107536384819057E+002 -0.407694033015718E+005 -0.407694033015718E+005
 -0.189329079601732E+002  0.416673838440246E+002 -0.114588312732891E+001  0.116793550385150E+001 -0.107536384819057E+002 -0.407694067809145E+005 -0.407694067809145E+005
 -0.189210373551170E+002  0.401175596852245E+002 -0.114844211744319E+001  0.117200699372741E+001 -0.107536384819057E+002 -0.407694241614446E+005 -0.407694241614446E+005
 -0.168051545218792E+002  0.431205658418148E+002 -0.115810266737687E+001  0.118781187058092E+001 -0.107536384819057E+002 -0.407694210946205E+005 -0.407694210946205E+005
 -0.188020091756947E+002  0.407512392506518E+002 -0.115033888124817E+001  0.117506308977078E+001 -0.107536384819057E+002 -0.407694213064055E+005 -0.407694213064055E+005
 -0.186066565410382E+002  0.421529784977267E+002 -0.115412859854112E+001  0.118124236353062E+001 -0.107536384819057E+002 -0.407694122760729E+005 -0.407694122760729E+005
 -0.190666244083095E+002  0.408055887448259E+002 -0.114869719220202E+001  0.117242585803498E+001 -0.107536384819057E+002 -0.407694100467920E+005 -0.407694100467920E+005
 -0.190095694622864E+002  0.409573991086165E+002 -0.114724992044916E+001  0.117012623608109E+001 -0.107536384819057E+002 -0.407694244599718E+005 -0.407694244599718E+005
 -0.180859325994672E+002  0.441871588903583E+002 -0.114973161652171E+001  0.117410640982722E+001 -0.107536384819057E+002 -0.407694198447821E+005 -0.407694198447821E+005
 -0.194668925506859E+002  0.423898391905396E+002 -0.114973091075944E+001  0.117410315633803E+001 -0.107536384819057E+002 -0.407694163614685E+005 -0.407694163614685E+005
 -0.189731498075917E+002  0.418700768394679E+002 -0.114379078499681E+001  0.116462357659969E+001 -0.107536384819057E+002 -0.407694054172612E+005 -0.407694054172612E+005
 -0.190034077588628E+002  0.402322489363917E+002 -0.114426177615890E+001  0.116536743352836E+001 -0.107536384819057E+002 -0.407694059364581E+005 -0.407694059364581E+005
 -0.192833307101644E+002  0.474254766210546E+002 -0.115115487293794E+001  0.117639985004203E+001 -0.107536384819057E+002 -0.407694115625380E+005 -0.407694115625380E+005
 -0.182375460708248E+002  0.431258256276465E+002 -0.115141967231228E+001  0.117681496652903E+001 -0.107536384819057E+002 -0.407694186156081E+005 -0.407694186156081E+005
 -0.192788562211755E+002  0.400934294167228E+002 -0.114081021283712E+001  0.115994637327914E+001 -0.107536384819057E+002 -0.407694038650633E+005 -0.407694038650633E+005
 -0.191080183278647E+002  0.416202209727070E+002 -0.114495925188763E+001  0.116646593797055E+001 -0.107536384819057E+002 -0.407694064844694E+005 -0.407694064844694E+005
 -0.186114100787525E+002  0.417289501759502E+002 -0.114856923288608E+001  0.117223528567317E+001 -0.107536384819057E+002 -0.407694175359471E+005 -0.407694175359471E+005
 -0.193095119569083E+002  0.405265057017746E+002 -0.115239109586265E+001  0.117841652024783E+001 -0.107536384819057E+002 -0.407694226012761E+005 -0.407694226012761E+005
 -0.185279050106780E+002  0.433027361052324E+002 -0.114060693402190E+001  0.115964347458790E+001 -0.107536384819057E+002 -0.407694145941826E+005 -0.407694145941826E+005
 -0.188152442161594E+002  0.433932981088876E+002 -0.113838273822620E+001  0.115618880239802E+001 -0.107536384819057E+002 -0.407694050182512E+005 -0.407694050182512E+005
 -0.194607039108348E+002  0.400135927165552E+002 -0.114021126030374E+001  0.115901380230214E+001 -0.107536384819057E+002 -0.407694034648026E+005 -0.407694034648026E+005
 -0.179105943364537E+002  0.422136716518764E+002 -0.114953002478917E+001  0.117375663129921E+001 -0.107536384819057E+002 -0.407694236792663E+005 -0.407694236792663E+005
 -0.192288859869078E+002  0.408690102030617E+002 -0.114499416630103E+001  0.116651513812979E+001 -0.107536384819057E+002 -0.407694124917387E+005 -0.407694124917387E+005
 -0.194258440881906E+002  0.402535071792434E+002 -0.114247695404746E+001  0.116254201512747E+001 -0.107536384819057E+002 -0.407694218753906E+005 -0.407694218753906E+005
 -0.191562263764978E+002  0.400927665096506E+002 -0.114054062638296E+001  0.115951832474744E+001 -0.107536384819057E+002 -0.407694144315600E+005 -0.407694144315600E+005
 -0.185319937484225E+002  0.442561975096167E+002 -0.115402234626570E+001  0.118105853090223E+001 -0.107536384819057E+002 -0.407694194480610E+005 -0.407694194480610E+005
 -0.188165273763013E+002  0.401416299386518E+002 -0.114211413827412E+001  0.116197858358518E+001 -0.107536384819057E+002 -0.407694104294124E+005 -0.407694104294124E+005
 -0.193153532654945E+002  0.401746395640468E+002 -0.115450873451418E+001  0.118186627982759E+001 -0.107536384819057E+002 -0.407694125558845E+005 -0.407694125558845E+005
 -0.184496822804543E+002  0.414112696573832E+002 -0.115233539056571E+001  0.117832506170057E+001 -0.107536384819057E+002 -0.407694212186666E+005 -0.407694212186666E+005
 -0.170216630212862E+002  0.448696366316881E+002 -0.115427625420466E+001  0.118147666091381E+001 -0.107536384819057E+002 -0.407694169223304E+005 -0.407694169223304E+005
 -0.189686674412223E+002  0.408739637317818E+002 -0.113981710351321E+001  0.115840599274398E+001 -0.107536384819057E+002 -0.407694028449426E+005 -0.407694028449426E+005
 -0.187971472092959E+002  0.427475251615067E+002 -0.114040098795029E+001  0.115929744936418E+001 -0.107536384819057E+002 -0.407694232053448E+005 -0.407694232053448E+005
 -0.178790624983356E+002  0.428721571102968E+002 -0.115193078442370E+001  0.117764247487344E+001 -0.107536384819057E+002 -0.407694235689951E+005 -0.407694235689951E+005
 -0.181372064067257E+002  0.425520399773069E+002 -0.115029764395929E+001  0.117501029940805E+001 -0.107536384819057E+002 -0.407694099175513E+005 -0.407694099175513E+005
 -0.185057424771671E+002  0.425352642317805E+002 -0.114524583358981E+001  0.116690888059411E+001 -0.107536384819057E+002 -0.407694228287612E+005 -0.407694228287612E+005
 -0.194584531865080E+002  0.401388895300938E+002 -0.114588868526800E+001  0.116794465719212E+001 -0.107536384819057E+002 -0.407694068728386E+005 -0.407694068728386E+005
 -0.191073106077779E+002  0.407876551808129E+002 -0.115214953249209E+001  0.117800743522957E+001 -0.107536384819057E+002 -0.407694118536998E+005 -0.407694118536998E+005
 -0.186311551596227E+002  0.431994817852856E+002 -0.114845785058975E+001  0.117205619618198E+001 -0.107536384819057E+002 -0.407694169525952E+005 -0.407694169525952E+005
 -0.181466964769331E+002  0.431178440117955E+002 -0.114411937928880E+001  0.116513711741912E+001 -0.107536384819057E+002 -0.407694063352567E+005 -0.407694063352567E+005
 -0.174918451085924E+002  0.430589814929767E+002 -0.114768469997048E+001  0.117080979850909E+001 -0.107536384819057E+002 -0.407694084951640E+005 -0.407694084951640E+005
 -0.194791644820264E+002  0.402954860151093E+002 -0.114010743849976E+001  0.115886037648578E+001 -0.107536384819057E+002 -0.407694053255572E+005 -0.407694053255572E+005
 -0.192519523085910E+002  0.400832930361230E+002 -0.114867428851627E+001  0.117239585705906E+001 -0.107536384819057E+002 -0.407694090307794E+005 -0.407694090307794E+005
 -0.186178181279976E+002  0.428661731016114E+002 -0.114097234948195E+001  0.116020665744030E+001 -0.107536384819057E+002 -0.407694053568951E+005 -0.407694053568951E+005
 -0.186769808353132E+002  0.414928340541522E+002 -0.114487529740958E+001  0.116632540592282E+001 -0.107536384819057E+002 -0.407694149467076E+005 -0.407694149467076E+005
 -0.173393305842874E+002  0.450605859405007E+002 -0.113914177784171E+001  0.115737195535918E+001 -0.107536384819057E+002 -0.407694243321510E+005 -0.407694243321510E+005
 -0.190666379105918E+002  0.418564331929998E+002 -0.114382343268781E+001  0.116468688579018E+001 -0.107536384819057E+002 -0.407694211526739E+005 -0.407694211526739E+005
 -0.181308412819827E+002  0.484034329205851E+002 -0.115637715724491E+001  0.118494986932905E+001 -0.107536384819057E+002 -0.407694176831717E+005 -0.407694176831717E+005
 -0.184579585563217E+002  0.425597625199061E+002 -0.113991766739360E+001  0.115855122005480E+001 -0.107536384819057E+002 -0.407694105730562E+005 -0.407694105730562E+005
 -0.189809543034370E+002  0.420050511641658E+002 -0.115462806260654E+001  0.118205825555830E+001 -0.107536384819057E+002 -0.407694134781967E+005 -0.407694134781967E+005
 -0.185556469446443E+002  0.405417414691407E+002 -0.114925887603404E+001  0.117332247367872E+001 -0.107536384819057E+002 -0.407694185343800E+005 -0.407694185343800E+005
 -0.193579349622767E+002  0.412574366279876E+002 -0.114431024502240E+001  0.116544326760681E+001 -0.107536384819057E+002 -0.407694057268658E+005 -0.407694057268658E+005
 -0.193074470945021E+002  0.413029337764177E+002 -0.114089692325156E+001  0.116008690633066E+001 -0.107536384819057E+002 -0.407694038416137E+005 -0.407694038416137E+005
 -0.193883203603444E+002  0.411309445065351E+002 -0.114444785267996E+001  0.116564465466424E+001 -0.107536384819057E+002 -0.407694251503992E+005 -0.407694251503992E+005
 -0.187051087739473E+002  0.414408817817640E+002 -0.115158870230570E+001  0.117710596225188E+001 -0.107536384819057E+002 -0.407694137601892E+005 -0.407694137601892E+005
 -0.177826110804813E+002  0.453535129785607E+002 -0.114398533709265E+001  0.116494251588861E+001 -0.107536384819057E+002 -0.407694217873926E+005 -0.407694217873926E+005
 -0.193222181713249E+002  0.414801482818844E+002 -0.114607783904348E+001  0.116823462881297E+001 -0.107536384819057E+002 -0.407694138635472E+005 -0.407694138635472E+005
 -0.178340102397566E+002  0.404983914523474E+002 -0.114751555357769E+001  0.117054240649341E+001 -0.107536384819057E+002 -0.407694106881408E+005 -0.407694106881408E+005
 -0.189149379555942E+002  0.407143804113969E+002 -0.114392986127452E+001  0.116483687813537E+001 -0.107536384819057E+002 -0.407694070137554E+005 -0.407694070137554E+005
 -0.189372972547535E+002  0.408690851876772E+002 -0.114996322798317E+001  0.117447687289415E+001 -0.107536384819057E+002 -0.407694150521669E+005 -0.407694150521669E+005
 -0.189100725610125E+002  0.417418998849264E+002 -0.114207062535629E+001  0.116190695377466E+001 -0.107536384819057E+002 -0.407694170695626E+005 -0.407694170695626E+005
 -0.184586348599156E+002  0.418676017577498E+002 -0.113974127644569E+001  0.115828139202575E+001 -0.107536384819057E+002 -0.407694047810092E+005 -0.407694047810092E+005
 -0.186998250050736E+002  0.485970415855576E+002 -0.113910620774313E+001  0.115729936024645E+001 -0.107536384819057E+002 -0.407694024898759E+005 -0.407694024898759E+005
 -0.184992482255382E+002  0.430137802796547E+002 -0.114019813987736E+001  0.115900571132450E+001 -0.107536384819057E+002 -0.407694114348228E+005 -0.407694114348228E+005
 -0.193936653871075E+002  0.405422860110153E+002 -0.114702311137108E+001  0.116976093334554E+001 -0.107536384819057E+002 -0.407694178289679E+005 -0.407694178289679E+005
 -0.177503637811377E+002  0.432491009068176E+002 -0.115165484409351E+001  0.117721292575277E+001 -0.107536384819057E+002 -0.407694133882538E+005 -0.407694133882538E+005
 -0.185148225332946E+002  0.408590316993251E+002 -0.115705843789271E+001  0.118608099413485E+001 -0.107536384819057E+002 -0.407694233695461E+005 -0.407694233695461E+005
 -0.180188787181370E+002  0.435874117463437E+002 -0.113941697865357E+001  0.115778576081709E+001 -0.107536384819057E+002 -0.407694028534108E+005 -0.407694028534108E+005
 -0.191925903603054E+002  0.472289442509149E+002 -0.115243255567529E+001  0.117848120656812E+001 -0.107536384819057E+002 -0.407694180070272E+005 -0.407694180070272E+005
 -0.193318219718968E+002  0.404099563328444E+002 -0.114201419947180E+001  0.116182770933596E+001 -0.107536384819057E+002 -0.407694045668684E+005 -0.407694045668684E+005
 -0.182885113806522E+002  0.416913913452314E+002 -0.114315209482498E+001  0.116361144713759E+001 -0.107536384819057E+002 -0.407694067549146E+005 -0.407694067549146E+005
 -0.189083423594413E+002  0.424165230324974E+002 -0.115103009104181E+001  0.117620048890882E+001 -0.107536384819057E+002 -0.407694139363134E+005 -0.407694139363134E+005
 -0.190942307182860E+002  0.406322293534013E+002 -0.114674720858845E+001  0.116929618363838E+001 -0.107536384819057E+002 -0.407694228918209E+005 -0.407694228918209E+005
 -0.191176275106006E+002  0.407111441701751E+002 -0.115111429644509E+001  0.117633301519425E+001 -0.107536384819057E+002 -0.407694109363534E+005 -0.407694109363534E+005
 -0.189361771020010E+002  0.409883392398472E+002 -0.115299212855353E+001  0.117938330134179E+001 -0.107536384819057E+002 -0.407694115155206E+005 -0.407694115155206E+005
 -0.192538754048049E+002  0.406897792257329E+002 -0.114072133040753E+001  0.115979583381541E+001 -0.107536384819057E+002 -0.407694247223611E+005 -0.407694247223611E+005
 -0.168318058517470E+002  0.458820807234646E+002 -0.113869477487853E+001  0.115665804911149E+001 -0.107536384819057E+002 -0.407694066060660E+005 -0.407694066060660E+005
 -0.192183508997458E+002  0.432790480548071E+002 -0.115383389306870E+001  0.118076663524011E+001 -0.107536384819057E+002 -0.407694155943010E+005 -0.407694155943010E+005
 -0.185194600076966E+002  0.424739936717246E+002 -0.113916541048591E+001  0.115738176531733E+001 -0.107536384819057E+002 -0.407694155958529E+005 -0.407694155958529E+005
 -0.189955247871930E+002  0.403149665683866E+002 -0.115038776841836E+001  0.117514661443136E+001 -0.107536384819057E+002 -0.407694141568535E+005 -0.407694141568535E+005
 -0.187424945670207E+002  0.400566735976391E+002 -0.114999549920341E+001  0.117452139919626E+001 -0.107536384819057E+002 -0.407694094926356E+005 -0.407694094926356E+005
 -0.193946466618746E+002  0.402583228404400E+002 -0.114365683358718E+001  0.116441908674478E+001 -0.107536384819057E+002 -0.407694112253670E+005 -0.407694112253670E+005
 -0.193638293035010E+002  0.426332009256604E+002 -0.114718829623873E+001  0.117002327877669E+001 -0.107536384819057E+002 -0.407694155126967E+005 -0.407694155126967E+005
 -0.190629641450074E+002  0.443123951053883E+002 -0.114707674906390E+001  0.116983424924601E+001 -0.107536384819057E+002 -0.407694075189580E+005 -0.407694075189580E+005
 -0.183233833909720E+002  0.411707651450862E+002 -0.115350387747913E+001  0.118021570521025E+001 -0.107536384819057E+002 -0.407694131125125E+005 -0.407694131125125E+005
 -0.185821585277549E+002  0.417543867213369E+002 -0.113893257354106E+001  0.115701835778771E+001 -0.107536384819057E+002 -0.407694234398907E+005 -0.407694234398907E+005
 -0.188513292604034E+002  0.414996962837426E+002 -0.115122074122055E+001  0.117651349805001E+001 -0.107536384819057E+002 -0.407694195655896E+005 -0.407694195655896E+005
 -0.193438334421636E+002  0.414290500122939E+002 -0.114519364305313E+001  0.116684132839859E+001 -0.107536384819057E+002 -0.407694063566950E+005 -0.407694063566950E+005
 -0.194089459239433E+002  0.426193525039387E+002 -0.114805023886069E+001  0.117139221064607E+001 -0.107536384819057E+002 -0.407694080891860E+005 -0.407694080891860E+005
 -0.185536171969071E+002  0.424527882182552E+002 -0.115407339255974E+001  0.118114723054500E+001 -0.107536384819057E+002 -0.407694139007878E+005 -0.407694139007878E+005
 -0.162926244550217E+002  0.482479431050206E+002 -0.114491211121108E+001  0.116638209245898E+001 -0.107536384819057E+002 -0.407694181329017E+005 -0.407694181329017E+005
 -0.188854187879157E+002  0.420475730674792E+002 -0.114104151231769E+001  0.116032290266283E+001 -0.107536384819057E+002 -0.407694191610534E+005 -0.407694191610534E+005
 -0.186848507035626E+002  0.412575846262368E+002 -0.114386219929139E+001  0.116474878865679E+001 -0.107536384819057E+002 -0.407694230074903E+005 -0.407694230074903E+005
 -0.192923786274228E+002  0.405242334716873E+002 -0.114291324326282E+001  0.116325279060513E+001 -0.107536384819057E+002 -0.407694178585602E+005 -0.407694178585602E+005
 -0.185667599004938E+002  0.410020326450516E+002 -0.114926740880501E+001  0.117335532085438E+001 -0.107536384819057E+002 -0.407694144901185E+005 -0.407694144901185E+005
 -0.188485908603085E+002  0.435045819652183E+002 -0.113986128005149E+001  0.115846254715763E+001 -0.107536384819057E+002 -0.407694126380900E+005 -0.407694126380900E+005
 -0.191761063339569E+002  0.407272544160983E+002 -0.114844907288153E+001  0.117203399336636E+001 -0.107536384819057E+002 -0.407694087573381E+005 -0.407694087573381E+005
 -0.170453441365701E+002  0.449232332946638E+002 -0.115254947344442E+001  0.117865764171591E+001 -0.107536384819057E+002 -0.407694126926961E+005 -0.407694126926961E+005
 -0.193951987458979E+002  0.418584988972594E+002 -0.114023278752011E+001  0.115904961225763E+001 -0.107536384819057E+002 -0.407694027624450E+005 -0.407694027624450E+005
 -0.188210177640450E+002  0.430233638128786E+002 -0.115200855916105E+001  0.117777710524017E+001 -0.107536384819057E+002 -0.407694124110619E+005 -0.407694124110619E+005
 -0.183386966887973E+002  0.473934474516107E+002 -0.114776437389884E+001  0.117094686741104E+001 -0.107536384819057E+002 -0.407694203772445E+005 -0.407694203772445E+005
 -0.194055044731645E+002  0.402578867210610E+002 -0.115290225923250E+001  0.117924201704074E+001 -0.107536384819057E+002 -0.407694131477299E+005 -0.407694131477299E+005
 -0.193515944882295E+002  0.415649787474570E+002 -0.114612604317876E+001  0.116831814712166E+001 -0.107536384819057E+002 -0.407694071710870E+005 -0.407694071710870E+005
 -0.181423318848589E+002  0.468399292956674E+002 -0.113855401706750E+001  0.115644343407849E+001 -0.107536384819057E+002 -0.407694032204388E+005 -0.407694032204388E+005
 -0.194360421369538E+002  0.407662908609116E+002 -0.114575079000638E+001  0.116772570645965E+001 -0.107536384819057E+002 -0.407694068262170E+005 -0.407694068262170E+005
 -0.192334727482364E+002  0.431415150724682E+002 -0.115343839798901E+001  0.118012581561975E+001 -0.107536384819057E+002 -0.407694242844440E+005 -0.407694242844440E+005
 -0.185121397074727E+002  0.420424207380926E+002 -0.114342177289142E+001  0.116403563761402E+001 -0.107536384819057E+002 -0.407694071008108E+005 -0.407694071008108E+005
 -0.182683808814722E+002  0.449760603176597E+002 -0.114874216573739E+001  0.117249242978321E+001 -0.107536384819057E+002 -0.407694168426766E+005 -0.407694168426766E+005
 -0.193553447911205E+002  0.416983744659626E+002 -0.114307272183259E+001  0.116349768795999E+001 -0.107536384819057E+002 -0.407694083689111E+005 -0.407694083689111E+005
 -0.190338592102752E+002  0.499992670457733E+002 -0.113852075889445E+001  0.115638778487069E+001 -0.107536384819057E+002 -0.407694085569737E+005 -0.407694085569737E+005
 -0.180315935095757E+002  0.423825644912077E+002 -0.114457411511623E+001  0.116587215889376E+001 -0.107536384819057E+002 -0.407694210473792E+005 -0.407694210473792E+005
 -0.181495810382958E+002  0.401457238189382E+002 -0.115377030561069E+001  0.118066113506505E+001 -0.107536384819057E+002 -0.407694142625925E+005 -0.407694142625925E+005
 -0.187056224382669E+002  0.404535429128230E+002 -0.115389886205356E+001  0.118086109440893E+001 -0.107536384819057E+002 -0.407694139831320E+005 -0.407694139831320E+005
 -0.194185608667369E+002  0.414575947497749E+002 -0.115803002666044E+001  0.118767377544374E+001 -0.107536384819057E+002 -0.407694193123232E+005 -0.407694193123232E+005
 -0.181214119871715E+002  0.477235003472082E+002 -0.115494692161779E+001  0.118257794086840E+001 -0.107536384819057E+002 -0.407694170270880E+005 -0.407694170270880E+005
 -0.185215005668755E+002  0.405256610421854E+002 -0.115067656966936E+001  0.117563016674894E+001 -0.107536384819057E+002 -0.407694162817885E+005 -0.407694162817885E+005
 -0.184297221353090E+002  0.431868585799389E+002 -0.114517891217657E+001  0.116681610845227E+001 -0.107536384819057E+002 -0.407694061265593E+005 -0.407694061265593E+005
 -0.194574564271473E+002  0.415302347105270E+002 -0.114442983960890E+001  0.116563078182265E+001 -0.107536384819057E+002 -0.407694056081957E+005 -0.407694056081957E+005
 -0.186541825335840E+002  0.432190658044532E+002 -0.114024185201877E+001  0.115907712315361E+001 -0.107536384819057E+002 -0.407694186965387E+005 -0.407694186965387E+005
 -0.178736888334646E+002  0.479442275621224E+002 -0.113415940766417E+001  0.114971901126651E+001 -0.107536384819057E+002 -0.407694007604743E+005 -0.407694007604743E+005
 -0.175124309669320E+002  0.484179477484160E+002 -0.114218588240134E+001  0.116208965400221E+001 -0.107536384819057E+002 -0.407694127580654E+005 -0.407694127580654E+005
 -0.187340622946561E+002  0.402371117818801E+002 -0.115128805527663E+001  0.117661335803454E+001 -0.107536384819057E+002 -0.407694105485544E+005 -0.407694105485544E+005
 -0.191631557573419E+002  0.418614882773577E+002 -0.115005707187812E+001  0.117461092818854E+001 -0.107536384819057E+002 -0.407694159806433E+005 -0.407694159806433E+005
 -0.187665653217649E+002  0.424948045165657E+002 -0.114399674501306E+001  0.116496187169347E+001 -0.107536384819057E+002 -0.407694251541169E+005 -0.407694251541169E+005
 -0.191418246882125E+002  0.405600972025920E+002 -0.114129326387127E+001  0.116070891594207E+001 -0.107536384819057E+002 -0.407694069701215E+005 -0.407694069701215E+005
 -0.189901380148093E+002  0.421324330345253E+002 -0.115175954196778E+001  0.117737979397473E+001 -0.107536384819057E+002 -0.407694112791789E+005 -0.407694112791789E+005
 -0.194449254385610E+002  0.403953425904724E+002 -0.114314997463852E+001  0.116361973154990E+001 -0.107536384819057E+002 -0.407694090774415E+005 -0.407694090774415E+005
 -0.186044343088670E+002  0.409553929894903E+002 -0.114689103577511E+001  0.116953816306899E+001 -0.107536384819057E+002 -0.407694073460996E+005 -0.407694073460996E+005
 -0.194631306874323E+002  0.406732936600318E+002 -0.114169666101658E+001  0.116132125836729E+001 -0.107536384819057E+002 -0.407694177217208E+005 -0.407694177217208E+005
 -0.193125883159765E+002  0.436016279127194E+002 -0.113931011638145E+001  0.115760999519373E+001 -0.107536384819057E+002 -0.407694078017747E+005 -0.407694078017747E+005
 -0.186412210058529E+002  0.429409479765604E+002 -0.113963449564933E+001  0.115812968947542E+001 -0.107536384819057E+002 -0.407694103767149E+005 -0.407694103767149E+005
 -0.177350244436069E+002  0.453889374702513E+002 -0.113873737152496E+001  0.115674440203139E+001 -0.107536384819057E+002 -0.407694195514125E+005 -0.407694195514125E+005
 -0.194524096452608E+002  0.409733669904630E+002 -0.114005020852719E+001  0.115876308387695E+001 -0.107536384819057E+002 -0.407694035443845E+005 -0.407694035443845E+005
 -0.193383150324090E+002  0.403972097868953E+002 -0.113992085716561E+001  0.115857764145578E+001 -0.107536384819057E+002 -0.407694173448499E+005 -0.407694173448499E+005
 -0.183174260175266E+002  0.503355787238723E+002 -0.115058066254860E+001  0.117546548837285E+001 -0.107536384819057E+002 -0.407694098448585E+005 -0.407694098448585E+005
 -0.186231408575886E+002  0.452156589099433E+002 -0.114362392241813E+001  0.116434541611059E+001 -0.107536384819057E+002 -0.407694220690005E+005 -0.407694220690005E+005
 -0.184322274857764E+002  0.431710379099432E+002 -0.114049075471131E+001  0.115945421172166E+001 -0.107536384819057E+002 -0.407694036524713E+005 -0.407694036524713E+005
 -0.178768756103533E+002  0.456597249114625E+002 -0.113847533348101E+001  0.115631920727368E+001 -0.107536384819057E+002 -0.407694060694032E+005 -0.407694060694032E+005
 -0.183584875539327E+002  0.475935509415874E+002 -0.115480178154562E+001  0.118235226364875E+001 -0.107536384819057E+002 -0.407694147785912E+005 -0.407694147785912E+005
 -0.185862762372007E+002  0.429895311942547E+002 -0.114068177375881E+001  0.115976137382930E+001 -0.107536384819057E+002 -0.407694174889265E+005 -0.407694174889265E+005
 -0.191332201265000E+002  0.407488709269412E+002 -0.115008886978337E+001  0.117468323471178E+001 -0.107536384819057E+002 -0.407694207803116E+005 -0.407694207803116E+005
 -0.194487377131340E+002  0.405060173508354E+002 -0.114825766652289E+001  0.117172232630565E+001 -0.107536384819057E+002 -0.407694087260226E+005 -0.407694087260226E+005
 -0.193084734063210E+002  0.420222585629309E+002 -0.114985038456708E+001  0.117429858529032E+001 -0.107536384819057E+002 -0.407694210773553E+005 -0.407694210773553E+005
 -0.192653572731395E+002  0.419292410135595E+002 -0.113975629101818E+001  0.115831028818736E+001 -0.107536384819057E+002 -0.407694024694116E+005 -0.407694024694116E+005
 -0.187149132414214E+002  0.407069518833048E+002 -0.114389859930368E+001  0.116478180052121E+001 -0.107536384819057E+002 -0.407694147335447E+005 -0.407694147335447E+005
 -0.187733317189693E+002  0.437541352721617E+002 -0.114619911658148E+001  0.116844881630059E+001 -0.107536384819057E+002 -0.407694194440167E+005 -0.407694194440167E+005
