  0.100000000000000E+001  0.815478305621846E+005  0.116533242318993E+002  0.991063105627458E+002 -0.197826896751155E+001  0.456817012689763E+001 -0.107536384819057E+002 -0.407739152810923E+005
  0.100000000000000E+001  0.815477144833732E+005  0.119038707179938E+002  0.497349092523236E+002 -0.140359535928680E+001  0.177789101627217E+001 -0.107536384819057E+002 -0.407738572416866E+005
  0.100000000000000E+001  0.815476848375281E+005 -0.632155320259988E+001  0.878734201357735E+002 -0.149626923077138E+001  0.209042118061387E+001 -0.107536384819057E+002 -0.407738424187641E+005
  0.100000000000000E+001  0.815472201049922E+005  0.152738422708597E+002  0.493915671431714E+002 -0.183706913548548E+001  0.369474361418543E+001 -0.107536384819057E+002 -0.407736100524961E+005
  0.100000000000000E+001  0.815456288752133E+005 -0.455102696508466E+001  0.941225211862026E+002 -0.147928976998620E+001  0.203072889308156E+001 -0.107536384819057E+002 -0.407728144376066E+005
  0.100000000000000E+001  0.815452770511690E+005 -0.408641006239377E+001  0.868506443401948E+002 -0.177583341619247E+001  0.335872711272132E+001 -0.107536384819057E+002 -0.407726385255845E+005
  0.100000000000000E+001  0.815452116478890E+005 -0.994488248478805E+001  0.995788715446785E+002 -0.151903492231798E+001  0.217612414073645E+001 -0.107536384819057E+002 -0.407726058239445E+005
  0.100000000000000E+001  0.815450261529317E+005 -0.553340722837563E+001  0.844797786251454E+002 -0.196085308867852E+001  0.445866217787063E+001 -0.107536384819057E+002 -0.407725130764659E+005
  0.100000000000000E+001  0.815446117272366E+005  0.109383058302685E+002  0.551155445496042E+002 -0.192085885168287E+001  0.419650602104273E+001 -0.107536384819057E+002 -0.407723058636183E+005
  0.100000000000000E+001  0.815444693109813E+005 -0.479207663297654E+001  0.545839749917454E+002 -0.179903604274262E+001  0.348170055740668E+001 -0.107536384819057E+002 -0.407722346554907E+005
  0.100000000000000E+001  0.815444394547337E+005  0.179668703966687E+002  0.545590624168909E+002 -0.185248880126534E+001  0.379124350575574E+001 -0.107536384819057E+002 -0.407722197273669E+005
  0.100000000000000E+001  0.815442614168960E+005 -0.602510747810385E+001  0.890097844623611E+002 -0.158482977870033E+001  0.244252871511263E+001 -0.107536384819057E+002 -0.407721307084480E+005
  0.100000000000000E+001  0.815440946951130E+005 -0.354045514896208E+001  0.837709831140488E+002 -0.151219037957733E+001  0.215174674442689E+001 -0.107536384819057E+002 -0.407720473475565E+005
  0.100000000000000E+001  0.815439425950180E+005 -0.146427460001074E+002  0.960158249159957E+002 -0.195799044236117E+001  0.443526920079588E+001 -0.107536384819057E+002 -0.407719712975090E+005
  0.100000000000000E+001  0.815439254619024E+005 -0.112794194978276E+002  0.598968891857204E+002 -0.186208540607576E+001  0.384068896724345E+001 -0.107536384819057E+002 -0.407719627309512E+005
  0.100000000000000E+001  0.815438898454960E+005 -0.886934573720023E+001  0.604454533987078E+002 -0.199038151901987E+001  0.465239471005911E+001 -0.107536384819057E+002 -0.407719449227480E+005
  0.100000000000000E+001  0.815434434707887E+005  0.462360546846975E+001  0.856426132861169E+002 -0.159382044798700E+001  0.247901640880341E+001 -0.107536384819057E+002 -0.407717217353944E+005
  0.100000000000000E+001  0.815432566408618E+005 -0.121874353452316E+002  0.449478831711015E+002 -0.131505955147346E+001  0.152321726117617E+001 -0.107536384819057E+002 -0.407716283204309E+005
  0.100000000000000E+001  0.815431196427454E+005 -0.502250480655482E+001  0.853901927213144E+002 -0.120652434351816E+001  0.127563327748416E+001 -0.107536384819057E+002 -0.407715598213727E+005
  0.100000000000000E+001  0.815430682328839E+005 -0.105213975027429E+002  0.814031466499666E+002 -0.181781012524912E+001  0.358641375270939E+001 -0.107536384819057E+002 -0.407715341164419E+005
  0.100000000000000E+001  0.815430636668833E+005  0.167255562115458E+002  0.619241060926235E+002 -0.184190264870491E+001  0.372950532091332E+001 -0.107536384819057E+002 -0.407715318334416E+005
  0.100000000000000E+001  0.815430583793804E+005  0.237987281769464E+001  0.423728703037594E+002 -0.150007862863213E+001  0.210825598503157E+001 -0.107536384819057E+002 -0.407715291896902E+005
  0.100000000000000E+001  0.815430441473258E+005 -0.993571153681658E+001  0.604376195693584E+002 -0.159193054006518E+001  0.247501259771944E+001 -0.107536384819057E+002 -0.407715220736629E+005
  0.100000000000000E+001  0.815430101578204E+005  0.118179992034719E+002  0.634861932577441E+002 -0.149496608161475E+001  0.208738307855302E+001 -0.107536384819057E+002 -0.407715050789102E+005
  0.100000000000000E+001  0.815429613025202E+005 -0.986621636370898E+001  0.818595524973299E+002 -0.167225495211615E+001  0.283722202789125E+001 -0.107536384819057E+002 -0.407714806512601E+005
  0.100000000000000E+001  0.815429503587165E+005  0.146585707740531E+002  0.530486898430145E+002 -0.192655209401634E+001  0.423259001131689E+001 -0.107536384819057E+002 -0.407714751793582E+005
  0.100000000000000E+001  0.815428574109354E+005 -0.419132107979512E+001  0.892148926208976E+002 -0.119760202107441E+001  0.125797679191896E+001 -0.107536384819057E+002 -0.407714287054677E+005
  0.100000000000000E+001  0.815427489329339E+005 -0.193668616666323E+002  0.566751148822427E+002 -0.199569873637903E+001  0.468290081489235E+001 -0.107536384819057E+002 -0.407713744664670E+005
  0.100000000000000E+001  0.815427156435856E+005 -0.323162606009324E+001  0.679648090259786E+002 -0.190281156683446E+001  0.408777981689405E+001 -0.107536384819057E+002 -0.407713578217928E+005
  0.100000000000000E+001  0.815425912371339E+005 -0.253886987706594E+001  0.501642648845171E+002 -0.196470899998011E+001  0.448300148031208E+001 -0.107536384819057E+002 -0.407712956185670E+005
  0.100000000000000E+001  0.815425898294472E+005  0.189379305309886E+002  0.553314563728152E+002 -0.195774903550602E+001  0.443787109948503E+001 -0.107536384819057E+002 -0.407712949147236E+005
  0.100000000000000E+001  0.815425862746300E+005  0.567596664745959E+001  0.895165178910346E+002 -0.170230714164146E+001  0.297792501141905E+001 -0.107536384819057E+002 -0.407712931373150E+005
  0.100000000000000E+001  0.815425531738149E+005  0.181158857648312E+002  0.450207981602827E+002 -0.197921683777393E+001  0.457348139722917E+001 -0.107536384819057E+002 -0.407712765869074E+005
  0.100000000000000E+001  0.815425435643523E+005  0.515364097922727E+001  0.639688158089773E+002 -0.160322872829880E+001  0.251963518472886E+001 -0.107536384819057E+002 -0.407712717821762E+005
  0.100000000000000E+001  0.815425419183880E+005 -0.182241460848286E+002  0.562187734990739E+002 -0.199769308567697E+001  0.469767388671025E+001 -0.107536384819057E+002 -0.407712709591940E+005
  0.100000000000000E+001  0.815424932863204E+005  0.109746155981528E+002  0.671089172047513E+002 -0.163527979988861E+001  0.266558695506464E+001 -0.107536384819057E+002 -0.407712466431602E+005
  0.100000000000000E+001  0.815424758748983E+005 -0.727029566554014E+001  0.885326339160954E+002 -0.188667992680912E+001  0.399364533428362E+001 -0.107536384819057E+002 -0.407712379374491E+005
  0.100000000000000E+001  0.815424593911943E+005 -0.134434224852419E+001  0.892564950354505E+002 -0.146929974657363E+001  0.199661082816824E+001 -0.107536384819057E+002 -0.407712296955971E+005
  0.100000000000000E+001  0.815423819475728E+005 -0.188722983053255E+002  0.562009374258388E+002 -0.199424498191472E+001  0.467767803006177E+001 -0.107536384819057E+002 -0.407711909737864E+005
  0.100000000000000E+001  0.815423241640136E+005 -0.435119232925836E+001  0.576309215681278E+002 -0.134335856748108E+001  0.159932121610021E+001 -0.107536384819057E+002 -0.407711620820068E+005
  0.100000000000000E+001  0.815422590520881E+005 -0.172076397437692E+001  0.597239565870366E+002 -0.158456889292967E+001  0.243996844070556E+001 -0.107536384819057E+002 -0.407711295260441E+005
  0.100000000000000E+001  0.815422520269478E+005 -0.450540672870276E+001  0.997124405842539E+002 -0.158307867886370E+001  0.243498803866633E+001 -0.107536384819057E+002 -0.407711260134739E+005
  0.100000000000000E+001  0.815422454656476E+005  0.187426922771872E+002  0.546306356030906E+002 -0.185406843742156E+001  0.379424183984329E+001 -0.107536384819057E+002 -0.407711227328238E+005
  0.100000000000000E+001  0.815422026664107E+005 -0.606742073309841E+001  0.756352971922699E+002 -0.162060741674550E+001  0.259719996606794E+001 -0.107536384819057E+002 -0.407711013332053E+005
  0.100000000000000E+001  0.815421865094178E+005 -0.125030387090465E+002  0.964545370305265E+002 -0.156314134509757E+001  0.235291598118423E+001 -0.107536384819057E+002 -0.407710932547089E+005
  0.100000000000000E+001  0.815421174643210E+005 -0.166629232777425E+002  0.589202902048798E+002 -0.123113873765918E+001  0.132553326778321E+001 -0.107536384819057E+002 -0.407710587321605E+005
  0.100000000000000E+001  0.815421171298899E+005  0.119872924107737E+002  0.871858626922787E+002 -0.189864259139168E+001  0.406617650007065E+001 -0.107536384819057E+002 -0.407710585649449E+005
  0.100000000000000E+001  0.815421013565968E+005 -0.637815607773396E+001  0.669169188291424E+002 -0.191055089854049E+001  0.413337516052872E+001 -0.107536384819057E+002 -0.407710506782984E+005
  0.100000000000000E+001  0.815420953334397E+005 -0.147308275194508E+002  0.746552335384682E+002 -0.194994456270824E+001  0.438470040307816E+001 -0.107536384819057E+002 -0.407710476667199E+005
  0.100000000000000E+001  0.815420948563239E+005  0.168726640566166E+002  0.494128847976086E+002 -0.186507325610528E+001  0.385886100197689E+001 -0.107536384819057E+002 -0.407710474281620E+005
  0.100000000000000E+001  0.815420919072081E+005 -0.116640011963167E+002  0.703081224067983E+002 -0.168587900872976E+001  0.289798608849311E+001 -0.107536384819057E+002 -0.407710459536041E+005
  0.100000000000000E+001  0.815420840191158E+005 -0.594379952031597E+001  0.581937797044674E+002 -0.187333166057535E+001  0.391097257588561E+001 -0.107536384819057E+002 -0.407710420095579E+005
  0.100000000000000E+001  0.815420316431392E+005  0.428136815512801E-001  0.827614624821740E+002 -0.193263705997359E+001  0.427726719956178E+001 -0.107536384819057E+002 -0.407710158215696E+005
  0.100000000000000E+001  0.815420233958223E+005 -0.510270716891171E+001  0.846347451388640E+002 -0.145720066653389E+001  0.195425663019397E+001 -0.107536384819057E+002 -0.407710116979111E+005
  0.100000000000000E+001  0.815420223737075E+005 -0.319274423421222E+001  0.771350964008685E+002 -0.177536919824368E+001  0.335378780715609E+001 -0.107536384819057E+002 -0.407710111868538E+005
  0.100000000000000E+001  0.815420095960829E+005 -0.441843549688260E+001  0.575395645952767E+002 -0.186162174520706E+001  0.383856656782059E+001 -0.107536384819057E+002 -0.407710047980415E+005
  0.100000000000000E+001  0.815420045112790E+005  0.149602478569523E+002  0.523022230850245E+002 -0.140396025946839E+001  0.177856839825280E+001 -0.107536384819057E+002 -0.407710022556395E+005
  0.100000000000000E+001  0.815419939439082E+005  0.166652988812286E+002  0.412751984087211E+002 -0.183265352992583E+001  0.367377295344202E+001 -0.107536384819057E+002 -0.407709969719541E+005
  0.100000000000000E+001  0.815419783382425E+005 -0.175606607471835E+002  0.558188164138252E+002 -0.199490093601212E+001  0.467910896825370E+001 -0.107536384819057E+002 -0.407709891691213E+005
  0.100000000000000E+001  0.815419013293068E+005  0.824499821818151E+000  0.999687867143605E+002 -0.156671903021799E+001  0.236762144228795E+001 -0.107536384819057E+002 -0.407709506646534E+005
  0.100000000000000E+001  0.815418826105076E+005  0.185071458445974E+002  0.436946838781787E+002 -0.198606458567191E+001  0.461853014900830E+001 -0.107536384819057E+002 -0.407709413052538E+005
  0.100000000000000E+001  0.815418695437552E+005  0.124733742087876E+002  0.492255576480237E+002 -0.140347223609461E+001  0.177603537314864E+001 -0.107536384819057E+002 -0.407709347718776E+005
  0.100000000000000E+001  0.815418655848899E+005  0.550752955823294E+001  0.832435339105528E+002 -0.169476384489413E+001  0.294355780366811E+001 -0.107536384819057E+002 -0.407709327924449E+005
  0.100000000000000E+001  0.815418311138058E+005 -0.476091315465468E+001  0.936211716062558E+002 -0.149180045843288E+001  0.207627525474578E+001 -0.107536384819057E+002 -0.407709155569029E+005
  0.100000000000000E+001  0.815417776374463E+005 -0.106953985620706E+002  0.435056958366539E+002 -0.133206925449366E+001  0.156831432112728E+001 -0.107536384819057E+002 -0.407708888187232E+005
  0.100000000000000E+001  0.815417524506917E+005 -0.141897076793001E+002  0.521507327044816E+002 -0.162951613381708E+001  0.263943743826387E+001 -0.107536384819057E+002 -0.407708762253458E+005
  0.100000000000000E+001  0.815417037751266E+005 -0.821211513214658E+001  0.775115712758941E+002 -0.179615638089237E+001  0.347153217241774E+001 -0.107536384819057E+002 -0.407708518875633E+005
  0.100000000000000E+001  0.815416980091081E+005 -0.667613815767845E+001  0.532142729442974E+002 -0.136426405191097E+001  0.165737472159795E+001 -0.107536384819057E+002 -0.407708490045540E+005
  0.100000000000000E+001  0.815416816661727E+005  0.377304122672925E+000  0.862982033209322E+002 -0.197623340307687E+001  0.455359209028202E+001 -0.107536384819057E+002 -0.407708408330863E+005
  0.100000000000000E+001  0.815416417917721E+005  0.459891934253698E+001  0.773210679186944E+002 -0.192420850788136E+001  0.421845640851243E+001 -0.107536384819057E+002 -0.407708208958861E+005
  0.100000000000000E+001  0.815416264235726E+005  0.685845011444597E+001  0.975101643904931E+002 -0.166986630552137E+001  0.282284749043115E+001 -0.107536384819057E+002 -0.407708132117863E+005
  0.100000000000000E+001  0.815416137844660E+005 -0.348977727219356E+001  0.658580827930962E+002 -0.179340694109660E+001  0.345642375062027E+001 -0.107536384819057E+002 -0.407708068922330E+005
  0.100000000000000E+001  0.815415814371798E+005  0.480030067884807E+001  0.428332834132316E+002 -0.197408352232372E+001  0.453793028187925E+001 -0.107536384819057E+002 -0.407707907185899E+005
  0.100000000000000E+001  0.815415479850569E+005 -0.953238932631217E+001  0.915652484151718E+002 -0.136967993178878E+001  0.167248304115982E+001 -0.107536384819057E+002 -0.407707739925284E+005
  0.100000000000000E+001  0.815415412771884E+005 -0.641041101843230E+001  0.946670407098116E+002 -0.120245925268259E+001  0.126712215086897E+001 -0.107536384819057E+002 -0.407707706385942E+005
  0.100000000000000E+001  0.815414779597548E+005 -0.185633323487237E+002  0.854725665466129E+002 -0.153515770758478E+001  0.224081732380983E+001 -0.107536384819057E+002 -0.407707389798774E+005
  0.100000000000000E+001  0.815414419505977E+005 -0.233636575367471E+001  0.544376322223995E+002 -0.133852631491469E+001  0.158420013407043E+001 -0.107536384819057E+002 -0.407707209752989E+005
  0.100000000000000E+001  0.815414295102245E+005 -0.105239929078121E+002  0.956764180572417E+002 -0.157930522599365E+001  0.241903360393857E+001 -0.107536384819057E+002 -0.407707147551122E+005
  0.100000000000000E+001  0.815414254547176E+005 -0.191755443249402E+002  0.961677104855728E+002 -0.190930033786289E+001  0.413136786608130E+001 -0.107536384819057E+002 -0.407707127273588E+005
  0.100000000000000E+001  0.815413944084965E+005  0.154264779753792E+002  0.808593920756766E+002 -0.143723916847997E+001  0.188473739759914E+001 -0.107536384819057E+002 -0.407706972042483E+005
  0.100000000000000E+001  0.815413757206286E+005  0.721401878420285E+001  0.773203061322722E+002 -0.193201083566625E+001  0.427306386330126E+001 -0.107536384819057E+002 -0.407706878603143E+005
  0.100000000000000E+001  0.815413552522101E+005 -0.881006435797595E+001  0.771972787103300E+002 -0.179949193811946E+001  0.348785435872740E+001 -0.107536384819057E+002 -0.407706776261051E+005
  0.100000000000000E+001  0.815413373498350E+005 -0.175186662329592E+002  0.965394980422493E+002 -0.167096373116626E+001  0.282691595245225E+001 -0.107536384819057E+002 -0.407706686749175E+005
  0.100000000000000E+001  0.815413279876751E+005 -0.919698651861471E+001  0.793133896144271E+002 -0.153680430354362E+001  0.224559782311957E+001 -0.107536384819057E+002 -0.407706639938375E+005
  0.100000000000000E+001  0.815413173249778E+005 -0.113655119301673E+002  0.628461435995308E+002 -0.165580778357673E+001  0.275954947279415E+001 -0.107536384819057E+002 -0.407706586624889E+005
  0.100000000000000E+001  0.815412878730408E+005  0.175169612365043E+002  0.440969990904702E+002 -0.198523897003011E+001  0.461278984004664E+001 -0.107536384819057E+002 -0.407706439365204E+005
  0.100000000000000E+001  0.815412804727339E+005 -0.287005163414191E+001  0.993453037750912E+002 -0.160468390424159E+001  0.252719651328079E+001 -0.107536384819057E+002 -0.407706402363670E+005
  0.100000000000000E+001  0.815412709794601E+005 -0.181972606916680E+002  0.531577188761317E+002 -0.184191726406359E+001  0.372421681758182E+001 -0.107536384819057E+002 -0.407706354897300E+005
  0.100000000000000E+001  0.815412676774453E+005  0.159898535819776E+002  0.510726567645515E+002 -0.181285602376598E+001  0.356396160602306E+001 -0.107536384819057E+002 -0.407706338387226E+005
  0.100000000000000E+001  0.815412411760084E+005 -0.287119877843956E+001  0.664751566292972E+002 -0.190478433664296E+001  0.410138799629839E+001 -0.107536384819057E+002 -0.407706205880042E+005
  0.100000000000000E+001  0.815412376791729E+005 -0.187924691611377E+002  0.511117350657861E+002 -0.135409925780316E+001  0.162864498194492E+001 -0.107536384819057E+002 -0.407706188395864E+005
  0.100000000000000E+001  0.815412100476048E+005 -0.265719765357014E+001  0.997694464936083E+002 -0.196586938450052E+001  0.448454681985690E+001 -0.107536384819057E+002 -0.407706050238024E+005
  0.100000000000000E+001  0.815412025856924E+005 -0.350948525600941E+001  0.994175969087095E+002 -0.160156552071390E+001  0.251276363953430E+001 -0.107536384819057E+002 -0.407706012928462E+005
  0.100000000000000E+001  0.815411975548660E+005 -0.920782389068993E+001  0.596145017236311E+002 -0.160341154548561E+001  0.252406158736686E+001 -0.107536384819057E+002 -0.407705987774330E+005
  0.100000000000000E+001  0.815411958076701E+005  0.157136190260331E+002  0.762121654514990E+002 -0.145214312170984E+001  0.193672224007568E+001 -0.107536384819057E+002 -0.407705979038351E+005
  0.100000000000000E+001  0.815411857717466E+005  0.850648196071655E+001  0.485710832918820E+002 -0.159732462311617E+001  0.249540712951592E+001 -0.107536384819057E+002 -0.407705928858733E+005
  0.100000000000000E+001  0.815411579551065E+005 -0.191458827400382E+001  0.883999721938395E+002 -0.193285761204896E+001  0.427308925372197E+001 -0.107536384819057E+002 -0.407705789775533E+005
  0.100000000000000E+001  0.815411397427956E+005 -0.162253141813733E+002  0.954887004845885E+002 -0.196547949479780E+001  0.448530222046513E+001 -0.107536384819057E+002 -0.407705698713978E+005
  0.100000000000000E+001  0.815411325323587E+005 -0.181233998262439E+002  0.878236002084048E+002 -0.148453145039804E+001  0.204986182779779E+001 -0.107536384819057E+002 -0.407705662661793E+005
  0.100000000000000E+001  0.815411259583570E+005  0.396578180534275E+001  0.539709343432386E+002 -0.130989422781039E+001  0.150821679239850E+001 -0.107536384819057E+002 -0.407705629791785E+005
  0.100000000000000E+001  0.815411082117457E+005 -0.104814817951259E+002  0.875811969484359E+002 -0.196332894679106E+001  0.446812747280649E+001 -0.107536384819057E+002 -0.407705541058728E+005
  0.100000000000000E+001  0.815411063850314E+005 -0.976730102457858E+001  0.968234824271107E+002 -0.158801438986077E+001  0.245566400803642E+001 -0.107536384819057E+002 -0.407705531925157E+005
  0.100000000000000E+001  0.815411035153826E+005  0.156974653925518E+002  0.502811333724592E+002 -0.179556674073829E+001  0.346809765802511E+001 -0.107536384819057E+002 -0.407705517576913E+005
  0.100000000000000E+001  0.815410980279040E+005 -0.469837694181274E+001  0.679845308790289E+002 -0.188292402914694E+001  0.396564670840810E+001 -0.107536384819057E+002 -0.407705490139520E+005
  0.100000000000000E+001  0.815410947998107E+005 -0.458979295176421E+001  0.877733304526007E+002 -0.119647784025173E+001  0.125621495868030E+001 -0.107536384819057E+002 -0.407705473999054E+005
  0.100000000000000E+001  0.815410861331046E+005 -0.116659084703654E+002  0.603468793178184E+002 -0.186926358029563E+001  0.388507779905016E+001 -0.107536384819057E+002 -0.407705430665523E+005
  0.100000000000000E+001  0.815410743286696E+005  0.120593996924562E+002  0.637905472972391E+002 -0.150221256958283E+001  0.211402382632080E+001 -0.107536384819057E+002 -0.407705371643348E+005
  0.100000000000000E+001  0.815410717326107E+005  0.170385107796793E+002  0.415836239498959E+002 -0.183237188883176E+001  0.367418862078037E+001 -0.107536384819057E+002 -0.407705358663054E+005
  0.100000000000000E+001  0.815410644678641E+005  0.524872092781628E+001  0.428800556685232E+002 -0.197597557405274E+001  0.455154518227548E+001 -0.107536384819057E+002 -0.407705322339320E+005
  0.100000000000000E+001  0.815410590393556E+005 -0.116772707911221E+002  0.444908586204122E+002 -0.134258912905978E+001  0.159594486613057E+001 -0.107536384819057E+002 -0.407705295196778E+005
  0.100000000000000E+001  0.815410571505109E+005 -0.483918390914343E+001  0.580185396095502E+002 -0.169088158593833E+001  0.292629679762515E+001 -0.107536384819057E+002 -0.407705285752554E+005
  0.100000000000000E+001  0.815410560860162E+005  0.140422516246436E+002  0.980752957909498E+002 -0.189431501383078E+001  0.403940121930791E+001 -0.107536384819057E+002 -0.407705280430081E+005
  0.100000000000000E+001  0.815410552263426E+005 -0.699685221559053E+001  0.563143830905019E+002 -0.199767774701525E+001  0.469795437276173E+001 -0.107536384819057E+002 -0.407705276131713E+005
  0.100000000000000E+001  0.815410513344319E+005  0.834268572424104E+001  0.539956264818280E+002 -0.181391612800310E+001  0.356803711159760E+001 -0.107536384819057E+002 -0.407705256672160E+005
  0.100000000000000E+001  0.815410390006371E+005  0.179457943739256E+002  0.443121583366680E+002 -0.197041590606589E+001  0.451959874345896E+001 -0.107536384819057E+002 -0.407705195003185E+005
  0.100000000000000E+001  0.815410381855393E+005 -0.742027351008307E+001  0.757443610443031E+002 -0.173370390184651E+001  0.313686935704954E+001 -0.107536384819057E+002 -0.407705190927697E+005
  0.100000000000000E+001  0.815410319689056E+005 -0.182470621818773E+002  0.958248148617126E+002 -0.192482232388031E+001  0.422351850920280E+001 -0.107536384819057E+002 -0.407705159844528E+005
  0.100000000000000E+001  0.815410296864303E+005 -0.185270363416241E+002  0.864755751656844E+002 -0.148540401585996E+001  0.205155744846031E+001 -0.107536384819057E+002 -0.407705148432151E+005
  0.100000000000000E+001  0.815410090013608E+005  0.150317437367346E+002  0.433589197056540E+002 -0.184448850018960E+001  0.373921680120722E+001 -0.107536384819057E+002 -0.407705045006804E+005
  0.100000000000000E+001  0.815409903416905E+005 -0.187635594796670E+002  0.964530221687162E+002 -0.191946692354426E+001  0.419005259884508E+001 -0.107536384819057E+002 -0.407704951708452E+005
  0.100000000000000E+001  0.815409852730765E+005  0.144669955073429E+002  0.566312877152855E+002 -0.182681032200631E+001  0.363803421582940E+001 -0.107536384819057E+002 -0.407704926365383E+005
  0.100000000000000E+001  0.815409770401589E+005 -0.148307839601601E+002  0.756151080260678E+002 -0.194592700717282E+001  0.435688933158373E+001 -0.107536384819057E+002 -0.407704885200794E+005
  0.100000000000000E+001  0.815409768457096E+005 -0.974393272040846E+001  0.661398118405129E+002 -0.189473266130600E+001  0.404190697566615E+001 -0.107536384819057E+002 -0.407704884228548E+005
  0.100000000000000E+001  0.815409727858996E+005 -0.137292186497205E+002  0.724610462595273E+002 -0.168807861633794E+001  0.290982014317081E+001 -0.107536384819057E+002 -0.407704863929498E+005
  0.100000000000000E+001  0.815409670039937E+005 -0.219184056804812E+001  0.487923258316001E+002 -0.197425685890962E+001  0.453958381652755E+001 -0.107536384819057E+002 -0.407704835019968E+005
  0.100000000000000E+001  0.815409649870933E+005  0.910756073996358E+001  0.832086572838151E+002 -0.173441920627156E+001  0.313966959952289E+001 -0.107536384819057E+002 -0.407704824935466E+005
  0.100000000000000E+001  0.815409508363873E+005 -0.163282015383434E+002  0.901101989299733E+002 -0.146024621560610E+001  0.196299117971518E+001 -0.107536384819057E+002 -0.407704754181937E+005
  0.100000000000000E+001  0.815409495050949E+005 -0.189040872117752E+002  0.883893552316099E+002 -0.144512428086373E+001  0.191053584393214E+001 -0.107536384819057E+002 -0.407704747525475E+005
  0.100000000000000E+001  0.815409391468513E+005  0.120911755454204E+002  0.511941353337241E+002 -0.182774630629852E+001  0.364605439424625E+001 -0.107536384819057E+002 -0.407704695734257E+005
  0.100000000000000E+001  0.815409376379267E+005 -0.119207425704049E+002  0.627252193573159E+002 -0.153039855697155E+001  0.222064086052909E+001 -0.107536384819057E+002 -0.407704688189634E+005
  0.100000000000000E+001  0.815409326114162E+005  0.163452681666235E+002  0.719918656684136E+002 -0.146060249925307E+001  0.196358481486316E+001 -0.107536384819057E+002 -0.407704663057081E+005
  0.100000000000000E+001  0.815409293531474E+005  0.159394930432520E+001  0.885724863421708E+002 -0.199275340339204E+001  0.466197366587031E+001 -0.107536384819057E+002 -0.407704646765737E+005
  0.100000000000000E+001  0.815409242482566E+005 -0.807343628023063E+001  0.899398753379294E+002 -0.189323281512462E+001  0.402805622502756E+001 -0.107536384819057E+002 -0.407704621241283E+005
  0.100000000000000E+001  0.815409211582319E+005 -0.181259722418223E+002  0.474146083270211E+002 -0.182919518934115E+001  0.365236233662937E+001 -0.107536384819057E+002 -0.407704605791159E+005
  0.100000000000000E+001  0.815409169505235E+005  0.114275758963216E+002  0.972759938383090E+002 -0.195860624205648E+001  0.443776935553418E+001 -0.107536384819057E+002 -0.407704584752618E+005
  0.100000000000000E+001  0.815408963771874E+005 -0.700637690239648E+001  0.564254083645848E+002 -0.199978313252369E+001  0.470921920819003E+001 -0.107536384819057E+002 -0.407704481885937E+005
  0.100000000000000E+001  0.815408795720347E+005  0.182446238329758E+002  0.447534648156127E+002 -0.197418391498374E+001  0.453928717410889E+001 -0.107536384819057E+002 -0.407704397860174E+005
  0.100000000000000E+001  0.815408759191541E+005 -0.108307917648336E+002  0.691942696563102E+002 -0.168579904372293E+001  0.289876907521241E+001 -0.107536384819057E+002 -0.407704379595771E+005
  0.100000000000000E+001  0.815408666770934E+005  0.504191187405439E+001  0.531817591632279E+002 -0.131350816439522E+001  0.151899675828998E+001 -0.107536384819057E+002 -0.407704333385467E+005
  0.100000000000000E+001  0.815408587918405E+005 -0.881077974245114E+001  0.769408198311255E+002 -0.180235260746343E+001  0.350120904770304E+001 -0.107536384819057E+002 -0.407704293959203E+005
  0.100000000000000E+001  0.815408532454470E+005 -0.157157400683547E+002  0.958816847964822E+002 -0.196602077689854E+001  0.448607262975277E+001 -0.107536384819057E+002 -0.407704266227235E+005
  0.100000000000000E+001  0.815408477587680E+005  0.188003628735369E+002  0.519168200630042E+002 -0.196079540026819E+001  0.445214014517557E+001 -0.107536384819057E+002 -0.407704238793840E+005
  0.100000000000000E+001  0.815408410702324E+005  0.120541824402005E+002  0.541772742826289E+002 -0.180000230098678E+001  0.348825455009932E+001 -0.107536384819057E+002 -0.407704205351162E+005
  0.100000000000000E+001  0.815408345758244E+005 -0.792164682551844E+001  0.544534618212847E+002 -0.169977130740111E+001  0.296675563533421E+001 -0.107536384819057E+002 -0.407704172879122E+005
  0.100000000000000E+001  0.815408318113231E+005 -0.151614379413161E-001  0.828801602628374E+002 -0.193605769731276E+001  0.429394454285053E+001 -0.107536384819057E+002 -0.407704159056615E+005
  0.100000000000000E+001  0.815408234094623E+005 -0.169911473928016E+002  0.751581467396692E+002 -0.156044310473661E+001  0.234033187336582E+001 -0.107536384819057E+002 -0.407704117047312E+005
  0.100000000000000E+001  0.815408217742068E+005 -0.331596019776708E+001  0.683981058837606E+002 -0.190983039497577E+001  0.413013151237385E+001 -0.107536384819057E+002 -0.407704108871034E+005
  0.100000000000000E+001  0.815408097915408E+005  0.707301022760208E+001  0.643729644322294E+002 -0.191236139386033E+001  0.414546429961398E+001 -0.107536384819057E+002 -0.407704048957704E+005
  0.100000000000000E+001  0.815408093563862E+005 -0.184107670634616E+002  0.875934612376045E+002 -0.145687131249777E+001  0.195069321909443E+001 -0.107536384819057E+002 -0.407704046781931E+005
  0.100000000000000E+001  0.815408073011147E+005 -0.193314624556944E+002  0.958986460695296E+002 -0.191702370207303E+001  0.417438774002585E+001 -0.107536384819057E+002 -0.407704036505574E+005
  0.100000000000000E+001  0.815408031624128E+005 -0.176167666677335E+002  0.689490434279351E+002 -0.152906747115637E+001  0.221816510620599E+001 -0.107536384819057E+002 -0.407704015812064E+005
  0.100000000000000E+001  0.815408026473548E+005 -0.377307518088394E+001  0.763425891596369E+002 -0.180080766134891E+001  0.349272844024530E+001 -0.107536384819057E+002 -0.407704013236774E+005
  0.100000000000000E+001  0.815407915998348E+005  0.423618172023763E+001  0.859148760011728E+002 -0.176794653804369E+001  0.331865605513508E+001 -0.107536384819057E+002 -0.407703957999174E+005
  0.100000000000000E+001  0.815407874925434E+005 -0.699172723849380E+001  0.732600019616165E+002 -0.158848905681924E+001  0.245992123564511E+001 -0.107536384819057E+002 -0.407703937462717E+005
  0.100000000000000E+001  0.815407861797853E+005 -0.613151150079383E+001  0.965344776220633E+002 -0.158657182780920E+001  0.244881307396968E+001 -0.107536384819057E+002 -0.407703930898926E+005
  0.100000000000000E+001  0.815407837661123E+005 -0.389761368987688E+001  0.527624150557735E+002 -0.180258384922872E+001  0.350664356712852E+001 -0.107536384819057E+002 -0.407703918830562E+005
  0.100000000000000E+001  0.815407810479762E+005 -0.111660088340697E+002  0.892823400290426E+002 -0.168363664968997E+001  0.288830925056304E+001 -0.107536384819057E+002 -0.407703905239881E+005
  0.100000000000000E+001  0.815407732635645E+005 -0.313618371234991E+001  0.773885728624726E+002 -0.177979942285616E+001  0.337819772264726E+001 -0.107536384819057E+002 -0.407703866317822E+005
  0.100000000000000E+001  0.815407709413751E+005 -0.109458732663123E+002  0.977483948040389E+002 -0.155767639955264E+001  0.232910427956684E+001 -0.107536384819057E+002 -0.407703854706876E+005
  0.100000000000000E+001  0.815407623708763E+005  0.192249925609313E+002  0.965171462488598E+002 -0.188461938933267E+001  0.397624035932075E+001 -0.107536384819057E+002 -0.407703811854382E+005
  0.100000000000000E+001  0.815407615569299E+005  0.839456620252814E+001  0.540856513404454E+002 -0.181094917652658E+001  0.354902085417194E+001 -0.107536384819057E+002 -0.407703807784649E+005
  0.100000000000000E+001  0.815407606415875E+005  0.134885802901261E+002  0.843519248200843E+002 -0.187824291851495E+001  0.394060880367460E+001 -0.107536384819057E+002 -0.407703803207938E+005
  0.100000000000000E+001  0.815407542339416E+005 -0.134029907628001E+001  0.992471670509703E+002 -0.159990529937032E+001  0.250575666775167E+001 -0.107536384819057E+002 -0.407703771169708E+005
  0.100000000000000E+001  0.815407537809303E+005 -0.132469905483169E+002  0.710439390344805E+002 -0.163146370398753E+001  0.264795746718943E+001 -0.107536384819057E+002 -0.407703768904652E+005
  0.100000000000000E+001  0.815407487175224E+005  0.120900921134923E+002  0.885702549307031E+002 -0.167395403608683E+001  0.284198249668420E+001 -0.107536384819057E+002 -0.407703743587612E+005
  0.100000000000000E+001  0.815407458672837E+005  0.393064482898211E+000  0.816865064122691E+002 -0.164475897909865E+001  0.270837576477974E+001 -0.107536384819057E+002 -0.407703729336418E+005
  0.100000000000000E+001  0.815407457159057E+005 -0.106243773105656E+002  0.794021595109824E+002 -0.182143318695674E+001  0.361195456742188E+001 -0.107536384819057E+002 -0.407703728579528E+005
  0.100000000000000E+001  0.815407409911376E+005 -0.350406445800648E+001  0.996027700070980E+002 -0.167870823815944E+001  0.286613434397010E+001 -0.107536384819057E+002 -0.407703704955688E+005
  0.100000000000000E+001  0.815407304310610E+005  0.179922987200276E+002  0.706656750010473E+002 -0.186678446470863E+001  0.386989752565287E+001 -0.107536384819057E+002 -0.407703652155305E+005
  0.100000000000000E+001  0.815407275494025E+005  0.184569931296219E+002  0.707991909770570E+002 -0.182916884540534E+001  0.365168324535713E+001 -0.107536384819057E+002 -0.407703637747012E+005
  0.100000000000000E+001  0.815407244629479E+005 -0.109021064511379E+002  0.600200012073875E+002 -0.186636856873164E+001  0.386747506526500E+001 -0.107536384819057E+002 -0.407703622314739E+005
  0.100000000000000E+001  0.815407067226256E+005  0.577441344178105E+000  0.966636184862646E+002 -0.162097556975272E+001  0.259792018666367E+001 -0.107536384819057E+002 -0.407703533613128E+005
  0.100000000000000E+001  0.815407014822727E+005 -0.651007365096167E+001  0.857162146941278E+002 -0.157294195610788E+001  0.239235264571976E+001 -0.107536384819057E+002 -0.407703507411363E+005
  0.100000000000000E+001  0.815407009305490E+005 -0.162585395451853E+002  0.622584643109305E+002 -0.171721374819178E+001  0.305267934653806E+001 -0.107536384819057E+002 -0.407703504652745E+005
  0.100000000000000E+001  0.815406988628911E+005 -0.494479780805079E-001  0.997098650487181E+002 -0.161503725994168E+001  0.257475695479987E+001 -0.107536384819057E+002 -0.407703494314456E+005
  0.100000000000000E+001  0.815406957810501E+005 -0.284247407357390E+001  0.902459932379252E+002 -0.160924304153177E+001  0.254932729008187E+001 -0.107536384819057E+002 -0.407703478905250E+005
  0.100000000000000E+001  0.815406907973835E+005  0.176055358239632E+002  0.567336430196045E+002 -0.183441817631166E+001  0.368170775336317E+001 -0.107536384819057E+002 -0.407703453986917E+005
  0.100000000000000E+001  0.815406851132656E+005  0.102007878300562E+002  0.676613501679501E+002 -0.168929953889601E+001  0.291717558066520E+001 -0.107536384819057E+002 -0.407703425566328E+005
  0.100000000000000E+001  0.815406849167090E+005  0.579339094542754E+001  0.627546642299583E+002 -0.153138284111014E+001  0.222455221916045E+001 -0.107536384819057E+002 -0.407703424583545E+005
  0.100000000000000E+001  0.815406712067321E+005 -0.609863717727814E+001  0.815810971813211E+002 -0.180010717111354E+001  0.348902598161154E+001 -0.107536384819057E+002 -0.407703356033661E+005
  0.100000000000000E+001  0.815406680065884E+005 -0.298175212987413E+001  0.830494144810624E+002 -0.171843242748316E+001  0.305930851485341E+001 -0.107536384819057E+002 -0.407703340032942E+005
  0.100000000000000E+001  0.815406625998513E+005  0.297804631751717E+000  0.856729200035867E+002 -0.179010864902478E+001  0.343451307013719E+001 -0.107536384819057E+002 -0.407703312999256E+005
  0.100000000000000E+001  0.815406569898653E+005 -0.315742246180276E+001  0.764794128342181E+002 -0.177222324224118E+001  0.334142555498136E+001 -0.107536384819057E+002 -0.407703284949327E+005
  0.100000000000000E+001  0.815406504432215E+005  0.347705316659079E+001  0.860529857819512E+002 -0.177789516794059E+001  0.336808306834410E+001 -0.107536384819057E+002 -0.407703252216108E+005
  0.100000000000000E+001  0.815406476441554E+005 -0.696829567425024E+000  0.992404521789817E+002 -0.160678340509251E+001  0.253858066087290E+001 -0.107536384819057E+002 -0.407703238220777E+005
  0.100000000000000E+001  0.815406433705168E+005 -0.385973012151400E+001  0.868670809806416E+002 -0.177007970182929E+001  0.332623257357084E+001 -0.107536384819057E+002 -0.407703216852584E+005
  0.100000000000000E+001  0.815406384412670E+005 -0.160549840812230E+002  0.605099020086514E+002 -0.171324349672674E+001  0.303286933719608E+001 -0.107536384819057E+002 -0.407703192206335E+005
  0.100000000000000E+001  0.815406230084079E+005 -0.110162340425583E+002  0.956096799221087E+002 -0.158180317322770E+001  0.242877809877613E+001 -0.107536384819057E+002 -0.407703115042040E+005
  0.100000000000000E+001  0.815406121996813E+005  0.165973694979663E+002  0.512546194268222E+002 -0.178969539906088E+001  0.343578189423036E+001 -0.107536384819057E+002 -0.407703060998406E+005
  0.100000000000000E+001  0.815406048258332E+005 -0.275771037804850E+001  0.774656475912506E+002 -0.177830136217252E+001  0.337046881273724E+001 -0.107536384819057E+002 -0.407703024129166E+005
  0.100000000000000E+001  0.815406035750528E+005 -0.666484089785979E+001  0.924432043698425E+002 -0.154932821730332E+001  0.229817089209848E+001 -0.107536384819057E+002 -0.407703017875264E+005
  0.100000000000000E+001  0.815406020132375E+005 -0.112964086951899E+002  0.617233947030452E+002 -0.186290054577219E+001  0.385110006066903E+001 -0.107536384819057E+002 -0.407703010066187E+005
  0.100000000000000E+001  0.815405939093080E+005 -0.197887596966936E+000  0.824760451444836E+002 -0.193274480204475E+001  0.427731902914147E+001 -0.107536384819057E+002 -0.407702969546540E+005
  0.100000000000000E+001  0.815405912590479E+005 -0.682011286222164E+001  0.731159810857830E+002 -0.176190089493217E+001  0.328511992881336E+001 -0.107536384819057E+002 -0.407702956295240E+005
  0.100000000000000E+001  0.815405681334695E+005  0.179896714650055E+002  0.565654317482794E+002 -0.183471178746559E+001  0.368588273587357E+001 -0.107536384819057E+002 -0.407702840667348E+005
  0.100000000000000E+001  0.815405621883823E+005 -0.104603090221588E+002  0.626836468309423E+002 -0.173622054110183E+001  0.314943130011227E+001 -0.107536384819057E+002 -0.407702810941912E+005
  0.100000000000000E+001  0.815405560752407E+005 -0.119731767063290E+002  0.623735999439546E+002 -0.152625589022287E+001  0.220623567252463E+001 -0.107536384819057E+002 -0.407702780376203E+005
  0.100000000000000E+001  0.815405463871799E+005 -0.111568886514235E+002  0.620032667893751E+002 -0.172809982586543E+001  0.310797952535378E+001 -0.107536384819057E+002 -0.407702731935899E+005
  0.100000000000000E+001  0.815405459777467E+005  0.476877411033962E+001  0.535698643469477E+002 -0.131389034539578E+001  0.151860001802935E+001 -0.107536384819057E+002 -0.407702729888734E+005
  0.100000000000000E+001  0.815405458339677E+005 -0.101325757753597E+002  0.730921102277938E+002 -0.172460914625491E+001  0.309010284853987E+001 -0.107536384819057E+002 -0.407702729169839E+005
  0.100000000000000E+001  0.815405395705303E+005  0.110895206151092E+002  0.488086252469764E+002 -0.155311737671195E+001  0.231239413595516E+001 -0.107536384819057E+002 -0.407702697852652E+005
  0.100000000000000E+001  0.815405383729796E+005  0.185678746425038E+002  0.433783846554060E+002 -0.198277586551899E+001  0.460058606145425E+001 -0.107536384819057E+002 -0.407702691864898E+005
  0.100000000000000E+001  0.815405231484882E+005  0.194746620084452E+002  0.972035126659157E+002 -0.188390741834116E+001  0.397468791874733E+001 -0.107536384819057E+002 -0.407702615742441E+005
  0.100000000000000E+001  0.815405142362705E+005 -0.542092940928852E+001  0.661547480635980E+002 -0.166277782994596E+001  0.278875653821026E+001 -0.107536384819057E+002 -0.407702571181352E+005
  0.100000000000000E+001  0.815405036748928E+005 -0.831435388369990E+001  0.588260645837056E+002 -0.163091489776083E+001  0.264428856933922E+001 -0.107536384819057E+002 -0.407702518374464E+005
  0.100000000000000E+001  0.815404925358772E+005  0.224427314922534E+001  0.793741502722595E+002 -0.169211897637404E+001  0.292911389301542E+001 -0.107536384819057E+002 -0.407702462679386E+005
  0.100000000000000E+001  0.815404925113543E+005 -0.151832067433994E+002  0.916983986293004E+002 -0.168401390012619E+001  0.289287358364295E+001 -0.107536384819057E+002 -0.407702462556771E+005
  0.100000000000000E+001  0.815404847334701E+005 -0.152483447227493E+002  0.472483916385083E+002 -0.155279434859381E+001  0.231110129176862E+001 -0.107536384819057E+002 -0.407702423667351E+005
  0.100000000000000E+001  0.815404845166713E+005 -0.182585535506743E+002  0.873423652515308E+002 -0.145546986903209E+001  0.194594557561411E+001 -0.107536384819057E+002 -0.407702422583357E+005
  0.100000000000000E+001  0.815404791659866E+005 -0.177645745021807E+002  0.876698984315888E+002 -0.145755850294554E+001  0.195359291515556E+001 -0.107536384819057E+002 -0.407702395829933E+005
  0.100000000000000E+001  0.815404732041465E+005  0.309905978949037E+001  0.453580548036242E+002 -0.149484953645054E+001  0.208849419571174E+001 -0.107536384819057E+002 -0.407702366020733E+005
  0.100000000000000E+001  0.815404728170154E+005 -0.146260802377807E+002  0.617256208846536E+002 -0.168879513092897E+001  0.291294259379088E+001 -0.107536384819057E+002 -0.407702364085077E+005
  0.100000000000000E+001  0.815404676310182E+005 -0.381793820717426E+001  0.997017778891192E+002 -0.159613399024162E+001  0.249006754810091E+001 -0.107536384819057E+002 -0.407702338155091E+005
  0.100000000000000E+001  0.815404648775332E+005 -0.112568306447836E+002  0.970893960713902E+002 -0.165933378388272E+001  0.277270160184288E+001 -0.107536384819057E+002 -0.407702324387666E+005
  0.100000000000000E+001  0.815404642156287E+005  0.142450323907687E+002  0.535655139325236E+002 -0.192355287114201E+001  0.421947738905429E+001 -0.107536384819057E+002 -0.407702321078144E+005
  0.100000000000000E+001  0.815404630222756E+005 -0.127208092547969E+002  0.716945948942573E+002 -0.166939170934554E+001  0.282014580823798E+001 -0.107536384819057E+002 -0.407702315111378E+005
  0.100000000000000E+001  0.815404565200927E+005  0.191908535841862E+002  0.859542392819724E+002 -0.178652786680339E+001  0.341846850735540E+001 -0.107536384819057E+002 -0.407702282600463E+005
  0.100000000000000E+001  0.815404530390392E+005 -0.785407759839477E+001  0.813235305098557E+002 -0.150108952284891E+001  0.210928288822670E+001 -0.107536384819057E+002 -0.407702265195196E+005
  0.100000000000000E+001  0.815404474028855E+005 -0.184723621727981E+002  0.962006659806674E+002 -0.192112270301068E+001  0.420428005548234E+001 -0.107536384819057E+002 -0.407702237014428E+005
  0.100000000000000E+001  0.815404439621102E+005  0.597893409267155E+001  0.424307678763513E+002 -0.197301030682343E+001  0.453476071074617E+001 -0.107536384819057E+002 -0.407702219810551E+005
  0.100000000000000E+001  0.815404422769982E+005 -0.161768410481824E+002  0.604767943415275E+002 -0.123753872078643E+001  0.133808156134647E+001 -0.107536384819057E+002 -0.407702211384991E+005
  0.100000000000000E+001  0.815404406361111E+005  0.500621880858395E+001  0.894125208274493E+002 -0.163495949784307E+001  0.266364740648871E+001 -0.107536384819057E+002 -0.407702203180555E+005
  0.100000000000000E+001  0.815404402815789E+005  0.152611354048549E+000  0.854503582426596E+002 -0.198859750076660E+001  0.463911348808855E+001 -0.107536384819057E+002 -0.407702201407894E+005
  0.100000000000000E+001  0.815404339921000E+005  0.394743460359912E-001  0.856122146345817E+002 -0.198867420425087E+001  0.463814346228491E+001 -0.107536384819057E+002 -0.407702169960500E+005
  0.100000000000000E+001  0.815404328482924E+005  0.106875115949111E+001  0.817071502817473E+002 -0.156441524624131E+001  0.235709785394946E+001 -0.107536384819057E+002 -0.407702164241462E+005
  0.100000000000000E+001  0.815404277127296E+005 -0.178146338374205E+002  0.932740919551493E+002 -0.163130524177464E+001  0.264426295669389E+001 -0.107536384819057E+002 -0.407702138563648E+005
  0.100000000000000E+001  0.815404255223722E+005 -0.453539058090018E+001  0.698856153208064E+002 -0.172899111553081E+001  0.311569211003646E+001 -0.107536384819057E+002 -0.407702127611861E+005
  0.100000000000000E+001  0.815404208720912E+005 -0.924814240038157E+001  0.897224053992687E+002 -0.180280493636095E+001  0.350639963241220E+001 -0.107536384819057E+002 -0.407702104360456E+005
  0.100000000000000E+001  0.815404163714989E+005 -0.645922415245359E+001  0.692530039724875E+002 -0.164547270419211E+001  0.270878297080172E+001 -0.107536384819057E+002 -0.407702081857494E+005
  0.100000000000000E+001  0.815404099244982E+005 -0.122968932248999E+002  0.613485150217760E+002 -0.176268656413791E+001  0.329058317275667E+001 -0.107536384819057E+002 -0.407702049622491E+005
  0.100000000000000E+001  0.815404044886090E+005  0.159477358807932E+002  0.812279144099196E+002 -0.144042927554002E+001  0.189485928408947E+001 -0.107536384819057E+002 -0.407702022443045E+005
  0.100000000000000E+001  0.815404029590137E+005 -0.522661355900520E+001  0.969575626182373E+002 -0.162630211763956E+001  0.262185608049649E+001 -0.107536384819057E+002 -0.407702014795069E+005
  0.100000000000000E+001  0.815403942128463E+005  0.176607372120569E+002  0.701600914151571E+002 -0.182450934072322E+001  0.362918109404873E+001 -0.107536384819057E+002 -0.407701971064231E+005
  0.100000000000000E+001  0.815403938945270E+005 -0.182006469456106E+002  0.880532406077929E+002 -0.145841711534857E+001  0.195821626443550E+001 -0.107536384819057E+002 -0.407701969472635E+005
  0.100000000000000E+001  0.815403916170886E+005  0.113862602354282E+002  0.606910181603035E+002 -0.148787313794631E+001  0.206070337418893E+001 -0.107536384819057E+002 -0.407701958085443E+005
  0.100000000000000E+001  0.815403812293902E+005 -0.751343848550447E+001  0.824349385950336E+002 -0.154367628973887E+001  0.227553836012282E+001 -0.107536384819057E+002 -0.407701906146951E+005
  0.100000000000000E+001  0.815403731367656E+005  0.727300207768735E-001  0.826286003489083E+002 -0.175197052556016E+001  0.323299519411290E+001 -0.107536384819057E+002 -0.407701865683828E+005
  0.100000000000000E+001  0.815403715776312E+005  0.246609685855303E+001  0.746503430488372E+002 -0.162981132330819E+001  0.263935679641892E+001 -0.107536384819057E+002 -0.407701857888156E+005
  0.100000000000000E+001  0.815403660560718E+005  0.117340717962910E+002  0.457607803689827E+002 -0.160890632284722E+001  0.254521205174682E+001 -0.107536384819057E+002 -0.407701830280359E+005
  0.100000000000000E+001  0.815403613475786E+005 -0.106332093329329E+002  0.427502603953397E+002 -0.133057783690254E+001  0.156307568086396E+001 -0.107536384819057E+002 -0.407701806737893E+005
  0.100000000000000E+001  0.815403546420607E+005 -0.979836811869662E+001  0.589579405781874E+002 -0.159722587810547E+001  0.249465867362236E+001 -0.107536384819057E+002 -0.407701773210304E+005
  0.100000000000000E+001  0.815403431358488E+005 -0.454771938447849E+001  0.552935688089680E+002 -0.138033064555410E+001  0.170419864636041E+001 -0.107536384819057E+002 -0.407701715679244E+005
  0.100000000000000E+001  0.815403429802115E+005 -0.473447492662397E+001  0.553351063481859E+002 -0.137945312043174E+001  0.170192741492213E+001 -0.107536384819057E+002 -0.407701714901058E+005
  0.100000000000000E+001  0.815403400744597E+005  0.600878753012538E+001  0.622279001705422E+002 -0.154411393632057E+001  0.227726908889738E+001 -0.107536384819057E+002 -0.407701700372299E+005
  0.100000000000000E+001  0.815403316083607E+005  0.616075971533967E+001  0.784266802921174E+002 -0.173269227270036E+001  0.313337310471482E+001 -0.107536384819057E+002 -0.407701658041803E+005
  0.100000000000000E+001  0.815403189215265E+005 -0.470127961482732E+001  0.877615785341052E+002 -0.119584252123225E+001  0.125426478474973E+001 -0.107536384819057E+002 -0.407701594607633E+005
  0.100000000000000E+001  0.815403055421254E+005  0.570828998142180E+001  0.626912802698076E+002 -0.155094879152467E+001  0.230217830452840E+001 -0.107536384819057E+002 -0.407701527710627E+005
  0.100000000000000E+001  0.815403036168240E+005 -0.163241685941986E+002  0.957524512579709E+002 -0.196417963343022E+001  0.447850280050219E+001 -0.107536384819057E+002 -0.407701518084120E+005
  0.100000000000000E+001  0.815403007474665E+005 -0.340982650246247E-001  0.498666661332077E+002 -0.194555666362423E+001  0.435720443617011E+001 -0.107536384819057E+002 -0.407701503737333E+005
  0.100000000000000E+001  0.815403002413587E+005  0.126325675802418E+002  0.491183970428525E+002 -0.141420151029790E+001  0.180934875651918E+001 -0.107536384819057E+002 -0.407701501206793E+005
  0.100000000000000E+001  0.815402948136316E+005 -0.172034016528834E+002  0.920412249521621E+002 -0.144721023399553E+001  0.191810206256271E+001 -0.107536384819057E+002 -0.407701474068158E+005
  0.100000000000000E+001  0.815402876822902E+005 -0.156006905709211E+002  0.892049869502111E+002 -0.146371027417322E+001  0.197459299316449E+001 -0.107536384819057E+002 -0.407701438411451E+005
  0.100000000000000E+001  0.815402778368251E+005 -0.112309922740749E+002  0.916990531723458E+002 -0.154567191768025E+001  0.228127230008520E+001 -0.107536384819057E+002 -0.407701389184125E+005
  0.100000000000000E+001  0.815402732588049E+005  0.114047842916135E+002  0.960070468312695E+002 -0.165766962100003E+001  0.276790675886893E+001 -0.107536384819057E+002 -0.407701366294024E+005
  0.100000000000000E+001  0.815402713057327E+005 -0.981794589391235E+001  0.753515648629943E+002 -0.182102023320881E+001  0.360939485350475E+001 -0.107536384819057E+002 -0.407701356528664E+005
  0.100000000000000E+001  0.815402472835871E+005 -0.133618448387878E+002  0.967488095992567E+002 -0.153425811870967E+001  0.223601600782994E+001 -0.107536384819057E+002 -0.407701236417936E+005
  0.100000000000000E+001  0.815402460067155E+005  0.334647934196730E+001  0.447523372581646E+002 -0.149495982773937E+001  0.208695498178207E+001 -0.107536384819057E+002 -0.407701230033578E+005
  0.100000000000000E+001  0.815402353997724E+005  0.261029085714621E+001  0.664944886191408E+002 -0.153998408528532E+001  0.225856969334658E+001 -0.107536384819057E+002 -0.407701176998862E+005
  0.100000000000000E+001  0.815402251332514E+005  0.172211216100469E+002  0.522442113199530E+002 -0.179737558617193E+001  0.347653421586907E+001 -0.107536384819057E+002 -0.407701125666257E+005
  0.100000000000000E+001  0.815402210850852E+005  0.864250406418703E+001  0.839722000868631E+002 -0.173473699382251E+001  0.314387334146278E+001 -0.107536384819057E+002 -0.407701105425426E+005
  0.100000000000000E+001  0.815402196703955E+005 -0.169688892528520E+002  0.574653342945742E+002 -0.199566709237647E+001  0.468490925970488E+001 -0.107536384819057E+002 -0.407701098351978E+005
  0.100000000000000E+001  0.815402171518878E+005 -0.585174235305248E+001  0.862737878047269E+002 -0.120783374679494E+001  0.127778262432096E+001 -0.107536384819057E+002 -0.407701085759439E+005
  0.100000000000000E+001  0.815402158102281E+005  0.185318213368055E+002  0.435968470265045E+002 -0.198304252567465E+001  0.460210797869509E+001 -0.107536384819057E+002 -0.407701079051141E+005
  0.100000000000000E+001  0.815401875512691E+005 -0.314729041901921E+001  0.763437417118235E+002 -0.177220842671201E+001  0.334006120832192E+001 -0.107536384819057E+002 -0.407700937756346E+005
  0.100000000000000E+001  0.815401874464742E+005 -0.155258905588256E+002  0.659646473734956E+002 -0.156960296352533E+001  0.237975989006485E+001 -0.107536384819057E+002 -0.407700937232371E+005
  0.100000000000000E+001  0.815401858953586E+005 -0.162212824701862E+002  0.886139785382313E+002 -0.147212921968981E+001  0.200447906981342E+001 -0.107536384819057E+002 -0.407700929476793E+005
  0.100000000000000E+001  0.815401853602237E+005  0.535546012805927E+001  0.890802632033470E+002 -0.163200932381753E+001  0.265023597801933E+001 -0.107536384819057E+002 -0.407700926801119E+005
  0.100000000000000E+001  0.815401843096854E+005 -0.462936621835096E+001  0.611201105620840E+002 -0.175095535482698E+001  0.322881392461284E+001 -0.107536384819057E+002 -0.407700921548427E+005
  0.100000000000000E+001  0.815401718149001E+005 -0.193680118362252E+002  0.572348831892498E+002 -0.198734982980275E+001  0.463060786854565E+001 -0.107536384819057E+002 -0.407700859074500E+005
  0.100000000000000E+001  0.815401611961263E+005 -0.168882390031570E+002  0.861860114327160E+002 -0.146211270423929E+001  0.196928242316535E+001 -0.107536384819057E+002 -0.407700805980631E+005
  0.100000000000000E+001  0.815401580060535E+005  0.188773416219227E+002  0.871257682320463E+002 -0.178470078295915E+001  0.340839867428388E+001 -0.107536384819057E+002 -0.407700790030268E+005
  0.100000000000000E+001  0.815401486614183E+005 -0.213397981093910E+001  0.543830562792482E+002 -0.133748907828178E+001  0.158180782080276E+001 -0.107536384819057E+002 -0.407700743307092E+005
  0.100000000000000E+001  0.815401444530409E+005 -0.168874665535325E+002  0.567712559331667E+002 -0.199885415343575E+001  0.470735253031378E+001 -0.107536384819057E+002 -0.407700722265205E+005
  0.100000000000000E+001  0.815401332871374E+005  0.505312320202379E+001  0.428073570676320E+002 -0.197216006391860E+001  0.453042148325263E+001 -0.107536384819057E+002 -0.407700666435687E+005
  0.100000000000000E+001  0.815401306038891E+005 -0.677096142220552E+001  0.673520683844687E+002 -0.175430659398413E+001  0.324531108887731E+001 -0.107536384819057E+002 -0.407700653019445E+005
  0.100000000000000E+001  0.815401169335447E+005 -0.159910339566104E+002  0.885421254006969E+002 -0.147433489795683E+001  0.201224504344597E+001 -0.107536384819057E+002 -0.407700584667724E+005
  0.100000000000000E+001  0.815401030512077E+005 -0.538305760491231E+001  0.816312521148690E+002 -0.158704069789755E+001  0.245358131998343E+001 -0.107536384819057E+002 -0.407700515256038E+005
  0.100000000000000E+001  0.815400949599229E+005  0.494260173657363E+001  0.483364935256961E+002 -0.175052007664983E+001  0.322552643830252E+001 -0.107536384819057E+002 -0.407700474799614E+005
  0.100000000000000E+001  0.815400926060105E+005 -0.169698064245357E+002  0.860730521581181E+002 -0.146296387128694E+001  0.197218521458752E+001 -0.107536384819057E+002 -0.407700463030053E+005
  0.100000000000000E+001  0.815400892196783E+005 -0.157947301629477E+002  0.848672819911591E+002 -0.145873724822395E+001  0.195750236136033E+001 -0.107536384819057E+002 -0.407700446098392E+005
  0.100000000000000E+001  0.815400820278361E+005 -0.194273070473135E+002  0.572735637246711E+002 -0.198691964838471E+001  0.462766076093959E+001 -0.107536384819057E+002 -0.407700410139181E+005
  0.100000000000000E+001  0.815400716801990E+005 -0.115025069285016E+002  0.672332246617644E+002 -0.168509733423268E+001  0.289793011107420E+001 -0.107536384819057E+002 -0.407700358400995E+005
  0.100000000000000E+001  0.815400631939118E+005 -0.181055373995545E+002  0.875100545759979E+002 -0.144691737450968E+001  0.191698309432314E+001 -0.107536384819057E+002 -0.407700315969559E+005
  0.100000000000000E+001  0.815400600713929E+005  0.130396690864867E+002  0.512561361484467E+002 -0.144560698264302E+001  0.191254217956693E+001 -0.107536384819057E+002 -0.407700300356965E+005
  0.100000000000000E+001  0.815400440847464E+005 -0.190693552742812E+002  0.563119387669091E+002 -0.198731123449060E+001  0.463021563972528E+001 -0.107536384819057E+002 -0.407700220423732E+005
  0.100000000000000E+001  0.815400426031672E+005 -0.126392176507828E+002  0.669235446082196E+002 -0.167318767138112E+001  0.283999378197984E+001 -0.107536384819057E+002 -0.407700213015836E+005
  0.100000000000000E+001  0.815400320224316E+005 -0.135391497260877E+002  0.864267628892145E+002 -0.166973874233298E+001  0.282363845484461E+001 -0.107536384819057E+002 -0.407700160112158E+005
  0.100000000000000E+001  0.815400166111789E+005  0.193509950726685E+002  0.968959313944219E+002 -0.188220812292597E+001  0.396474181795813E+001 -0.107536384819057E+002 -0.407700083055895E+005
  0.100000000000000E+001  0.815400158394761E+005 -0.169712177239687E+002  0.855870990780650E+002 -0.144825102637683E+001  0.192321221776408E+001 -0.107536384819057E+002 -0.407700079197380E+005
  0.100000000000000E+001  0.815400117046033E+005 -0.155207281416898E+002  0.853581657759349E+002 -0.145762387406513E+001  0.195538775555261E+001 -0.107536384819057E+002 -0.407700058523016E+005
  0.100000000000000E+001  0.815400048465833E+005  0.779549049556618E+000  0.945349605161351E+002 -0.160374468824645E+001  0.252437302735214E+001 -0.107536384819057E+002 -0.407700024232917E+005
  0.100000000000000E+001  0.815400032749685E+005 -0.115362530885785E+002  0.696190045711538E+002 -0.163315236925665E+001  0.265450492346774E+001 -0.107536384819057E+002 -0.407700016374843E+005
  0.100000000000000E+001  0.815399980617054E+005 -0.980328222599166E+001  0.986526982377285E+002 -0.151894283808194E+001  0.217818640881538E+001 -0.107536384819057E+002 -0.407699990308527E+005
  0.100000000000000E+001  0.815399979532760E+005 -0.547807536863296E+001  0.596810425559775E+002 -0.134746114103606E+001  0.161051360290354E+001 -0.107536384819057E+002 -0.407699989766380E+005
  0.100000000000000E+001  0.815399679007572E+005  0.518233269248141E+001  0.500144467919082E+002 -0.174986834205643E+001  0.322302156231220E+001 -0.107536384819057E+002 -0.407699839503786E+005
  0.100000000000000E+001  0.815399662406923E+005  0.128562309612010E+002  0.535431274170409E+002 -0.146488114889010E+001  0.198065257415921E+001 -0.107536384819057E+002 -0.407699831203461E+005
  0.100000000000000E+001  0.815399643559741E+005 -0.371696724444346E+001  0.659312739205547E+002 -0.179715521153054E+001  0.347545541354110E+001 -0.107536384819057E+002 -0.407699821779870E+005
  0.100000000000000E+001  0.815399549905501E+005  0.126922487285813E+002  0.514620843925153E+002 -0.144703751962723E+001  0.191907096538391E+001 -0.107536384819057E+002 -0.407699774952750E+005
  0.100000000000000E+001  0.815399430583936E+005 -0.161831978872033E+002  0.884057931724047E+002 -0.147343322893338E+001  0.201083733428576E+001 -0.107536384819057E+002 -0.407699715291968E+005
  0.100000000000000E+001  0.815399401295143E+005 -0.765236418391573E+001  0.898940295179571E+002 -0.154413972564971E+001  0.227655557977000E+001 -0.107536384819057E+002 -0.407699700647572E+005
  0.100000000000000E+001  0.815399374831891E+005 -0.177397042809153E+002  0.515425210739600E+002 -0.135656940559389E+001  0.163625649664369E+001 -0.107536384819057E+002 -0.407699687415946E+005
  0.100000000000000E+001  0.815399371335059E+005 -0.147282762318009E+002  0.813965485428422E+002 -0.196331906478155E+001  0.447193716041260E+001 -0.107536384819057E+002 -0.407699685667530E+005
  0.100000000000000E+001  0.815399366779274E+005 -0.273968250401605E+001  0.782816829822454E+002 -0.177357598932409E+001  0.334750427115606E+001 -0.107536384819057E+002 -0.407699683389637E+005
  0.100000000000000E+001  0.815399301523967E+005 -0.157986804205109E+002  0.946188926403480E+002 -0.195983814703961E+001  0.444937154882436E+001 -0.107536384819057E+002 -0.407699650761984E+005
  0.100000000000000E+001  0.815399261704662E+005 -0.504435925666125E+001  0.869284163098322E+002 -0.120883611569154E+001  0.127976385950049E+001 -0.107536384819057E+002 -0.407699630852331E+005
  0.100000000000000E+001  0.815399241332394E+005  0.123388996095442E+002  0.495219780184954E+002 -0.194007192730974E+001  0.432317916229194E+001 -0.107536384819057E+002 -0.407699620666197E+005
  0.100000000000000E+001  0.815399226269540E+005  0.124754157309434E+002  0.494232717181415E+002 -0.194028683535471E+001  0.432454268954590E+001 -0.107536384819057E+002 -0.407699613134770E+005
  0.100000000000000E+001  0.815399222069486E+005 -0.113508913820338E+002  0.623173779499660E+002 -0.185797646210545E+001  0.382098353657766E+001 -0.107536384819057E+002 -0.407699611034743E+005
  0.100000000000000E+001  0.815399200488325E+005  0.421859281129479E+001  0.638414186874109E+002 -0.154345547607602E+001  0.227452611371458E+001 -0.107536384819057E+002 -0.407699600244163E+005
  0.100000000000000E+001  0.815399195033900E+005 -0.117229856815846E+002  0.938759143660493E+002 -0.171504318667096E+001  0.304427187598843E+001 -0.107536384819057E+002 -0.407699597516950E+005
  0.100000000000000E+001  0.815399190587938E+005 -0.189357878577113E+002  0.565150202529435E+002 -0.198654659197881E+001  0.462494944543624E+001 -0.107536384819057E+002 -0.407699595293969E+005
  0.100000000000000E+001  0.815399189380762E+005 -0.107588473163730E+002  0.427882778429467E+002 -0.132965237423617E+001  0.156035466016155E+001 -0.107536384819057E+002 -0.407699594690381E+005
  0.100000000000000E+001  0.815399167125625E+005  0.500115660572945E+001  0.487249468183961E+002 -0.175372472499532E+001  0.324236716974463E+001 -0.107536384819057E+002 -0.407699583562812E+005
  0.100000000000000E+001  0.815399123766598E+005  0.121991982715033E+002  0.877461852855471E+002 -0.189062584481420E+001  0.401562481294468E+001 -0.107536384819057E+002 -0.407699561883299E+005
  0.100000000000000E+001  0.815399083620447E+005 -0.175566372207746E+002  0.919630726055921E+002 -0.145180668387356E+001  0.193533120740792E+001 -0.107536384819057E+002 -0.407699541810223E+005
  0.100000000000000E+001  0.815399059930141E+005  0.188709980542585E+002  0.868925867590364E+002 -0.178684432666954E+001  0.341987250985378E+001 -0.107536384819057E+002 -0.407699529965070E+005
  0.100000000000000E+001  0.815399051129322E+005  0.144045705530146E+002  0.562155255191613E+002 -0.182240321411101E+001  0.361622260921182E+001 -0.107536384819057E+002 -0.407699525564661E+005
  0.100000000000000E+001  0.815399048992845E+005  0.509756294967391E+001  0.482382711115585E+002 -0.175029992543166E+001  0.322523116671465E+001 -0.107536384819057E+002 -0.407699524496422E+005
  0.100000000000000E+001  0.815399003037530E+005  0.119093390964167E+002  0.917979747776735E+002 -0.192533561423931E+001  0.422957827746947E+001 -0.107536384819057E+002 -0.407699501518765E+005
  0.100000000000000E+001  0.815398979635843E+005 -0.190693942002359E+002  0.567050595022620E+002 -0.198841616218800E+001  0.463694178995365E+001 -0.107536384819057E+002 -0.407699489817921E+005
  0.100000000000000E+001  0.815398922055558E+005  0.328887132974738E+001  0.434362338814929E+002 -0.148321149023593E+001  0.204588030900536E+001 -0.107536384819057E+002 -0.407699461027779E+005
  0.100000000000000E+001  0.815398863864742E+005 -0.158168101242211E+002  0.945380842939813E+002 -0.195975579106778E+001  0.444934655766555E+001 -0.107536384819057E+002 -0.407699431932371E+005
  0.100000000000000E+001  0.815398859729210E+005 -0.104815850671658E+002  0.761374409544636E+002 -0.181042938744084E+001  0.354972446321143E+001 -0.107536384819057E+002 -0.407699429864605E+005
  0.100000000000000E+001  0.815398843169382E+005 -0.102702833884771E+002  0.952832980662152E+002 -0.170166860368234E+001  0.297862255299518E+001 -0.107536384819057E+002 -0.407699421584691E+005
  0.100000000000000E+001  0.815398800777265E+005 -0.100156582108223E+002  0.874505851381603E+002 -0.195687180805066E+001  0.443069397949587E+001 -0.107536384819057E+002 -0.407699400388632E+005
  0.100000000000000E+001  0.815398765693906E+005  0.283536888683270E+001  0.891176138557706E+002 -0.179470967651951E+001  0.346278745083848E+001 -0.107536384819057E+002 -0.407699382846953E+005
  0.100000000000000E+001  0.815398758853411E+005 -0.151114315233222E+002  0.897760211657122E+002 -0.150829608503770E+001  0.213780058782632E+001 -0.107536384819057E+002 -0.407699379426705E+005
  0.100000000000000E+001  0.815398144827544E+005 -0.504518377761031E+001  0.856366823398017E+002 -0.120577100469761E+001  0.127332543212665E+001 -0.107536384819057E+002 -0.407699072413772E+005
  0.100000000000000E+001  0.815396890630824E+005 -0.562437056360367E+001  0.865089864248585E+002 -0.120868132488909E+001  0.127969377025482E+001 -0.107536384819057E+002 -0.407698445315412E+005
  0.100000000000000E+001  0.815396612724879E+005 -0.635640441307091E+001  0.857112417512121E+002 -0.120480756763348E+001  0.127156473184514E+001 -0.107536384819057E+002 -0.407698306362439E+005
  0.100000000000000E+001  0.815395605257884E+005 -0.539741633490814E+001  0.864033842801714E+002 -0.120773936948766E+001  0.127763125423581E+001 -0.107536384819057E+002 -0.407697802628942E+005
  0.100000000000000E+001  0.815395376533444E+005 -0.556399160972624E+001  0.857951876754831E+002 -0.120660581053447E+001  0.127500312177671E+001 -0.107536384819057E+002 -0.407697688266722E+005
  0.100000000000000E+001  0.815398479137231E+005 -0.161949369985409E+002  0.879879463264854E+002 -0.148019693994132E+001  0.203499918561003E+001 -0.107536384819057E+002 -0.407699239568616E+005
  0.100000000000000E+001  0.815398140832276E+005 -0.156037128006938E+002  0.842342666816633E+002 -0.145839315098417E+001  0.195745144175599E+001 -0.107536384819057E+002 -0.407699070416138E+005
  0.100000000000000E+001  0.815397230086936E+005 -0.158983725675488E+002  0.855415110993637E+002 -0.145869959232886E+001  0.195903929451900E+001 -0.107536384819057E+002 -0.407698615043468E+005
  0.100000000000000E+001  0.815396801849742E+005 -0.147253799519075E+002  0.761146813747686E+002 -0.147908632917522E+001  0.203095737894481E+001 -0.107536384819057E+002 -0.407698400924871E+005
  0.100000000000000E+001  0.815398732873551E+005 -0.237388408897786E+000  0.855268484977587E+002 -0.198739060502785E+001  0.463041584816305E+001 -0.107536384819057E+002 -0.407699366436776E+005
  0.100000000000000E+001  0.815398636154358E+005  0.116093026514236E+002  0.891341897293402E+002 -0.189166859851440E+001  0.402200290373675E+001 -0.107536384819057E+002 -0.407699318077179E+005
  0.100000000000000E+001  0.815398626874191E+005 -0.193716891683288E+002  0.571952337568657E+002 -0.198737208878463E+001  0.463016190228983E+001 -0.107536384819057E+002 -0.407699313437095E+005
  0.100000000000000E+001  0.815398602691072E+005  0.125112093799594E+001  0.945207041084119E+002 -0.161745862320450E+001  0.258515522048450E+001 -0.107536384819057E+002 -0.407699301345536E+005
  0.100000000000000E+001  0.815398575075595E+005  0.186085853189122E+002  0.433649705913406E+002 -0.198290701611309E+001  0.460060976451177E+001 -0.107536384819057E+002 -0.407699287537798E+005
  0.100000000000000E+001  0.815398506347371E+005 -0.167037362373249E+001  0.959047862885570E+002 -0.158269702763149E+001  0.243446952393508E+001 -0.107536384819057E+002 -0.407699253173686E+005
  0.100000000000000E+001  0.815398451598049E+005 -0.300999954002108E+001  0.975873821479363E+002 -0.160539750800165E+001  0.253160218015566E+001 -0.107536384819057E+002 -0.407699225799025E+005
  0.100000000000000E+001  0.815398385497002E+005 -0.950882633092976E+001  0.874023960390148E+002 -0.195524215112862E+001  0.442005944777698E+001 -0.107536384819057E+002 -0.407699192748501E+005
  0.100000000000000E+001  0.815398360466504E+005  0.123494293724459E+002  0.495631650146947E+002 -0.194034949348305E+001  0.432449207524447E+001 -0.107536384819057E+002 -0.407699180233252E+005
  0.100000000000000E+001  0.815398274490388E+005  0.175174852550231E+002  0.703772937747763E+002 -0.186423838177692E+001  0.385791609654184E+001 -0.107536384819057E+002 -0.407699137245194E+005
  0.100000000000000E+001  0.815398273761329E+005 -0.178629996123979E+002  0.532257909829219E+002 -0.183339948404642E+001  0.367934947431743E+001 -0.107536384819057E+002 -0.407699136880665E+005
  0.100000000000000E+001  0.815398256887730E+005 -0.268815505080809E+001  0.778467864782896E+002 -0.177585919903573E+001  0.336045713161874E+001 -0.107536384819057E+002 -0.407699128443865E+005
  0.100000000000000E+001  0.815398244478113E+005 -0.103478843035090E+002  0.799268207359549E+002 -0.182224648751201E+001  0.361598541220671E+001 -0.107536384819057E+002 -0.407699122239057E+005
  0.100000000000000E+001  0.815398178814354E+005  0.121586281362633E+002  0.878422573596388E+002 -0.188988358692844E+001  0.401125205488692E+001 -0.107536384819057E+002 -0.407699089407177E+005
  0.100000000000000E+001  0.815398165118099E+005 -0.107490159625447E+002  0.428252682028874E+002 -0.132822693525562E+001  0.155658617514522E+001 -0.107536384819057E+002 -0.407699082559049E+005
  0.100000000000000E+001  0.815398149773890E+005  0.144384590237428E+002  0.532934965311019E+002 -0.192449183272638E+001  0.422469651889057E+001 -0.107536384819057E+002 -0.407699074886945E+005
  0.100000000000000E+001  0.815398078739797E+005  0.122284529321138E+002  0.875528876965836E+002 -0.189066791817027E+001  0.401602211181708E+001 -0.107536384819057E+002 -0.407699039369899E+005
  0.100000000000000E+001  0.815398028251181E+005  0.188383430920876E+002  0.705275866776073E+002 -0.185989831025880E+001  0.383239333168881E+001 -0.107536384819057E+002 -0.407699014125590E+005
  0.100000000000000E+001  0.815398009170794E+005  0.193772830782212E+002  0.969686960640701E+002 -0.188195217334049E+001  0.396343955789918E+001 -0.107536384819057E+002 -0.407699004585397E+005
  0.100000000000000E+001  0.815398007482531E+005  0.119673323519075E+002  0.875693146741389E+002 -0.188705475871994E+001  0.399453320049253E+001 -0.107536384819057E+002 -0.407699003741265E+005
  0.100000000000000E+001  0.815397970772454E+005 -0.692205247198780E+001  0.859087681188068E+002 -0.157279558392187E+001  0.239308998897320E+001 -0.107536384819057E+002 -0.407698985386227E+005
  0.100000000000000E+001  0.815397927445542E+005  0.132318209990841E+001  0.945219853256680E+002 -0.161588065153793E+001  0.257815621516086E+001 -0.107536384819057E+002 -0.407698963722771E+005
  0.100000000000000E+001  0.815397879860917E+005 -0.178621906514966E+002  0.533609774046223E+002 -0.183269973976472E+001  0.367482874974638E+001 -0.107536384819057E+002 -0.407698939930459E+005
  0.100000000000000E+001  0.815397856937493E+005  0.416247316944695E+001  0.534480610518193E+002 -0.131590778201587E+001  0.152405354652959E+001 -0.107536384819057E+002 -0.407698928468747E+005
  0.100000000000000E+001  0.815397794548670E+005 -0.104161825556320E+002  0.760004371911943E+002 -0.181128930772780E+001  0.355441180114282E+001 -0.107536384819057E+002 -0.407698897274335E+005
  0.100000000000000E+001  0.815397745481098E+005 -0.178415552015206E+002  0.533584344206984E+002 -0.183226304113452E+001  0.367278998638919E+001 -0.107536384819057E+002 -0.407698872740549E+005
  0.100000000000000E+001  0.815397743157290E+005  0.118963537074632E+002  0.876952147090515E+002 -0.188789093474248E+001  0.399929579483731E+001 -0.107536384819057E+002 -0.407698871578645E+005
  0.100000000000000E+001  0.815397660257326E+005 -0.103365184482191E+002  0.762236714429360E+002 -0.181014946271855E+001  0.354757147716460E+001 -0.107536384819057E+002 -0.407698830128663E+005
  0.100000000000000E+001  0.815397639455067E+005 -0.179826772373525E+002  0.536545674812818E+002 -0.183070463937759E+001  0.366388690297701E+001 -0.107536384819057E+002 -0.407698819727533E+005
  0.100000000000000E+001  0.815397616774528E+005 -0.153975572180125E+002  0.622655417896643E+002 -0.169660307858608E+001  0.295367290146445E+001 -0.107536384819057E+002 -0.407698808387264E+005
  0.100000000000000E+001  0.815397605513237E+005 -0.180981008935266E+002  0.533056104204117E+002 -0.183628434604780E+001  0.369576586007008E+001 -0.107536384819057E+002 -0.407698802756618E+005
  0.100000000000000E+001  0.815397591846009E+005  0.536276750867445E+001  0.492481895775394E+002 -0.175394014286175E+001  0.324360395975356E+001 -0.107536384819057E+002 -0.407698795923005E+005
  0.100000000000000E+001  0.815397484467276E+005 -0.121249392303458E+002  0.675570065901909E+002 -0.166828567603447E+001  0.281689362191649E+001 -0.107536384819057E+002 -0.407698742233638E+005
  0.100000000000000E+001  0.815397453849742E+005 -0.293451485494636E-001  0.858225449843995E+002 -0.178821281920912E+001  0.342716227048503E+001 -0.107536384819057E+002 -0.407698726924871E+005
  0.100000000000000E+001  0.815397431434148E+005  0.117282303025910E+002  0.954088549619359E+002 -0.165738690642859E+001  0.276575992079800E+001 -0.107536384819057E+002 -0.407698715717074E+005
  0.100000000000000E+001  0.815397412976588E+005  0.568643430055279E+001  0.619321701927884E+002 -0.154470799941958E+001  0.227887601073163E+001 -0.107536384819057E+002 -0.407698706488294E+005
  0.100000000000000E+001  0.815397360546413E+005 -0.165610107768313E+002  0.588273783567404E+002 -0.123085892341012E+001  0.132403286269705E+001 -0.107536384819057E+002 -0.407698680273207E+005
  0.100000000000000E+001  0.815397246857616E+005 -0.107046273832834E+002  0.808207263945042E+002 -0.182124015619474E+001  0.361016183197286E+001 -0.107536384819057E+002 -0.407698623428808E+005
  0.100000000000000E+001  0.815397230565725E+005  0.273571492509706E+001  0.892656341876208E+002 -0.179494026946677E+001  0.346350073883868E+001 -0.107536384819057E+002 -0.407698615282863E+005
  0.100000000000000E+001  0.815397210807559E+005 -0.174211583822744E+002  0.530604676022971E+002 -0.183109514246444E+001  0.366578320476796E+001 -0.107536384819057E+002 -0.407698605403779E+005
  0.100000000000000E+001  0.815397208961221E+005 -0.125982811762793E+002  0.956375822624380E+002 -0.154929277196684E+001  0.229720617284885E+001 -0.107536384819057E+002 -0.407698604480611E+005
  0.100000000000000E+001  0.815397145356873E+005 -0.656925967916874E+001  0.690649264438585E+002 -0.164685301457086E+001  0.271702834954476E+001 -0.107536384819057E+002 -0.407698572678437E+005
  0.100000000000000E+001  0.815397061447847E+005 -0.194553063789057E+002  0.404050481791624E+002 -0.114538743085538E+001  0.116680409276939E+001 -0.107536384819057E+002 -0.407698530723924E+005
  0.100000000000000E+001  0.815397041795640E+005 -0.149549868618443E+002  0.466776468872127E+002 -0.155498255743986E+001  0.232067073625193E+001 -0.107536384819057E+002 -0.407698520897820E+005
  0.100000000000000E+001  0.815396996255177E+005 -0.190789145845961E+002  0.665407087479478E+002 -0.170281823193167E+001  0.298415659692754E+001 -0.107536384819057E+002 -0.407698498127589E+005
  0.100000000000000E+001  0.815396980985895E+005 -0.173836244733844E+002  0.531489522921604E+002 -0.183062424064529E+001  0.366324712346862E+001 -0.107536384819057E+002 -0.407698490492948E+005
  0.100000000000000E+001  0.815396924085162E+005 -0.103971248984260E+002  0.760949353690006E+002 -0.181064643809104E+001  0.355067295840116E+001 -0.107536384819057E+002 -0.407698462042581E+005
  0.100000000000000E+001  0.815396867403571E+005  0.152751594287301E+002  0.502489108011439E+002 -0.179730346228279E+001  0.347679115255614E+001 -0.107536384819057E+002 -0.407698433701786E+005
  0.100000000000000E+001  0.815396821821248E+005 -0.512296436157565E+001  0.939200253598754E+002 -0.148890555718427E+001  0.206649301837763E+001 -0.107536384819057E+002 -0.407698410910624E+005
  0.100000000000000E+001  0.815396812111389E+005 -0.892965848560143E+001  0.522769812537192E+002 -0.162604928349035E+001  0.262272962382266E+001 -0.107536384819057E+002 -0.407698406055694E+005
  0.100000000000000E+001  0.815396765691100E+005 -0.114354424287230E+002  0.694788625108414E+002 -0.163482817797927E+001  0.266272570803748E+001 -0.107536384819057E+002 -0.407698382845550E+005
  0.100000000000000E+001  0.815396761725336E+005 -0.102942650883090E+002  0.951701277757031E+002 -0.169886944378289E+001  0.296425374014632E+001 -0.107536384819057E+002 -0.407698380862668E+005
  0.100000000000000E+001  0.815396697801468E+005 -0.162686586217890E+002  0.603467044946988E+002 -0.123482481599609E+001  0.133240819660457E+001 -0.107536384819057E+002 -0.407698348900734E+005
  0.100000000000000E+001  0.815396695772533E+005  0.170336832611517E+002  0.519748764972495E+002 -0.179050740061489E+001  0.343953386489819E+001 -0.107536384819057E+002 -0.407698347886266E+005
  0.100000000000000E+001  0.815396670723453E+005 -0.454466126157741E+001  0.612503695661546E+002 -0.175061465589893E+001  0.322665140734964E+001 -0.107536384819057E+002 -0.407698335361726E+005
  0.100000000000000E+001  0.815396669624334E+005 -0.992430782707893E+001  0.784966082385869E+002 -0.147922873226365E+001  0.203146414659301E+001 -0.107536384819057E+002 -0.407698334812167E+005
  0.100000000000000E+001  0.815396631751923E+005 -0.465071095618595E+001  0.613207037263560E+002 -0.174805709331653E+001  0.321332202335768E+001 -0.107536384819057E+002 -0.407698315875961E+005
  0.100000000000000E+001  0.815396617620798E+005 -0.143519296067419E+001  0.959520065806852E+002 -0.159032975239179E+001  0.246685865562778E+001 -0.107536384819057E+002 -0.407698308810399E+005
  0.100000000000000E+001  0.815396497590423E+005 -0.496548041351550E+001  0.689435584182048E+002 -0.175211799715643E+001  0.323447303421373E+001 -0.107536384819057E+002 -0.407698248795211E+005
  0.100000000000000E+001  0.815396388722593E+005 -0.160757125735004E+002  0.570434937648166E+002 -0.123597361983530E+001  0.133491739312109E+001 -0.107536384819057E+002 -0.407698194361297E+005
  0.100000000000000E+001  0.815396334704815E+005 -0.269299382995935E+001  0.981073365528279E+002 -0.161434365960571E+001  0.257129467316199E+001 -0.107536384819057E+002 -0.407698167352407E+005
  0.100000000000000E+001  0.815396329816272E+005 -0.125397972254504E+002  0.957789829066874E+002 -0.155397917932257E+001  0.231658211258139E+001 -0.107536384819057E+002 -0.407698164908136E+005
  0.100000000000000E+001  0.815396256337222E+005 -0.184435708766383E+002  0.969631758496788E+002 -0.164154147620500E+001  0.269319118184355E+001 -0.107536384819057E+002 -0.407698128168611E+005
  0.100000000000000E+001  0.815396250591694E+005  0.551041685862754E+001  0.626058545934440E+002 -0.154908400138850E+001  0.229640562290603E+001 -0.107536384819057E+002 -0.407698125295847E+005
  0.100000000000000E+001  0.815396237514580E+005  0.492980207707953E+001  0.482731500090162E+002 -0.174913596439585E+001  0.321886199434617E+001 -0.107536384819057E+002 -0.407698118757290E+005
  0.100000000000000E+001  0.815396220104105E+005 -0.369301503261281E+001  0.708862884729275E+002 -0.173175800743493E+001  0.312927032940934E+001 -0.107536384819057E+002 -0.407698110052053E+005
  0.100000000000000E+001  0.815396169054552E+005 -0.177796454700259E+002  0.608751564266525E+002 -0.124345668773030E+001  0.135096118839310E+001 -0.107536384819057E+002 -0.407698084527276E+005
  0.100000000000000E+001  0.815396156734696E+005 -0.474619239819546E+001  0.618556594348359E+002 -0.173665196179943E+001  0.315430473369949E+001 -0.107536384819057E+002 -0.407698078367348E+005
  0.100000000000000E+001  0.815396115761501E+005  0.501624606366757E+001  0.487372071067679E+002 -0.175359665179762E+001  0.324208407663660E+001 -0.107536384819057E+002 -0.407698057880750E+005
  0.100000000000000E+001  0.815396056433620E+005 -0.159185325477655E+002  0.569289361466213E+002 -0.123385762132358E+001  0.133038334239793E+001 -0.107536384819057E+002 -0.407698028216810E+005
  0.100000000000000E+001  0.815396026566450E+005 -0.163130075055586E+002  0.603282624083199E+002 -0.123484826197072E+001  0.133248384233687E+001 -0.107536384819057E+002 -0.407698013283225E+005
  0.100000000000000E+001  0.815395973912710E+005  0.101482883421181E+002  0.988661351551503E+002 -0.166530365405284E+001  0.280293822013552E+001 -0.107536384819057E+002 -0.407697986956355E+005
  0.100000000000000E+001  0.815395956992023E+005 -0.441152078598950E+001  0.698530478963063E+002 -0.172916133563336E+001  0.311597986834574E+001 -0.107536384819057E+002 -0.407697978496011E+005
  0.100000000000000E+001  0.815395920304154E+005 -0.118086216001516E+002  0.667046712920059E+002 -0.161026793421170E+001  0.255296555368976E+001 -0.107536384819057E+002 -0.407697960152077E+005
  0.100000000000000E+001  0.815395913251013E+005 -0.370103680702712E+001  0.708682171999340E+002 -0.173085412315308E+001  0.312458224810863E+001 -0.107536384819057E+002 -0.407697956625507E+005
  0.100000000000000E+001  0.815395870393065E+005 -0.117786519798190E+002  0.939668718625059E+002 -0.170758393596091E+001  0.300758664001203E+001 -0.107536384819057E+002 -0.407697935196532E+005
  0.100000000000000E+001  0.815395816416582E+005 -0.121938290653726E+002  0.675881806367600E+002 -0.166606117974165E+001  0.280652185544757E+001 -0.107536384819057E+002 -0.407697908208291E+005
  0.100000000000000E+001  0.815395744842449E+005  0.117557402551258E+002  0.955046035322158E+002 -0.165418260188573E+001  0.275130985690813E+001 -0.107536384819057E+002 -0.407697872421225E+005
  0.100000000000000E+001  0.815395682209004E+005 -0.128770544626755E+002  0.956270212817515E+002 -0.164053651198448E+001  0.268855772552895E+001 -0.107536384819057E+002 -0.407697841104502E+005
  0.100000000000000E+001  0.815395580613580E+005 -0.802491901341472E+001  0.813457943535865E+002 -0.149721885114835E+001  0.209656491119964E+001 -0.107536384819057E+002 -0.407697790306790E+005
  0.100000000000000E+001  0.815395545572111E+005 -0.123589697260536E+001  0.995433138401126E+002 -0.160922716783990E+001  0.254843949807385E+001 -0.107536384819057E+002 -0.407697772786056E+005
  0.100000000000000E+001  0.815395544433337E+005 -0.184911926628823E+002  0.636925845936631E+002 -0.170294960787013E+001  0.298457922565851E+001 -0.107536384819057E+002 -0.407697772216669E+005
  0.100000000000000E+001  0.815395435413316E+005 -0.153771357327623E+002  0.512242711145539E+002 -0.162637669373023E+001  0.262460605927528E+001 -0.107536384819057E+002 -0.407697717706658E+005
  0.100000000000000E+001  0.815395408851623E+005 -0.123398686759354E+002  0.657989296375428E+002 -0.158154021564039E+001  0.242973981190776E+001 -0.107536384819057E+002 -0.407697704425812E+005
  0.100000000000000E+001  0.815395330191465E+005 -0.118022195195526E+002  0.907617207429052E+002 -0.167041327909635E+001  0.282715839481169E+001 -0.107536384819057E+002 -0.407697665095733E+005
  0.100000000000000E+001  0.815395292759618E+005 -0.536489635576569E+000  0.997574137953064E+002 -0.160371784000886E+001  0.252447033933545E+001 -0.107536384819057E+002 -0.407697646379809E+005
  0.100000000000000E+001  0.815395237877883E+005  0.557361858597740E+001  0.621791588376400E+002 -0.154482726485627E+001  0.227944072240753E+001 -0.107536384819057E+002 -0.407697618938942E+005
  0.100000000000000E+001  0.815395223020134E+005 -0.280505180297027E+001  0.908080216829435E+002 -0.159606336348780E+001  0.249144863907705E+001 -0.107536384819057E+002 -0.407697611510067E+005
  0.100000000000000E+001  0.815395203396745E+005 -0.194675612151654E+002  0.403985729147370E+002 -0.114553885529119E+001  0.116745468386585E+001 -0.107536384819057E+002 -0.407697601698373E+005
  0.100000000000000E+001  0.815395195903657E+005 -0.106387610265581E+002  0.949258004510239E+002 -0.158075217296019E+001  0.242678234998364E+001 -0.107536384819057E+002 -0.407697597951829E+005
  0.100000000000000E+001  0.815395134566105E+005 -0.704312319792588E+001  0.885309263941144E+002 -0.157168567396843E+001  0.238895663283740E+001 -0.107536384819057E+002 -0.407697567283052E+005
  0.100000000000000E+001  0.815395121819812E+005  0.104151239264270E+002  0.965342941746957E+002 -0.166809286346292E+001  0.281624818705953E+001 -0.107536384819057E+002 -0.407697560909906E+005
  0.100000000000000E+001  0.815395066912898E+005  0.109475713070640E+002  0.694177986101713E+002 -0.161895264373724E+001  0.259153042729535E+001 -0.107536384819057E+002 -0.407697533456449E+005
  0.100000000000000E+001  0.815395046939762E+005 -0.562571270478136E+001  0.870524653285046E+002 -0.120763974409292E+001  0.127743973087252E+001 -0.107536384819057E+002 -0.407697523469881E+005
  0.100000000000000E+001  0.815394612043900E+005 -0.141397165693299E+002  0.893897081332832E+002 -0.144873115102306E+001  0.192468821375541E+001 -0.107536384819057E+002 -0.407697306021950E+005
  0.100000000000000E+001  0.815395014440957E+005 -0.141645778235955E+002  0.606004854118641E+002 -0.165282104676685E+001  0.274477655373556E+001 -0.107536384819057E+002 -0.407697507220478E+005
  0.100000000000000E+001  0.815394917878408E+005  0.963107940356276E+001  0.724456794703033E+002 -0.164082631578932E+001  0.268976975550035E+001 -0.107536384819057E+002 -0.407697458939204E+005
  0.100000000000000E+001  0.815394704104600E+005 -0.151926305004908E+001  0.997945699674177E+002 -0.161266491791043E+001  0.256358879490771E+001 -0.107536384819057E+002 -0.407697352052300E+005
  0.100000000000000E+001  0.815394696932721E+005 -0.152358633745344E+002  0.512110867285544E+002 -0.162847038467404E+001  0.263386476367955E+001 -0.107536384819057E+002 -0.407697348466361E+005
  0.100000000000000E+001  0.815394664535328E+005 -0.164511162259118E+002  0.514243871744015E+002 -0.158308150142862E+001  0.243628613062168E+001 -0.107536384819057E+002 -0.407697332267664E+005
  0.100000000000000E+001  0.815394633071894E+005 -0.163782786914683E+002  0.479132686664004E+002 -0.150280797759911E+001  0.211736756121121E+001 -0.107536384819057E+002 -0.407697316535947E+005
  0.100000000000000E+001  0.815394620797735E+005  0.114850407182933E+002  0.620155116119912E+002 -0.150325153980304E+001  0.211902402446851E+001 -0.107536384819057E+002 -0.407697310398868E+005
  0.100000000000000E+001  0.815394592294603E+005 -0.272184224223993E+001  0.911387310447330E+002 -0.159426885340497E+001  0.248401796051668E+001 -0.107536384819057E+002 -0.407697296147301E+005
  0.100000000000000E+001  0.815394559145442E+005  0.557155828194487E+001  0.618207981148715E+002 -0.155408620235806E+001  0.231662978705557E+001 -0.107536384819057E+002 -0.407697279572721E+005
  0.100000000000000E+001  0.815394507644871E+005  0.117996541447235E+002  0.527467844741778E+002 -0.147548519559537E+001  0.201765267274715E+001 -0.107536384819057E+002 -0.407697253822435E+005
  0.100000000000000E+001  0.815394495153698E+005 -0.253507073261435E+001  0.977473649635029E+002 -0.161624353772248E+001  0.257941333316425E+001 -0.107536384819057E+002 -0.407697247576849E+005
  0.100000000000000E+001  0.815394404722151E+005  0.544842586964819E+001  0.608244440471559E+002 -0.154244773448753E+001  0.227002961786928E+001 -0.107536384819057E+002 -0.407697202361075E+005
  0.100000000000000E+001  0.815394329222029E+005 -0.264944317789599E+001  0.907287178449293E+002 -0.159521653383147E+001  0.248802731882231E+001 -0.107536384819057E+002 -0.407697164611015E+005
  0.100000000000000E+001  0.815394304867590E+005 -0.161916965317747E+002  0.503433028691145E+002 -0.157876543282106E+001  0.241836144114284E+001 -0.107536384819057E+002 -0.407697152433795E+005
  0.100000000000000E+001  0.815394217759199E+005 -0.111193059816914E+002  0.474847107976733E+002 -0.148022759303150E+001  0.203465290720242E+001 -0.107536384819057E+002 -0.407697108879600E+005
  0.100000000000000E+001  0.815394199645897E+005 -0.107578018038336E+002  0.426260744868662E+002 -0.132805171402878E+001  0.155720023380360E+001 -0.107536384819057E+002 -0.407697099822948E+005
  0.100000000000000E+001  0.815394157639842E+005  0.512668322454153E+001  0.644237431567674E+002 -0.157484120297348E+001  0.240195813827758E+001 -0.107536384819057E+002 -0.407697078819921E+005
  0.100000000000000E+001  0.815394127242635E+005 -0.685081070357250E+001  0.888700789059317E+002 -0.157030882786641E+001  0.238315190411869E+001 -0.107536384819057E+002 -0.407697063621318E+005
  0.100000000000000E+001  0.815394117893695E+005 -0.122401392669208E+002  0.656897360072433E+002 -0.157602225188700E+001  0.240675795357615E+001 -0.107536384819057E+002 -0.407697058946848E+005
  0.100000000000000E+001  0.815394087082911E+005  0.564905435067999E+001  0.579389946146952E+002 -0.156342831322831E+001  0.235483838885772E+001 -0.107536384819057E+002 -0.407697043541456E+005
  0.100000000000000E+001  0.815394040741346E+005 -0.117492041925616E+002  0.687001466517451E+002 -0.157458245674502E+001  0.240077416959614E+001 -0.107536384819057E+002 -0.407697020370673E+005
  0.100000000000000E+001  0.815393921710594E+005  0.550678786449968E+001  0.621774257513552E+002 -0.155307939442343E+001  0.231277020127619E+001 -0.107536384819057E+002 -0.407696960855297E+005
  0.100000000000000E+001  0.815393894303157E+005  0.396678168663584E+001  0.538837034862971E+002 -0.131873585194708E+001  0.153219925424969E+001 -0.107536384819057E+002 -0.407696947151579E+005
  0.100000000000000E+001  0.815393901285461E+005 -0.194660593616853E+002  0.403934922828499E+002 -0.114559200289493E+001  0.116718779647950E+001 -0.107536384819057E+002 -0.407696950642731E+005
  0.100000000000000E+001  0.815395040665857E+005 -0.164910391129799E+002  0.933523449495439E+002 -0.165580144409860E+001  0.275871054627727E+001 -0.107536384819057E+002 -0.407697520332928E+005
  0.100000000000000E+001  0.815394987208401E+005 -0.105162266260717E+002  0.949191274075856E+002 -0.158509556106202E+001  0.244475667410839E+001 -0.107536384819057E+002 -0.407697493604201E+005
  0.100000000000000E+001  0.815394734975949E+005 -0.106430128330091E+002  0.946292502504475E+002 -0.157981936676026E+001  0.242282838475300E+001 -0.107536384819057E+002 -0.407697367487975E+005
  0.100000000000000E+001  0.815394722615060E+005 -0.112150973600381E+002  0.948234651949632E+002 -0.157344275463062E+001  0.239594062423668E+001 -0.107536384819057E+002 -0.407697361307530E+005
  0.100000000000000E+001  0.815394269634500E+005 -0.123981236484915E+002  0.955847207942902E+002 -0.155396410093389E+001  0.231638378722421E+001 -0.107536384819057E+002 -0.407697134817250E+005
  0.100000000000000E+001  0.815394251288854E+005 -0.123130719762808E+002  0.955888038650692E+002 -0.155870517084273E+001  0.233538260279812E+001 -0.107536384819057E+002 -0.407697125644427E+005
  0.100000000000000E+001  0.815393720198172E+005 -0.545389172283613E+001  0.865270644248636E+002 -0.121244071099432E+001  0.128710190690648E+001 -0.107536384819057E+002 -0.407696860099086E+005
  0.100000000000000E+001  0.815393709734528E+005 -0.125163865859083E+002  0.955916232278878E+002 -0.155301344251114E+001  0.231244437043196E+001 -0.107536384819057E+002 -0.407696854867264E+005
  0.100000000000000E+001  0.815393639320494E+005 -0.189467017000377E+002  0.826020186958777E+002 -0.147498157192763E+001  0.201613646666686E+001 -0.107536384819057E+002 -0.407696819660247E+005
  0.100000000000000E+001  0.815393475795212E+005 -0.187004666037672E+002  0.887797737702791E+002 -0.144600149066063E+001  0.191511650317185E+001 -0.107536384819057E+002 -0.407696737897606E+005
  0.100000000000000E+001  0.815393653077835E+005 -0.114125826787100E+002  0.437270486264393E+002 -0.135165038048749E+001  0.162190932723324E+001 -0.107536384819057E+002 -0.407696826538917E+005
  0.100000000000000E+001  0.815393493072545E+005  0.314219850254468E+001  0.435346656612768E+002 -0.148368004781073E+001  0.204735368513333E+001 -0.107536384819057E+002 -0.407696746536272E+005
  0.100000000000000E+001  0.815393400545207E+005 -0.453550415220031E+001  0.886332313517388E+002 -0.119216332286797E+001  0.124784339765556E+001 -0.107536384819057E+002 -0.407696700272603E+005
  0.100000000000000E+001  0.815393456184617E+005 -0.145816116512045E+002  0.882473124165431E+002 -0.145377867563706E+001  0.194190531815673E+001 -0.107536384819057E+002 -0.407696728092308E+005
  0.100000000000000E+001  0.815393357058744E+005  0.130600123710616E+002  0.610431684273619E+002 -0.148829098003132E+001  0.206407843936663E+001 -0.107536384819057E+002 -0.407696678529372E+005
  0.100000000000000E+001  0.815392848535740E+005 -0.350081641889966E+001  0.815179827812175E+002 -0.119812994154714E+001  0.125909244235836E+001 -0.107536384819057E+002 -0.407696424267870E+005
  0.100000000000000E+001  0.815392857285922E+005 -0.191556699493741E+002  0.856987262495305E+002 -0.147061971842332E+001  0.200058083633997E+001 -0.107536384819057E+002 -0.407696428642961E+005
  0.100000000000000E+001  0.815392927122961E+005  0.130235730544163E+002  0.616167265149495E+002 -0.149225994274670E+001  0.207850428250868E+001 -0.107536384819057E+002 -0.407696463561480E+005
  0.100000000000000E+001  0.815392803508398E+005 -0.178708736818897E+002  0.864350111521445E+002 -0.148271603978248E+001  0.204375963563154E+001 -0.107536384819057E+002 -0.407696401754199E+005
  0.100000000000000E+001  0.815392770923918E+005 -0.155663137194608E+002  0.898032193945906E+002 -0.146285014664446E+001  0.197315774295448E+001 -0.107536384819057E+002 -0.407696385461959E+005
  0.100000000000000E+001  0.815392662293358E+005 -0.162977288508118E+002  0.897145958755361E+002 -0.146148763521173E+001  0.196841822045713E+001 -0.107536384819057E+002 -0.407696331146679E+005
  0.100000000000000E+001  0.815392789317868E+005 -0.944355513545538E+001  0.484238416651410E+002 -0.148172673179507E+001  0.204019280404092E+001 -0.107536384819057E+002 -0.407696394658934E+005
  0.100000000000000E+001  0.815392573651447E+005  0.127373863128050E+002  0.534383969028456E+002 -0.146455416999162E+001  0.197918460785035E+001 -0.107536384819057E+002 -0.407696286825723E+005
  0.100000000000000E+001  0.815392298989114E+005 -0.218415923571533E+001  0.545636478810509E+002 -0.134038437279170E+001  0.159050674730791E+001 -0.107536384819057E+002 -0.407696149494557E+005
  0.100000000000000E+001  0.815391158015737E+005 -0.530758103370572E+001  0.876515942175925E+002 -0.121307195369879E+001  0.128832732668638E+001 -0.107536384819057E+002 -0.407695579007869E+005
  0.100000000000000E+001  0.815391503406474E+005 -0.159960101838160E+002  0.570749280166783E+002 -0.123389578916366E+001  0.133099615291488E+001 -0.107536384819057E+002 -0.407695751703237E+005
  0.100000000000000E+001  0.815391305342407E+005 -0.159151975413593E+002  0.569924370800957E+002 -0.123368826165735E+001  0.133068949715185E+001 -0.107536384819057E+002 -0.407695652671203E+005
  0.100000000000000E+001  0.815390905438240E+005 -0.201327803081285E+001  0.546473802601892E+002 -0.134232110373021E+001  0.159594986634148E+001 -0.107536384819057E+002 -0.407695452719120E+005
  0.100000000000000E+001  0.815390838887726E+005  0.407270928464084E+001  0.542715230852311E+002 -0.131977667284191E+001  0.153502514926920E+001 -0.107536384819057E+002 -0.407695419443863E+005
  0.100000000000000E+001  0.815390471880200E+005  0.381889666061927E+001  0.532883560353225E+002 -0.131081192086286E+001  0.151169040716143E+001 -0.107536384819057E+002 -0.407695235940100E+005
  0.100000000000000E+001  0.815390490095113E+005 -0.115514613192226E+002  0.436499583381523E+002 -0.131269612718942E+001  0.151656756619337E+001 -0.107536384819057E+002 -0.407695245047557E+005
  0.100000000000000E+001  0.815389519734127E+005 -0.192033592836810E+002  0.662872469143470E+002 -0.118157055806273E+001  0.122850570056647E+001 -0.107536384819057E+002 -0.407694759867063E+005
  0.100000000000000E+001  0.815389760379530E+005 -0.570039475187898E+001  0.874825323905270E+002 -0.121946854580286E+001  0.130110261389318E+001 -0.107536384819057E+002 -0.407694880189765E+005
  0.100000000000000E+001  0.815389701760279E+005 -0.323672721855335E+000  0.827249941376709E+002 -0.120190483256580E+001  0.126635552763785E+001 -0.107536384819057E+002 -0.407694850880139E+005
  0.100000000000000E+001  0.815389691811485E+005 -0.102045976355422E+002  0.832907736829081E+002 -0.121505025349300E+001  0.129225234572921E+001 -0.107536384819057E+002 -0.407694845905742E+005
  0.100000000000000E+001  0.815389971347965E+005 -0.117462403165560E+002  0.600071054330564E+002 -0.123693375788038E+001  0.133755886869427E+001 -0.107536384819057E+002 -0.407694985673982E+005
  0.100000000000000E+001  0.815389916071809E+005 -0.159137100962172E+002  0.569567650394965E+002 -0.123371160592775E+001  0.133070696661311E+001 -0.107536384819057E+002 -0.407694958035904E+005
  0.100000000000000E+001  0.815390114230799E+005 -0.183734316739237E+002  0.588171429874208E+002 -0.123856774935490E+001  0.134106101341427E+001 -0.107536384819057E+002 -0.407695057115400E+005
  0.100000000000000E+001  0.815389038301247E+005 -0.930594390839317E+001  0.922858958999919E+002 -0.120777866009552E+001  0.127779493113552E+001 -0.107536384819057E+002 -0.407694519150624E+005
  0.100000000000000E+001  0.815388845454598E+005 -0.180672586000160E+002  0.696720915177137E+002 -0.118421629864406E+001  0.123328103598446E+001 -0.107536384819057E+002 -0.407694422727299E+005
  0.100000000000000E+001  0.815388452025521E+005 -0.193095119569083E+002  0.405265057017746E+002 -0.115239109586265E+001  0.117841652024783E+001 -0.107536384819057E+002 -0.407694226012761E+005
  0.100000000000000E+001  0.815388353663434E+005 -0.181308412819827E+002  0.484034329205851E+002 -0.115637715724491E+001  0.118494986932905E+001 -0.107536384819057E+002 -0.407694176831717E+005
