  0.117972929522820E+002  0.572253716005132E+002 -0.590731802290444E+000  0.181821235155615E+001  0.514642510357415E+001 -0.167451030290137E+002 -0.608563137626274E+001 -0.608563137626274E+001 -0.611251903794420E+001
  0.125816114196111E+002  0.728020991700808E+002 -0.601286780300568E+000  0.190053476377776E+001  0.566703741934505E+001 -0.167451030290137E+002 -0.608274140408037E+001 -0.608274140408037E+001 -0.864915319022258E+001
  0.321473291521006E+000  0.668088296807172E+002 -0.602931426370243E+000  0.191002501680915E+001  0.570126880698652E+001 -0.167451030290137E+002 -0.610387151003547E+001 -0.610387151003547E+001 -0.643195658260921E+001
  0.178292129894100E+002  0.830506319356682E+002 -0.570847311652117E+000  0.161236521084898E+001  0.365868731605778E+001 -0.167451030290137E+002 -0.607603489919457E+001 -0.607603489919457E+001 -0.613133598134507E+001
  0.113771615583475E+002  0.760817133919900E+002 -0.571521540790544E+000  0.165124210061602E+001  0.395781795824448E+001 -0.167451030290137E+002 -0.609170096409473E+001 -0.609170096409473E+001 -0.614922564049111E+001
 -0.835866504896782E+001  0.814469365405289E+002 -0.600077708420431E+000  0.185454835243833E+001  0.530978178071970E+001 -0.167451030290137E+002 -0.609003184558006E+001 -0.609003184558006E+001 -0.654289938056308E+001
  0.311852818020652E+001  0.667954127632294E+002 -0.600846649911034E+000  0.183612258710221E+001  0.512669389148499E+001 -0.167451030290137E+002 -0.610158818161211E+001 -0.610158818161212E+001 -0.610449993097496E+001
 -0.145494603573216E+002  0.819570339711820E+002 -0.608823859674790E+000  0.194169934703966E+001  0.594124001548752E+001 -0.167451030290137E+002 -0.610014358376278E+001 -0.610014358376278E+001 -0.610966164019775E+001
 -0.329608600205732E+001  0.603698144955304E+002 -0.596800836127589E+000  0.178030848053774E+001  0.467461071169659E+001 -0.167451030290137E+002 -0.610218710225914E+001 -0.610218710225914E+001 -0.610573370663987E+001
 -0.159056115640132E+002  0.416281883630915E+002 -0.573907699801577E+000  0.166869493512616E+001  0.408006467708776E+001 -0.167451030290137E+002 -0.608265071596800E+001 -0.608265071596800E+001 -0.612280437466795E+001
  0.978115102157730E+001  0.755953474208384E+002 -0.595139745596592E+000  0.182578350503782E+001  0.514818967754182E+001 -0.167451030290137E+002 -0.609223213241561E+001 -0.609223213241561E+001 -0.610728871307154E+001
  0.125587815160708E+002  0.552884660362351E+002 -0.604448843395675E+000  0.194170365964998E+001  0.599179602901600E+001 -0.167451030290137E+002 -0.609277602796750E+001 -0.609277602796750E+001 -0.610752489024686E+001
 -0.673868136810878E+000  0.529921161109351E+002 -0.578358374086488E+000  0.167122479436357E+001  0.407275984785103E+001 -0.167451030290137E+002 -0.608767840869357E+001 -0.608767840869357E+001 -0.613125830555150E+001
  0.671714569431862E+001  0.928649388535529E+002 -0.594434338373122E+000  0.180878676041648E+001  0.494840287525228E+001 -0.167451030290137E+002 -0.607511122030150E+001 -0.607511122030150E+001 -0.615058409508211E+001
  0.142262738065469E+002  0.861225683397499E+002 -0.588788718439407E+000  0.182075114264544E+001  0.519079005206076E+001 -0.167451030290137E+002 -0.608729461766032E+001 -0.608729461766032E+001 -0.610967046573273E+001
  0.400346973208277E+001  0.647206407845808E+002 -0.584323424475234E+000  0.173888220079225E+001  0.455975577055735E+001 -0.167451030290137E+002 -0.609116416408840E+001 -0.609116416408840E+001 -0.611682028577515E+001
  0.151153998951227E+002  0.673423479080179E+002 -0.596259784976280E+000  0.178997693289232E+001  0.478228423835721E+001 -0.167451030290137E+002 -0.609000852646502E+001 -0.609000852646502E+001 -0.613017933510319E+001
  0.573146073850809E+001  0.471429393537636E+002 -0.605374267736265E+000  0.197897534711661E+001  0.634258322879550E+001 -0.167451030290137E+002 -0.609956256115833E+001 -0.609956256115834E+001 -0.612062730966230E+001
  0.488255951609251E+001  0.548644415699706E+002 -0.585850111866942E+000  0.169240377083462E+001  0.408306734236585E+001 -0.167451030290137E+002 -0.608767950375665E+001 -0.608767950375665E+001 -0.615089184274901E+001
  0.138557069141042E+002  0.704118209083456E+002 -0.608055415778269E+000  0.194588013864326E+001  0.600623317366866E+001 -0.167451030290137E+002 -0.609786552414483E+001 -0.609786552414483E+001 -0.781814351966583E+001
 -0.526289296942596E+001  0.757767374026175E+002 -0.575724145922860E+000  0.163883974322267E+001  0.380038634994952E+001 -0.167451030290137E+002 -0.606949511310343E+001 -0.606949511310343E+001 -0.620112810390511E+001
 -0.134506008504969E+002  0.720266524820874E+002 -0.577424616597543E+000  0.160265930645894E+001  0.351383785621553E+001 -0.167451030290137E+002 -0.609595301531478E+001 -0.609595301531478E+001 -0.610663726039928E+001
  0.100558546820106E+002  0.572757829571308E+002 -0.575812913952362E+000  0.162679219948477E+001  0.374881492938644E+001 -0.167451030290137E+002 -0.609581868541871E+001 -0.609581868541871E+001 -0.620242379777858E+001
 -0.148091360391710E+002  0.649724914720456E+002 -0.577476558624068E+000  0.168213712249742E+001  0.417328498541735E+001 -0.167451030290137E+002 -0.608768570856788E+001 -0.608768570856788E+001 -0.611121314896057E+001
  0.117235032192445E+002  0.512773706189313E+002 -0.584612575337937E+000  0.179630986227370E+001  0.503379190113176E+001 -0.167451030290137E+002 -0.609641485866118E+001 -0.609641485866118E+001 -0.610455996584985E+001
 -0.415682221240402E+000  0.643141403975634E+002 -0.589969847775117E+000  0.178385868775470E+001  0.477531617627345E+001 -0.167451030290137E+002 -0.609298699123581E+001 -0.609298699123581E+001 -0.613733364207540E+001
 -0.134768626857225E+002  0.886555953767043E+002 -0.592665931419741E+000  0.187191016319596E+001  0.557691961136715E+001 -0.167451030290137E+002 -0.609270793506942E+001 -0.609270793506942E+001 -0.611121891916312E+001
 -0.942985321187102E+000  0.528218230675762E+002 -0.566386230062060E+000  0.152957179522348E+001  0.307093786206903E+001 -0.167451030290137E+002 -0.609456073367444E+001 -0.609456073367444E+001 -0.634502947851448E+001
 -0.944113085866647E+001  0.456755348419767E+002 -0.561408067476383E+000  0.153160287450623E+001  0.315460139687909E+001 -0.167451030290137E+002 -0.609810653983941E+001 -0.609810653983941E+001 -0.610689864523455E+001
 -0.166867848421249E+002  0.507528344004315E+002 -0.581367266982630E+000  0.169148713381336E+001  0.412647996548768E+001 -0.167451030290137E+002 -0.608388059950735E+001 -0.608388059950735E+001 -0.613239338875583E+001
 -0.148343888878160E+002  0.495566897083008E+002 -0.586652861461752E+000  0.175955615593890E+001  0.464554244554066E+001 -0.167451030290137E+002 -0.606742677887433E+001 -0.606742677887434E+001 -0.610948732966735E+001
 -0.174006696929644E+002  0.752040467701607E+002 -0.591488086631823E+000  0.177361095603613E+001  0.470361759941022E+001 -0.167451030290137E+002 -0.606900847489922E+001 -0.606900847489922E+001 -0.611074900039143E+001
  0.676340929317323E+001  0.519928726652395E+002 -0.590028704648400E+000  0.176249537100842E+001  0.459158758474810E+001 -0.167451030290137E+002 -0.609251446156849E+001 -0.609251446156849E+001 -0.612500043604039E+001
  0.435180482065544E+001  0.876656452438641E+002 -0.585554460360958E+000  0.175866287330223E+001  0.462440655731309E+001 -0.167451030290137E+002 -0.609617181450802E+001 -0.609617181450801E+001 -0.611009868444917E+001
 -0.373523471130824E+000  0.613047443532014E+002 -0.578693624436719E+000  0.169348006988833E+001  0.417962690555562E+001 -0.167451030290137E+002 -0.609098248418518E+001 -0.609098248418518E+001 -0.637809192143303E+001
 -0.881650498230545E+000  0.776480833749374E+002 -0.585168648424596E+000  0.166263888138302E+001  0.387592406825317E+001 -0.167451030290137E+002 -0.610110197333801E+001 -0.610110197333801E+001 -0.610832878887426E+001
 -0.164448980560225E+002  0.905299159263634E+002 -0.569447281845546E+000  0.155584191398182E+001  0.324303931222514E+001 -0.167451030290137E+002 -0.608524022854624E+001 -0.608524022854624E+001 -0.618174737477315E+001
 -0.771764529304384E+001  0.468343514516846E+002 -0.586073321137095E+000  0.172331975943347E+001  0.434698092998929E+001 -0.167451030290137E+002 -0.606786019086864E+001 -0.606786019086864E+001 -0.611006665634072E+001
  0.452318166224124E+001  0.833960933135081E+002 -0.562143714701930E+000  0.151598725660815E+001  0.304129535100566E+001 -0.167451030290137E+002 -0.609593918713588E+001 -0.609593918713588E+001 -0.622342823877653E+001
  0.563408350553072E+001  0.740654711693317E+002 -0.588631500369699E+000  0.175155355749198E+001  0.460423803399452E+001 -0.167451030290137E+002 -0.609576491305317E+001 -0.609576491305317E+001 -0.638329611489902E+001
  0.659440063500893E+001  0.902616289226829E+002 -0.596236288043744E+000  0.180962118092788E+001  0.493279105152516E+001 -0.167451030290137E+002 -0.607979264053626E+001 -0.607979264053626E+001 -0.612212240358874E+001
  0.972375652099569E+001  0.494230191825533E+002 -0.602627259547841E+000  0.193789873200202E+001  0.602032726804886E+001 -0.167451030290137E+002 -0.608639187857020E+001 -0.608639187857020E+001 -0.613653006242179E+001
 -0.138644117329063E+002  0.915137710361934E+002 -0.581022208432007E+000  0.164323016630592E+001  0.375458402851305E+001 -0.167451030290137E+002 -0.609044117314255E+001 -0.609044117314255E+001 -0.611462506477508E+001
 -0.230265003260387E+001  0.855877050897201E+002 -0.593114047624414E+000  0.186423878520042E+001  0.552859604225624E+001 -0.167451030290137E+002 -0.609852856107903E+001 -0.609852856107903E+001 -0.612338892149210E+001
 -0.521415701972220E+001  0.536349887929676E+002 -0.585270249385247E+000  0.173732762107277E+001  0.451412530607682E+001 -0.167451030290137E+002 -0.607253610843308E+001 -0.607253610843308E+001 -0.611157563467229E+001
  0.920909327084329E+001  0.592045989295634E+002 -0.581487136718011E+000  0.167213888048588E+001  0.395954383869577E+001 -0.167451030290137E+002 -0.609774664329006E+001 -0.609774664329007E+001 -0.614385955172527E+001
  0.149561068063035E+002  0.534761914999103E+002 -0.611219370805052E+000  0.200049023874263E+001  0.647346966341371E+001 -0.167451030290137E+002 -0.610394457058179E+001 -0.610394457058179E+001 -0.610519954614447E+001
  0.878247370652875E+001  0.751059989698368E+002 -0.588672609391027E+000  0.179550197058817E+001  0.490407943193654E+001 -0.167451030290137E+002 -0.609100667694503E+001 -0.609100667694503E+001 -0.614104574843187E+001
  0.229987764868768E+001  0.497681291251730E+002 -0.604853666068755E+000  0.192344459462896E+001  0.581300876729853E+001 -0.167451030290137E+002 -0.609175025544560E+001 -0.609175025544560E+001 -0.632169833189504E+001
  0.949830370680732E+001  0.783669443177830E+002 -0.568631397156495E+000  0.161061973216956E+001  0.370837318442521E+001 -0.167451030290137E+002 -0.610057799252538E+001 -0.610057799252538E+001 -0.612703477429858E+001
  0.143915847577007E+002  0.986340799736448E+002 -0.580250957802430E+000  0.167691738205748E+001  0.407761696711539E+001 -0.167451030290137E+002 -0.607267926889597E+001 -0.607267926889597E+001 -0.616783752825647E+001
  0.120865560731223E+001  0.494673142937496E+002 -0.600750729001170E+000  0.186573004502640E+001  0.539057599639162E+001 -0.167451030290137E+002 -0.608439371745565E+001 -0.608439371745565E+001 -0.613497766001305E+001
  0.796740272014481E+001  0.640988364497785E+002 -0.577217300982966E+000  0.161741952367832E+001  0.359758968133900E+001 -0.167451030290137E+002 -0.608916410941871E+001 -0.608916410941871E+001 -0.616419493417471E+001
 -0.166670013238464E+002  0.931711526361089E+002 -0.590987380105372E+000  0.184607492837421E+001  0.537131146442353E+001 -0.167451030290137E+002 -0.608575749205679E+001 -0.608575749205679E+001 -0.610820099974914E+001
  0.720945356077382E+001  0.826929414792673E+002 -0.610193603368418E+000  0.199175661162022E+001  0.638596180227592E+001 -0.167451030290137E+002 -0.609835075627846E+001 -0.609835075627846E+001 -0.619771118287625E+001
  0.118487378037548E+002  0.679138664049109E+002 -0.581077259092540E+000  0.164562998655330E+001  0.377263223693434E+001 -0.167451030290137E+002 -0.608910402424573E+001 -0.608910402424573E+001 -0.612119852282083E+001
  0.132765671306077E+001  0.994112059389704E+002 -0.587905519072007E+000  0.177716699661848E+001  0.477261290740275E+001 -0.167451030290137E+002 -0.607231535553498E+001 -0.607231535553498E+001 -0.612742647151546E+001
 -0.155883854264480E+002  0.433345809197037E+002 -0.582117043508829E+000  0.174731045540930E+001  0.459796005574276E+001 -0.167451030290137E+002 -0.608717393407585E+001 -0.608717393407585E+001 -0.624798044713584E+001
 -0.179230816897081E+002  0.545803381726521E+002 -0.578819983878506E+000  0.171801559939771E+001  0.446013721451681E+001 -0.167451030290137E+002 -0.609938407134499E+001 -0.609938407134499E+001 -0.616410833788682E+001
  0.101223252646870E+002  0.980236061997629E+002 -0.564059367764087E+000  0.152708381646957E+001  0.307764967389397E+001 -0.167451030290137E+002 -0.609449418007792E+001 -0.609449418007792E+001 -0.613983770434791E+001
 -0.538630706271229E+001  0.754938391816312E+002 -0.597458561381467E+000  0.182341110768416E+001  0.507709802905187E+001 -0.167451030290137E+002 -0.609067676987932E+001 -0.609067676987932E+001 -0.611643695390154E+001
  0.729316574615383E+001  0.702690644631781E+002 -0.586366444445328E+000  0.176364266810215E+001  0.474428245673555E+001 -0.167451030290137E+002 -0.609361563819610E+001 -0.609361563819610E+001 -0.618883934206558E+001
  0.597814834915937E+001  0.479676967552667E+002 -0.599478912170585E+000  0.186739536725806E+001  0.538628662146705E+001 -0.167451030290137E+002 -0.608325660930327E+001 -0.608325660930327E+001 -0.640140579719316E+001
  0.105118421540656E+002  0.628127350911790E+002 -0.589150978942098E+000  0.175332872954425E+001  0.452288242261680E+001 -0.167451030290137E+002 -0.609703994852674E+001 -0.609703994852674E+001 -0.626623919489897E+001
  0.147959300951643E+002  0.660332781985904E+002 -0.563345062348999E+000  0.152628361100273E+001  0.310907006938805E+001 -0.167451030290137E+002 -0.609549976727537E+001 -0.609549976727537E+001 -0.610883916472716E+001
  0.681043703372482E+001  0.704932541223356E+002 -0.597857603239418E+000  0.184782565581237E+001  0.530428625721930E+001 -0.167451030290137E+002 -0.609918660697209E+001 -0.609918660697209E+001 -0.611549329130801E+001
 -0.978438261742255E+001  0.746590197928837E+002 -0.600051178114117E+000  0.188516390107492E+001  0.557146505619903E+001 -0.167451030290137E+002 -0.607705206912145E+001 -0.607705206912145E+001 -0.611486785879076E+001
  0.174682450368093E+002  0.406101728156384E+002 -0.587960213399320E+000  0.172641213399677E+001  0.436176978827085E+001 -0.167451030290137E+002 -0.607244868460331E+001 -0.607244868460331E+001 -0.610494438700332E+001
  0.143998961660649E+002  0.762300559956711E+002 -0.579083332116622E+000  0.170405350481395E+001  0.430285015974729E+001 -0.167451030290137E+002 -0.607090549414446E+001 -0.607090549414446E+001 -0.613663614206511E+001
  0.192102161071059E+002  0.907458540235742E+002 -0.564903051209789E+000  0.154022020690752E+001  0.319744354997459E+001 -0.167451030290137E+002 -0.609312951346130E+001 -0.609312951346130E+001 -0.610680953522402E+001
  0.596509439129521E+001  0.449223750081992E+002 -0.581107255886069E+000  0.176645322917849E+001  0.481370229095666E+001 -0.167451030290137E+002 -0.609909244815303E+001 -0.609909244815303E+001 -0.617378125371370E+001
 -0.168504248018697E+002  0.579932255817906E+002 -0.588419548884627E+000  0.175471755292426E+001  0.459184916163564E+001 -0.167451030290137E+002 -0.606479218338820E+001 -0.606479218338820E+001 -0.618186257178676E+001
 -0.332562634104909E+001  0.552566477884583E+002 -0.596906550627580E+000  0.183636101974126E+001  0.515401615837044E+001 -0.167451030290137E+002 -0.607724538530754E+001 -0.607724538530754E+001 -0.611444363657333E+001
  0.123025715427488E+002  0.523774541369548E+002 -0.600281573839416E+000  0.184569883478853E+001  0.522869864393678E+001 -0.167451030290137E+002 -0.609656205236800E+001 -0.609656205236800E+001 -0.635260553076087E+001
  0.684147555419926E+001  0.801885082025912E+002 -0.576644729500528E+000  0.167050466905206E+001  0.408783119974254E+001 -0.167451030290137E+002 -0.608681244616754E+001 -0.608681244616754E+001 -0.612748966438890E+001
 -0.407934822240723E+001  0.810026665046245E+002 -0.579096599312513E+000  0.165588433045935E+001  0.394572333923189E+001 -0.167451030290137E+002 -0.610395767317864E+001 -0.610395767317864E+001 -0.611139604108583E+001
  0.506188076060868E+001  0.893771792323125E+002 -0.564331081071849E+000  0.155941972097806E+001  0.335241615269820E+001 -0.167451030290137E+002 -0.609747041068319E+001 -0.609747041068319E+001 -0.610987222718072E+001
 -0.107104843122550E+002  0.503436572412374E+002 -0.590755030739517E+000  0.185918709600739E+001  0.551123480418032E+001 -0.167451030290137E+002 -0.610207947845613E+001 -0.610207947845613E+001 -0.620841389195818E+001
  0.144258441415720E+002  0.798042181958813E+002 -0.579579137619393E+000  0.168716554842383E+001  0.416193802962319E+001 -0.167451030290137E+002 -0.606695460194963E+001 -0.606695460194963E+001 -0.611880541984332E+001
 -0.457399925654212E+001  0.821847218226474E+002 -0.591735547409266E+000  0.183301744963197E+001  0.520431317963750E+001 -0.167451030290137E+002 -0.608276642690532E+001 -0.608276642690532E+001 -0.639433237693299E+001
  0.665812613693967E+001  0.568211335195363E+002 -0.590063134507382E+000  0.181471366923997E+001  0.510527164199776E+001 -0.167451030290137E+002 -0.607419430178633E+001 -0.607419430178632E+001 -0.619646550527786E+001
  0.882559459789596E+001  0.735116595576690E+002 -0.579901709602028E+000  0.166694451333446E+001  0.397155412493595E+001 -0.167451030290137E+002 -0.606756417835542E+001 -0.606756417835541E+001 -0.610535780276523E+001
 -0.197932003080010E+001  0.960013211738711E+002 -0.595076315067745E+000  0.178152592809785E+001  0.469949759492529E+001 -0.167451030290137E+002 -0.609062168864206E+001 -0.609062168864206E+001 -0.614102177295239E+001
 -0.170562420623988E+000  0.907245790908109E+002 -0.563019582309772E+000  0.153196257693098E+001  0.316397115797220E+001 -0.167451030290137E+002 -0.610272617749423E+001 -0.610272617749423E+001 -0.612402421082842E+001
 -0.150585191244254E+002  0.819781553850697E+002 -0.576574494665131E+000  0.171812166900175E+001  0.445721872451412E+001 -0.167451030290137E+002 -0.609825191223870E+001 -0.609825191223870E+001 -0.611832165390835E+001
 -0.123562330661861E+002  0.716199033768565E+002 -0.600862687752419E+000  0.188437729461319E+001  0.550303420083441E+001 -0.167451030290137E+002 -0.609737542466300E+001 -0.609737542466300E+001 -0.615167523106323E+001
  0.449535215458419E+001  0.944680812845614E+002 -0.599298203453317E+000  0.193772154148090E+001  0.608562392331180E+001 -0.167451030290137E+002 -0.609916777261040E+001 -0.609916777261040E+001 -0.615005284832442E+001
 -0.130278330972696E+001  0.619515796368338E+002 -0.583950539228069E+000  0.173136915422289E+001  0.450620226246470E+001 -0.167451030290137E+002 -0.609800609270048E+001 -0.609800609270048E+001 -0.612448653552380E+001
 -0.804769363775118E+001  0.563787855544684E+002 -0.577524078999416E+000  0.165293525092165E+001  0.386360093976785E+001 -0.167451030290137E+002 -0.608878234756686E+001 -0.608878234756686E+001 -0.611326220844241E+001
  0.459995113901585E+001  0.482419210023535E+002 -0.609619539740383E+000  0.199038088808579E+001  0.637390185441629E+001 -0.167451030290137E+002 -0.609919871098636E+001 -0.609919871098636E+001 -0.613347567186555E+001
  0.387121284117996E+001  0.631767237024168E+002 -0.579102412950917E+000  0.164142896743247E+001  0.380480835740495E+001 -0.167451030290137E+002 -0.608182470073537E+001 -0.608182470073537E+001 -0.611833040982867E+001
 -0.954934033332691E+000  0.947808050429579E+002 -0.591991916771528E+000  0.175747538343921E+001  0.458914120216112E+001 -0.167451030290137E+002 -0.609260310463135E+001 -0.609260310463135E+001 -0.611962697466629E+001
  0.192333193061960E+002  0.718825020243229E+002 -0.590450009678039E+000  0.180077332958111E+001  0.500977418986135E+001 -0.167451030290137E+002 -0.609838841836845E+001 -0.609838841836845E+001 -0.620597312550158E+001
  0.129041136018218E+001  0.435889758574467E+002 -0.565178012394316E+000  0.158319984429667E+001  0.350255790074867E+001 -0.167451030290137E+002 -0.609620607251763E+001 -0.609620607251762E+001 -0.610665972764166E+001
  0.176754744683388E+001  0.711538350520463E+002 -0.570090292635368E+000  0.156836288262122E+001  0.331954265651741E+001 -0.167451030290137E+002 -0.608316236918184E+001 -0.608316236918184E+001 -0.612677560588968E+001
  0.128793070383580E+002  0.819172308922683E+002 -0.588062100981526E+000  0.169276875417204E+001  0.408331940963490E+001 -0.167451030290137E+002 -0.609897029527696E+001 -0.609897029527696E+001 -0.612339288093114E+001
  0.416991706467446E+001  0.967439671931888E+002 -0.605491662891272E+000  0.189336837179025E+001  0.553757336156424E+001 -0.167451030290137E+002 -0.609854065289076E+001 -0.609854065289076E+001 -0.623800694039399E+001
  0.189255007834285E+002  0.974896198052009E+002 -0.605109996352580E+000  0.197104109466211E+001  0.626684530254369E+001 -0.167451030290137E+002 -0.609817720422905E+001 -0.609817720422905E+001 -0.612014065124663E+001
 -0.181957901821988E+001  0.524240359914318E+002 -0.598878876899559E+000  0.186894329505923E+001  0.542743133495320E+001 -0.167451030290137E+002 -0.607521352009181E+001 -0.607521352009181E+001 -0.619215453494540E+001
  0.181483401716379E+002  0.798696305001760E+002 -0.575368128408632E+000  0.169572650797872E+001  0.428905034218570E+001 -0.167451030290137E+002 -0.609030677963641E+001 -0.609030677963641E+001 -0.610914390599935E+001
  0.180745172384756E+002  0.962620982941212E+002 -0.596966958931791E+000  0.184029367488436E+001  0.520374951164840E+001 -0.167451030290137E+002 -0.607239327992427E+001 -0.607239327992427E+001 -0.617385201547889E+001
  0.182830442116613E+002  0.845544287041203E+002 -0.583083169951735E+000  0.173760476255435E+001  0.447911269035497E+001 -0.167451030290137E+002 -0.610017825385104E+001 -0.610017825385104E+001 -0.611675225819495E+001
  0.510245985922005E+001  0.575682582411514E+002 -0.598656809380446E+000  0.183387233553301E+001  0.508482241387591E+001 -0.167451030290137E+002 -0.609906737821052E+001 -0.609906737821052E+001 -0.613478945306605E+001
  0.112811098626386E+002  0.694727083151175E+002 -0.577539188113335E+000  0.171431416025064E+001  0.440983746488899E+001 -0.167451030290137E+002 -0.608646561712094E+001 -0.608646561712094E+001 -0.629334832840590E+001
  0.163386753844025E+002  0.788356315471905E+002 -0.593054080337484E+000  0.184606631816517E+001  0.532783408240336E+001 -0.167451030290137E+002 -0.607508704032295E+001 -0.607508704032295E+001 -0.700620976813686E+001
  0.183747465142013E+002  0.556560467182119E+002 -0.591796333728735E+000  0.187092388527850E+001  0.559451759869624E+001 -0.167451030290137E+002 -0.610049770378577E+001 -0.610049770378577E+001 -0.612700919910916E+001
 -0.639234249529774E+001  0.819085235227510E+002 -0.562104575196461E+000  0.150460906170375E+001  0.293926521157708E+001 -0.167451030290137E+002 -0.609880489492730E+001 -0.609880489492730E+001 -0.624944645100484E+001
  0.658024315617845E+001  0.646218199167548E+002 -0.605465177024559E+000  0.192708022071224E+001  0.586823360735156E+001 -0.167451030290137E+002 -0.608828739472615E+001 -0.608828739472616E+001 -0.610489392121241E+001
  0.618344998254300E+001  0.948569981449804E+002 -0.582894390221851E+000  0.168753647362636E+001  0.406301458870411E+001 -0.167451030290137E+002 -0.609998730214307E+001 -0.609998730214307E+001 -0.611030612564128E+001
 -0.289615481130781E+000  0.711988006771448E+002 -0.590844931060804E+000  0.172642176106424E+001  0.432738663478098E+001 -0.167451030290137E+002 -0.609542144975612E+001 -0.609542144975612E+001 -0.621509771782026E+001
  0.503703815331319E+001  0.408230364041003E+002 -0.606124341575737E+000  0.190731162440882E+001  0.564898039692214E+001 -0.167451030290137E+002 -0.609792665250894E+001 -0.609792665250894E+001 -0.634876310801790E+001
  0.114409114850020E+002  0.850900753348328E+002 -0.590320142003593E+000  0.178940688199433E+001  0.490725175641788E+001 -0.167451030290137E+002 -0.609293898006892E+001 -0.609293898006892E+001 -0.614625058451225E+001
 -0.126282244492281E+002  0.881282284917871E+002 -0.567039950536555E+000  0.154267198049257E+001  0.314996789011377E+001 -0.167451030290137E+002 -0.609802583343233E+001 -0.609802583343233E+001 -0.611607001829417E+001
  0.160091046189459E+002  0.915373185176374E+002 -0.581107546912732E+000  0.167147893730641E+001  0.403624736837807E+001 -0.167451030290137E+002 -0.609139005875731E+001 -0.609139005875731E+001 -0.613341307520320E+001
 -0.174680904792102E+002  0.829545916665826E+002 -0.593295624482406E+000  0.183598732818357E+001  0.520733271526109E+001 -0.167451030290137E+002 -0.607777181998315E+001 -0.607777181998315E+001 -0.612399569507365E+001
  0.921747677396906E+001  0.493717800946660E+002 -0.585640889671290E+000  0.178801119920061E+001  0.489706036940902E+001 -0.167451030290137E+002 -0.609230246598958E+001 -0.609230246598958E+001 -0.610861195384562E+001
  0.998300305930051E+001  0.534345238657641E+002 -0.599201128390606E+000  0.188403301744296E+001  0.553464422486820E+001 -0.167451030290137E+002 -0.609014163706136E+001 -0.609014163706136E+001 -0.611351639927046E+001
 -0.103628273943421E+002  0.968559089753762E+002 -0.598997557616025E+000  0.185517477285844E+001  0.526347039706690E+001 -0.167451030290137E+002 -0.610133141492739E+001 -0.610133141492739E+001 -0.622812814188410E+001
  0.385344551977689E+001  0.498507379568396E+002 -0.593422277119756E+000  0.187493574788828E+001  0.558879178070062E+001 -0.167451030290137E+002 -0.608980733421952E+001 -0.608980733421952E+001 -0.616332142211707E+001
  0.214529085642784E+001  0.493334529782111E+002 -0.595651235236241E+000  0.187264584219259E+001  0.556605892918918E+001 -0.167451030290137E+002 -0.609631804138851E+001 -0.609631804138851E+001 -0.612078559629857E+001
  0.132407883129837E+000  0.571675512490931E+002 -0.596833541993515E+000  0.183467103915669E+001  0.514908726165355E+001 -0.167451030290137E+002 -0.607389932523154E+001 -0.607389932523154E+001 -0.610539449160052E+001
  0.163526619645799E+002  0.937921833101917E+002 -0.582658038062952E+000  0.175979245235111E+001  0.472464233177847E+001 -0.167451030290137E+002 -0.608082545147606E+001 -0.608082545147606E+001 -0.611800680907422E+001
 -0.810359004850701E+001  0.432212989033930E+002 -0.591819575046839E+000  0.177335416157085E+001  0.469549071545816E+001 -0.167451030290137E+002 -0.607040720114246E+001 -0.607040720114246E+001 -0.612372299070415E+001
  0.113745596241075E+002  0.602144079691541E+002 -0.593166851805577E+000  0.186297745917425E+001  0.549831717384748E+001 -0.167451030290137E+002 -0.608682785262311E+001 -0.608682785262311E+001 -0.611295553252397E+001
  0.136524931129379E+002  0.773293822835741E+002 -0.599163895725600E+000  0.194078883939253E+001  0.609735886230307E+001 -0.167451030290137E+002 -0.610291232075199E+001 -0.610291232075199E+001 -0.613859798910865E+001
 -0.162047908055288E+002  0.536929100170468E+002 -0.575493642821996E+000  0.161286930631174E+001  0.362932118451702E+001 -0.167451030290137E+002 -0.608544864170120E+001 -0.608544864170120E+001 -0.611340875179802E+001
 -0.164565300466607E+002  0.439498144219266E+002 -0.578151108000447E+000  0.171686575491229E+001  0.440364075533166E+001 -0.167451030290137E+002 -0.608972824616137E+001 -0.608972824616137E+001 -0.610818964954052E+001
 -0.160615605923436E+002  0.719031857575234E+002 -0.575350158199141E+000  0.165902683532482E+001  0.397339054713679E+001 -0.167451030290137E+002 -0.607119256206193E+001 -0.607119256206193E+001 -0.617690181905094E+001
  0.533021954393578E+001  0.424787432170278E+002 -0.585221014957099E+000  0.175210418598283E+001  0.462045749956259E+001 -0.167451030290137E+002 -0.606561975999841E+001 -0.606561975999841E+001 -0.613994723599297E+001
 -0.141035338857369E+002  0.921224061104845E+002 -0.589392516568610E+000  0.173086605795455E+001  0.436390260794531E+001 -0.167451030290137E+002 -0.607892655094254E+001 -0.607892655094254E+001 -0.610933020350851E+001
 -0.167209995337483E+002  0.401228674661151E+002 -0.578670023066996E+000  0.167228716386599E+001  0.405693161091580E+001 -0.167451030290137E+002 -0.606960484886504E+001 -0.606960484886504E+001 -0.611595731805058E+001
  0.192063156351005E+002  0.813773389526518E+002 -0.590030951656032E+000  0.176420997157975E+001  0.464891647939649E+001 -0.167451030290137E+002 -0.606675845529654E+001 -0.606675845529654E+001 -0.615593486820453E+001
  0.174951198671734E+002  0.474432544771751E+002 -0.596910128183433E+000  0.181579984131115E+001  0.501144035489811E+001 -0.167451030290137E+002 -0.608579906917983E+001 -0.608579906917983E+001 -0.611552768003849E+001
 -0.110242291795172E+002  0.611266112593563E+002 -0.593243013899877E+000  0.176092974089098E+001  0.455556577122265E+001 -0.167451030290137E+002 -0.608829413348049E+001 -0.608829413348049E+001 -0.615694413870282E+001
 -0.105165868901575E+002  0.821539112154930E+002 -0.587850359750705E+000  0.171780519346124E+001  0.431122184276407E+001 -0.167451030290137E+002 -0.608683351132242E+001 -0.608683351132242E+001 -0.610544134031514E+001
  0.728873736118224E+001  0.725001857178816E+002 -0.594191544991830E+000  0.182317877418109E+001  0.511563125326600E+001 -0.167451030290137E+002 -0.607185019737902E+001 -0.607185019737902E+001 -0.611272754245437E+001
 -0.110384860294039E+002  0.668749669534865E+002 -0.589114695818142E+000  0.169810786530620E+001  0.411246512314740E+001 -0.167451030290137E+002 -0.610431210738385E+001 -0.610431210738385E+001 -0.610971487785670E+001
 -0.117814886896146E+002  0.439135191988838E+002 -0.607687293417740E+000  0.194209280912449E+001  0.597777378715784E+001 -0.167451030290137E+002 -0.609726172933016E+001 -0.609726172933016E+001 -0.612004810619048E+001
 -0.305946984954595E+001  0.497055980295718E+002 -0.565581787629892E+000  0.157408241110374E+001  0.341652862221309E+001 -0.167451030290137E+002 -0.609313557264805E+001 -0.609313557264805E+001 -0.610658408986551E+001
 -0.131864674532256E+002  0.627318835192402E+002 -0.601115005864594E+000  0.192673089322757E+001  0.591727901322447E+001 -0.167451030290137E+002 -0.608904248049837E+001 -0.608904248049837E+001 -0.615975992845978E+001
  0.174087392550125E+002  0.900249601364463E+002 -0.567437826935081E+000  0.158388642981665E+001  0.348219187246042E+001 -0.167451030290137E+002 -0.608253677721758E+001 -0.608253677721758E+001 -0.611539453211947E+001
  0.182010647482137E+002  0.868556027698749E+002 -0.605887153942517E+000  0.196467462155484E+001  0.623076514770686E+001 -0.167451030290137E+002 -0.609483048686505E+001 -0.609483048686505E+001 -0.612309714471890E+001
 -0.921607854612926E+001  0.590466560684145E+002 -0.596316990349429E+000  0.184231660536724E+001  0.525703289058282E+001 -0.167451030290137E+002 -0.607645566885694E+001 -0.607645566885694E+001 -0.611257140027515E+001
  0.180750220319573E+002  0.961078327779252E+002 -0.581076973554815E+000  0.175240894871678E+001  0.469398151651180E+001 -0.167451030290137E+002 -0.608786252517329E+001 -0.608786252517329E+001 -0.615244393855622E+001
 -0.191219200039744E+002  0.610298796065378E+002 -0.600035618107527E+000  0.185386541177777E+001  0.523885666804169E+001 -0.167451030290137E+002 -0.610098118670061E+001 -0.610098118670061E+001 -0.611908096430507E+001
 -0.109890733355102E+002  0.940577006550902E+002 -0.602715273387947E+000  0.187112734501077E+001  0.536416733182949E+001 -0.167451030290137E+002 -0.609734649772717E+001 -0.609734649772717E+001 -0.611230758045664E+001
 -0.144550031037270E+002  0.944343778745092E+002 -0.596253211409179E+000  0.186223209902890E+001  0.545927632032057E+001 -0.167451030290137E+002 -0.609261086760324E+001 -0.609261086760324E+001 -0.614392435716289E+001
 -0.782103656839718E+001  0.716134935791768E+002 -0.604257149122936E+000  0.188929838511089E+001  0.551743703054606E+001 -0.167451030290137E+002 -0.609287846426558E+001 -0.609287846426557E+001 -0.612500934934349E+001
 -0.177758611606772E+001  0.625310544652838E+002 -0.593138116145528E+000  0.182286749532998E+001  0.516350300898576E+001 -0.167451030290137E+002 -0.609973133760662E+001 -0.609973133760662E+001 -0.613899533269265E+001
 -0.172354151081469E+002  0.860550921878026E+002 -0.565802846368801E+000  0.155772824630793E+001  0.329740905826006E+001 -0.167451030290137E+002 -0.608482955635500E+001 -0.608482955635500E+001 -0.610444738478836E+001
