 -0.192458346828879E+002  0.733118097030247E+002 -0.431201849513569E+000  0.499659431506436E+000 -0.107536384819057E+002 -0.725916049020451E+003 -0.725916049020451E+003 -0.726037258913854E+003
 -0.192442318351048E+002  0.733848729498464E+002 -0.436761892340285E+000  0.525394951541065E+000 -0.107536384819057E+002 -0.725919038405800E+003 -0.725919038405800E+003 -0.726043918613796E+003
 -0.192419396979725E+002  0.733969067301093E+002 -0.419576771496498E+000  0.482089260616259E+000 -0.107536384819057E+002 -0.725939143758885E+003 -0.725939143758885E+003 -0.726193264562917E+003
 -0.192417210630430E+002  0.733753562597428E+002 -0.423963285659443E+000  0.490361538972129E+000 -0.107536384819057E+002 -0.725933673116474E+003 -0.725933673116474E+003 -0.725967919825632E+003
 -0.192434958611279E+002  0.733704133009624E+002 -0.435755197237305E+000  0.514234611036015E+000 -0.107536384819057E+002 -0.725946219254823E+003 -0.725946219254823E+003 -0.725961488147366E+003
 -0.192456700235676E+002  0.732646682126359E+002 -0.423484375509621E+000  0.485291985572548E+000 -0.107536384819057E+002 -0.725922418809014E+003 -0.725922418809014E+003 -0.725958680091617E+003
 -0.192422775653783E+002  0.734740652110043E+002 -0.437052122762267E+000  0.512035767132728E+000 -0.107536384819057E+002 -0.725938801621332E+003 -0.725938801621332E+003 -0.726017209674474E+003
 -0.192427917209827E+002  0.733323510830691E+002 -0.417567345777697E+000  0.476248163351263E+000 -0.107536384819057E+002 -0.725939021439491E+003 -0.725939021439491E+003 -0.725968827158094E+003
 -0.192474993375456E+002  0.732250911979620E+002 -0.433100605151226E+000  0.529417316462633E+000 -0.107536384819057E+002 -0.725940351747562E+003 -0.725940351747562E+003 -0.725950644502917E+003
 -0.192485031289332E+002  0.732073808968553E+002 -0.427181582628090E+000  0.489180640747159E+000 -0.107536384819057E+002 -0.725936492850093E+003 -0.725936492850093E+003 -0.725959155688273E+003
 -0.192464141374354E+002  0.732727689619549E+002 -0.426241182233578E+000  0.484175743918243E+000 -0.107536384819057E+002 -0.725940076560174E+003 -0.725940076560174E+003 -0.725972931322689E+003
 -0.192470893470365E+002  0.732355291625669E+002 -0.426889146948374E+000  0.496574207720504E+000 -0.107536384819057E+002 -0.725907058835231E+003 -0.725907058835231E+003 -0.725973240597443E+003
 -0.192474514270033E+002  0.732508927306988E+002 -0.428170835064355E+000  0.499804522813852E+000 -0.107536384819057E+002 -0.725918429457562E+003 -0.725918429457562E+003 -0.725953091222575E+003
 -0.192482018162807E+002  0.732121876765674E+002 -0.429309119239557E+000  0.509430178361468E+000 -0.107536384819057E+002 -0.725909082944664E+003 -0.725909082944664E+003 -0.725963292913838E+003
 -0.192385596400161E+002  0.735627005858597E+002 -0.431637822290098E+000  0.501174961813415E+000 -0.107536384819057E+002 -0.725927929929246E+003 -0.725927929929247E+003 -0.725954522061413E+003
 -0.192341271371680E+002  0.736880981346675E+002 -0.430680068558573E+000  0.511069887655355E+000 -0.107536384819057E+002 -0.725944096333565E+003 -0.725944096333565E+003 -0.726094761428005E+003
 -0.192508242258590E+002  0.730974278291944E+002 -0.427128279134550E+000  0.507590600856028E+000 -0.107536384819057E+002 -0.725928556302202E+003 -0.725928556302202E+003 -0.725963371838567E+003
 -0.192465485844299E+002  0.732774130865618E+002 -0.432791815075763E+000  0.512583271857222E+000 -0.107536384819057E+002 -0.725903228329517E+003 -0.725903228329517E+003 -0.725984433666312E+003
 -0.192426950498834E+002  0.733753449192304E+002 -0.420333210965889E+000  0.491849654436508E+000 -0.107536384819057E+002 -0.725945928245287E+003 -0.725945928245287E+003 -0.726017026528443E+003
 -0.192414803816717E+002  0.734703082547744E+002 -0.432540038329121E+000  0.511443458674141E+000 -0.107536384819057E+002 -0.725911416564981E+003 -0.725911416564981E+003 -0.725957616483078E+003
 -0.192474369739949E+002  0.731950886964266E+002 -0.424483481155278E+000  0.496133512070297E+000 -0.107536384819057E+002 -0.725914364139796E+003 -0.725914364139796E+003 -0.726254771464896E+003
 -0.192491778467782E+002  0.731582907156025E+002 -0.421934410814611E+000  0.488859841647554E+000 -0.107536384819057E+002 -0.725940224819366E+003 -0.725940224819366E+003 -0.725948107893338E+003
 -0.192433523205077E+002  0.734093302167315E+002 -0.429391470742313E+000  0.496515080781180E+000 -0.107536384819057E+002 -0.725932507806791E+003 -0.725932507806791E+003 -0.725956916443319E+003
 -0.192476988923841E+002  0.732132856582703E+002 -0.431707069360640E+000  0.506360317488373E+000 -0.107536384819057E+002 -0.725933655305249E+003 -0.725933655305249E+003 -0.725953839700376E+003
 -0.192437262811945E+002  0.734061013747033E+002 -0.438687945581169E+000  0.532919266614769E+000 -0.107536384819057E+002 -0.725935930036224E+003 -0.725935930036224E+003 -0.725993353321273E+003
 -0.192447538744457E+002  0.733384451886317E+002 -0.428315407037148E+000  0.510556002912023E+000 -0.107536384819057E+002 -0.725921414625725E+003 -0.725921414625725E+003 -0.725957111804620E+003
 -0.192475482117302E+002  0.732415068920910E+002 -0.428247928172983E+000  0.487436927422420E+000 -0.107536384819057E+002 -0.725945735782122E+003 -0.725945735782122E+003 -0.726237037452519E+003
 -0.192455037333274E+002  0.733025016594056E+002 -0.426789784185222E+000  0.491562495139259E+000 -0.107536384819057E+002 -0.725914163007316E+003 -0.725914163007316E+003 -0.726023404401700E+003
 -0.192437801042350E+002  0.733974009795322E+002 -0.431804301373613E+000  0.506891762169868E+000 -0.107536384819057E+002 -0.725917293489143E+003 -0.725917293489143E+003 -0.726135116473205E+003
 -0.192478030445995E+002  0.732499673248207E+002 -0.435998123504204E+000  0.513348696761930E+000 -0.107536384819057E+002 -0.725928490811617E+003 -0.725928490811617E+003 -0.726038210214886E+003
 -0.192404957978639E+002  0.734670074318879E+002 -0.427045647328541E+000  0.510084580336465E+000 -0.107536384819057E+002 -0.725918519742455E+003 -0.725918519742455E+003 -0.725949034095449E+003
 -0.192423045732761E+002  0.733247672136969E+002 -0.418579042068165E+000  0.491714200966033E+000 -0.107536384819057E+002 -0.725937492549336E+003 -0.725937492549336E+003 -0.726051865564395E+003
 -0.192428939337687E+002  0.733789146393333E+002 -0.433700466820672E+000  0.521122115903032E+000 -0.107536384819057E+002 -0.725918603110180E+003 -0.725918603110180E+003 -0.726119682247064E+003
 -0.192473342298371E+002  0.732054566496822E+002 -0.426390600371512E+000  0.513485095937054E+000 -0.107536384819057E+002 -0.725922309382255E+003 -0.725922309382255E+003 -0.725982906054824E+003
 -0.192459052782214E+002  0.732699208555914E+002 -0.430270703198521E+000  0.519211371412021E+000 -0.107536384819057E+002 -0.725911609397817E+003 -0.725911609397817E+003 -0.725964346880015E+003
 -0.192485095467173E+002  0.731573261590386E+002 -0.425971827710605E+000  0.516076694629777E+000 -0.107536384819057E+002 -0.725942337677168E+003 -0.725942337677168E+003 -0.726144624437109E+003
 -0.192439625317941E+002  0.734187287506115E+002 -0.439673901766098E+000  0.518157959762907E+000 -0.107536384819057E+002 -0.725942044931990E+003 -0.725942044931990E+003 -0.726057279399570E+003
 -0.192438387470370E+002  0.733647719521937E+002 -0.429403065785929E+000  0.520342093982304E+000 -0.107536384819057E+002 -0.725938101452555E+003 -0.725938101452555E+003 -0.725949957036177E+003
 -0.192456888101859E+002  0.733374975140123E+002 -0.439596365546354E+000  0.524008887009381E+000 -0.107536384819057E+002 -0.725934192901029E+003 -0.725934192901029E+003 -0.726011091491944E+003
 -0.192389000387996E+002  0.735091718044474E+002 -0.426521001257969E+000  0.495855917811234E+000 -0.107536384819057E+002 -0.725911550695430E+003 -0.725911550695430E+003 -0.725949490593511E+003
 -0.192469684666718E+002  0.731731155088998E+002 -0.420859669494114E+000  0.502912361862381E+000 -0.107536384819057E+002 -0.725946908069588E+003 -0.725946908069588E+003 -0.725964006449036E+003
 -0.192401896928820E+002  0.734414944051219E+002 -0.424090839400191E+000  0.489552220492029E+000 -0.107536384819057E+002 -0.725921806055142E+003 -0.725921806055142E+003 -0.726127758441030E+003
 -0.192494124312848E+002  0.731177265548050E+002 -0.421096661465507E+000  0.500169268948065E+000 -0.107536384819057E+002 -0.725943763731994E+003 -0.725943763731994E+003 -0.726031038118302E+003
 -0.192405743195431E+002  0.734199052206758E+002 -0.423953433938662E+000  0.505175352628681E+000 -0.107536384819057E+002 -0.725912613626360E+003 -0.725912613626361E+003 -0.725948759340096E+003
 -0.192431717083870E+002  0.734084807730121E+002 -0.439622097589727E+000  0.527175440020570E+000 -0.107536384819057E+002 -0.725940704702858E+003 -0.725940704702858E+003 -0.725965340493287E+003
 -0.192463321937738E+002  0.732873736903600E+002 -0.428495232100818E+000  0.503247686704507E+000 -0.107536384819057E+002 -0.725911221186676E+003 -0.725911221186676E+003 -0.725962265277932E+003
 -0.192431733524239E+002  0.733776006789856E+002 -0.436677852902934E+000  0.522443592138092E+000 -0.107536384819057E+002 -0.725947748296249E+003 -0.725947748296249E+003 -0.725980919036263E+003
 -0.192381281111600E+002  0.735459455607989E+002 -0.422989291436273E+000  0.483110893223285E+000 -0.107536384819057E+002 -0.725947937945558E+003 -0.725947937945558E+003 -0.726010304387716E+003
 -0.192470099099215E+002  0.732142720111253E+002 -0.419605815973034E+000  0.478986436237731E+000 -0.107536384819057E+002 -0.725939282196635E+003 -0.725939282196635E+003 -0.725966647818673E+003
 -0.192462424622924E+002  0.732620370989709E+002 -0.427630080817410E+000  0.493707077663871E+000 -0.107536384819057E+002 -0.725917976110965E+003 -0.725917976110965E+003 -0.726005328774108E+003
 -0.192370705584227E+002  0.735942058307216E+002 -0.425565688806877E+000  0.494866182110640E+000 -0.107536384819057E+002 -0.725942551667308E+003 -0.725942551667308E+003 -0.725949219617230E+003
 -0.192393827501529E+002  0.734753353277556E+002 -0.429699730818190E+000  0.524140046920406E+000 -0.107536384819057E+002 -0.725940683054652E+003 -0.725940683054652E+003 -0.725952732604909E+003
 -0.192456894025347E+002  0.733083073079958E+002 -0.436841312692411E+000  0.518267670980671E+000 -0.107536384819057E+002 -0.725935001393823E+003 -0.725935001393823E+003 -0.725958468286306E+003
 -0.192383700760323E+002  0.735188595268907E+002 -0.430778623847790E+000  0.513543785183831E+000 -0.107536384819057E+002 -0.725925188709273E+003 -0.725925188709273E+003 -0.725958209802010E+003
 -0.192384315885238E+002  0.735239017076868E+002 -0.426654215253256E+000  0.515917876665613E+000 -0.107536384819057E+002 -0.725942203232117E+003 -0.725942203232117E+003 -0.725960506454325E+003
 -0.192384078266426E+002  0.735074015640075E+002 -0.419351259676403E+000  0.485419786565925E+000 -0.107536384819057E+002 -0.725943135707906E+003 -0.725943135707907E+003 -0.725986393308305E+003
 -0.192447095212520E+002  0.732997214518310E+002 -0.423960943000927E+000  0.486886006297231E+000 -0.107536384819057E+002 -0.725916631882231E+003 -0.725916631882231E+003 -0.725970644199750E+003
 -0.192465503402905E+002  0.732543433148069E+002 -0.428266870874977E+000  0.503571721414600E+000 -0.107536384819057E+002 -0.725899226593200E+003 -0.725899226593200E+003 -0.726087782935893E+003
 -0.192444116248156E+002  0.733684033195102E+002 -0.429214375604830E+000  0.505372492524820E+000 -0.107536384819057E+002 -0.725928774816870E+003 -0.725928774816870E+003 -0.726032197044670E+003
 -0.192416470500363E+002  0.734532456406957E+002 -0.435881006186011E+000  0.522356913631184E+000 -0.107536384819057E+002 -0.725911823215591E+003 -0.725911823215591E+003 -0.725985529235624E+003
 -0.192473503476211E+002  0.731831772796618E+002 -0.421023650118209E+000  0.481741650192747E+000 -0.107536384819057E+002 -0.725944451284854E+003 -0.725944451284854E+003 -0.725950047608082E+003
 -0.192461042281019E+002  0.732358140557176E+002 -0.425170959370944E+000  0.490912684543052E+000 -0.107536384819057E+002 -0.725936974966787E+003 -0.725936974966787E+003 -0.725968692206040E+003
 -0.192398124854935E+002  0.734406084233520E+002 -0.425313200327493E+000  0.498409400495847E+000 -0.107536384819057E+002 -0.725929478130506E+003 -0.725929478130506E+003 -0.726106376163064E+003
 -0.192461245670677E+002  0.732523702202926E+002 -0.430816945554135E+000  0.524838457062130E+000 -0.107536384819057E+002 -0.725933469850845E+003 -0.725933469850845E+003 -0.725950797859477E+003
 -0.192425815719195E+002  0.734346606571408E+002 -0.438949719358834E+000  0.517663819324410E+000 -0.107536384819057E+002 -0.725946813373452E+003 -0.725946813373452E+003 -0.726023325449798E+003
 -0.192482782844598E+002  0.732016645408652E+002 -0.427892668413419E+000  0.513519546014646E+000 -0.107536384819057E+002 -0.725926313640343E+003 -0.725926313640343E+003 -0.725984602483873E+003
 -0.192445141805509E+002  0.733957342857300E+002 -0.436680656631260E+000  0.509471057733400E+000 -0.107536384819057E+002 -0.725938808963395E+003 -0.725938808963395E+003 -0.725952339737645E+003
 -0.192454776425013E+002  0.733557391940726E+002 -0.435403909231981E+000  0.517983103275358E+000 -0.107536384819057E+002 -0.725929297322041E+003 -0.725929297322041E+003 -0.725950931802743E+003
 -0.192389916565931E+002  0.734914157275625E+002 -0.424327455101122E+000  0.497889102695198E+000 -0.107536384819057E+002 -0.725908752185714E+003 -0.725908752185715E+003 -0.725949244286706E+003
 -0.192443099599693E+002  0.733104240700431E+002 -0.425361048289862E+000  0.504757254718252E+000 -0.107536384819057E+002 -0.725899705946631E+003 -0.725899705946631E+003 -0.725955753905119E+003
 -0.192496085394255E+002  0.731442652583232E+002 -0.425626510121011E+000  0.489530879200089E+000 -0.107536384819057E+002 -0.725935288353382E+003 -0.725935288353382E+003 -0.725956601463703E+003
 -0.192377985449068E+002  0.735980378820606E+002 -0.431296497657914E+000  0.503819953905325E+000 -0.107536384819057E+002 -0.725937065725259E+003 -0.725937065725259E+003 -0.726019630468150E+003
 -0.192499541258167E+002  0.731590377397159E+002 -0.425690881305501E+000  0.491337173255165E+000 -0.107536384819057E+002 -0.725944977445860E+003 -0.725944977445860E+003 -0.725984844559794E+003
 -0.192344514695118E+002  0.736870386048250E+002 -0.431765241768956E+000  0.509733591346065E+000 -0.107536384819057E+002 -0.725943995292419E+003 -0.725943995292419E+003 -0.725967429315588E+003
 -0.192371244766773E+002  0.735974996884532E+002 -0.434527799649131E+000  0.511599475555375E+000 -0.107536384819057E+002 -0.725940432037825E+003 -0.725940432037825E+003 -0.726009037187733E+003
 -0.192369850038369E+002  0.735257531147581E+002 -0.419265544688330E+000  0.494189151976069E+000 -0.107536384819057E+002 -0.725944439722071E+003 -0.725944439722071E+003 -0.725958427565352E+003
 -0.192474170653294E+002  0.731783896038537E+002 -0.420108903893579E+000  0.495063746031619E+000 -0.107536384819057E+002 -0.725929452675064E+003 -0.725929452675064E+003 -0.725967331331971E+003
 -0.192500253905928E+002  0.731178328332782E+002 -0.425887325753995E+000  0.504937115151042E+000 -0.107536384819057E+002 -0.725923827229501E+003 -0.725923827229501E+003 -0.726044008836513E+003
 -0.192454603694904E+002  0.733080655141188E+002 -0.430149219455689E+000  0.492293626885946E+000 -0.107536384819057E+002 -0.725939815475386E+003 -0.725939815475386E+003 -0.725954206614389E+003
 -0.192404259231074E+002  0.734783202676380E+002 -0.435352516788356E+000  0.533724974869535E+000 -0.107536384819057E+002 -0.725944205479241E+003 -0.725944205479241E+003 -0.725948816497304E+003
 -0.192493389272593E+002  0.731995098553874E+002 -0.431756669923071E+000  0.514521643714090E+000 -0.107536384819057E+002 -0.725932190834284E+003 -0.725932190834284E+003 -0.725966912648409E+003
 -0.192500845333168E+002  0.730894849441561E+002 -0.421426401351408E+000  0.495129957419086E+000 -0.107536384819057E+002 -0.725939922505533E+003 -0.725939922505533E+003 -0.725963827652731E+003
 -0.192413785093410E+002  0.734633045267478E+002 -0.430708831580331E+000  0.504651935315650E+000 -0.107536384819057E+002 -0.725906973668135E+003 -0.725906973668135E+003 -0.725968548721867E+003
 -0.192441061398716E+002  0.734066460463457E+002 -0.441751200503157E+000  0.531661999941868E+000 -0.107536384819057E+002 -0.725944915972023E+003 -0.725944915972023E+003 -0.725968740649393E+003
 -0.192384404673118E+002  0.735234811081469E+002 -0.423175612895065E+000  0.484292724102523E+000 -0.107536384819057E+002 -0.725933874985819E+003 -0.725933874985820E+003 -0.725977282476838E+003
 -0.192452342857437E+002  0.733255609618914E+002 -0.431404174972828E+000  0.500446183788297E+000 -0.107536384819057E+002 -0.725913799926581E+003 -0.725913799926581E+003 -0.725958949650424E+003
 -0.192513230325720E+002  0.730708378918115E+002 -0.422852230297450E+000  0.490418168282623E+000 -0.107536384819057E+002 -0.725943516586185E+003 -0.725943516586185E+003 -0.726291819534835E+003
 -0.192504490170280E+002  0.731426987627070E+002 -0.433704005760069E+000  0.527377948017538E+000 -0.107536384819057E+002 -0.725948021763475E+003 -0.725948021763475E+003 -0.725956658495840E+003
 -0.192422579200203E+002  0.733878660548372E+002 -0.430539341185646E+000  0.528378412239214E+000 -0.107536384819057E+002 -0.725943503103417E+003 -0.725943503103417E+003 -0.726176366132602E+003
 -0.192392121264836E+002  0.734977229185031E+002 -0.431326844656850E+000  0.513225018067804E+000 -0.107536384819057E+002 -0.725916956366637E+003 -0.725916956366637E+003 -0.726018052652626E+003
 -0.192420217959907E+002  0.733612431952502E+002 -0.421587923701495E+000  0.490659670224957E+000 -0.107536384819057E+002 -0.725916276171636E+003 -0.725916276171636E+003 -0.725951738110532E+003
 -0.192396488361119E+002  0.735348225382387E+002 -0.436616927468702E+000  0.511174109781033E+000 -0.107536384819057E+002 -0.725939195682696E+003 -0.725939195682696E+003 -0.725953532512593E+003
 -0.192372596555065E+002  0.735754163767942E+002 -0.431221759729136E+000  0.525024206711531E+000 -0.107536384819057E+002 -0.725944913940597E+003 -0.725944913940597E+003 -0.725951803431114E+003
 -0.192468136199347E+002  0.733021485529300E+002 -0.440869897741850E+000  0.527709819710315E+000 -0.107536384819057E+002 -0.725946815336810E+003 -0.725946815336810E+003 -0.726013668584102E+003
 -0.192479086658702E+002  0.732354729926292E+002 -0.437346575771549E+000  0.523063932973839E+000 -0.107536384819057E+002 -0.725937951829002E+003 -0.725937951829002E+003 -0.725974482740032E+003
 -0.192405347673763E+002  0.734879847863021E+002 -0.434410100763518E+000  0.518375981415227E+000 -0.107536384819057E+002 -0.725908043551405E+003 -0.725908043551405E+003 -0.725972665876426E+003
 -0.192457695374250E+002  0.732887779174593E+002 -0.428654332077365E+000  0.500403435971806E+000 -0.107536384819057E+002 -0.725900588205837E+003 -0.725900588205837E+003 -0.727241070558011E+003
 -0.192467777274742E+002  0.731779608331963E+002 -0.419392344130720E+000  0.490953311595077E+000 -0.107536384819057E+002 -0.725941893581898E+003 -0.725941893581898E+003 -0.725971867583949E+003
 -0.192470653858902E+002  0.732919570838480E+002 -0.436837232776191E+000  0.525569465357609E+000 -0.107536384819057E+002 -0.725927833887432E+003 -0.725927833887432E+003 -0.725953349338412E+003
 -0.192450025589992E+002  0.732800240966578E+002 -0.427585335958637E+000  0.504246837366368E+000 -0.107536384819057E+002 -0.725912542443001E+003 -0.725912542443001E+003 -0.725950412432369E+003
 -0.192505946266860E+002  0.731467862900371E+002 -0.436147638579270E+000  0.525979545429053E+000 -0.107536384819057E+002 -0.725942675668660E+003 -0.725942675668660E+003 -0.726063837650697E+003
 -0.192375182807952E+002  0.735611440786188E+002 -0.433260379582584E+000  0.514105693398019E+000 -0.107536384819057E+002 -0.725941789757283E+003 -0.725941789757283E+003 -0.725961793826406E+003
 -0.192427655651804E+002  0.734192377276207E+002 -0.436067736704801E+000  0.522756841895008E+000 -0.107536384819057E+002 -0.725910337526915E+003 -0.725910337526915E+003 -0.725956601407811E+003
 -0.192481876057496E+002  0.731803784242678E+002 -0.431086130699904E+000  0.514465023943843E+000 -0.107536384819057E+002 -0.725936690116035E+003 -0.725936690116035E+003 -0.725968369667839E+003
 -0.192429072745861E+002  0.734018995221020E+002 -0.426726284261169E+000  0.483479817752630E+000 -0.107536384819057E+002 -0.725945010030678E+003 -0.725945010030679E+003 -0.725974078470915E+003
 -0.192418606578756E+002  0.733927670993185E+002 -0.427171296975616E+000  0.496310872818214E+000 -0.107536384819057E+002 -0.725919365250976E+003 -0.725919365250976E+003 -0.725961750017281E+003
 -0.192457994185761E+002  0.732774409517151E+002 -0.422519183255841E+000  0.488348432191257E+000 -0.107536384819057E+002 -0.725923823635679E+003 -0.725923823635679E+003 -0.725948534772596E+003
 -0.192366208632762E+002  0.735759152804780E+002 -0.429116522809794E+000  0.505487861983628E+000 -0.107536384819057E+002 -0.725934255182677E+003 -0.725934255182677E+003 -0.725964319368637E+003
 -0.192396096026518E+002  0.735558013991186E+002 -0.438326709012151E+000  0.516187396750531E+000 -0.107536384819057E+002 -0.725941872931019E+003 -0.725941872931020E+003 -0.725966538902577E+003
 -0.192424913905730E+002  0.733565005504617E+002 -0.420440295948885E+000  0.487000910673232E+000 -0.107536384819057E+002 -0.725914649980411E+003 -0.725914649980411E+003 -0.725990672270440E+003
 -0.192482612664434E+002  0.732124650229149E+002 -0.433796965060717E+000  0.526677525471630E+000 -0.107536384819057E+002 -0.725929915120631E+003 -0.725929915120631E+003 -0.726015637022982E+003
 -0.192481629882999E+002  0.732355991528043E+002 -0.433952631623783E+000  0.519051194934475E+000 -0.107536384819057E+002 -0.725916216455753E+003 -0.725916216455754E+003 -0.725953968027174E+003
 -0.192386588752561E+002  0.734706421094850E+002 -0.422720591387481E+000  0.490773928202661E+000 -0.107536384819057E+002 -0.725941563107229E+003 -0.725941563107229E+003 -0.725971040489552E+003
 -0.192437451098695E+002  0.733290037232410E+002 -0.419978130440186E+000  0.487287037105839E+000 -0.107536384819057E+002 -0.725926794628987E+003 -0.725926794628987E+003 -0.725967489178383E+003
 -0.192479534601918E+002  0.732051547375684E+002 -0.424819366845449E+000  0.498679883400538E+000 -0.107536384819057E+002 -0.725916325073513E+003 -0.725916325073513E+003 -0.725966580442913E+003
 -0.192418173661346E+002  0.733881365601897E+002 -0.421826906731228E+000  0.501662918725588E+000 -0.107536384819057E+002 -0.725925021017434E+003 -0.725925021017434E+003 -0.725960463617363E+003
 -0.192380432428783E+002  0.735077341577389E+002 -0.422771590565098E+000  0.484763288939565E+000 -0.107536384819057E+002 -0.725943741556065E+003 -0.725943741556065E+003 -0.725971146814412E+003
 -0.192394412518367E+002  0.735059466377259E+002 -0.428816745008988E+000  0.500325980679243E+000 -0.107536384819057E+002 -0.725907516271675E+003 -0.725907516271675E+003 -0.725983359999826E+003
 -0.192489829337042E+002  0.731715848875617E+002 -0.426586395630274E+000  0.489394380730250E+000 -0.107536384819057E+002 -0.725936084037232E+003 -0.725936084037232E+003 -0.725950016694254E+003
 -0.192353728848756E+002  0.736587356458442E+002 -0.430179188926987E+000  0.504221829468525E+000 -0.107536384819057E+002 -0.725937683846973E+003 -0.725937683846973E+003 -0.725954606857947E+003
 -0.192441291099348E+002  0.732880182603095E+002 -0.421195458182823E+000  0.508388285212403E+000 -0.107536384819057E+002 -0.725947905607681E+003 -0.725947905607681E+003 -0.726006756852234E+003
 -0.192431275710771E+002  0.733637006765804E+002 -0.423355864155358E+000  0.480379522721012E+000 -0.107536384819057E+002 -0.725933207684251E+003 -0.725933207684251E+003 -0.725970197371163E+003
 -0.192425319955393E+002  0.734127048168242E+002 -0.434225608435265E+000  0.513003411077325E+000 -0.107536384819057E+002 -0.725910407102746E+003 -0.725910407102746E+003 -0.725949530141485E+003
 -0.192449655536519E+002  0.732781974345749E+002 -0.425748697879672E+000  0.510537392657407E+000 -0.107536384819057E+002 -0.725911319068681E+003 -0.725911319068681E+003 -0.725997098089678E+003
 -0.192442425299269E+002  0.733562181137991E+002 -0.427236620352102E+000  0.488183099503926E+000 -0.107536384819057E+002 -0.725928555253221E+003 -0.725928555253221E+003 -0.725951936358706E+003
 -0.192441698694378E+002  0.733451946705960E+002 -0.423052179101863E+000  0.482542026490017E+000 -0.107536384819057E+002 -0.725937952953762E+003 -0.725937952953762E+003 -0.725973790620960E+003
 -0.192385612219345E+002  0.735311766452804E+002 -0.432437865032149E+000  0.529336503196492E+000 -0.107536384819057E+002 -0.725947048053557E+003 -0.725947048053557E+003 -0.725980938943590E+003
 -0.192451222833660E+002  0.732640166169222E+002 -0.428323164887267E+000  0.518342433022596E+000 -0.107536384819057E+002 -0.725935968915747E+003 -0.725935968915747E+003 -0.726020763544252E+003
 -0.192412236039181E+002  0.734055479007569E+002 -0.425578207998097E+000  0.489079768765070E+000 -0.107536384819057E+002 -0.725942047026399E+003 -0.725942047026399E+003 -0.725978246745487E+003
 -0.192419697796149E+002  0.734307748446029E+002 -0.427478624265481E+000  0.510864269434177E+000 -0.107536384819057E+002 -0.725933737857349E+003 -0.725933737857349E+003 -0.725970931181038E+003
 -0.192468522246068E+002  0.732465312159105E+002 -0.426727510862668E+000  0.490838390622169E+000 -0.107536384819057E+002 -0.725919730747541E+003 -0.725919730747541E+003 -0.725964652866646E+003
 -0.192384094178050E+002  0.734935840731368E+002 -0.427465683964845E+000  0.511842172325694E+000 -0.107536384819057E+002 -0.725932085905303E+003 -0.725932085905303E+003 -0.725977299917986E+003
 -0.192372758981509E+002  0.735927770514969E+002 -0.430818670191968E+000  0.498710882533531E+000 -0.107536384819057E+002 -0.725936555541773E+003 -0.725936555541773E+003 -0.726020854981581E+003
 -0.192424939948991E+002  0.733811780640891E+002 -0.425554617875379E+000  0.488466075782385E+000 -0.107536384819057E+002 -0.725918883913053E+003 -0.725918883913053E+003 -0.725990249748326E+003
 -0.192481571707857E+002  0.731994034283243E+002 -0.430413410546284E+000  0.517667163156141E+000 -0.107536384819057E+002 -0.725915797447893E+003 -0.725915797447893E+003 -0.725961649253122E+003
 -0.192451436296862E+002  0.733319176554181E+002 -0.433860111923867E+000  0.528695754656895E+000 -0.107536384819057E+002 -0.725932606377954E+003 -0.725932606377954E+003 -0.725979549204412E+003
 -0.192418366288988E+002  0.734404602894145E+002 -0.425508770395461E+000  0.491762574177276E+000 -0.107536384819057E+002 -0.725934555696428E+003 -0.725934555696428E+003 -0.725969223260083E+003
 -0.192386899323719E+002  0.735371206178808E+002 -0.430350565920877E+000  0.508745944775001E+000 -0.107536384819057E+002 -0.725907269422323E+003 -0.725907269422323E+003 -0.725953117957557E+003
 -0.192376674469139E+002  0.735563318936495E+002 -0.426190101970170E+000  0.491623090667885E+000 -0.107536384819057E+002 -0.725926920434425E+003 -0.725926920434425E+003 -0.725967780803921E+003
 -0.192428618356608E+002  0.733961290714544E+002 -0.434412379748770E+000  0.532902050653147E+000 -0.107536384819057E+002 -0.725939609417845E+003 -0.725939609417845E+003 -0.726084290614875E+003
 -0.192505372009682E+002  0.731146081103659E+002 -0.423594797145837E+000  0.499600967311858E+000 -0.107536384819057E+002 -0.725946625768809E+003 -0.725946625768809E+003 -0.725948628664761E+003
 -0.192400288101612E+002  0.735145667073921E+002 -0.436875951130541E+000  0.522865441183398E+000 -0.107536384819057E+002 -0.725921391701299E+003 -0.725921391701299E+003 -0.725950974804322E+003
 -0.192514719315317E+002  0.730889617482741E+002 -0.427486843492211E+000  0.504062979493415E+000 -0.107536384819057E+002 -0.725931222133063E+003 -0.725931222133063E+003 -0.725962416360834E+003
 -0.192454223366910E+002  0.733400352570347E+002 -0.432711824892227E+000  0.506064392656570E+000 -0.107536384819057E+002 -0.725914476189336E+003 -0.725914476189336E+003 -0.725956964795734E+003
 -0.192493196748841E+002  0.732144256573246E+002 -0.432585134533676E+000  0.513268096113794E+000 -0.107536384819057E+002 -0.725943565746382E+003 -0.725943565746382E+003 -0.725972798446376E+003
 -0.192365169899211E+002  0.735800575271430E+002 -0.422475454916033E+000  0.490718942216563E+000 -0.107536384819057E+002 -0.725935205572242E+003 -0.725935205572242E+003 -0.725973043611908E+003
 -0.192389827747639E+002  0.734821809668319E+002 -0.419700015068894E+000  0.490165680380682E+000 -0.107536384819057E+002 -0.725934405791330E+003 -0.725934405791330E+003 -0.725952994116221E+003
 -0.192510411726870E+002  0.730757338028380E+002 -0.422639129719369E+000  0.492381005492621E+000 -0.107536384819057E+002 -0.725939908967071E+003 -0.725939908967071E+003 -0.725992917704866E+003
 -0.192375674735442E+002  0.735778663838339E+002 -0.426697214195430E+000  0.492828534824618E+000 -0.107536384819057E+002 -0.725933691093839E+003 -0.725933691093839E+003 -0.725982284674170E+003
 -0.192433299098419E+002  0.733116594727970E+002 -0.420122505500998E+000  0.494229954780494E+000 -0.107536384819057E+002 -0.725918189947940E+003 -0.725918189947940E+003 -0.725956953964482E+003
 -0.192465749407387E+002  0.732464253689176E+002 -0.427976113679975E+000  0.500704276612641E+000 -0.107536384819057E+002 -0.725905294337653E+003 -0.725905294337653E+003 -0.725969884988619E+003
 -0.192472810319623E+002  0.731819618114778E+002 -0.420627571529935E+000  0.490323235248082E+000 -0.107536384819057E+002 -0.725925523649433E+003 -0.725925523649433E+003 -0.725955553348435E+003
 -0.192366833884413E+002  0.735915124137126E+002 -0.429202522114761E+000  0.507243553364609E+000 -0.107536384819057E+002 -0.725919000928302E+003 -0.725919000928302E+003 -0.725953770024619E+003
 -0.192495258539233E+002  0.731922205940913E+002 -0.430291657315832E+000  0.504929815646260E+000 -0.107536384819057E+002 -0.725931268852843E+003 -0.725931268852843E+003 -0.725951255133939E+003
 -0.192430262742626E+002  0.734225855227654E+002 -0.434140279946982E+000  0.518255559995032E+000 -0.107536384819057E+002 -0.725914181270740E+003 -0.725914181270741E+003 -0.725998867252502E+003
 -0.192402488311941E+002  0.734734193779272E+002 -0.431209665852847E+000  0.511664025503144E+000 -0.107536384819057E+002 -0.725903269280329E+003 -0.725903269280329E+003 -0.726080111664187E+003
 -0.192496350532756E+002  0.731502635316075E+002 -0.425934977810041E+000  0.503247008493272E+000 -0.107536384819057E+002 -0.725924358843361E+003 -0.725924358843361E+003 -0.726203793420026E+003
 -0.192408261418767E+002  0.734533213752240E+002 -0.435086786798289E+000  0.531433145302680E+000 -0.107536384819057E+002 -0.725940845687839E+003 -0.725940845687839E+003 -0.725954224745044E+003
 -0.192422879378890E+002  0.733513388008397E+002 -0.421392385057653E+000  0.507471557918402E+000 -0.107536384819057E+002 -0.725940418638479E+003 -0.725940418638479E+003 -0.725952092400166E+003
 -0.192505621992847E+002  0.730905113618657E+002 -0.427459175060610E+000  0.504046418784235E+000 -0.107536384819057E+002 -0.725943048213063E+003 -0.725943048213064E+003 -0.725949564360544E+003
 -0.192386916807067E+002  0.735072800385963E+002 -0.427981281680630E+000  0.514896675351165E+000 -0.107536384819057E+002 -0.725918265437837E+003 -0.725918265437838E+003 -0.725957776278815E+003
 -0.192435238234788E+002  0.733513189860631E+002 -0.427585653108817E+000  0.488343596177902E+000 -0.107536384819057E+002 -0.725941379959203E+003 -0.725941379959203E+003 -0.725995054543779E+003
 -0.192366967065476E+002  0.735628665055395E+002 -0.422253441688966E+000  0.489604083189334E+000 -0.107536384819057E+002 -0.725931856944797E+003 -0.725931856944798E+003 -0.725957297100320E+003
 -0.192460856602562E+002  0.732766712936952E+002 -0.429323399992944E+000  0.514839463182931E+000 -0.107536384819057E+002 -0.725906720888073E+003 -0.725906720888073E+003 -0.725956607033546E+003
 -0.192415912625963E+002  0.734809267442920E+002 -0.432091753258891E+000  0.505311407571158E+000 -0.107536384819057E+002 -0.725933112104037E+003 -0.725933112104037E+003 -0.725974544172995E+003
 -0.192421660594144E+002  0.733919649844515E+002 -0.431305634473425E+000  0.507648839729348E+000 -0.107536384819057E+002 -0.725928367156971E+003 -0.725928367156971E+003 -0.725958292478972E+003
 -0.192479457784563E+002  0.732394331767975E+002 -0.433397213661743E+000  0.515514305829594E+000 -0.107536384819057E+002 -0.725910810710501E+003 -0.725910810710501E+003 -0.725950144208173E+003
 -0.192422383359756E+002  0.733672173471665E+002 -0.428947137247472E+000  0.504063295865694E+000 -0.107536384819057E+002 -0.725945587880808E+003 -0.725945587880808E+003 -0.725955648302700E+003
 -0.192471022182327E+002  0.732138329754299E+002 -0.425309139737739E+000  0.503570799289830E+000 -0.107536384819057E+002 -0.725906868711102E+003 -0.725906868711102E+003 -0.726091189922354E+003
 -0.192476249004189E+002  0.731829492795868E+002 -0.424403626167577E+000  0.492912711285464E+000 -0.107536384819057E+002 -0.725928470184904E+003 -0.725928470184904E+003 -0.726032945067703E+003
 -0.192455894498392E+002  0.732760628529180E+002 -0.424179022026934E+000  0.492695737082021E+000 -0.107536384819057E+002 -0.725905516050318E+003 -0.725905516050318E+003 -0.725953218987814E+003
 -0.192404083916180E+002  0.734197920105034E+002 -0.422135573353084E+000  0.482565267844805E+000 -0.107536384819057E+002 -0.725945365071619E+003 -0.725945365071619E+003 -0.726023850191704E+003
 -0.192393761602528E+002  0.735570075169161E+002 -0.439610212669306E+000  0.530000256374114E+000 -0.107536384819057E+002 -0.725942288021003E+003 -0.725942288021003E+003 -0.725956436810124E+003
 -0.192349860115056E+002  0.736600339316184E+002 -0.430793734755745E+000  0.502479840951610E+000 -0.107536384819057E+002 -0.725947647748333E+003 -0.725947647748333E+003 -0.725958207445251E+003
 -0.192415312291253E+002  0.734142340291065E+002 -0.426105139143074E+000  0.486215332557042E+000 -0.107536384819057E+002 -0.725937022041455E+003 -0.725937022041455E+003 -0.725952213096773E+003
 -0.192418681819040E+002  0.734148090211612E+002 -0.434528946532177E+000  0.532962513787304E+000 -0.107536384819057E+002 -0.725944701969730E+003 -0.725944701969730E+003 -0.726173604414736E+003
 -0.192398856216739E+002  0.734751816382258E+002 -0.423645915068191E+000  0.483904788931921E+000 -0.107536384819057E+002 -0.725928771718302E+003 -0.725928771718302E+003 -0.725959933224505E+003
 -0.192393728222308E+002  0.735254336499552E+002 -0.426184106789297E+000  0.493073139198543E+000 -0.107536384819057E+002 -0.725938043806502E+003 -0.725938043806502E+003 -0.725950407206572E+003
 -0.192420987566765E+002  0.734690595115955E+002 -0.438641842345167E+000  0.526103048244321E+000 -0.107536384819057E+002 -0.725928168662253E+003 -0.725928168662253E+003 -0.726030370043977E+003
 -0.192421341191005E+002  0.734252822048072E+002 -0.427195812708485E+000  0.496359011172297E+000 -0.107536384819057E+002 -0.725911069634422E+003 -0.725911069634422E+003 -0.725948573325033E+003
 -0.192495160787690E+002  0.731824067018088E+002 -0.436322436506924E+000  0.519807695176934E+000 -0.107536384819057E+002 -0.725936933563222E+003 -0.725936933563222E+003 -0.726020237141742E+003
 -0.192379591544109E+002  0.735437885188837E+002 -0.425256064361271E+000  0.494130182915979E+000 -0.107536384819057E+002 -0.725918535766796E+003 -0.725918535766796E+003 -0.726008774498304E+003
 -0.192429529326497E+002  0.734496871145464E+002 -0.439464125114369E+000  0.524589338671470E+000 -0.107536384819057E+002 -0.725933787444057E+003 -0.725933787444058E+003 -0.725956990175246E+003
 -0.192492480324492E+002  0.731896074033616E+002 -0.434922856055376E+000  0.511338376224513E+000 -0.107536384819057E+002 -0.725937484819763E+003 -0.725937484819763E+003 -0.725979422212183E+003
 -0.192384873371108E+002  0.734991574806747E+002 -0.419723381439945E+000  0.493386335443619E+000 -0.107536384819057E+002 -0.725943123136873E+003 -0.725943123136873E+003 -0.725952861776251E+003
 -0.192429664262607E+002  0.734141854907820E+002 -0.432353131574710E+000  0.514004687601882E+000 -0.107536384819057E+002 -0.725906366108237E+003 -0.725906366108237E+003 -0.725961038527191E+003
 -0.192452939368305E+002  0.732430267996682E+002 -0.420729195993785E+000  0.490734102965062E+000 -0.107536384819057E+002 -0.725922951798561E+003 -0.725922951798561E+003 -0.725950183286706E+003
 -0.192501202473948E+002  0.731776039640611E+002 -0.437752142330806E+000  0.522028779986376E+000 -0.107536384819057E+002 -0.725942593531200E+003 -0.725942593531200E+003 -0.725962489458969E+003
 -0.192439483477984E+002  0.732748285924132E+002 -0.421734797140388E+000  0.498046693670683E+000 -0.107536384819057E+002 -0.725937217727731E+003 -0.725937217727731E+003 -0.725948778696412E+003
 -0.192465364732903E+002  0.732658241665587E+002 -0.431331556751567E+000  0.513596872503854E+000 -0.107536384819057E+002 -0.725900872234353E+003 -0.725900872234353E+003 -0.725954107181887E+003
 -0.192455492381469E+002  0.733114415346217E+002 -0.434493856003557E+000  0.506253122578912E+000 -0.107536384819057E+002 -0.725938524816989E+003 -0.725938524816989E+003 -0.725953145961284E+003
 -0.192436757016478E+002  0.733002797375511E+002 -0.427244237750960E+000  0.516064718658553E+000 -0.107536384819057E+002 -0.725946668331600E+003 -0.725946668331600E+003 -0.725960176381031E+003
 -0.192375889533481E+002  0.736056032623453E+002 -0.436717659163506E+000  0.525359281281180E+000 -0.107536384819057E+002 -0.725937676064694E+003 -0.725937676064694E+003 -0.725950800788775E+003
 -0.192351816493847E+002  0.736522008503313E+002 -0.431809396321953E+000  0.520972658594133E+000 -0.107536384819057E+002 -0.725945867873956E+003 -0.725945867873956E+003 -0.725965870467278E+003
 -0.192464435185966E+002  0.732197361888585E+002 -0.426778442998588E+000  0.505993535450903E+000 -0.107536384819057E+002 -0.725924732241185E+003 -0.725924732241185E+003 -0.725953131688498E+003
 -0.192467277181853E+002  0.732266363271382E+002 -0.424327981201506E+000  0.484205193571293E+000 -0.107536384819057E+002 -0.725940616886197E+003 -0.725940616886197E+003 -0.725985909455039E+003
 -0.192469921838703E+002  0.732391566998283E+002 -0.424407312613830E+000  0.485501333550519E+000 -0.107536384819057E+002 -0.725927067197813E+003 -0.725927067197813E+003 -0.725949930828199E+003
 -0.192394170331799E+002  0.735120047506498E+002 -0.425000531179291E+000  0.492167113452940E+000 -0.107536384819057E+002 -0.725930018986331E+003 -0.725930018986331E+003 -0.725982287629070E+003
 -0.192404709369154E+002  0.734783853955161E+002 -0.426200546374688E+000  0.483252007005239E+000 -0.107536384819057E+002 -0.725945688388662E+003 -0.725945688388663E+003 -0.725957320473402E+003
 -0.192443991321837E+002  0.733795284012897E+002 -0.434699040212490E+000  0.505305989603758E+000 -0.107536384819057E+002 -0.725926100108059E+003 -0.725926100108059E+003 -0.725974369885750E+003
 -0.192420078538520E+002  0.733872166728118E+002 -0.427689707462561E+000  0.510686119925082E+000 -0.107536384819057E+002 -0.725903015944431E+003 -0.725903015944431E+003 -0.725960477312684E+003
 -0.192502697630968E+002  0.731592647914135E+002 -0.432345288324001E+000  0.521325143746897E+000 -0.107536384819057E+002 -0.725942402057368E+003 -0.725942402057368E+003 -0.725957871054439E+003
 -0.192411183666688E+002  0.733941016044539E+002 -0.424109577803760E+000  0.515297320650348E+000 -0.107536384819057E+002 -0.725944184565768E+003 -0.725944184565768E+003 -0.726043173759349E+003
 -0.192494033966391E+002  0.731633141651942E+002 -0.426204468316565E+000  0.493818910453113E+000 -0.107536384819057E+002 -0.725924399532921E+003 -0.725924399532921E+003 -0.725975661836943E+003
 -0.192450548457951E+002  0.732971657173634E+002 -0.422458814081266E+000  0.494906917894982E+000 -0.107536384819057E+002 -0.725920890203543E+003 -0.725920890203543E+003 -0.725955762377360E+003
 -0.192433074139202E+002  0.734271063985422E+002 -0.437987475074969E+000  0.514128447156051E+000 -0.107536384819057E+002 -0.725932844558762E+003 -0.725932844558762E+003 -0.726045489946499E+003
 -0.192433241319166E+002  0.733777659335677E+002 -0.434353178414534E+000  0.528171260336590E+000 -0.107536384819057E+002 -0.725920834082130E+003 -0.725920834082130E+003 -0.725958193507445E+003
 -0.192364241865330E+002  0.735664985145167E+002 -0.420834898997172E+000  0.490238152315312E+000 -0.107536384819057E+002 -0.725937786403027E+003 -0.725937786403027E+003 -0.725953561531876E+003
 -0.192457984386668E+002  0.732419827208444E+002 -0.429124647120189E+000  0.514778822404777E+000 -0.107536384819057E+002 -0.725940131019868E+003 -0.725940131019868E+003 -0.725976470372218E+003
 -0.192444910962665E+002  0.733306714930051E+002 -0.429434161688387E+000  0.519450637601339E+000 -0.107536384819057E+002 -0.725918511969242E+003 -0.725918511969242E+003 -0.725971365710603E+003
 -0.192373721627676E+002  0.735350907624740E+002 -0.424664431319135E+000  0.493973183433022E+000 -0.107536384819057E+002 -0.725930292799596E+003 -0.725930292799596E+003 -0.726027271561734E+003
 -0.192433528082995E+002  0.733787331746624E+002 -0.434330590297163E+000  0.525966668671817E+000 -0.107536384819057E+002 -0.725914495117501E+003 -0.725914495117501E+003 -0.725974145120974E+003
 -0.192370602130760E+002  0.735535993344241E+002 -0.424174053363069E+000  0.487985731448766E+000 -0.107536384819057E+002 -0.725939191836013E+003 -0.725939191836013E+003 -0.725975335770127E+003
 -0.192401759578447E+002  0.734884391056596E+002 -0.437326274175239E+000  0.526213149450446E+000 -0.107536384819057E+002 -0.725943168853849E+003 -0.725943168853849E+003 -0.725969994690834E+003
 -0.192472675651281E+002  0.732251577370057E+002 -0.429412720679144E+000  0.508083135384561E+000 -0.107536384819057E+002 -0.725905245799045E+003 -0.725905245799045E+003 -0.725982566101135E+003
 -0.192499339251041E+002  0.731397528730561E+002 -0.429404160246401E+000  0.512250749684352E+000 -0.107536384819057E+002 -0.725920235954753E+003 -0.725920235954753E+003 -0.725949025201466E+003
 -0.192504835510712E+002  0.731218539661172E+002 -0.432989386485840E+000  0.514522578059422E+000 -0.107536384819057E+002 -0.725945021647248E+003 -0.725945021647248E+003 -0.725975678058825E+003
 -0.192460339075305E+002  0.732102580310205E+002 -0.424446056602031E+000  0.508026199046947E+000 -0.107536384819057E+002 -0.725946558362322E+003 -0.725946558362322E+003 -0.725949356254253E+003
 -0.192410591939532E+002  0.734473346542716E+002 -0.426838298180671E+000  0.498031218629671E+000 -0.107536384819057E+002 -0.725902000415447E+003 -0.725902000415447E+003 -0.725956050205637E+003
 -0.192413419167972E+002  0.734842134217109E+002 -0.438898110342216E+000  0.525776056320560E+000 -0.107536384819057E+002 -0.725927835912494E+003 -0.725927835912494E+003 -0.725961091171693E+003
 -0.192443751271847E+002  0.733017740431869E+002 -0.419909252047443E+000  0.491110854022842E+000 -0.107536384819057E+002 -0.725926622477673E+003 -0.725926622477673E+003 -0.725959522414656E+003
 -0.192453065537312E+002  0.732786971037602E+002 -0.419607307541264E+000  0.487845462188483E+000 -0.107536384819057E+002 -0.725938594815767E+003 -0.725938594815767E+003 -0.725949871339054E+003
 -0.192370880581632E+002  0.735711499845866E+002 -0.427931770267161E+000  0.507714635986355E+000 -0.107536384819057E+002 -0.725916338227801E+003 -0.725916338227801E+003 -0.725950921304160E+003
 -0.192459195366305E+002  0.732848988666407E+002 -0.427911382217026E+000  0.501187874017771E+000 -0.107536384819057E+002 -0.725899313838746E+003 -0.725899313838746E+003 -0.725948537917591E+003
 -0.192497222143278E+002  0.731770716645491E+002 -0.431553132177974E+000  0.519772153410791E+000 -0.107536384819057E+002 -0.725940876733317E+003 -0.725940876733317E+003 -0.726095458693990E+003
 -0.192443163711727E+002  0.733895299906930E+002 -0.431450396898013E+000  0.504907690288466E+000 -0.107536384819057E+002 -0.725938171699628E+003 -0.725938171699628E+003 -0.725981995528557E+003
 -0.192416666887927E+002  0.734750873178280E+002 -0.434523433858924E+000  0.521098221855966E+000 -0.107536384819057E+002 -0.725929329508565E+003 -0.725929329508565E+003 -0.726437075177671E+003
 -0.192403293325999E+002  0.734051740184246E+002 -0.416765092972660E+000  0.480584319832759E+000 -0.107536384819057E+002 -0.725940134729306E+003 -0.725940134729306E+003 -0.726027691924130E+003
 -0.192469566714902E+002  0.732919387434212E+002 -0.436143094944213E+000  0.529000079297091E+000 -0.107536384819057E+002 -0.725939231416109E+003 -0.725939231416109E+003 -0.725955176056993E+003
 -0.192451303441423E+002  0.733534828888649E+002 -0.436123180566352E+000  0.509519221104114E+000 -0.107536384819057E+002 -0.725927646103975E+003 -0.725927646103976E+003 -0.725966617035875E+003
 -0.192502425007229E+002  0.731573277789268E+002 -0.433088947935041E+000  0.517009411235101E+000 -0.107536384819057E+002 -0.725925297877939E+003 -0.725925297877939E+003 -0.726012233819760E+003
 -0.192519361026086E+002  0.730957126550285E+002 -0.428618747342042E+000  0.499515799217787E+000 -0.107536384819057E+002 -0.725944513712742E+003 -0.725944513712742E+003 -0.725954121560690E+003
 -0.192417705493853E+002  0.734207325560261E+002 -0.431106376919264E+000  0.512978146771604E+000 -0.107536384819057E+002 -0.725898600383521E+003 -0.725898600383521E+003 -0.725964109648133E+003
 -0.192439757974724E+002  0.733809805352227E+002 -0.434020683685478E+000  0.506217798588999E+000 -0.107536384819057E+002 -0.725916423669872E+003 -0.725916423669872E+003 -0.725970788421720E+003
 -0.192393078641373E+002  0.735131682633456E+002 -0.426270229540883E+000  0.493588693621439E+000 -0.107536384819057E+002 -0.725918778365351E+003 -0.725918778365351E+003 -0.725972571419822E+003
 -0.192481554640283E+002  0.732441115650071E+002 -0.436025049358381E+000  0.525487111675707E+000 -0.107536384819057E+002 -0.725927256883264E+003 -0.725927256883265E+003 -0.726004983906090E+003
 -0.192403617592036E+002  0.734615046369293E+002 -0.432698331642517E+000  0.521443276602037E+000 -0.107536384819057E+002 -0.725919588058432E+003 -0.725919588058432E+003 -0.725966675833258E+003
 -0.192467437559182E+002  0.732980760744194E+002 -0.429503353222014E+000  0.495819939514569E+000 -0.107536384819057E+002 -0.725944075257188E+003 -0.725944075257188E+003 -0.725976505519523E+003
 -0.192421146228044E+002  0.733620669757908E+002 -0.427055428028124E+000  0.512738858938690E+000 -0.107536384819057E+002 -0.725926776498706E+003 -0.725926776498706E+003 -0.725951164943356E+003
 -0.192436682923693E+002  0.733954014088946E+002 -0.435722990798775E+000  0.518997547473360E+000 -0.107536384819057E+002 -0.725907868796526E+003 -0.725907868796526E+003 -0.725988228421279E+003
 -0.192363362901438E+002  0.736237652135235E+002 -0.433103590496151E+000  0.519302764886658E+000 -0.107536384819057E+002 -0.725931443029821E+003 -0.725931443029821E+003 -0.726004092628933E+003
 -0.192380577945341E+002  0.736032061427520E+002 -0.433419884050842E+000  0.508852185008220E+000 -0.107536384819057E+002 -0.725944822868043E+003 -0.725944822868043E+003 -0.725970751103100E+003
 -0.192420554636678E+002  0.734096409431910E+002 -0.433061055660810E+000  0.525347401247113E+000 -0.107536384819057E+002 -0.725918599269055E+003 -0.725918599269055E+003 -0.725956517473388E+003
 -0.192390852908028E+002  0.735426505141868E+002 -0.431864082722563E+000  0.510324015326225E+000 -0.107536384819057E+002 -0.725913691077323E+003 -0.725913691077323E+003 -0.725993591579042E+003
 -0.192484566669134E+002  0.732219412883349E+002 -0.427265777159503E+000  0.501562953526720E+000 -0.107536384819057E+002 -0.725943684915193E+003 -0.725943684915193E+003 -0.725958826138514E+003
 -0.192464255403651E+002  0.732311541333744E+002 -0.420717456001920E+000  0.478390119055238E+000 -0.107536384819057E+002 -0.725938094915133E+003 -0.725938094915133E+003 -0.726011474199783E+003
 -0.192383634773063E+002  0.735198431867579E+002 -0.430654896445326E+000  0.510354325224943E+000 -0.107536384819057E+002 -0.725926934872053E+003 -0.725926934872053E+003 -0.725988238519742E+003
 -0.192410828859505E+002  0.734019256260426E+002 -0.429127836930214E+000  0.519495762212843E+000 -0.107536384819057E+002 -0.725940567204722E+003 -0.725940567204722E+003 -0.725952358962907E+003
 -0.192388627084494E+002  0.735519700365471E+002 -0.434585237447502E+000  0.521391268178046E+000 -0.107536384819057E+002 -0.725920421406768E+003 -0.725920421406768E+003 -0.725950223320874E+003
 -0.192421305194033E+002  0.733554791222652E+002 -0.421936384449720E+000  0.502460107031041E+000 -0.107536384819057E+002 -0.725918957038576E+003 -0.725918957038576E+003 -0.725948076014355E+003
