#        weight    minuslogpost               M              h0              q0              j0   minuslogprior minuslogprior__0            chi2    chi2__lnlike
 8.9919948e-322       1479.6492       -18.53098       94.175082      -0.0223188     -0.21819709       10.753638        10.753638       2937.7911       2937.7911
 1.8774495e-321       1478.9122      -19.042509       82.053874       -1.143759       4.8348375       10.753638        10.753638       2936.3171       2936.3171
 3.5470998e-318       1471.3637      -19.202349       83.477222      -1.2875833       2.0711655       10.753638        10.753638         2921.22         2921.22
 4.2058257e-317       1468.8867      -18.763353       87.347091      -0.3216249      -1.5978259       10.753638        10.753638       2916.2662       2916.2662
 3.9148486e-314       1462.0467      -19.431377       67.995651     -0.90257316      -2.2921455       10.753638        10.753638       2902.5861       2902.5861
  1.286996e-313       1460.8526       -19.25897       80.607774      -0.7389108      -2.5595761       10.753638        10.753638       2900.1979       2900.1979
 2.0166555e-311       1455.7943      -18.895134       95.048204     -0.77510635      -4.5028312       10.753638        10.753638       2890.0813       2890.0813
 1.2253281e-309       1451.6834      -18.715592       93.128765     -0.58332691      -3.1729541       10.753638        10.753638       2881.8594       2881.8594
 3.0185943e-306         1443.87      -19.148956       85.285469     -0.92788344      -4.7166661       10.753638        10.753638       2866.2328       2866.2328
 1.3166752e-303        1437.788      -18.911338       94.699719     -0.95941394      -1.8060248       10.753638        10.753638       2854.0686       2854.0686
 2.5535821e-303       1437.1216      -18.976753       92.590791      -1.4489564       4.7905995       10.753638        10.753638       2852.7359       2852.7359
 1.3368386e-302       1435.4622      -19.030411       89.457314      -1.3406961       2.6483321       10.753638        10.753638       2849.4171       2849.4171
 1.9145261e-302        1435.099      -18.610704       96.597859     -0.54417488      -1.1459793       10.753638        10.753638       2848.6908       2848.6908
 9.1951853e-301       1431.2233      -18.828179       98.711658       -1.327607       4.7091209       10.753638        10.753638       2840.9392       2840.9392
 2.9139293e-298       1425.4607      -18.976603       89.335679     -0.42740074     -0.94702206       10.753638        10.753638       2829.4141       2829.4141
  3.204274e-294       1416.1514       -18.49627       97.274032      -0.2634835      0.55179327       10.753638        10.753638       2810.7955       2810.7955
 6.6046382e-293       1413.1215        -18.7412       94.844438     -0.88305706      -3.7136041       10.753638        10.753638       2804.7357       2804.7357
 3.3807233e-292       1411.4846      -18.828967       97.073114     -0.76835353      0.22029288       10.753638        10.753638       2801.4619       2801.4619
 1.8484675e-290       1407.4792      -19.260614        75.72642      -1.2319856       2.8876882       10.753638        10.753638       2793.4511       2793.4511
 1.1599065e-289       1405.6386      -19.438058       68.371296      -1.0486714       2.3911592       10.753638        10.753638         2789.77         2789.77
 2.1259118e-285       1395.8184      -19.165566       77.316771     -0.97296382      0.25470081       10.753638        10.753638       2770.1296       2770.1296
 3.9853886e-285        1395.186      -19.040335       84.616053      -1.1483536       1.4425718       10.753638        10.753638       2768.8647       2768.8647
 3.3002189e-282       1388.4629      -19.283844       79.267979      -1.0159127      0.69275579       10.753638        10.753638       2755.4185       2755.4185
 8.3342175e-281       1385.2299      -18.664045       95.447442     -0.76125681       0.4331016       10.753638        10.753638       2748.9526       2748.9526
 4.6084705e-280       1383.5158      -18.844379       91.081502      -1.1331064       4.1892284       10.753638        10.753638       2745.5244       2745.5244
 3.3273027e-279        1381.535      -18.855847       84.259771     -0.18292514       -4.499166       10.753638        10.753638       2741.5627       2741.5627
 5.0793944e-279        1381.108      -18.771202       86.237463    -0.020289218      -3.8725723       10.753638        10.753638       2740.7087       2740.7087
 1.2065857e-278       1380.2388      -18.722839       91.538755     -0.35114915       -4.577075       10.753638        10.753638       2738.9703       2738.9703
 7.6837521e-276       1373.7783      -18.758183       99.932703     -0.73834451      -4.5181204       10.753638        10.753638       2726.0494       2726.0494
 9.2676763e-276       1373.5869       -19.43369       68.051679     -0.80153897      -4.7161146       10.753638        10.753638       2725.6665       2725.6665
  3.335048e-275       1372.3024      -18.531231       96.142435     -0.28995668      0.44569222       10.753638        10.753638       2723.0975       2723.0975
 3.4821912e-275       1372.2552      -19.184267       77.343792      -1.0966138       2.3144902       10.753638        10.753638       2723.0031       2723.0031
 5.4078679e-275        1371.811      -18.689287       96.352056     -0.66933348      -4.7976419       10.753638        10.753638       2722.1148       2722.1148
 7.5810384e-274       1369.1666      -18.921938       91.020842     -0.31842094      -2.3445003       10.753638        10.753638        2716.826        2716.826
 9.4781535e-274       1368.9393      -18.574013       96.776433     -0.47056105      -0.1764898       10.753638        10.753638       2716.3713       2716.3713
 8.7011546e-272       1364.4157      -19.040781       77.206712     -0.36874391      -1.5609516       10.753638        10.753638       2707.3241       2707.3241
 2.7223382e-270       1360.9685      -18.835763        97.55436      -1.2654939       4.0476162       10.753638        10.753638       2700.4297       2700.4297
 1.1458203e-269       1359.5273      -19.458328       73.418206      -1.0517181      -1.9667215       10.753638        10.753638       2697.5473       2697.5473
 1.3923822e-267       1354.7232      -18.714864       96.943418     -0.92174743      -4.0339116       10.753638        10.753638       2687.9392       2687.9392
 1.5226385e-265       1350.0246      -19.184688       83.383419     -0.94859456      -1.4679398       10.753638        10.753638        2678.542        2678.542
   3.75294e-265       1349.1185      -19.135111       73.771047     -0.26567286      -2.7895757       10.753638        10.753638       2676.7298       2676.7298
 3.7618078e-263        1344.507      -18.940962       92.654837     -0.87983298      -2.3392836       10.753638        10.753638       2667.5068       2667.5068
 9.6017572e-263        1343.566      -18.771027       98.042966     -0.42497227      -4.8387348       10.753638        10.753638       2665.6247       2665.6247
 1.1171946e-262       1343.4105      -19.074025       86.664235     -0.64338583      -2.8533066       10.753638        10.753638       2665.3138       2665.3138
 7.2939828e-262       1341.5303      -19.417045       70.416724      -1.2422466       4.2854264       10.753638        10.753638       2661.5533       2661.5533
  1.641447e-260       1338.4126      -18.795481       95.995412      -1.1273063      -2.5372164       10.753638        10.753638        2655.318        2655.318
 7.6990548e-259       1334.5605      -19.119774       77.340952     -0.63649887       -2.651707       10.753638        10.753638       2647.6138       2647.6138
 1.2193651e-258       1334.0967      -18.884226       79.551962    -0.053806144      0.30557496       10.753638        10.753638       2646.6861       2646.6861
 6.1277093e-258       1332.4782      -19.091785       86.963717      -1.0547917       3.0524129       10.753638        10.753638       2643.4492       2643.4492
 8.9458212e-256       1327.4907      -19.274948       74.267757      -1.0911552      -4.0562417       10.753638        10.753638       2633.4741       2633.4741
 3.0990908e-255       1326.2442      -19.361509       76.765639     -0.95770668      -3.7150614       10.753638        10.753638       2630.9811       2630.9811
 8.0906959e-255       1325.2806      -19.317269       78.131877     -0.83065025      -4.4860913       10.753638        10.753638       2629.0539       2629.0539
 1.8807914e-254        1324.433      -18.846807       91.849149      -0.0438805      -2.1179706       10.753638        10.753638       2627.3588       2627.3588
 9.3109754e-254       1322.8296      -19.386811        75.90783      -1.0389155       3.4437284       10.753638        10.753638       2624.1518       2624.1518
 8.0278165e-253       1320.6713      -19.366394       74.865402     -0.59335851      0.29042182       10.753638        10.753638       2619.8352       2619.8352
 1.0082614e-247       1308.9264      -18.707254       93.128558     -0.43019325      -3.6556645       10.753638        10.753638       2596.3456       2596.3456
  2.084609e-247       1308.1961      -18.869287       91.302025     -0.12524407      -1.8048455       10.753638        10.753638       2594.8849       2594.8849
 1.8477839e-244       1301.4049      -18.883295       89.673604     -0.12735617     -0.24361002       10.753638        10.753638       2581.3026       2581.3026
 1.1209598e-243       1299.5982      -19.375578       76.177584      -1.0252359       1.3479573       10.753638        10.753638       2577.6891       2577.6891
 1.1651448e-242       1297.2529       -19.25798       69.114182     -0.37501723     -0.23314893       10.753638        10.753638       2572.9986       2572.9986
 5.4551606e-241       1293.4026      -18.915568       88.073029     -0.99757971       3.9270613       10.753638        10.753638        2565.298        2565.298
 5.1842294e-240        1291.147      -18.974916       90.603074     -0.74627607      -4.1307205       10.753638        10.753638       2560.7867       2560.7867
 2.5658288e-238       1287.2412      -19.253677       76.995959     -0.30924896    -0.068457379       10.753638        10.753638       2552.9751       2552.9751
 9.3713897e-238       1285.9418      -18.983259       85.767148      -1.0478468       -2.424111       10.753638        10.753638       2550.3763       2550.3763
 1.3410542e-237       1285.5794      -19.261572       79.481058      -1.4025452       4.3736236       10.753638        10.753638       2549.6516       2549.6516
 2.8196608e-236       1282.5297      -18.887592       89.344678     -0.96173898     -0.87362566       10.753638        10.753638       2543.5521       2543.5521
 2.4654367e-235       1280.3574      -19.117741       79.873625     -0.99489459      -1.0658021       10.753638        10.753638       2539.2075       2539.2075
 2.6131909e-235       1280.2952      -19.360814       71.103244     -0.92339698     -0.84121783       10.753638        10.753638       2539.0831       2539.0831
 1.7874956e-232       1273.7632       -18.82194       96.853932       -1.211344       4.3650634       10.753638        10.753638       2526.0191       2526.0191
 1.2713209e-230       1269.4948      -19.225727       79.651196      -1.3834926       4.5963671       10.753638        10.753638       2517.4823       2517.4823
 1.3843739e-230       1269.4056      -19.387679       70.642979       -1.047484         2.97923       10.753638        10.753638       2517.3039       2517.3039
 4.5053119e-229        1265.919      -19.188369       82.170847     -0.69741805      -4.8916638       10.753638        10.753638       2510.3307       2510.3307
 7.8368917e-229       1265.3614      -18.949769         85.3866     -0.77689707      -1.7016659       10.753638        10.753638       2509.2156       2509.2156
 1.5995772e-227       1262.3414       -19.09078       80.080363    -0.014463734      0.33603583       10.753638        10.753638       2503.1755       2503.1755
 1.6136699e-227       1262.3286      -18.720824       99.875869     -0.59637149      -2.5034065       10.753638        10.753638       2503.1499       2503.1499
 8.1554842e-227       1260.7044      -19.446164         73.0069      -1.3779719        4.578497       10.753638        10.753638       2499.9016       2499.9016
  1.211988e-226       1260.3043      -18.715362       88.306055     -0.11938133      -1.0302663       10.753638        10.753638       2499.1013       2499.1013
 4.4812363e-226       1258.9927      -19.056945       84.768464      -1.2634388       3.6692491       10.753638        10.753638        2496.478        2496.478
 6.5986508e-226       1258.6017      -18.714231       99.138576      -1.0079155       3.0437496       10.753638        10.753638       2495.6961       2495.6961
 1.3690024e-224       1255.5653      -18.758935        98.26396     -0.57377015      -3.4403678       10.753638        10.753638       2489.6234       2489.6234
 1.7591089e-223        1253.008      -18.942103       87.292775       -1.012958       2.5803274       10.753638        10.753638       2484.5088       2484.5088
  2.626803e-223       1252.6031      -19.155058       82.250517      -1.1634619        1.553084       10.753638        10.753638       2483.6989       2483.6989
 6.7492798e-223       1251.6554      -19.240646       79.260712      -1.0902921      -2.7956837       10.753638        10.753638       2481.8035       2481.8035
  1.536489e-221       1248.5262      -18.708917        97.67343     -0.75735107      -4.1220403       10.753638        10.753638       2475.5451       2475.5451
 2.9439067e-221        1247.872      -18.873047       81.561672    -0.069955282      -1.2290062       10.753638        10.753638       2474.2366       2474.2366
 4.1283388e-221       1247.5298      -19.457396       72.901198      -1.0173793       3.6131944       10.753638        10.753638       2473.5524       2473.5524
 3.9136294e-220       1245.2767      -19.485292       67.708881      -0.9952817      -4.5164981       10.753638        10.753638        2469.046        2469.046
 3.1272545e-219       1243.1944      -19.472555       69.224615      -1.1860739       3.1878505       10.753638        10.753638       2464.8815       2464.8815
 2.9755997e-218       1240.9375       -18.56248       98.890354     -0.25461725      -3.3371243       10.753638        10.753638       2460.3678       2460.3678
 3.3907597e-218       1240.8029      -18.707527       99.515933     -0.48292431     -0.76031611       10.753638        10.753638       2460.0986       2460.0986
 7.1730986e-218       1240.0496      -19.439329       72.514415      -1.3717322       4.8351666       10.753638        10.753638        2458.592        2458.592
 1.0843741e-217       1239.6324      -19.021021       85.674203      -1.2260435       4.0372661       10.753638        10.753638       2457.7575       2457.7575
 5.2561058e-217         1238.05       -18.66019       89.310085    -0.070080039      0.68805748       10.753638        10.753638       2454.5928       2454.5928
 5.2826255e-217        1238.041      -18.754307       98.357882     -0.91136834       -4.992997       10.753638        10.753638       2454.5747       2454.5747
 7.8709113e-217       1237.6383      -18.986181       90.161934      -1.0037655      -4.7468553       10.753638        10.753638       2453.7692       2453.7692
  2.922178e-216       1236.3225      -19.459462        70.36512      -1.2641978        3.922993       10.753638        10.753638       2451.1378       2451.1378
 7.3762644e-215         1233.09      -19.470576       67.610368     -0.83136254      -2.1800187       10.753638        10.753638       2444.6727       2444.6727
 2.2693666e-214       1231.9622      -18.940963       88.187153   -0.0091665616      -4.1598136       10.753638        10.753638       2442.4171       2442.4171
 5.9981659e-214       1230.9863      -19.064032        84.85445     -0.37661338      -1.4369028       10.753638        10.753638       2440.4652       2440.4652
 4.7633887e-213       1228.9102       -19.25733       77.798212     -0.26855629      -4.3435931       10.753638        10.753638       2436.3131       2436.3131
 6.4936241e-213       1228.5963       -18.81089       95.753081     -0.56218363       -1.214762       10.753638        10.753638       2435.6854       2435.6854
 8.7198295e-212        1225.995      -19.034678       86.481123     -0.52000753     -0.41647026       10.753638        10.753638       2430.4826       2430.4826
 5.7621974e-211       1224.1027      -19.419047       72.925941      -1.1539214       1.5820287       10.753638        10.753638        2426.698        2426.698
 7.2830425e-211       1223.8644      -18.768749       93.545714     -0.87936791      0.66553121       10.753638        10.753638       2426.2216       2426.2216
 2.1185801e-210       1222.7927      -19.364338       76.070166      -1.1920346       2.5640766       10.753638        10.753638       2424.0781       2424.0781
 5.8795858e-209       1219.4653      -18.737656       89.515278    -0.095547832      -4.4206654       10.753638        10.753638       2417.4234       2417.4234
 6.1583798e-209        1219.415      -18.906737       92.993435      -1.0585547       4.2581593       10.753638        10.753638       2417.3228       2417.3228
 1.1605973e-207       1216.4747       -19.30837       71.498934     -0.77123106     -0.13321378       10.753638        10.753638       2411.4422       2411.4422
  4.418898e-207       1215.1338      -19.077588       86.682161      -1.2331692       4.3455134       10.753638        10.753638       2408.7603       2408.7603
 4.7427708e-207       1215.0591      -19.000224        87.59891       -0.486337     -0.58083537       10.753638        10.753638       2408.6109       2408.6109
 5.3890933e-207       1214.9273      -18.753265       97.283367     -0.85180576      -3.3198048       10.753638        10.753638       2408.3474       2408.3474
 9.5763543e-206       1214.4358      -19.398981       71.182692      -1.1110743       2.4719317       10.753638        10.753638       2407.3643       2407.3643
 1.2571491e-204       1211.7741      -19.135537        79.73087     -0.99042215       4.2039152       10.753638        10.753638       2402.0408       2402.0408
 1.2722337e-204       1211.7621      -18.957167       88.578626      -1.1440021       2.4989304       10.753638        10.753638        2402.017        2402.017
 1.4143796e-204       1211.6562      -19.284775       78.563095       -1.218943       2.5954677       10.753638        10.753638       2401.8052       2401.8052
 6.2014539e-201       1203.2704      -19.274332       77.872822      -1.2729671       3.3646425       10.753638        10.753638       2385.0335       2385.0335
 6.1914825e-200       1200.9694      -19.454375       71.174944      -1.2625392       3.7564382       10.753638        10.753638       2380.4315       2380.4315
 3.4703834e-191        1180.825      -18.878658       91.510518      -1.0587437       4.7040501       10.753638        10.753638       2340.1428       2340.1428
  7.617132e-191       1180.0389      -19.069725       83.958193      -1.1435551        2.576919       10.753638        10.753638       2338.5705       2338.5705
 4.0938221e-190       1178.3572      -18.958786       90.494936      -1.0779263       3.5561488       10.753638        10.753638       2335.2072       2335.2072
 1.3176208e-188       1174.8857      -19.349619       72.783808      -1.0985694       3.7389136       10.753638        10.753638       2328.2642       2328.2642
  2.004413e-184       1165.1913      -19.072858       82.675876      -1.0115345       4.8603623       10.753638        10.753638       2308.8754       2308.8754
 1.0709093e-183       1163.5156      -19.309266       75.008237      -1.1694802       3.3593367       10.753638        10.753638       2305.5239       2305.5239
 1.5582532e-183       1163.1405       -18.88111        92.20242     -0.99192003       4.4690031       10.753638        10.753638       2304.7738       2304.7738
 1.7865971e-183       1163.0038      -19.199146       81.405999      -1.2169362       3.8134164       10.753638        10.753638       2304.5003       2304.5003
  2.112858e-183        1162.836      -19.174459       81.285394      -1.1877036       2.6321337       10.753638        10.753638       2304.1648       2304.1648
 2.8236199e-181       1157.9409       -19.42714       71.218391      -1.1228522       2.2240208       10.753638        10.753638       2294.3745       2294.3745
 3.4063755e-181       1157.7533      -19.431377       73.144346      -1.1095989       3.5874847       10.753638        10.753638       2293.9992       2293.9992
 2.6343438e-178       1151.1025      -19.493663       69.313232      -1.1909067       4.5469603       10.753638        10.753638       2280.6978       2280.6978
 3.9414447e-178       1150.6996      -18.912204       90.724734      -1.0361025       4.6116814       10.753638        10.753638       2279.8919       2279.8919
 9.9688239e-175       1142.8639      -19.029283       87.359266      -1.0860814       3.2998758       10.753638        10.753638       2264.2206       2264.2206
 4.4581156e-166       1122.7913      -19.343092       75.829205      -1.0474085       3.6011447       10.753638        10.753638       2224.0752       2224.0752
 1.6401905e-165       1121.4886      -19.387899        73.80358      -1.1225165       2.3814957       10.753638        10.753638       2221.4699       2221.4699
 2.7554777e-160       1109.4569      -19.495122       69.091087      -1.0621231       3.4095045       10.753638        10.753638       2197.4065       2197.4065
 2.8881363e-152       1090.9892      -19.273828       77.738848      -1.0504251       2.4022496       10.753638        10.753638       2160.4711       2160.4711
 5.6789246e-151       1088.0104      -19.377197       72.830705       -1.053153       4.6568052       10.753638        10.753638       2154.5136       2154.5136
 2.3086825e-146       1077.3976      -19.249226       77.620009      -1.0719355       4.7517219       10.753638        10.753638       2133.2879       2133.2879
