 -0.192487255071738E+002  0.675224498133313E+002 -0.583366464162336E+000  0.196621796217630E+001  0.753592444726794E+001 -0.167451030290137E+002 -0.661652444730109E+000 -0.661652444730109E+000
 -0.192601345746433E+002  0.671233901634732E+002 -0.550758727579674E+000  0.129652157828621E+001  0.153268591980323E+001 -0.167451030290137E+002 -0.579836780810886E+000 -0.579836780810886E+000
 -0.192656698753629E+002  0.670194662870558E+002 -0.582731036238699E+000  0.167568840387246E+001  0.394265694784508E+001 -0.167451030290137E+002 -0.696958781775020E+000 -0.696958781775020E+000
 -0.192393478825524E+002  0.676360817053199E+002 -0.495561365848190E+000  0.884498609884458E+000 -0.114090008821975E+000 -0.167451030290137E+002 -0.722130162729606E+000 -0.722130162729606E+000
 -0.192551913556780E+002  0.671976481180534E+002 -0.546266987565438E+000  0.149423401833341E+001  0.302816909357870E+001 -0.167451030290137E+002 -0.683339591101144E+000 -0.683339591101145E+000
 -0.192442587713233E+002  0.676710243177367E+002 -0.612640528262156E+000  0.243083381461203E+001  0.119884275213114E+002 -0.167451030290137E+002 -0.706672215223273E+000 -0.706672215223271E+000
 -0.192458754637264E+002  0.676264891440697E+002 -0.553420659771753E+000  0.126671331319297E+001  0.137297318472041E+001 -0.167451030290137E+002 -0.583701616418845E+000 -0.583701616418846E+000
 -0.192592037552636E+002  0.671036376387652E+002 -0.541795145104880E+000  0.133633645917251E+001  0.182227646592004E+001 -0.167451030290137E+002 -0.634683571389069E+000 -0.634683571389068E+000
 -0.192353494644360E+002  0.679197132354917E+002 -0.569264974209223E+000  0.159874824640077E+001  0.372759218986391E+001 -0.167451030290137E+002 -0.665236875571632E+000 -0.665236875571633E+000
 -0.192590048014617E+002  0.671299709663052E+002 -0.526287820459284E+000  0.953080325139766E+000 -0.805585299778926E-001 -0.167451030290137E+002 -0.710908493531118E+000 -0.710908493531118E+000
 -0.192517394700733E+002  0.673921513439384E+002 -0.583214447309268E+000  0.177892702525518E+001  0.518458251478262E+001 -0.167451030290137E+002 -0.652944943808834E+000 -0.652944943808834E+000
 -0.192587266787684E+002  0.671415156861579E+002 -0.555104996715045E+000  0.154310426593266E+001  0.349209434024232E+001 -0.167451030290137E+002 -0.622683476561207E+000 -0.622683476561207E+000
 -0.192456639625293E+002  0.676042218055143E+002 -0.551281822970748E+000  0.116177485576145E+001  0.775878884376112E+000 -0.167451030290137E+002 -0.708195199807334E+000 -0.708195199807335E+000
 -0.192494115632747E+002  0.673664242218381E+002 -0.552718418306382E+000  0.162871525284659E+001  0.416747544492613E+001 -0.167451030290137E+002 -0.711341668859725E+000 -0.711341668859724E+000
 -0.192525748500531E+002  0.673367054306735E+002 -0.567966082799740E+000  0.184498506554752E+001  0.669641618951158E+001 -0.167451030290137E+002 -0.694516141690220E+000 -0.694516141690219E+000
 -0.192502860061256E+002  0.674980416550580E+002 -0.626441128413824E+000  0.273026571689025E+001  0.164743627539367E+002 -0.167451030290137E+002 -0.714630846140716E+000 -0.714630846140714E+000
 -0.192490266924450E+002  0.674623058589826E+002 -0.581452401588185E+000  0.186811836509750E+001  0.599558134583702E+001 -0.167451030290137E+002 -0.604944677136083E+000 -0.604944677136082E+000
 -0.192388737380352E+002  0.678090876112213E+002 -0.549339958701494E+000  0.135272694054655E+001  0.217425988280569E+001 -0.167451030290137E+002 -0.655916359627390E+000 -0.655916359627390E+000
 -0.192473639419990E+002  0.674402113431251E+002 -0.535307767364414E+000  0.119386993272187E+001  0.105923280068872E+001 -0.167451030290137E+002 -0.564633281872391E+000 -0.564633281872393E+000
 -0.192515858128023E+002  0.673349416832923E+002 -0.529245746390989E+000  0.100474774342676E+001  0.187759165397168E+000 -0.167451030290137E+002 -0.663061337555647E+000 -0.663061337555646E+000
 -0.192498323843226E+002  0.675877210757783E+002 -0.600283258595299E+000  0.182229929044363E+001  0.524651856450014E+001 -0.167451030290137E+002 -0.690640403620251E+000 -0.690640403620250E+000
 -0.192500341788607E+002  0.674619319352224E+002 -0.598580650570007E+000  0.204437689848421E+001  0.730215544051727E+001 -0.167451030290137E+002 -0.651990344707073E+000 -0.651990344707073E+000
 -0.192355311560276E+002  0.678317052358486E+002 -0.537379179235497E+000  0.115966252181646E+001  0.846515045851788E+000 -0.167451030290137E+002 -0.689069566304353E+000 -0.689069566304354E+000
 -0.192483808007948E+002  0.675723603758280E+002 -0.608489888914916E+000  0.222372685955363E+001  0.891184491108041E+001 -0.167451030290137E+002 -0.721701287655838E+000 -0.721701287655836E+000
 -0.192589474790396E+002  0.672262723672310E+002 -0.580294880172882E+000  0.159914848504783E+001  0.343249066956628E+001 -0.167451030290137E+002 -0.636571006468337E+000 -0.636571006468337E+000
 -0.192576781803458E+002  0.671873734434452E+002 -0.587847703245866E+000  0.199596005250798E+001  0.732555503604266E+001 -0.167451030290137E+002 -0.685236112509807E+000 -0.685236112509806E+000
 -0.192472956810761E+002  0.675032288509038E+002 -0.573163476786321E+000  0.168783690288753E+001  0.469555152953589E+001 -0.167451030290137E+002 -0.689135735678339E+000 -0.689135735678338E+000
 -0.192449936632177E+002  0.675415336118124E+002 -0.565358000340506E+000  0.165929911627622E+001  0.416953067120470E+001 -0.167451030290137E+002 -0.634971899364930E+000 -0.634971899364931E+000
 -0.192400904309621E+002  0.676742527579108E+002 -0.533113191247462E+000  0.133187593451012E+001  0.241016707630573E+001 -0.167451030290137E+002 -0.709200080879040E+000 -0.709200080879040E+000
 -0.192448524139300E+002  0.676498108823749E+002 -0.555079888520202E+000  0.128311739335582E+001  0.139339094425095E+001 -0.167451030290137E+002 -0.571577742960041E+000 -0.571577742960041E+000
 -0.192548327857348E+002  0.672827527656867E+002 -0.520267801621161E+000  0.931451890486255E+000 -0.819740297535674E-001 -0.167451030290137E+002 -0.631348208843318E+000 -0.631348208843317E+000
 -0.192397558168664E+002  0.678360970587388E+002 -0.611490511716355E+000  0.225464545557071E+001  0.985535116943315E+001 -0.167451030290137E+002 -0.689391255665244E+000 -0.689391255665242E+000
 -0.192579772754539E+002  0.671834070491877E+002 -0.530541706806758E+000  0.110682124536724E+001  0.907641505872277E+000 -0.167451030290137E+002 -0.698967501403165E+000 -0.698967501403164E+000
 -0.192587094522833E+002  0.672299275604586E+002 -0.608899845312041E+000  0.222710161804921E+001  0.966413771185634E+001 -0.167451030290137E+002 -0.683986086418021E+000 -0.683986086418020E+000
 -0.192498800875359E+002  0.674983901602163E+002 -0.603903601082743E+000  0.208400212475300E+001  0.759590306759681E+001 -0.167451030290137E+002 -0.629179042155836E+000 -0.629179042155837E+000
 -0.192571497615399E+002  0.671273465329180E+002 -0.513866935128268E+000  0.962424267580197E+000  0.287564590316151E+000 -0.167451030290137E+002 -0.685316028924784E+000 -0.685316028924785E+000
 -0.192472962400665E+002  0.676711517691092E+002 -0.593967451379387E+000  0.172656924242629E+001  0.439198418447948E+001 -0.167451030290137E+002 -0.679913921245679E+000 -0.679913921245678E+000
 -0.192427995110409E+002  0.675770024928449E+002 -0.510477182288724E+000  0.891702386435458E+000 -0.304439810419552E-001 -0.167451030290137E+002 -0.658281246655949E+000 -0.658281246655950E+000
 -0.192554373637532E+002  0.673205844115830E+002 -0.543433850824850E+000  0.126309933395521E+001  0.148849056691014E+001 -0.167451030290137E+002 -0.696468572975575E+000 -0.696468572975576E+000
 -0.192459465930309E+002  0.675820633115209E+002 -0.577592667805237E+000  0.176114166426157E+001  0.470278543116518E+001 -0.167451030290137E+002 -0.622757673043844E+000 -0.622757673043843E+000
 -0.192559756383016E+002  0.671894809658971E+002 -0.520307698725514E+000  0.908551830035400E+000 -0.156735745178509E+000 -0.167451030290137E+002 -0.710947122056254E+000 -0.710947122056254E+000
 -0.192370938497250E+002  0.678916674613547E+002 -0.573180526399486E+000  0.154279013196596E+001  0.308173331598198E+001 -0.167451030290137E+002 -0.659334622005724E+000 -0.659334622005723E+000
 -0.192449348411943E+002  0.676644538560848E+002 -0.592612165879976E+000  0.205319270427237E+001  0.790818478646611E+001 -0.167451030290137E+002 -0.668871679024956E+000 -0.668871679024956E+000
 -0.192397192784405E+002  0.677930368737008E+002 -0.531594477185691E+000  0.100983555166657E+001  0.231489630919214E+000 -0.167451030290137E+002 -0.695218254473150E+000 -0.695218254473151E+000
 -0.192500091355221E+002  0.675101104291554E+002 -0.561515663265179E+000  0.142297407655146E+001  0.213571256728240E+001 -0.167451030290137E+002 -0.632093013213093E+000 -0.632093013213094E+000
 -0.192597059823640E+002  0.671072090292006E+002 -0.506532973828439E+000  0.818390941052558E+000 -0.294680716003725E+000 -0.167451030290137E+002 -0.712439380382059E+000 -0.712439380382058E+000
 -0.192513385765923E+002  0.673390057474500E+002 -0.573848514271946E+000  0.183399681924624E+001  0.621888490349301E+001 -0.167451030290137E+002 -0.722723351862369E+000 -0.722723351862367E+000
 -0.192441536745626E+002  0.676958536621043E+002 -0.588186844398750E+000  0.186255333414600E+001  0.580417598320120E+001 -0.167451030290137E+002 -0.600876860352835E+000 -0.600876860352834E+000
 -0.192509911091069E+002  0.675259583096746E+002 -0.616831102610944E+000  0.237121321480901E+001  0.114386422149986E+002 -0.167451030290137E+002 -0.667766520065628E+000 -0.667766520065626E+000
 -0.192341660751133E+002  0.678134904011334E+002 -0.507060904870424E+000  0.924788932339736E+000  0.367169992806708E-001 -0.167451030290137E+002 -0.698077096512637E+000 -0.698077096512637E+000
 -0.192508534847582E+002  0.674203255354707E+002 -0.546528492676982E+000  0.141219680416338E+001  0.289670490920113E+001 -0.167451030290137E+002 -0.699813407256846E+000 -0.699813407256848E+000
 -0.192431636527726E+002  0.677749799224763E+002 -0.579511612006166E+000  0.155607956042425E+001  0.297201173298340E+001 -0.167451030290137E+002 -0.658094365043919E+000 -0.658094365043919E+000
 -0.192430314790275E+002  0.676691978197211E+002 -0.581004689841315E+000  0.180517745998417E+001  0.546210295572882E+001 -0.167451030290137E+002 -0.606099712931688E+000 -0.606099712931687E+000
 -0.192485275755998E+002  0.674221424286124E+002 -0.543499218506984E+000  0.120085697400926E+001  0.101211128212108E+001 -0.167451030290137E+002 -0.670116021236118E+000 -0.670116021236119E+000
 -0.192487636046518E+002  0.673773925024033E+002 -0.541270207443356E+000  0.142587605732393E+001  0.288849084368532E+001 -0.167451030290137E+002 -0.633030728982574E+000 -0.633030728982575E+000
 -0.192463292972137E+002  0.673605789460159E+002 -0.505961660608549E+000  0.102819042803355E+001  0.443832963070690E+000 -0.167451030290137E+002 -0.699957926250143E+000 -0.699957926250143E+000
 -0.192601747392406E+002  0.670838059914815E+002 -0.565071822809952E+000  0.165399557522794E+001  0.401943928721727E+001 -0.167451030290137E+002 -0.687746408169672E+000 -0.687746408169673E+000
 -0.192533963875043E+002  0.674572468246315E+002 -0.642527933780672E+000  0.273494210603955E+001  0.150182626395495E+002 -0.167451030290137E+002 -0.714717622140928E+000 -0.714717622140927E+000
 -0.192596591716447E+002  0.670595142151614E+002 -0.542198928509949E+000  0.126381089723573E+001  0.133248974932076E+001 -0.167451030290137E+002 -0.667436965432887E+000 -0.667436965432888E+000
 -0.192351295543808E+002  0.678731707451492E+002 -0.553739623278101E+000  0.137885872458263E+001  0.216244413829652E+001 -0.167451030290137E+002 -0.691456097888002E+000 -0.691456097888000E+000
 -0.192501362661792E+002  0.673360010633975E+002 -0.524464475122993E+000  0.121250064795166E+001  0.115861713134697E+001 -0.167451030290137E+002 -0.716028849408031E+000 -0.716028849408030E+000
 -0.192430070741799E+002  0.675204371371962E+002 -0.519266404568041E+000  0.107521155582111E+001  0.625780972852553E+000 -0.167451030290137E+002 -0.635169274986640E+000 -0.635169274986641E+000
 -0.192598902715841E+002  0.672858664738489E+002 -0.624013053422511E+000  0.229271267138994E+001  0.985116178208510E+001 -0.167451030290137E+002 -0.717652748986947E+000 -0.717652748986946E+000
 -0.192508409424184E+002  0.674390585853115E+002 -0.585400093427055E+000  0.185384838326471E+001  0.532694950535648E+001 -0.167451030290137E+002 -0.661176876683296E+000 -0.661176876683296E+000
 -0.192567343209529E+002  0.672067569120842E+002 -0.551804413023158E+000  0.149727251362575E+001  0.305201042381013E+001 -0.167451030290137E+002 -0.627203293360198E+000 -0.627203293360196E+000
 -0.192582034105350E+002  0.671321298040349E+002 -0.555588059549277E+000  0.141703016676582E+001  0.240685086805443E+001 -0.167451030290137E+002 -0.669443146882913E+000 -0.669443146882912E+000
 -0.192456652081959E+002  0.673820769110321E+002 -0.509632395622235E+000  0.106753005771068E+001  0.610539371664288E+000 -0.167451030290137E+002 -0.715776931570312E+000 -0.715776931570311E+000
 -0.192449362224395E+002  0.677025680129261E+002 -0.583328110662687E+000  0.166564593571463E+001  0.396771086435371E+001 -0.167451030290137E+002 -0.608555829982264E+000 -0.608555829982265E+000
 -0.192362901212481E+002  0.678186216545319E+002 -0.544528386069452E+000  0.138661627663704E+001  0.244226328809793E+001 -0.167451030290137E+002 -0.655168035157888E+000 -0.655168035157889E+000
 -0.192410000114567E+002  0.676249448859230E+002 -0.554052163698192E+000  0.153797052857085E+001  0.327669953162814E+001 -0.167451030290137E+002 -0.708442932363489E+000 -0.708442932363489E+000
 -0.192336369333921E+002  0.679587530202876E+002 -0.567931854673453E+000  0.166049970318302E+001  0.415809386547501E+001 -0.167451030290137E+002 -0.723381106535323E+000 -0.723381106535321E+000
 -0.192396655557015E+002  0.677736458409422E+002 -0.539515610915780E+000  0.113749237430788E+001  0.904284156655379E+000 -0.167451030290137E+002 -0.687295127877618E+000 -0.687295127877618E+000
 -0.192621890145596E+002  0.671019630232379E+002 -0.579243528786326E+000  0.167614357777555E+001  0.382762304604476E+001 -0.167451030290137E+002 -0.674559918872105E+000 -0.674559918872106E+000
 -0.192450466415939E+002  0.676602117225764E+002 -0.552743004331822E+000  0.125300290697909E+001  0.130621213395908E+001 -0.167451030290137E+002 -0.606878563692156E+000 -0.606878563692156E+000
 -0.192547889552223E+002  0.673460957257653E+002 -0.585125824737482E+000  0.198063831984170E+001  0.785470312976231E+001 -0.167451030290137E+002 -0.708393596293538E+000 -0.708393596293536E+000
 -0.192561401690076E+002  0.673137687636273E+002 -0.580061596055674E+000  0.164724050600809E+001  0.413751674201733E+001 -0.167451030290137E+002 -0.660991377647632E+000 -0.660991377647633E+000
 -0.192497800151473E+002  0.674834430451568E+002 -0.584816409802418E+000  0.204511265722733E+001  0.846589111121712E+001 -0.167451030290137E+002 -0.698262781057724E+000 -0.698262781057725E+000
 -0.192508146269382E+002  0.675274442135546E+002 -0.574315248058059E+000  0.150636225976611E+001  0.259331120613457E+001 -0.167451030290137E+002 -0.639086220268938E+000 -0.639086220268936E+000
 -0.192481628172968E+002  0.675454834895566E+002 -0.597388065086388E+000  0.198295632016462E+001  0.710724801480112E+001 -0.167451030290137E+002 -0.650972428415047E+000 -0.650972428415049E+000
 -0.192529184804008E+002  0.672975179657736E+002 -0.530488465322576E+000  0.103605130172100E+001  0.170717332617556E+000 -0.167451030290137E+002 -0.650740709684446E+000 -0.650740709684445E+000
 -0.192550508707514E+002  0.672895618414577E+002 -0.532235424132535E+000  0.108763850088464E+001  0.514232657315517E+000 -0.167451030290137E+002 -0.574268684385786E+000 -0.574268684385785E+000
 -0.192565319176439E+002  0.671676821500647E+002 -0.521493041431943E+000  0.932187270493019E+000 -0.123041949742401E+000 -0.167451030290137E+002 -0.711371598548694E+000 -0.711371598548695E+000
 -0.192380078515294E+002  0.678468155529107E+002 -0.535083881420266E+000  0.104343240157825E+001  0.350382197040929E+000 -0.167451030290137E+002 -0.702105644400035E+000 -0.702105644400035E+000
 -0.192562634764604E+002  0.672039995900757E+002 -0.555698595089184E+000  0.150957128976797E+001  0.330684434541824E+001 -0.167451030290137E+002 -0.598485836506605E+000 -0.598485836506605E+000
 -0.192501720847559E+002  0.675809288166396E+002 -0.629555714284892E+000  0.239104093888170E+001  0.108698004092503E+002 -0.167451030290137E+002 -0.673756064974404E+000 -0.673756064974405E+000
 -0.192619480727500E+002  0.671949137371141E+002 -0.592032931378247E+000  0.179386644630234E+001  0.477793880939903E+001 -0.167451030290137E+002 -0.721200275837064E+000 -0.721200275837063E+000
 -0.192421814475276E+002  0.675489728892865E+002 -0.500471327008196E+000  0.940209280654706E+000  0.251711538976366E+000 -0.167451030290137E+002 -0.681525502976437E+000 -0.681525502976438E+000
 -0.192547825380713E+002  0.674077333004806E+002 -0.631366366639039E+000  0.266616655775047E+001  0.153117323896428E+002 -0.167451030290137E+002 -0.714335339597005E+000 -0.714335339597003E+000
 -0.192452483362253E+002  0.675560603440887E+002 -0.560324216030874E+000  0.166449759223057E+001  0.466995843641109E+001 -0.167451030290137E+002 -0.621054310861602E+000 -0.621054310861602E+000
 -0.192590856776612E+002  0.670412559007752E+002 -0.536497301339916E+000  0.140287939345362E+001  0.260312342927347E+001 -0.167451030290137E+002 -0.714474128813716E+000 -0.714474128813716E+000
 -0.192440328283819E+002  0.676599845372596E+002 -0.595976173564868E+000  0.214625880345204E+001  0.950416368713954E+001 -0.167451030290137E+002 -0.688646300478518E+000 -0.688646300478517E+000
 -0.192506926521863E+002  0.674001729900903E+002 -0.526766843447734E+000  0.110899103432240E+001  0.738931401479960E+000 -0.167451030290137E+002 -0.586547592413774E+000 -0.586547592413773E+000
 -0.192546894559380E+002  0.674038457315693E+002 -0.559496446591697E+000  0.130241287323694E+001  0.134695824095257E+001 -0.167451030290137E+002 -0.718503606029549E+000 -0.718503606029550E+000
 -0.192583132011618E+002  0.672962409865050E+002 -0.622235737636083E+000  0.229041024689108E+001  0.928303484249491E+001 -0.167451030290137E+002 -0.721493890069805E+000 -0.721493890069805E+000
 -0.192398987496960E+002  0.677518047524856E+002 -0.576115602716965E+000  0.188687159302377E+001  0.700218767773437E+001 -0.167451030290137E+002 -0.720848869692902E+000 -0.720848869692901E+000
 -0.192513209341487E+002  0.672621071474279E+002 -0.524769308487971E+000  0.109621450660258E+001  0.723297389691297E+000 -0.167451030290137E+002 -0.717175852695404E+000 -0.717175852695405E+000
 -0.192565324544057E+002  0.672332861891043E+002 -0.593513599257235E+000  0.198584350312086E+001  0.676792209636288E+001 -0.167451030290137E+002 -0.715266166189983E+000 -0.715266166189984E+000
 -0.192559756192882E+002  0.672787752543403E+002 -0.572984890145601E+000  0.152290908843703E+001  0.283459858457546E+001 -0.167451030290137E+002 -0.623108799544223E+000 -0.623108799544223E+000
 -0.192580847491683E+002  0.672159762807429E+002 -0.599837575572210E+000  0.227131749792469E+001  0.105812017788308E+002 -0.167451030290137E+002 -0.711411625471255E+000 -0.711411625471253E+000
 -0.192559677647656E+002  0.673226640090608E+002 -0.581554353687660E+000  0.157512172951272E+001  0.275300656735966E+001 -0.167451030290137E+002 -0.712818288083212E+000 -0.712818288083213E+000
 -0.192519443400540E+002  0.674377381456942E+002 -0.561986457587406E+000  0.153720046164566E+001  0.332095681043218E+001 -0.167451030290137E+002 -0.652435013273415E+000 -0.652435013273415E+000
 -0.192447241708572E+002  0.676937017097934E+002 -0.609666693177643E+000  0.212447616857362E+001  0.817692995830532E+001 -0.167451030290137E+002 -0.642816824855776E+000 -0.642816824855775E+000
 -0.192479560428304E+002  0.673126723449299E+002 -0.494022391381976E+000  0.868644576275777E+000 -0.883208904632369E-001 -0.167451030290137E+002 -0.656300988049833E+000 -0.656300988049832E+000
 -0.192508186339105E+002  0.673360189584019E+002 -0.523833709351696E+000  0.104212276620509E+001  0.193006253473982E+000 -0.167451030290137E+002 -0.660465154596044E+000 -0.660465154596043E+000
 -0.192507555094354E+002  0.675274864683882E+002 -0.609619249180998E+000  0.226120426721531E+001  0.105262152364144E+002 -0.167451030290137E+002 -0.699221013958637E+000 -0.699221013958638E+000
 -0.192625368095320E+002  0.670879974183087E+002 -0.598759352910228E+000  0.205974551401643E+001  0.784641039190363E+001 -0.167451030290137E+002 -0.717458528648907E+000 -0.717458528648908E+000
 -0.192551653904973E+002  0.671858846603276E+002 -0.544951264617723E+000  0.142546671717024E+001  0.295202016796523E+001 -0.167451030290137E+002 -0.707509516612454E+000 -0.707509516612454E+000
 -0.192510451165448E+002  0.674029235990874E+002 -0.555159651655451E+000  0.154217404920443E+001  0.404393531856302E+001 -0.167451030290137E+002 -0.722400654138379E+000 -0.722400654138379E+000
 -0.192534984238206E+002  0.673166642149814E+002 -0.522345653046001E+000  0.109166188546779E+001  0.747727804019576E+000 -0.167451030290137E+002 -0.692175599942577E+000 -0.692175599942576E+000
 -0.192559551059686E+002  0.672674615637360E+002 -0.586772978984079E+000  0.201587640985790E+001  0.745082256860246E+001 -0.167451030290137E+002 -0.677648422545390E+000 -0.677648422545388E+000
 -0.192549914523882E+002  0.673672478576920E+002 -0.606568091189443E+000  0.207070669689133E+001  0.766915005746296E+001 -0.167451030290137E+002 -0.639874424611766E+000 -0.639874424611765E+000
 -0.192634190105370E+002  0.670411666334437E+002 -0.572905717791526E+000  0.166467381957776E+001  0.435192507347332E+001 -0.167451030290137E+002 -0.668894747574955E+000 -0.668894747574956E+000
 -0.192410575590387E+002  0.677878558195625E+002 -0.543984019398313E+000  0.110624701786319E+001  0.569411523532807E+000 -0.167451030290137E+002 -0.704120569666083E+000 -0.704120569666081E+000
 -0.192441128943707E+002  0.675417413964082E+002 -0.525297654055521E+000  0.121812571531042E+001  0.132546907992209E+001 -0.167451030290137E+002 -0.666361890979364E+000 -0.666361890979363E+000
 -0.192497413116685E+002  0.676354775610630E+002 -0.633402342102618E+000  0.240188315390230E+001  0.108066820401357E+002 -0.167451030290137E+002 -0.707901978024890E+000 -0.707901978024889E+000
 -0.192638376279843E+002  0.670892717876870E+002 -0.569013684210826E+000  0.145296088867702E+001  0.245938652285859E+001 -0.167451030290137E+002 -0.674782470626037E+000 -0.674782470626038E+000
 -0.192450353215203E+002  0.675791030314221E+002 -0.567469440637335E+000  0.172206549931917E+001  0.512148449340964E+001 -0.167451030290137E+002 -0.606866812303081E+000 -0.606866812303082E+000
 -0.192540955822100E+002  0.673678905755002E+002 -0.612393171998689E+000  0.241897812028551E+001  0.120138612329958E+002 -0.167451030290137E+002 -0.678930788596515E+000 -0.678930788596514E+000
 -0.192530488619966E+002  0.674759510482553E+002 -0.613925580931409E+000  0.223885266768072E+001  0.978463839608912E+001 -0.167451030290137E+002 -0.670076773672466E+000 -0.670076773672466E+000
 -0.192457190977223E+002  0.677037964655637E+002 -0.632106246154146E+000  0.269332016032647E+001  0.153709438456384E+002 -0.167451030290137E+002 -0.723534785408708E+000 -0.723534785408706E+000
 -0.192569925899710E+002  0.672569348613293E+002 -0.585002013115703E+000  0.164548167438153E+001  0.349693844481658E+001 -0.167451030290137E+002 -0.722691974797346E+000 -0.722691974797346E+000
 -0.192374171901479E+002  0.678449703831529E+002 -0.539885335835081E+000  0.112292303393887E+001  0.724717271562199E+000 -0.167451030290137E+002 -0.670363059910626E+000 -0.670363059910624E+000
 -0.192567677068569E+002  0.671189880220501E+002 -0.528822265948300E+000  0.127876581876206E+001  0.165306552204024E+001 -0.167451030290137E+002 -0.682653240332408E+000 -0.682653240332407E+000
 -0.192459421713038E+002  0.676768036916621E+002 -0.565232304726996E+000  0.141654438083249E+001  0.236973066646391E+001 -0.167451030290137E+002 -0.694590377209550E+000 -0.694590377209551E+000
 -0.192459876506008E+002  0.675013491309609E+002 -0.566727429693601E+000  0.180710856450414E+001  0.620432937085720E+001 -0.167451030290137E+002 -0.693742555956213E+000 -0.693742555956213E+000
 -0.192422470865222E+002  0.676166315018933E+002 -0.555031454172781E+000  0.159674350091472E+001  0.423180985689291E+001 -0.167451030290137E+002 -0.660273913531629E+000 -0.660273913531629E+000
 -0.192469611694040E+002  0.676252188436712E+002 -0.610942876729829E+000  0.215207778954856E+001  0.819367015298506E+001 -0.167451030290137E+002 -0.630883537220664E+000 -0.630883537220665E+000
 -0.192602162924281E+002  0.671375842187637E+002 -0.549195817920735E+000  0.135034715069100E+001  0.202885634417554E+001 -0.167451030290137E+002 -0.606980068216711E+000 -0.606980068216711E+000
 -0.192417723861815E+002  0.677086444923751E+002 -0.594681709557732E+000  0.221332260554500E+001  0.104333762940780E+002 -0.167451030290137E+002 -0.721961210189035E+000 -0.721961210189036E+000
 -0.192503349670663E+002  0.675280211025091E+002 -0.621180004187436E+000  0.240590969070149E+001  0.116646385416830E+002 -0.167451030290137E+002 -0.658690536390238E+000 -0.658690536390239E+000
 -0.192485645256919E+002  0.674393551891694E+002 -0.554843467556965E+000  0.134768428873332E+001  0.181058792943480E+001 -0.167451030290137E+002 -0.652848284679591E+000 -0.652848284679592E+000
 -0.192509535383610E+002  0.672812447160803E+002 -0.517371227712992E+000  0.106029745445939E+001  0.599321855460786E+000 -0.167451030290137E+002 -0.589724775846057E+000 -0.589724775846058E+000
 -0.192570293568408E+002  0.672901816197011E+002 -0.601344780489489E+000  0.217374172787023E+001  0.968445620311900E+001 -0.167451030290137E+002 -0.700246500545505E+000 -0.700246500545504E+000
 -0.192537312988049E+002  0.674560597182293E+002 -0.583691162025903E+000  0.151650892966460E+001  0.250816593127242E+001 -0.167451030290137E+002 -0.678345321786036E+000 -0.678345321786036E+000
 -0.192437888234655E+002  0.676083573228023E+002 -0.558838967904063E+000  0.160077292999104E+001  0.414658628803394E+001 -0.167451030290137E+002 -0.609894834498887E+000 -0.609894834498888E+000
 -0.192628004725212E+002  0.670894975552523E+002 -0.584009420937317E+000  0.168245910808278E+001  0.393957718271942E+001 -0.167451030290137E+002 -0.685193103331469E+000 -0.685193103331468E+000
 -0.192553543006318E+002  0.672723621182690E+002 -0.515384142374409E+000  0.880335878833504E+000 -0.227571734509908E+000 -0.167451030290137E+002 -0.705005535961009E+000 -0.705005535961011E+000
 -0.192501843387549E+002  0.674877422085250E+002 -0.624178324299230E+000  0.262687223607868E+001  0.143635500270987E+002 -0.167451030290137E+002 -0.715857890604298E+000 -0.715857890604298E+000
 -0.192663456738279E+002  0.668591424249875E+002 -0.519613511280643E+000  0.102735242572058E+001  0.288923456951721E+000 -0.167451030290137E+002 -0.701218883956065E+000 -0.701218883956066E+000
 -0.192493269804603E+002  0.674940915778377E+002 -0.566870323326453E+000  0.152131576223583E+001  0.292646731138819E+001 -0.167451030290137E+002 -0.532297484943515E+000 -0.532297484943516E+000
 -0.192504858879162E+002  0.673820255396548E+002 -0.566490684858218E+000  0.172553119666159E+001  0.480596437514700E+001 -0.167451030290137E+002 -0.629180975030455E+000 -0.629180975030454E+000
 -0.192415909955859E+002  0.675847681707382E+002 -0.526696023239239E+000  0.123771659241761E+001  0.138486587697228E+001 -0.167451030290137E+002 -0.668506642345985E+000 -0.668506642345985E+000
 -0.192544544907446E+002  0.672291492650188E+002 -0.510647685705171E+000  0.991125431847985E+000  0.166023085440472E+000 -0.167451030290137E+002 -0.695527505184248E+000 -0.695527505184248E+000
 -0.192373315876898E+002  0.677501102752835E+002 -0.532210590332730E+000  0.120173762750849E+001  0.141792006598178E+001 -0.167451030290137E+002 -0.717538921262224E+000 -0.717538921262225E+000
 -0.192394052225916E+002  0.677763496319896E+002 -0.583630212381483E+000  0.187609727502338E+001  0.597681872292193E+001 -0.167451030290137E+002 -0.656178066550303E+000 -0.656178066550304E+000
 -0.192481872444560E+002  0.675276992309625E+002 -0.603415568487521E+000  0.228138098013003E+001  0.111091536321235E+002 -0.167451030290137E+002 -0.709949409380188E+000 -0.709949409380187E+000
 -0.192337760079204E+002  0.679420880846480E+002 -0.542623229585504E+000  0.119215317531744E+001  0.958209137155521E+000 -0.167451030290137E+002 -0.677747409638685E+000 -0.677747409638684E+000
 -0.192373419958263E+002  0.677556488981652E+002 -0.518531196939458E+000  0.100692413130183E+001  0.212314541935285E+000 -0.167451030290137E+002 -0.629773175120154E+000 -0.629773175120153E+000
 -0.192338759235868E+002  0.678514369410255E+002 -0.521973225069163E+000  0.103834619526095E+001  0.419065086204824E+000 -0.167451030290137E+002 -0.700529110230832E+000 -0.700529110230832E+000
 -0.192497296163579E+002  0.674687110973617E+002 -0.590155249461032E+000  0.206035343672097E+001  0.805294992487227E+001 -0.167451030290137E+002 -0.629429895400536E+000 -0.629429895400534E+000
