  0.100000000000000E+001  0.975124436690517E+001 -0.191725754914060E+002  0.701636757817064E+002 -0.685577588895864E+000  0.287455043780181E+001  0.148186241964458E+002 -0.167451030290137E+002 -0.487562218345258E+001
  0.100000000000000E+001  0.147467328303305E+002 -0.191969962056953E+002  0.686579512402527E+002 -0.402713551913097E+000  0.852927154901398E+000  0.171348476447817E+001 -0.167451030290137E+002 -0.737336641516526E+001
  0.100000000000000E+001  0.662457748790331E+001 -0.192364878607762E+002  0.673621252300652E+002 -0.490940895455060E+000  0.129810130174743E+001  0.373505888520242E+001 -0.167451030290137E+002 -0.331228874395166E+001
  0.100000000000000E+001  0.986483363642785E+001 -0.193156501544807E+002  0.652345956204292E+002 -0.616999814732226E+000  0.434212470883823E+001  0.562608634263935E+002 -0.167451030290137E+002 -0.493241681821392E+001
  0.100000000000000E+001  0.238209669525929E+002 -0.191742105413372E+002  0.687850913737634E+002 -0.197084107565549E+000 -0.309367112720192E+001 -0.783871590200611E+002 -0.167451030290137E+002 -0.119104834762965E+002
  0.100000000000000E+001  0.989312363883497E+001 -0.192204586181717E+002  0.688063353815475E+002 -0.751081112192322E+000  0.618401094215147E+001  0.855237814508803E+002 -0.167451030290137E+002 -0.494656181941749E+001
  0.100000000000000E+001  0.493282010421515E+001 -0.192295531625138E+002  0.679209856973067E+002 -0.510453524893880E+000  0.169804542559303E+001  0.827573994593772E+001 -0.167451030290137E+002 -0.246641005210757E+001
  0.100000000000000E+001  0.989912464761400E+001 -0.192487086985428E+002  0.684562986645583E+002 -0.903699658759377E+000  0.736517464458597E+001  0.979753650407304E+002 -0.167451030290137E+002 -0.494956232380700E+001
  0.100000000000000E+001  0.681295059565731E+001 -0.192186663604464E+002  0.680179147100615E+002 -0.500825517045392E+000  0.194373768609839E+001  0.109520400629996E+002 -0.167451030290137E+002 -0.340647529782866E+001
  0.100000000000000E+001  0.684337425179058E+001 -0.192275713816656E+002  0.678709431670971E+002 -0.487267293790842E+000  0.156024300168792E+001  0.601086113575909E+001 -0.167451030290137E+002 -0.342168712589529E+001
  0.100000000000000E+001  0.691756084825272E+001 -0.192646638708363E+002  0.667712449264891E+002 -0.479972461548874E+000  0.133578152438255E+001  0.358898697306577E+001 -0.167451030290137E+002 -0.345878042412636E+001
  0.100000000000000E+001  0.155242153128391E+002 -0.192033669432169E+002  0.683365159865769E+002 -0.383111614573166E+000 -0.556824968743292E-001 -0.327593098026493E+002 -0.167451030290137E+002 -0.776210765641955E+001
  0.100000000000000E+001  0.746849551705061E+001 -0.192392448654327E+002  0.677950408045429E+002 -0.572412111864383E+000  0.148004174391675E+001  0.110689338693423E+001 -0.167451030290137E+002 -0.373424775852530E+001
  0.100000000000000E+001  0.993252551467243E+001 -0.192836874600523E+002  0.659875573451764E+002 -0.593680892220488E+000  0.360980629467070E+001  0.340489679385489E+002 -0.167451030290137E+002 -0.496626275733622E+001
  0.100000000000000E+001  0.171235367033439E+002 -0.193524811139562E+002  0.648672780254235E+002 -0.872789189728199E+000  0.716694346206648E+001  0.993186620155054E+002 -0.167451030290137E+002 -0.856176835167193E+001
  0.100000000000000E+001  0.999135375253690E+001 -0.192604767661740E+002  0.669090149826038E+002 -0.518528335995185E+000  0.246359844339916E+001  0.387348070106233E+002 -0.167451030290137E+002 -0.499567687626845E+001
  0.100000000000000E+001  0.999609642624397E+001 -0.193213388730384E+002  0.653973331293901E+002 -0.702439006063763E+000  0.498817475257946E+001  0.691326005024332E+002 -0.167451030290137E+002 -0.499804821312198E+001
  0.100000000000000E+001  0.158822920014792E+002 -0.192553855970779E+002  0.663002355267299E+002 -0.332865247616517E+000 -0.782826685367315E-001 -0.310063229373231E+002 -0.167451030290137E+002 -0.794114600073960E+001
  0.100000000000000E+001  0.162472216600303E+002 -0.191920891943130E+002  0.687798371033600E+002 -0.367306475581856E+000 -0.255989012283134E+000 -0.489172817805457E+002 -0.167451030290137E+002 -0.812361083001515E+001
  0.100000000000000E+001  0.100267044576797E+002 -0.193213357650809E+002  0.655851476987663E+002 -0.802675333071226E+000  0.535635511534930E+001  0.506046443034171E+002 -0.167451030290137E+002 -0.501335222883987E+001
  0.100000000000000E+001  0.100585402032984E+002 -0.192781753837872E+002  0.660567199979069E+002 -0.488802287674287E+000  0.248464911632720E+001  0.386128989654126E+002 -0.167451030290137E+002 -0.502927010164922E+001
  0.100000000000000E+001  0.537690524593832E+001 -0.192625840236498E+002  0.674255480904352E+002 -0.615607005725390E+000  0.202149830777574E+001  0.842060076255815E+001 -0.167451030290137E+002 -0.268845262296916E+001
  0.100000000000000E+001  0.544523624746424E+001 -0.192220009323897E+002  0.682264234963069E+002 -0.492452363915278E+000  0.100862512765568E+001  0.149784047738351E+000 -0.167451030290137E+002 -0.272261812373212E+001
  0.100000000000000E+001  0.658094399864448E+001 -0.192074625497450E+002  0.689572785947319E+002 -0.676927010482153E+000  0.259056412586829E+001  0.983972452038775E+001 -0.167451030290137E+002 -0.329047199932224E+001
  0.100000000000000E+001  0.154500581859618E+002 -0.192593241227620E+002  0.669631181383897E+002 -0.453866980682510E+000  0.184545794627926E+001  0.596099209541705E+002 -0.167451030290137E+002 -0.772502909298091E+001
  0.100000000000000E+001  0.102539995338520E+002 -0.192693132910153E+002  0.667494358285860E+002 -0.582853415260307E+000  0.366590043772583E+001  0.659231479985276E+002 -0.167451030290137E+002 -0.512699976692599E+001
  0.100000000000000E+001  0.102695982169656E+002 -0.192419346954367E+002  0.672100587863886E+002 -0.573429155856743E+000  0.454656435415728E+001  0.675364418841755E+002 -0.167451030290137E+002 -0.513479910848280E+001
  0.100000000000000E+001  0.662398379478364E+001 -0.192169903740279E+002  0.681415747941255E+002 -0.602249438027449E+000  0.495269479623681E+001  0.883510313994519E+002 -0.167451030290137E+002 -0.331199189739182E+001
  0.100000000000000E+001  0.153053442501849E+002 -0.191730604054358E+002  0.703664014014112E+002 -0.663481034590427E+000  0.297133552871232E+001  0.167222045193799E+002 -0.167451030290137E+002 -0.765267212509247E+001
  0.100000000000000E+001  0.136947470949852E+002 -0.193397459818517E+002  0.649275481891702E+002 -0.724690757178824E+000  0.378447480822296E+001  0.242851618320594E+002 -0.167451030290137E+002 -0.684737354749260E+001
  0.100000000000000E+001  0.151506452523516E+002 -0.193049231432252E+002  0.652365689346305E+002 -0.443811150505941E+000  0.268494778733601E+001  0.991621391925711E+002 -0.167451030290137E+002 -0.757532262617580E+001
  0.100000000000000E+001  0.150871766137927E+002 -0.192844657633895E+002  0.663894801824511E+002 -0.692975837198000E+000  0.487808675024667E+001  0.762703313661964E+002 -0.167451030290137E+002 -0.754358830689637E+001
  0.100000000000000E+001  0.149841043838920E+002 -0.192857256267393E+002  0.668206049689833E+002 -0.711907137284111E+000  0.547870364960196E+001  0.749626682922334E+002 -0.167451030290137E+002 -0.749205219194600E+001
  0.100000000000000E+001  0.148844157546104E+002 -0.193513413829107E+002  0.645332588831666E+002 -0.742393415687831E+000  0.458420301858114E+001  0.427710465752107E+002 -0.167451030290137E+002 -0.744220787730520E+001
  0.100000000000000E+001  0.102751751206778E+002 -0.192644473645518E+002  0.676737802245826E+002 -0.787464265637432E+000  0.634175330011725E+001  0.909340985021738E+002 -0.167451030290137E+002 -0.513758756033889E+001
  0.100000000000000E+001  0.144755529292646E+002 -0.192214982212910E+002  0.685150784631030E+002 -0.814215708738307E+000  0.547049297754206E+001  0.458141275310174E+002 -0.167451030290137E+002 -0.723777646463231E+001
  0.100000000000000E+001  0.138279236441723E+002 -0.192142557876560E+002  0.681046483079360E+002 -0.392293779884413E+000  0.130578781534157E+001  0.938059719973084E+002 -0.167451030290137E+002 -0.691396182208613E+001
  0.100000000000000E+001  0.665527354315975E+001 -0.193148563621725E+002  0.656702641687275E+002 -0.685768777493713E+000  0.383982672045683E+001  0.343838883224566E+002 -0.167451030290137E+002 -0.332763677157987E+001
  0.100000000000000E+001  0.565359174085861E+001 -0.191923040112345E+002  0.691159801634766E+002 -0.555018896411600E+000  0.153852880950488E+001  0.352399908048847E+001 -0.167451030290137E+002 -0.282679587042930E+001
  0.100000000000000E+001  0.668535093638222E+001 -0.192242110392756E+002  0.681715340619299E+002 -0.603925615613552E+000  0.333653131139002E+001  0.407347518009820E+002 -0.167451030290137E+002 -0.334267546819111E+001
  0.100000000000000E+001  0.594868346133872E+001 -0.192210400568251E+002  0.679239002043708E+002 -0.483696668543140E+000  0.144497142099855E+001  0.419745379093570E+001 -0.167451030290137E+002 -0.297434173066936E+001
  0.100000000000000E+001  0.103983958325799E+002 -0.192125543638794E+002  0.681700486298592E+002 -0.652757992296255E+000  0.585498593807885E+001  0.976238085838007E+002 -0.167451030290137E+002 -0.519919791628993E+001
  0.100000000000000E+001  0.603865295465269E+001 -0.192620181363749E+002  0.665806808125217E+002 -0.492950299242681E+000  0.133131562952290E+001  0.361922666888597E+001 -0.167451030290137E+002 -0.301932647732635E+001
  0.100000000000000E+001  0.132841845464866E+002 -0.193147337609623E+002  0.650644971515312E+002 -0.591660067560474E+000  0.492767209410514E+001  0.812292076132683E+002 -0.167451030290137E+002 -0.664209227324329E+001
  0.100000000000000E+001  0.104472782106365E+002 -0.193252693309064E+002  0.654444914040616E+002 -0.663708685806090E+000  0.328293263928595E+001  0.277969360856117E+002 -0.167451030290137E+002 -0.522363910531826E+001
  0.100000000000000E+001  0.132286886431090E+002 -0.192267129182393E+002  0.682314186404654E+002 -0.795826755052767E+000  0.628764335003446E+001  0.670821328758497E+002 -0.167451030290137E+002 -0.661434432155449E+001
  0.100000000000000E+001  0.131089092297343E+002 -0.192904187784914E+002  0.655499075309528E+002 -0.461103318852355E+000  0.249336687094478E+001  0.484824393988722E+002 -0.167451030290137E+002 -0.655445461486717E+001
  0.100000000000000E+001  0.128426930309249E+002 -0.192251813318779E+002  0.676913791919006E+002 -0.588483184977177E+000  0.370864352591317E+001  0.482378486809714E+002 -0.167451030290137E+002 -0.642134651546246E+001
  0.100000000000000E+001  0.104631288727634E+002 -0.192759219777806E+002  0.669925682536198E+002 -0.841084308611289E+000  0.663148319007941E+001  0.909795467644483E+002 -0.167451030290137E+002 -0.523156443638172E+001
  0.100000000000000E+001  0.604092561700938E+001 -0.191993393162753E+002  0.688894014093239E+002 -0.514605651051628E+000  0.146632879667960E+001  0.372513144916728E+001 -0.167451030290137E+002 -0.302046280850469E+001
  0.100000000000000E+001  0.125062152715095E+002 -0.192358340099159E+002  0.671615471711780E+002 -0.372880492372814E+000  0.815652074627673E+000  0.331606906508048E+002 -0.167451030290137E+002 -0.625310763575476E+001
  0.100000000000000E+001  0.671442224312042E+001 -0.192513649680945E+002  0.670161499245983E+002 -0.542726061061329E+000  0.392387181124079E+001  0.684633426775650E+002 -0.167451030290137E+002 -0.335721112156021E+001
  0.100000000000000E+001  0.106081029291722E+002 -0.192662517741493E+002  0.670678445098375E+002 -0.694212767150368E+000  0.451618480591011E+001  0.398022477855519E+002 -0.167451030290137E+002 -0.530405146458608E+001
  0.100000000000000E+001  0.676057393305402E+001 -0.192794544505014E+002  0.666769460958541E+002 -0.724943306090715E+000  0.592010387167585E+001  0.994670044713056E+002 -0.167451030290137E+002 -0.338028696652701E+001
  0.100000000000000E+001  0.107583695553195E+002 -0.192495480719137E+002  0.683923646176845E+002 -0.865269529863784E+000  0.644556674863270E+001  0.750991415065113E+002 -0.167451030290137E+002 -0.537918477765977E+001
  0.100000000000000E+001  0.110060241864685E+002 -0.192298499922803E+002  0.674589554332452E+002 -0.571555889731203E+000  0.458073880288161E+001  0.740533055701737E+002 -0.167451030290137E+002 -0.550301209323424E+001
  0.100000000000000E+001  0.120255272487744E+002 -0.192286953898623E+002  0.682615560910592E+002 -0.625479301924811E+000  0.515979258283831E+001  0.925972922524471E+002 -0.167451030290137E+002 -0.601276362438720E+001
  0.100000000000000E+001  0.605278323829983E+001 -0.192015563734645E+002  0.691443240227206E+002 -0.532951363322447E+000  0.958044047782785E+000 -0.121005076977099E+000 -0.167451030290137E+002 -0.302639161914992E+001
  0.100000000000000E+001  0.133140860228488E+002 -0.192587330434543E+002  0.665982411240302E+002 -0.376906097365339E+000 -0.265218241769382E+000 -0.462275356850116E+002 -0.167451030290137E+002 -0.665704301142438E+001
  0.100000000000000E+001  0.110081887564408E+002 -0.193172295482272E+002  0.658380807944234E+002 -0.718194581689845E+000  0.451330140178436E+001  0.522593149292854E+002 -0.167451030290137E+002 -0.550409437822038E+001
  0.100000000000000E+001  0.119740012561217E+002 -0.192441139150687E+002  0.669992657837440E+002 -0.370095699029800E+000  0.273246092360576E+000 -0.421027322956513E+002 -0.167451030290137E+002 -0.598700062806086E+001
  0.100000000000000E+001  0.132482634791247E+002 -0.191927449167848E+002  0.686247725586224E+002 -0.506538091146679E+000  0.151929184659079E+001  0.416074813338278E+001 -0.167451030290137E+002 -0.662413173956235E+001
  0.100000000000000E+001  0.119275712679116E+002 -0.192360921331538E+002  0.689176716013539E+002 -0.936543065721312E+000  0.659400861330234E+001  0.711829178713240E+002 -0.167451030290137E+002 -0.596378563395580E+001
  0.100000000000000E+001  0.632873901219956E+001 -0.192355099580989E+002  0.681438179787153E+002 -0.588400495664607E+000  0.225227051225733E+001  0.126945648561044E+002 -0.167451030290137E+002 -0.316436950609978E+001
  0.100000000000000E+001  0.677326165211703E+001 -0.192383385014188E+002  0.675613514368134E+002 -0.632757944570006E+000  0.461044471110888E+001  0.721688422758126E+002 -0.167451030290137E+002 -0.338663082605852E+001
  0.100000000000000E+001  0.110874530596254E+002 -0.192083594156727E+002  0.695129893263114E+002 -0.778106236212616E+000  0.461208876357217E+001  0.453790415581546E+002 -0.167451030290137E+002 -0.554372652981269E+001
  0.100000000000000E+001  0.111514362854167E+002 -0.192932939120810E+002  0.656649790999762E+002 -0.546465007433228E+000  0.286321691197200E+001  0.223939716067786E+002 -0.167451030290137E+002 -0.557571814270837E+001
  0.100000000000000E+001  0.117246353426519E+002 -0.192693605848604E+002  0.666906305060097E+002 -0.518966345061360E+000  0.162710499019915E+001  0.133972252715136E+002 -0.167451030290137E+002 -0.586231767132593E+001
  0.100000000000000E+001  0.112796936908206E+002 -0.192958115835736E+002  0.654800245161336E+002 -0.466240956380039E+000  0.226399852833530E+001  0.301751074945144E+002 -0.167451030290137E+002 -0.563984684541030E+001
  0.100000000000000E+001  0.639670910164310E+001 -0.192123162452698E+002  0.683584031315787E+002 -0.463121742303364E+000  0.963173585162027E+000  0.188788439897201E+001 -0.167451030290137E+002 -0.319835455082155E+001
  0.100000000000000E+001  0.116133033404600E+002 -0.192465987301760E+002  0.669415558603303E+002 -0.585083567900603E+000  0.483553815857537E+001  0.763143646339103E+002 -0.167451030290137E+002 -0.580665167022998E+001
  0.100000000000000E+001  0.677389318742964E+001 -0.192268307076073E+002  0.681900123647651E+002 -0.759660436958832E+000  0.545289410015099E+001  0.621112007277396E+002 -0.167451030290137E+002 -0.338694659371482E+001
  0.100000000000000E+001  0.115130961783570E+002 -0.192550830234538E+002  0.668360540350213E+002 -0.428321444231593E+000  0.173646068037282E+001  0.500133074649212E+002 -0.167451030290137E+002 -0.575654808917848E+001
  0.100000000000000E+001  0.680291873174730E+001 -0.192023379251186E+002  0.687855846896903E+002 -0.662730776614653E+000  0.397771774204494E+001  0.370714582082913E+002 -0.167451030290137E+002 -0.340145936587365E+001
  0.100000000000000E+001  0.957167286622759E+001 -0.192001568760411E+002  0.689411808022548E+002 -0.684797000324862E+000  0.475499525156205E+001  0.644934630907485E+002 -0.167451030290137E+002 -0.478583643311379E+001
  0.100000000000000E+001  0.952240620663169E+001 -0.192286024574788E+002  0.677391469110909E+002 -0.559791514843131E+000  0.334390847986173E+001  0.516711497683581E+002 -0.167451030290137E+002 -0.476120310331585E+001
  0.100000000000000E+001  0.943515728750299E+001 -0.192179543411459E+002  0.678963118471057E+002 -0.545297393748119E+000  0.402610311401372E+001  0.719756115989948E+002 -0.167451030290137E+002 -0.471757864375149E+001
  0.100000000000000E+001  0.942982783411450E+001 -0.192868374887399E+002  0.669356680610396E+002 -0.869451185623663E+000  0.554259660739252E+001  0.512389567762270E+002 -0.167451030290137E+002 -0.471491391705725E+001
  0.100000000000000E+001  0.934511381109658E+001 -0.192731831771564E+002  0.662649396246107E+002 -0.575375487469996E+000  0.356840106449218E+001  0.464396884301498E+002 -0.167451030290137E+002 -0.467255690554829E+001
  0.100000000000000E+001  0.931015483652851E+001 -0.192179494172752E+002  0.688812971597337E+002 -0.681452536022142E+000  0.192658292767086E+001  0.360613142713038E+001 -0.167451030290137E+002 -0.465507741826426E+001
  0.100000000000000E+001  0.919841900009649E+001 -0.192443983497747E+002  0.671024913533463E+002 -0.556445418158653E+000  0.417698661955697E+001  0.622022608274200E+002 -0.167451030290137E+002 -0.459920950004824E+001
  0.100000000000000E+001  0.919312226133766E+001 -0.192388623829955E+002  0.674573055531078E+002 -0.473774003602070E+000  0.167458327465102E+001  0.198164263740856E+002 -0.167451030290137E+002 -0.459656113066883E+001
  0.100000000000000E+001  0.916019518133819E+001 -0.192521298542356E+002  0.676238372863559E+002 -0.766851939100458E+000  0.445558748925351E+001  0.310105757761350E+002 -0.167451030290137E+002 -0.458009759066909E+001
  0.100000000000000E+001  0.641772066259711E+001 -0.193095136792301E+002  0.653543448374617E+002 -0.483831115066290E+000  0.810816022437965E+000 -0.416307560547139E+000 -0.167451030290137E+002 -0.320886033129856E+001
  0.100000000000000E+001  0.643882463784776E+001 -0.192029003180909E+002  0.687095465291349E+002 -0.572961085820428E+000  0.210987428792974E+001  0.768501093537041E+001 -0.167451030290137E+002 -0.321941231892388E+001
  0.100000000000000E+001  0.895651421300549E+001 -0.192426707143258E+002  0.675857834056258E+002 -0.709520617957194E+000  0.530198391955482E+001  0.768044513129417E+002 -0.167451030290137E+002 -0.447825710650275E+001
  0.100000000000000E+001  0.894668099804930E+001 -0.192009822338919E+002  0.689749471243503E+002 -0.609800769643204E+000  0.237512758352200E+001  0.152410383011568E+002 -0.167451030290137E+002 -0.447334049902465E+001
  0.100000000000000E+001  0.892861096014837E+001 -0.192805215302711E+002  0.661170514424181E+002 -0.592661315340756E+000  0.485051629633747E+001  0.965042540297557E+002 -0.167451030290137E+002 -0.446430548007418E+001
  0.100000000000000E+001  0.892236952100046E+001 -0.192855626054772E+002  0.669995463627079E+002 -0.742419215784087E+000  0.425567371879227E+001  0.390923373502610E+002 -0.167451030290137E+002 -0.446118476050023E+001
  0.100000000000000E+001  0.888740009253644E+001 -0.192916100335569E+002  0.667741858806896E+002 -0.758982492786604E+000  0.410304166435781E+001  0.288195039356704E+002 -0.167451030290137E+002 -0.444370004626822E+001
  0.100000000000000E+001  0.887683539015684E+001 -0.191986357229999E+002  0.688795964302358E+002 -0.713726607603716E+000  0.615720699479472E+001  0.879733054539439E+002 -0.167451030290137E+002 -0.443841769507842E+001
  0.100000000000000E+001  0.683506010627723E+001 -0.192066546509260E+002  0.686477544853545E+002 -0.646015068476409E+000  0.462926108716807E+001  0.678792164180592E+002 -0.167451030290137E+002 -0.341753005313861E+001
  0.100000000000000E+001  0.881552730601551E+001 -0.192139974507028E+002  0.682455707287729E+002 -0.527893429081804E+000  0.260051709129531E+001  0.206978597793637E+002 -0.167451030290137E+002 -0.440776365300775E+001
  0.100000000000000E+001  0.879603235884054E+001 -0.191848401326407E+002  0.695360891144876E+002 -0.746329802399041E+000  0.567707084930092E+001  0.671288741877957E+002 -0.167451030290137E+002 -0.439801617942027E+001
  0.100000000000000E+001  0.684704684710705E+001 -0.192140663818802E+002  0.691539024339313E+002 -0.858285633715412E+000  0.735056996259649E+001  0.973807018646846E+002 -0.167451030290137E+002 -0.342352342355353E+001
  0.100000000000000E+001  0.493946694761442E+001 -0.192491363400425E+002  0.673835064847119E+002 -0.727124166589164E+000  0.563758140082550E+001  0.728111294969131E+002 -0.167451030290137E+002 -0.246973347380721E+001
  0.100000000000000E+001  0.860307214146508E+001 -0.192523356950598E+002  0.669157142106706E+002 -0.615592350712042E+000  0.446222121646860E+001  0.598675277616957E+002 -0.167451030290137E+002 -0.430153607073254E+001
  0.100000000000000E+001  0.856295069848591E+001 -0.193141526443915E+002  0.657245335853482E+002 -0.758259535033658E+000  0.577901661106312E+001  0.686529964773838E+002 -0.167451030290137E+002 -0.428147534924295E+001
  0.100000000000000E+001  0.847869319616935E+001 -0.192164424933179E+002  0.679727348372955E+002 -0.531833287281622E+000  0.240766597544759E+001  0.161726064007788E+002 -0.167451030290137E+002 -0.423934659808468E+001
  0.100000000000000E+001  0.844232222867533E+001 -0.192310171914215E+002  0.680238338778075E+002 -0.743493997690730E+000  0.566131682175833E+001  0.781889705488894E+002 -0.167451030290137E+002 -0.422116111433766E+001
  0.100000000000000E+001  0.834496035441860E+001 -0.192176925116016E+002  0.689387470329130E+002 -0.750291300134712E+000  0.559355644431633E+001  0.817337414471499E+002 -0.167451030290137E+002 -0.417248017720930E+001
  0.100000000000000E+001  0.829662934760225E+001 -0.192035405071229E+002  0.688854675240405E+002 -0.745879311094424E+000  0.611716046571797E+001  0.911345901593705E+002 -0.167451030290137E+002 -0.414831467380112E+001
  0.100000000000000E+001  0.691125766076111E+001 -0.192548674089970E+002  0.669670733513543E+002 -0.550442111112929E+000  0.441634341394865E+001  0.938645207480689E+002 -0.167451030290137E+002 -0.345562883038056E+001
  0.100000000000000E+001  0.697420190570617E+001 -0.192131953952000E+002  0.693190677102684E+002 -0.903031703394208E+000  0.704358377940087E+001  0.840619772676067E+002 -0.167451030290137E+002 -0.348710095285309E+001
  0.100000000000000E+001  0.708756552454534E+001 -0.192747700738923E+002  0.674308021809214E+002 -0.832681419943755E+000  0.497718405632235E+001  0.440008780223331E+002 -0.167451030290137E+002 -0.354378276227267E+001
  0.100000000000000E+001  0.822408992235879E+001 -0.192080343676847E+002  0.684628044976749E+002 -0.645701512416852E+000  0.427175398806823E+001  0.492457882572403E+002 -0.167451030290137E+002 -0.411204496117939E+001
  0.100000000000000E+001  0.821250131369640E+001 -0.192774932607607E+002  0.663782597802901E+002 -0.626746892318746E+000  0.460911403733117E+001  0.776474122424628E+002 -0.167451030290137E+002 -0.410625065684820E+001
  0.100000000000000E+001  0.819352835455436E+001 -0.192762640633234E+002  0.671741759578759E+002 -0.750720140070099E+000  0.564026238201192E+001  0.777138243764882E+002 -0.167451030290137E+002 -0.409676417727718E+001
  0.100000000000000E+001  0.813084262129018E+001 -0.192926645431975E+002  0.657680410089659E+002 -0.556490204068337E+000  0.202633154880362E+001  0.956021419471239E+001 -0.167451030290137E+002 -0.406542131064509E+001
  0.100000000000000E+001  0.812198616370620E+001 -0.193170020526546E+002  0.654931363165802E+002 -0.696695463401379E+000  0.467439602128523E+001  0.497030120437733E+002 -0.167451030290137E+002 -0.406099308185310E+001
  0.100000000000000E+001  0.811065298386040E+001 -0.192620215742116E+002  0.677811896505278E+002 -0.802857147933777E+000  0.521117461466986E+001  0.577282675818285E+002 -0.167451030290137E+002 -0.405532649193020E+001
  0.100000000000000E+001  0.802206335624303E+001 -0.192749115866404E+002  0.661854418779384E+002 -0.530443023697842E+000  0.301529257517145E+001  0.380759346343052E+002 -0.167451030290137E+002 -0.401103167812152E+001
  0.100000000000000E+001  0.800570823229162E+001 -0.192058018035646E+002  0.694765045846380E+002 -0.797395553609702E+000  0.505265766542262E+001  0.519536225041522E+002 -0.167451030290137E+002 -0.400285411614581E+001
  0.100000000000000E+001  0.797388522139118E+001 -0.193128977946043E+002  0.653477811657607E+002 -0.585120382314091E+000  0.295860379594498E+001  0.272999373834227E+002 -0.167451030290137E+002 -0.398694261069559E+001
  0.100000000000000E+001  0.791282165447021E+001 -0.192626526393509E+002  0.674997123814485E+002 -0.680673727064052E+000  0.396644438933106E+001  0.433402086377745E+002 -0.167451030290137E+002 -0.395641082723511E+001
  0.100000000000000E+001  0.712182385693406E+001 -0.192845397012262E+002  0.661244858124269E+002 -0.649134801886655E+000  0.534837826072062E+001  0.803351174732886E+002 -0.167451030290137E+002 -0.356091192846703E+001
  0.100000000000000E+001  0.789115128680547E+001 -0.192822399781797E+002  0.666879272576453E+002 -0.711252557161172E+000  0.554436891014584E+001  0.925904236819974E+002 -0.167451030290137E+002 -0.394557564340274E+001
  0.100000000000000E+001  0.785292846896473E+001 -0.192063373192772E+002  0.686846965040996E+002 -0.682356379364328E+000  0.476515225272246E+001  0.501998252867705E+002 -0.167451030290137E+002 -0.392646423448237E+001
  0.100000000000000E+001  0.785094170830049E+001 -0.192062964141826E+002  0.691908554834137E+002 -0.729072643662911E+000  0.588528480640651E+001  0.875790504660865E+002 -0.167451030290137E+002 -0.392547085415025E+001
  0.100000000000000E+001  0.784966282503079E+001 -0.192864061237365E+002  0.659726299190216E+002 -0.533300569701042E+000  0.311960037998669E+001  0.454903673305617E+002 -0.167451030290137E+002 -0.392483141251539E+001
  0.100000000000000E+001  0.718848336561086E+001 -0.193037021802364E+002  0.663215384132769E+002 -0.781902489107062E+000  0.457305504088258E+001  0.367021190712377E+002 -0.167451030290137E+002 -0.359424168280543E+001
  0.100000000000000E+001  0.784116242589127E+001 -0.192847121897022E+002  0.663161591903563E+002 -0.665163283828096E+000  0.534963818988607E+001  0.741542609194549E+002 -0.167451030290137E+002 -0.392058121294563E+001
  0.100000000000000E+001  0.771039533095292E+001 -0.192140428306282E+002  0.691974715398781E+002 -0.800677514240942E+000  0.638156580823003E+001  0.888355961736436E+002 -0.167451030290137E+002 -0.385519766547646E+001
  0.100000000000000E+001  0.771004600762682E+001 -0.192372542213494E+002  0.682027572933810E+002 -0.827675793675134E+000  0.677717563356834E+001  0.995016435868997E+002 -0.167451030290137E+002 -0.385502300381341E+001
  0.100000000000000E+001  0.769880028303305E+001 -0.192476881844696E+002  0.675355136128399E+002 -0.790276994581347E+000  0.633262798468405E+001  0.828177050522893E+002 -0.167451030290137E+002 -0.384940014151652E+001
  0.100000000000000E+001  0.769001699659244E+001 -0.192626319686746E+002  0.669022218595491E+002 -0.597459129151449E+000  0.474575349200108E+001  0.774531282937271E+002 -0.167451030290137E+002 -0.384500849829622E+001
  0.100000000000000E+001  0.767939974847692E+001 -0.192959082282600E+002  0.660884582914005E+002 -0.742352495376124E+000  0.660599216430591E+001  0.967819281719048E+002 -0.167451030290137E+002 -0.383969987423846E+001
  0.100000000000000E+001  0.765202245956443E+001 -0.192045673679723E+002  0.694604574205857E+002 -0.845390102487904E+000  0.725040525942405E+001  0.986627835902426E+002 -0.167451030290137E+002 -0.382601122978221E+001
  0.100000000000000E+001  0.761427951837448E+001 -0.191853324126195E+002  0.697082943332893E+002 -0.721141859226659E+000  0.483468349028297E+001  0.500348658959405E+002 -0.167451030290137E+002 -0.380713975918724E+001
  0.100000000000000E+001  0.752546115984391E+001 -0.192230200347454E+002  0.688086681380736E+002 -0.795217261972660E+000  0.428334862599935E+001  0.325714001212135E+002 -0.167451030290137E+002 -0.376273057992196E+001
  0.100000000000000E+001  0.718990461464082E+001 -0.192744761113477E+002  0.666666463132778E+002 -0.573238994047222E+000  0.325472890031039E+001  0.375107709575929E+002 -0.167451030290137E+002 -0.359495230732041E+001
  0.100000000000000E+001  0.741319517698589E+001 -0.192245002112430E+002  0.688336736915997E+002 -0.887135166556859E+000  0.696616274027256E+001  0.778405991837183E+002 -0.167451030290137E+002 -0.370659758849294E+001
  0.100000000000000E+001  0.738769420213931E+001 -0.192834888007454E+002  0.668977884935207E+002 -0.755105896472133E+000  0.480568618072143E+001  0.548925572766292E+002 -0.167451030290137E+002 -0.369384710106966E+001
  0.100000000000000E+001  0.737768568763757E+001 -0.192939208821877E+002  0.659792289422804E+002 -0.557220948520286E+000  0.290320863920456E+001  0.312455627301547E+002 -0.167451030290137E+002 -0.368884284381878E+001
  0.100000000000000E+001  0.724567787683161E+001 -0.192145540766231E+002  0.686502580366072E+002 -0.726817462000545E+000  0.556718115419370E+001  0.649138783255360E+002 -0.167451030290137E+002 -0.362283893841580E+001
  0.100000000000000E+001  0.496824683872011E+001 -0.192970450106176E+002  0.660720007811018E+002 -0.699975705989667E+000  0.502548830498892E+001  0.613928166190586E+002 -0.167451030290137E+002 -0.248412341936005E+001
  0.100000000000000E+001  0.721056519605207E+001 -0.192619484123801E+002  0.671564342634082E+002 -0.763679529987880E+000  0.642038923163541E+001  0.815301751212815E+002 -0.167451030290137E+002 -0.360528259802603E+001
  0.100000000000000E+001  0.655318280016517E+001 -0.192264644516704E+002  0.679070483302701E+002 -0.605805421611543E+000  0.477747975776651E+001  0.890565379237220E+002 -0.167451030290137E+002 -0.327659140008259E+001
  0.100000000000000E+001  0.652977693860721E+001 -0.192286480880154E+002  0.681529841838360E+002 -0.658125411332221E+000  0.491483451481857E+001  0.831025550786183E+002 -0.167451030290137E+002 -0.326488846930361E+001
  0.100000000000000E+001  0.651480469330522E+001 -0.192284399837560E+002  0.681407352757167E+002 -0.744836343692479E+000  0.667778772124132E+001  0.963649153962365E+002 -0.167451030290137E+002 -0.325740234665261E+001
  0.100000000000000E+001  0.648816034056875E+001 -0.192202013013756E+002  0.688037938461794E+002 -0.887341309906980E+000  0.745265655529110E+001  0.931651241035874E+002 -0.167451030290137E+002 -0.324408017028437E+001
  0.100000000000000E+001  0.648659804915376E+001 -0.192482298858368E+002  0.675749370178820E+002 -0.733713976363331E+000  0.514851787259333E+001  0.510302855073919E+002 -0.167451030290137E+002 -0.324329902457688E+001
  0.100000000000000E+001  0.638814012370426E+001 -0.192677074342737E+002  0.674224159711796E+002 -0.892710663896041E+000  0.699206773580470E+001  0.847047082477591E+002 -0.167451030290137E+002 -0.319407006185213E+001
  0.100000000000000E+001  0.637718858039695E+001 -0.192386942955567E+002  0.678989909360414E+002 -0.685859827984854E+000  0.376133546983427E+001  0.365309336162505E+002 -0.167451030290137E+002 -0.318859429019848E+001
  0.100000000000000E+001  0.637699441419336E+001 -0.192342171755144E+002  0.684051844472156E+002 -0.793240291346604E+000  0.546927884056144E+001  0.530994089605686E+002 -0.167451030290137E+002 -0.318849720709668E+001
  0.100000000000000E+001  0.637688857297990E+001 -0.191960547605828E+002  0.692541039943568E+002 -0.751988866482462E+000  0.645728490951785E+001  0.926132972714005E+002 -0.167451030290137E+002 -0.318844428648995E+001
  0.100000000000000E+001  0.637039030023318E+001 -0.192269054618039E+002  0.685132252613988E+002 -0.695850338475055E+000  0.476450633851988E+001  0.573766471416253E+002 -0.167451030290137E+002 -0.318519515011659E+001
  0.100000000000000E+001  0.632257951011710E+001 -0.192539248351152E+002  0.673238053975932E+002 -0.614878287873409E+000  0.414281454334589E+001  0.671645623308764E+002 -0.167451030290137E+002 -0.316128975505855E+001
  0.100000000000000E+001  0.631709581863785E+001 -0.192419421929295E+002  0.673432452416385E+002 -0.637834408520469E+000  0.551570553280019E+001  0.934478947228848E+002 -0.167451030290137E+002 -0.315854790931893E+001
  0.100000000000000E+001  0.630161390708032E+001 -0.192903620015667E+002  0.660471215209390E+002 -0.690518613464398E+000  0.602428654218018E+001  0.994065286926356E+002 -0.167451030290137E+002 -0.315080695354016E+001
  0.100000000000000E+001  0.625978966192564E+001 -0.192677646117610E+002  0.672451283062062E+002 -0.849674932036561E+000  0.652424527041704E+001  0.717183262692623E+002 -0.167451030290137E+002 -0.312989483096282E+001
  0.100000000000000E+001  0.622599847007469E+001 -0.192307062378441E+002  0.684769754853733E+002 -0.736727206174458E+000  0.327091492190363E+001  0.156104018923733E+002 -0.167451030290137E+002 -0.311299923503734E+001
  0.100000000000000E+001  0.619687237478370E+001 -0.192589415508965E+002  0.673863547256987E+002 -0.776821993393964E+000  0.576387380447641E+001  0.758352478801017E+002 -0.167451030290137E+002 -0.309843618739185E+001
  0.100000000000000E+001  0.615844682563915E+001 -0.192288081514682E+002  0.678006657758013E+002 -0.584034616319445E+000  0.446730019878074E+001  0.720969780865015E+002 -0.167451030290137E+002 -0.307922341281958E+001
  0.100000000000000E+001  0.614543975790852E+001 -0.193012745211572E+002  0.657608038161826E+002 -0.614263817418042E+000  0.365951106002764E+001  0.398624357062683E+002 -0.167451030290137E+002 -0.307271987895426E+001
  0.100000000000000E+001  0.612624286728215E+001 -0.192601990980803E+002  0.667382272662991E+002 -0.582048282264827E+000  0.365820565352958E+001  0.422293915631388E+002 -0.167451030290137E+002 -0.306312143364108E+001
  0.100000000000000E+001  0.611232464454692E+001 -0.192425041533101E+002  0.672328549335735E+002 -0.526778282142236E+000  0.209544324791978E+001  0.106219470533454E+002 -0.167451030290137E+002 -0.305616232227346E+001
  0.100000000000000E+001  0.607764794282629E+001 -0.192787308683248E+002  0.664626555301113E+002 -0.681476221186447E+000  0.408806259496245E+001  0.347259154854635E+002 -0.167451030290137E+002 -0.303882397141315E+001
  0.100000000000000E+001  0.603661027710319E+001 -0.192963901779606E+002  0.662915607499740E+002 -0.720394155710387E+000  0.411671503918747E+001  0.390349254347454E+002 -0.167451030290137E+002 -0.301830513855160E+001
  0.100000000000000E+001  0.602084214236926E+001 -0.192444936617238E+002  0.675674962739269E+002 -0.626460571394823E+000  0.483009742790060E+001  0.899946589064241E+002 -0.167451030290137E+002 -0.301042107118463E+001
  0.100000000000000E+001  0.597716019465521E+001 -0.192345486145997E+002  0.679402565485375E+002 -0.707097426204592E+000  0.509873443546381E+001  0.549374511672548E+002 -0.167451030290137E+002 -0.298858009732760E+001
  0.100000000000000E+001  0.597337486658665E+001 -0.192410877829448E+002  0.678250480797054E+002 -0.783687396769827E+000  0.562466082027906E+001  0.596815274678722E+002 -0.167451030290137E+002 -0.298668743329332E+001
  0.100000000000000E+001  0.596069205278025E+001 -0.192252488926433E+002  0.683658158904885E+002 -0.697036384619631E+000  0.518679526594332E+001  0.631781733160790E+002 -0.167451030290137E+002 -0.298034602639012E+001
  0.100000000000000E+001  0.596043027374101E+001 -0.192442697070858E+002  0.677004912954820E+002 -0.657857121341170E+000  0.548081967185912E+001  0.910594627471218E+002 -0.167451030290137E+002 -0.298021513687051E+001
  0.100000000000000E+001  0.595513253614772E+001 -0.192847129591760E+002  0.667940677661418E+002 -0.745850369511921E+000  0.566733786998713E+001  0.778908443958304E+002 -0.167451030290137E+002 -0.297756626807386E+001
  0.100000000000000E+001  0.595480477474351E+001 -0.192909711105822E+002  0.664577196383345E+002 -0.707699319525920E+000  0.471141457653184E+001  0.593584462204574E+002 -0.167451030290137E+002 -0.297740238737176E+001
  0.100000000000000E+001  0.590372481737669E+001 -0.192745285489183E+002  0.664107865201551E+002 -0.616695967160712E+000  0.491637851978066E+001  0.788790155535641E+002 -0.167451030290137E+002 -0.295186240868835E+001
  0.100000000000000E+001  0.587458704949433E+001 -0.192185380169186E+002  0.685440662012545E+002 -0.728824655383884E+000  0.462532738435233E+001  0.489615723846983E+002 -0.167451030290137E+002 -0.293729352474716E+001
  0.100000000000000E+001  0.585819500551683E+001 -0.192272646780243E+002  0.684426483846606E+002 -0.720590231520761E+000  0.309742701674830E+001  0.151214824027639E+002 -0.167451030290137E+002 -0.292909750275842E+001
  0.100000000000000E+001  0.578196126535143E+001 -0.192981742970073E+002  0.661412251085014E+002 -0.725913626360825E+000  0.583106070875704E+001  0.815468849156946E+002 -0.167451030290137E+002 -0.289098063267572E+001
  0.100000000000000E+001  0.576818428426796E+001 -0.192074064545635E+002  0.690527039880615E+002 -0.719804588266092E+000  0.559180244319822E+001  0.834268897805220E+002 -0.167451030290137E+002 -0.288409214213398E+001
  0.100000000000000E+001  0.574915218169556E+001 -0.192143169670874E+002  0.690291336202658E+002 -0.793578568250050E+000  0.559854216081986E+001  0.671090777954310E+002 -0.167451030290137E+002 -0.287457609084778E+001
  0.100000000000000E+001  0.574068183198845E+001 -0.192391529981135E+002  0.676818709557892E+002 -0.738197724956545E+000  0.598202159929908E+001  0.816027952262305E+002 -0.167451030290137E+002 -0.287034091599423E+001
  0.100000000000000E+001  0.573022217435175E+001 -0.192087222410321E+002  0.691090865257406E+002 -0.757077708757514E+000  0.624007447824290E+001  0.957011044837115E+002 -0.167451030290137E+002 -0.286511108717587E+001
  0.100000000000000E+001  0.572524185187265E+001 -0.192205421400196E+002  0.680402838184726E+002 -0.592242367038412E+000  0.375693101938943E+001  0.438585328442996E+002 -0.167451030290137E+002 -0.286262092593632E+001
  0.100000000000000E+001  0.569469412878414E+001 -0.192738759165832E+002  0.673820425606486E+002 -0.900193769678002E+000  0.711365439077440E+001  0.881586245870207E+002 -0.167451030290137E+002 -0.284734706439207E+001
  0.100000000000000E+001  0.499775412850853E+001 -0.192771238173319E+002  0.671208125011629E+002 -0.872421268554231E+000  0.682696106940549E+001  0.800737280084983E+002 -0.167451030290137E+002 -0.249887706425427E+001
  0.100000000000000E+001  0.566196589942965E+001 -0.192186886046762E+002  0.688200997054692E+002 -0.766018980157337E+000  0.411354078074631E+001  0.280802514335018E+002 -0.167451030290137E+002 -0.283098294971483E+001
  0.100000000000000E+001  0.562702675937633E+001 -0.192881196836418E+002  0.667924004995797E+002 -0.810771813711352E+000  0.673179020673789E+001  0.980444025292604E+002 -0.167451030290137E+002 -0.281351337968816E+001
  0.100000000000000E+001  0.562140835365360E+001 -0.192580258527740E+002  0.676884807045725E+002 -0.762835829466627E+000  0.587501813826240E+001  0.782947027319321E+002 -0.167451030290137E+002 -0.281070417682680E+001
  0.100000000000000E+001  0.561996146134969E+001 -0.192775585204606E+002  0.663855626727804E+002 -0.629511042466279E+000  0.382736802448342E+001  0.363755454715585E+002 -0.167451030290137E+002 -0.280998073067485E+001
  0.100000000000000E+001  0.560457402822693E+001 -0.192904129894063E+002  0.665120668400025E+002 -0.709367733677284E+000  0.302137045249261E+001  0.158738756412607E+002 -0.167451030290137E+002 -0.280228701411347E+001
  0.100000000000000E+001  0.559073055493715E+001 -0.192464539366960E+002  0.675232522967886E+002 -0.639091433927063E+000  0.286183791703883E+001  0.204638496785472E+002 -0.167451030290137E+002 -0.279536527746857E+001
  0.100000000000000E+001  0.557782886834246E+001 -0.192340469565243E+002  0.684085150146765E+002 -0.728277516920755E+000  0.490159247293297E+001  0.577625176343353E+002 -0.167451030290137E+002 -0.278891443417123E+001
  0.100000000000000E+001  0.556847564636109E+001 -0.192702306792317E+002  0.673533111886366E+002 -0.754145728008183E+000  0.506027469243886E+001  0.571046491926603E+002 -0.167451030290137E+002 -0.278423782318055E+001
  0.100000000000000E+001  0.556186678620342E+001 -0.192931019715758E+002  0.666784486657192E+002 -0.829302794305594E+000  0.613629904798896E+001  0.704519249452386E+002 -0.167451030290137E+002 -0.278093339310171E+001
  0.100000000000000E+001  0.554906926156223E+001 -0.192866842052378E+002  0.665724163553147E+002 -0.749426923983109E+000  0.618688116713899E+001  0.859624268269216E+002 -0.167451030290137E+002 -0.277453463078111E+001
  0.100000000000000E+001  0.554516365516766E+001 -0.192788240291248E+002  0.672510879678542E+002 -0.870502749454949E+000  0.689721864391207E+001  0.881466925768437E+002 -0.167451030290137E+002 -0.277258182758383E+001
  0.100000000000000E+001  0.499964118178833E+001 -0.192204494141122E+002  0.683905003707964E+002 -0.634970059065662E+000  0.309493953471090E+001  0.264991514065999E+002 -0.167451030290137E+002 -0.249982059089417E+001
  0.100000000000000E+001  0.549719632947997E+001 -0.192367319353201E+002  0.675181435582803E+002 -0.521802439247258E+000  0.228441504310533E+001  0.217783666169530E+002 -0.167451030290137E+002 -0.274859816473998E+001
  0.100000000000000E+001  0.548301070071498E+001 -0.192518102049567E+002  0.673292626722969E+002 -0.569826707055496E+000  0.307250744259793E+001  0.318563804742432E+002 -0.167451030290137E+002 -0.274150535035749E+001
  0.100000000000000E+001  0.546267745227910E+001 -0.192482905215631E+002  0.675450382568314E+002 -0.766576255486959E+000  0.586594067776549E+001  0.746118628880895E+002 -0.167451030290137E+002 -0.273133872613955E+001
  0.100000000000000E+001  0.545233053789353E+001 -0.192375989673896E+002  0.676108829309784E+002 -0.528330652357142E+000  0.210251168803937E+001  0.180636286950867E+002 -0.167451030290137E+002 -0.272616526894676E+001
  0.100000000000000E+001  0.540781288506427E+001 -0.192259129439309E+002  0.686640370477592E+002 -0.835311939116500E+000  0.718309775009460E+001  0.961442536883420E+002 -0.167451030290137E+002 -0.270390644253213E+001
  0.100000000000000E+001  0.540413121223505E+001 -0.192744616008649E+002  0.673013257392335E+002 -0.804459397172808E+000  0.576665620699121E+001  0.661577821736466E+002 -0.167451030290137E+002 -0.270206560611753E+001
  0.100000000000000E+001  0.534440128180358E+001 -0.192526056019988E+002  0.670884846037112E+002 -0.611513461965772E+000  0.499967580128377E+001  0.918027638107731E+002 -0.167451030290137E+002 -0.267220064090179E+001
  0.100000000000000E+001  0.529958111157866E+001 -0.192529861609689E+002  0.671237004279367E+002 -0.616784246998386E+000  0.515430647740295E+001  0.883539936813464E+002 -0.167451030290137E+002 -0.264979055578933E+001
  0.100000000000000E+001  0.528524778112256E+001 -0.192566559891736E+002  0.671475520215864E+002 -0.707328898860582E+000  0.502708274474513E+001  0.545131678118364E+002 -0.167451030290137E+002 -0.264262389056128E+001
  0.100000000000000E+001  0.500735330070015E+001 -0.192468287487961E+002  0.678464858399181E+002 -0.757409878499006E+000  0.421295485102567E+001  0.295981575857404E+002 -0.167451030290137E+002 -0.250367665035007E+001
  0.100000000000000E+001  0.527831551699160E+001 -0.192967047635531E+002  0.662398099624391E+002 -0.785921069534186E+000  0.617797988466378E+001  0.767045198945629E+002 -0.167451030290137E+002 -0.263915775849580E+001
  0.100000000000000E+001  0.526523778711591E+001 -0.192840781849133E+002  0.665819774188361E+002 -0.786752779987401E+000  0.613173605951552E+001  0.805979276175734E+002 -0.167451030290137E+002 -0.263261889355796E+001
  0.100000000000000E+001  0.526428253965267E+001 -0.192897467284819E+002  0.664527983712659E+002 -0.708095748416936E+000  0.446230098462743E+001  0.422223359239650E+002 -0.167451030290137E+002 -0.263214126982633E+001
  0.100000000000000E+001  0.523603515855064E+001 -0.192016330053153E+002  0.692220616420250E+002 -0.714250183961066E+000  0.361256795132798E+001  0.246338607234243E+002 -0.167451030290137E+002 -0.261801757927532E+001
  0.100000000000000E+001  0.520087957172023E+001 -0.192254320260061E+002  0.682118510801497E+002 -0.625064072311290E+000  0.442602921761194E+001  0.685318926199373E+002 -0.167451030290137E+002 -0.260043978586011E+001
  0.100000000000000E+001  0.519424774348765E+001 -0.192038363368775E+002  0.688893659314487E+002 -0.665816383979208E+000  0.469523218826553E+001  0.632041251473783E+002 -0.167451030290137E+002 -0.259712387174383E+001
  0.100000000000000E+001  0.518314958876080E+001 -0.192572671888390E+002  0.670257145123850E+002 -0.539948064807456E+000  0.268728954547837E+001  0.297275496922780E+002 -0.167451030290137E+002 -0.259157479438040E+001
  0.100000000000000E+001  0.517431309066463E+001 -0.192523331129767E+002  0.671299610881963E+002 -0.611884234935455E+000  0.526731847027800E+001  0.997390792137054E+002 -0.167451030290137E+002 -0.258715654533232E+001
  0.100000000000000E+001  0.514271635455801E+001 -0.192584489540381E+002  0.678015815679518E+002 -0.818101189179948E+000  0.510232516424235E+001  0.439225829509924E+002 -0.167451030290137E+002 -0.257135817727901E+001
  0.100000000000000E+001  0.513250739006675E+001 -0.192664959272198E+002  0.666851273356252E+002 -0.576788732466669E+000  0.379973103526078E+001  0.532347742842096E+002 -0.167451030290137E+002 -0.256625369503337E+001
  0.100000000000000E+001  0.513097834444929E+001 -0.192528229272087E+002  0.680544736491851E+002 -0.875540210276830E+000  0.677410525476100E+001  0.846912483936691E+002 -0.167451030290137E+002 -0.256548917222464E+001
  0.100000000000000E+001  0.501585432098626E+001 -0.192721293849527E+002  0.669628753864838E+002 -0.777334559226468E+000  0.605155705749570E+001  0.831709800604337E+002 -0.167451030290137E+002 -0.250792716049313E+001
  0.100000000000000E+001  0.509197677734267E+001 -0.192682563142749E+002  0.673927797677142E+002 -0.897064564405775E+000  0.750946840845347E+001  0.984480434908594E+002 -0.167451030290137E+002 -0.254598838867133E+001
  0.100000000000000E+001  0.507661969549729E+001 -0.192679737031411E+002  0.672668888764055E+002 -0.854943806969190E+000  0.744699355487879E+001  0.982630341062711E+002 -0.167451030290137E+002 -0.253830984774864E+001
  0.100000000000000E+001  0.505437063586648E+001 -0.192922529650671E+002  0.664943318196841E+002 -0.823792659252738E+000  0.665416773259868E+001  0.889241096440910E+002 -0.167451030290137E+002 -0.252718531793324E+001
  0.100000000000000E+001  0.503774964325346E+001 -0.192763308817641E+002  0.670593348457044E+002 -0.813524581678544E+000  0.637187332768937E+001  0.871846209478595E+002 -0.167451030290137E+002 -0.251887482162673E+001
  0.100000000000000E+001  0.485906560638428E+001 -0.192415629460227E+002  0.676649735103749E+002 -0.673294078701296E+000  0.571335848118629E+001  0.884240326172026E+002 -0.167451030290137E+002 -0.242953280319214E+001
  0.100000000000000E+001  0.479449333944696E+001 -0.192499865547162E+002  0.680014971685156E+002 -0.811959732835326E+000  0.667332662792709E+001  0.912625480096992E+002 -0.167451030290137E+002 -0.239724666972348E+001
  0.100000000000000E+001  0.476260061919241E+001 -0.192893188130989E+002  0.666477860963343E+002 -0.784027508770769E+000  0.590878197045986E+001  0.716156682677477E+002 -0.167451030290137E+002 -0.238130030959621E+001
  0.100000000000000E+001  0.475353711991983E+001 -0.192293284776971E+002  0.686052044327184E+002 -0.735178321260931E+000  0.408495337315309E+001  0.326612050159605E+002 -0.167451030290137E+002 -0.237676855995992E+001
  0.100000000000000E+001  0.474087928313254E+001 -0.192607674376057E+002  0.672865130071836E+002 -0.810374393152384E+000  0.644694919940072E+001  0.804744905621145E+002 -0.167451030290137E+002 -0.237043964156627E+001
  0.100000000000000E+001  0.473597642586119E+001 -0.192427692255566E+002  0.683029280483983E+002 -0.827755577811800E+000  0.579268814626258E+001  0.654180153447390E+002 -0.167451030290137E+002 -0.236798821293060E+001
  0.100000000000000E+001  0.471928213660902E+001 -0.192664229186038E+002  0.668432362459757E+002 -0.684079630686937E+000  0.525298578905763E+001  0.672149279561359E+002 -0.167451030290137E+002 -0.235964106830451E+001
  0.100000000000000E+001  0.471363295232534E+001 -0.192745380980961E+002  0.668069240841621E+002 -0.647114277125481E+000  0.405076926266852E+001  0.442934501003863E+002 -0.167451030290137E+002 -0.235681647616267E+001
  0.100000000000000E+001  0.470291572969853E+001 -0.192750850624087E+002  0.669478970130024E+002 -0.682243297802785E+000  0.334989891713240E+001  0.271141082410706E+002 -0.167451030290137E+002 -0.235145786484927E+001
  0.100000000000000E+001  0.469374846723400E+001 -0.192472346641729E+002  0.674481921283534E+002 -0.703587490703614E+000  0.466475132082444E+001  0.476454921222555E+002 -0.167451030290137E+002 -0.234687423361700E+001
  0.100000000000000E+001  0.469278221733956E+001 -0.192320078168377E+002  0.684387785026801E+002 -0.796318743871859E+000  0.644632137263346E+001  0.950062209754865E+002 -0.167451030290137E+002 -0.234639110866978E+001
  0.100000000000000E+001  0.467977595356950E+001 -0.192660507756380E+002  0.673233460096917E+002 -0.741224366750248E+000  0.555323713784540E+001  0.706370139599317E+002 -0.167451030290137E+002 -0.233988797678475E+001
  0.100000000000000E+001  0.462869326327842E+001 -0.192803467409616E+002  0.670739037895391E+002 -0.798796074397442E+000  0.531001637175107E+001  0.554985897442158E+002 -0.167451030290137E+002 -0.231434663163921E+001
  0.100000000000000E+001  0.460539499776038E+001 -0.192418017626410E+002  0.676217566850545E+002 -0.667351764413133E+000  0.440310149752424E+001  0.547977377955401E+002 -0.167451030290137E+002 -0.230269749888019E+001
  0.100000000000000E+001  0.458921830308208E+001 -0.192416804652241E+002  0.677764816938757E+002 -0.690128161998558E+000  0.407624280506959E+001  0.328860649084560E+002 -0.167451030290137E+002 -0.229460915154104E+001
  0.100000000000000E+001  0.446031115142491E+001 -0.192334742269592E+002  0.677368590283714E+002 -0.627891341309682E+000  0.382136975457436E+001  0.376160039508619E+002 -0.167451030290137E+002 -0.223015557571245E+001
  0.100000000000000E+001  0.445881298973912E+001 -0.192357316660923E+002  0.678203518993993E+002 -0.597713617410470E+000  0.309178857162753E+001  0.241784455524537E+002 -0.167451030290137E+002 -0.222940649486956E+001
  0.100000000000000E+001  0.444209472507004E+001 -0.192929731037840E+002  0.664773084384651E+002 -0.795039499332394E+000  0.599342595068368E+001  0.739751846292090E+002 -0.167451030290137E+002 -0.222104736253502E+001
  0.100000000000000E+001  0.444106437909435E+001 -0.192439232291121E+002  0.681638075698453E+002 -0.726628583428981E+000  0.304217543831829E+001  0.143942843315802E+002 -0.167451030290137E+002 -0.222053218954718E+001
  0.100000000000000E+001  0.438854880065234E+001 -0.192684871127810E+002  0.668740427105737E+002 -0.727850880295997E+000  0.611453767779824E+001  0.965830364429914E+002 -0.167451030290137E+002 -0.219427440032617E+001
  0.100000000000000E+001  0.438304162511570E+001 -0.192369820099226E+002  0.679268950438152E+002 -0.782364178286180E+000  0.658467527727603E+001  0.881403553709773E+002 -0.167451030290137E+002 -0.219152081255785E+001
  0.100000000000000E+001  0.437586364235191E+001 -0.192127221009030E+002  0.686733569538162E+002 -0.723151127115390E+000  0.510157168016796E+001  0.601606875913707E+002 -0.167451030290137E+002 -0.218793182117595E+001
  0.100000000000000E+001  0.435430350875595E+001 -0.192442033841240E+002  0.681185170563046E+002 -0.802904998973083E+000  0.623696768394589E+001  0.763059008559457E+002 -0.167451030290137E+002 -0.217715175437798E+001
  0.100000000000000E+001  0.430380467082707E+001 -0.192507451513191E+002  0.676377192272225E+002 -0.727439162133607E+000  0.616419666268319E+001  0.924938840207928E+002 -0.167451030290137E+002 -0.215190233541354E+001
  0.100000000000000E+001  0.422980702075294E+001 -0.192488700051125E+002  0.677411376727629E+002 -0.684911425389223E+000  0.258968505297258E+001  0.948540701688410E+001 -0.167451030290137E+002 -0.211490351037647E+001
  0.100000000000000E+001  0.418697567038652E+001 -0.192365295385851E+002  0.681071081316852E+002 -0.671874323390163E+000  0.421014180818645E+001  0.498329483015937E+002 -0.167451030290137E+002 -0.209348783519326E+001
  0.100000000000000E+001  0.416957900433236E+001 -0.192490565766479E+002  0.680161382656034E+002 -0.804279908573133E+000  0.520400146376637E+001  0.530698921820454E+002 -0.167451030290137E+002 -0.208478950216618E+001
  0.100000000000000E+001  0.415617561683712E+001 -0.192207095687969E+002  0.687120721629269E+002 -0.788389920105250E+000  0.518261760359701E+001  0.504036455269905E+002 -0.167451030290137E+002 -0.207808780841856E+001
  0.100000000000000E+001  0.414789174124295E+001 -0.192614219842999E+002  0.669328718542591E+002 -0.668552473486997E+000  0.566028659310444E+001  0.935671735005668E+002 -0.167451030290137E+002 -0.207394587062147E+001
  0.100000000000000E+001  0.410631542879683E+001 -0.192628673574823E+002  0.674392080374238E+002 -0.770795995259216E+000  0.606164031172798E+001  0.878591964301268E+002 -0.167451030290137E+002 -0.205315771439841E+001
  0.100000000000000E+001  0.405219449047881E+001 -0.192541590074473E+002  0.676266558847942E+002 -0.686948044728121E+000  0.403137086334483E+001  0.428800091377122E+002 -0.167451030290137E+002 -0.202609724523941E+001
  0.100000000000000E+001  0.404437096879897E+001 -0.192679922790511E+002  0.670210546215547E+002 -0.640551412374456E+000  0.355880667886390E+001  0.315019254811832E+002 -0.167451030290137E+002 -0.202218548439948E+001
  0.100000000000000E+001  0.403927128675458E+001 -0.192780865950913E+002  0.666044988274361E+002 -0.702967237304851E+000  0.607829814442760E+001  0.982046180151252E+002 -0.167451030290137E+002 -0.201963564337729E+001
  0.100000000000000E+001  0.403515413060406E+001 -0.192629539729290E+002  0.668995699538175E+002 -0.620215633325994E+000  0.443828393474454E+001  0.636134213077663E+002 -0.167451030290137E+002 -0.201757706530203E+001
  0.100000000000000E+001  0.400261411503776E+001 -0.192330260879195E+002  0.678548922881116E+002 -0.647765899633154E+000  0.523707890503632E+001  0.865939376976741E+002 -0.167451030290137E+002 -0.200130705751888E+001
  0.100000000000000E+001  0.395813107812228E+001 -0.192436393599262E+002  0.675877648789980E+002 -0.653908827853679E+000  0.548078016642945E+001  0.935524695356192E+002 -0.167451030290137E+002 -0.197906553906114E+001
  0.100000000000000E+001  0.394215056694438E+001 -0.192738550813350E+002  0.668689065214748E+002 -0.713831472892879E+000  0.592744849154075E+001  0.964858652532376E+002 -0.167451030290137E+002 -0.197107528347219E+001
  0.100000000000000E+001  0.393417796435785E+001 -0.192620780617698E+002  0.676046789179767E+002 -0.736324284118766E+000  0.348998877815386E+001  0.222202047170138E+002 -0.167451030290137E+002 -0.196708898217893E+001
  0.100000000000000E+001  0.392779772474765E+001 -0.192574273920914E+002  0.672206355276166E+002 -0.658323397514710E+000  0.530283980491607E+001  0.860118452821076E+002 -0.167451030290137E+002 -0.196389886237382E+001
  0.100000000000000E+001  0.392544669883711E+001 -0.192390224030254E+002  0.676315214271682E+002 -0.638706367906487E+000  0.486268886332319E+001  0.707477005130887E+002 -0.167451030290137E+002 -0.196272334941856E+001
  0.100000000000000E+001  0.391538192358527E+001 -0.192233470462351E+002  0.682821119605708E+002 -0.729357535051128E+000  0.599340919831037E+001  0.834617356972714E+002 -0.167451030290137E+002 -0.195769096179264E+001
  0.100000000000000E+001  0.386365182491979E+001 -0.192172021525419E+002  0.685455330249675E+002 -0.714488590677963E+000  0.554531821218598E+001  0.730774648853676E+002 -0.167451030290137E+002 -0.193182591245990E+001
  0.100000000000000E+001  0.384501282516060E+001 -0.192240259882748E+002  0.686764497351225E+002 -0.811361149468300E+000  0.576867106585255E+001  0.619162804227409E+002 -0.167451030290137E+002 -0.192250641258030E+001
  0.100000000000000E+001  0.383652967760929E+001 -0.192693808931455E+002  0.668985440599504E+002 -0.688898840103520E+000  0.588428658607988E+001  0.991825904512567E+002 -0.167451030290137E+002 -0.191826483880465E+001
  0.100000000000000E+001  0.381831852042047E+001 -0.192629399282780E+002  0.670093531740198E+002 -0.672059847649230E+000  0.375226697167107E+001  0.333677195602804E+002 -0.167451030290137E+002 -0.190915926021023E+001
  0.100000000000000E+001  0.379453026795702E+001 -0.192235637056386E+002  0.682508857174224E+002 -0.706329767856196E+000  0.524567551955768E+001  0.647411767272538E+002 -0.167451030290137E+002 -0.189726513397851E+001
  0.100000000000000E+001  0.375584372464330E+001 -0.192762859251150E+002  0.667626668622407E+002 -0.722571485123603E+000  0.574089475968168E+001  0.863528701866018E+002 -0.167451030290137E+002 -0.187792186232165E+001
  0.100000000000000E+001  0.373976736186774E+001 -0.192636630759945E+002  0.672775128767832E+002 -0.795786778768937E+000  0.571339113289337E+001  0.627831691212014E+002 -0.167451030290137E+002 -0.186988368093387E+001
  0.100000000000000E+001  0.370464381396539E+001 -0.192428295440067E+002  0.676651181036142E+002 -0.603374851921052E+000  0.322590827310433E+001  0.341300985984350E+002 -0.167451030290137E+002 -0.185232190698269E+001
  0.100000000000000E+001  0.483972429254336E+001 -0.192148685093107E+002  0.681667897311784E+002 -0.506101131585836E+000  0.128054864106896E+001  0.184392351866229E+001 -0.167451030290137E+002 -0.241986214627168E+001
  0.100000000000000E+001  0.471243668432587E+001 -0.192398177086452E+002  0.675922610116908E+002 -0.511560819830187E+000  0.155500955097074E+001  0.450698099138805E+001 -0.167451030290137E+002 -0.235621834216293E+001
  0.100000000000000E+001  0.467955567276529E+001 -0.192985203708163E+002  0.661891186878197E+002 -0.620829403708890E+000  0.218765508835933E+001  0.926350103217455E+001 -0.167451030290137E+002 -0.233977783638265E+001
  0.100000000000000E+001  0.368496125493402E+001 -0.192484114843249E+002  0.679112504655727E+002 -0.795112371267635E+000  0.574145162476020E+001  0.701040062727073E+002 -0.167451030290137E+002 -0.184248062746701E+001
  0.100000000000000E+001  0.366345044630523E+001 -0.192550408488320E+002  0.672534903109870E+002 -0.656188950848290E+000  0.527852698069832E+001  0.852289836522239E+002 -0.167451030290137E+002 -0.183172522315262E+001
  0.100000000000000E+001  0.365965640976491E+001 -0.192327037990091E+002  0.679752321353744E+002 -0.715181844111582E+000  0.609080817675820E+001  0.986566004006934E+002 -0.167451030290137E+002 -0.182982820488245E+001
  0.100000000000000E+001  0.364661820039503E+001 -0.192401463212742E+002  0.676192866670980E+002 -0.655219790243243E+000  0.493976057562890E+001  0.724655404755289E+002 -0.167451030290137E+002 -0.182330910019751E+001
  0.100000000000000E+001  0.361039401325653E+001 -0.192773418264831E+002  0.668647402107172E+002 -0.804944371813078E+000  0.678890388696837E+001  0.975817810769090E+002 -0.167451030290137E+002 -0.180519700662827E+001
  0.100000000000000E+001  0.348275674389054E+001 -0.192177773675482E+002  0.686013309866855E+002 -0.685749834676772E+000  0.331447945034866E+001  0.212377282547782E+002 -0.167451030290137E+002 -0.174137837194527E+001
  0.100000000000000E+001  0.346455594228718E+001 -0.192526069846961E+002  0.673860396213412E+002 -0.721801912760297E+000  0.556873227783307E+001  0.696711365030356E+002 -0.167451030290137E+002 -0.173227797114359E+001
  0.100000000000000E+001  0.345055049191328E+001 -0.192374893067711E+002  0.681332953014692E+002 -0.792121379653164E+000  0.573869736661446E+001  0.672092478358038E+002 -0.167451030290137E+002 -0.172527524595664E+001
  0.100000000000000E+001  0.344112735982502E+001 -0.192656888912698E+002  0.671665370671377E+002 -0.708366222688908E+000  0.489643230319346E+001  0.630796743452100E+002 -0.167451030290137E+002 -0.172056367991251E+001
  0.100000000000000E+001  0.341476074525024E+001 -0.192377018016199E+002  0.679831974984175E+002 -0.773007258861334E+000  0.651460476223144E+001  0.886008012490312E+002 -0.167451030290137E+002 -0.170738037262512E+001
  0.100000000000000E+001  0.340663318822421E+001 -0.192264509323010E+002  0.682242116502856E+002 -0.671332756878184E+000  0.381764639794103E+001  0.311909711543497E+002 -0.167451030290137E+002 -0.170331659411210E+001
  0.100000000000000E+001  0.334847373242488E+001 -0.192261056487568E+002  0.684513323317236E+002 -0.741403511370491E+000  0.594393214954861E+001  0.870594351658033E+002 -0.167451030290137E+002 -0.167423686621244E+001
  0.100000000000000E+001  0.332890522524759E+001 -0.192446286261978E+002  0.676415917287170E+002 -0.688137342455197E+000  0.564271832199316E+001  0.927707890324487E+002 -0.167451030290137E+002 -0.166445261262379E+001
  0.100000000000000E+001  0.330936709264171E+001 -0.192560289613281E+002  0.673891254357565E+002 -0.703071907234398E+000  0.466595289679194E+001  0.564163017387147E+002 -0.167451030290137E+002 -0.165468354632086E+001
  0.100000000000000E+001  0.330752605518627E+001 -0.192275978544819E+002  0.682921686813986E+002 -0.714631261818064E+000  0.448521017330169E+001  0.413885123672074E+002 -0.167451030290137E+002 -0.165376302759314E+001
  0.100000000000000E+001  0.326856358269249E+001 -0.192312610984367E+002  0.680623103121350E+002 -0.723863014749816E+000  0.595451902991078E+001  0.897572979793263E+002 -0.167451030290137E+002 -0.163428179134625E+001
  0.100000000000000E+001  0.326385789175190E+001 -0.192650001889143E+002  0.669484968475580E+002 -0.673764685482953E+000  0.499973079736013E+001  0.706794217118937E+002 -0.167451030290137E+002 -0.163192894587595E+001
  0.100000000000000E+001  0.324681185369614E+001 -0.192736606395677E+002  0.669974373874585E+002 -0.804216619865802E+000  0.679535856847809E+001  0.983687422740991E+002 -0.167451030290137E+002 -0.162340592684807E+001
  0.100000000000000E+001  0.320616768119267E+001 -0.192239795794888E+002  0.683577369921643E+002 -0.734591891833193E+000  0.574302440451241E+001  0.788493962427266E+002 -0.167451030290137E+002 -0.160308384059633E+001
  0.100000000000000E+001  0.320510607462096E+001 -0.192470947072648E+002  0.677261080830667E+002 -0.722716809356691E+000  0.593980555015113E+001  0.945313987172341E+002 -0.167451030290137E+002 -0.160255303731048E+001
  0.100000000000000E+001  0.318895624663773E+001 -0.192467371037567E+002  0.677570578222895E+002 -0.734542157942401E+000  0.422953595951418E+001  0.333504413246300E+002 -0.167451030290137E+002 -0.159447812331886E+001
  0.100000000000000E+001  0.318575908117778E+001 -0.192756168189213E+002  0.669535058463255E+002 -0.776508184075770E+000  0.658541126542338E+001  0.990063802011009E+002 -0.167451030290137E+002 -0.159287954058889E+001
  0.100000000000000E+001  0.317856173943250E+001 -0.192686079199177E+002  0.668628850422437E+002 -0.698706778619574E+000  0.542671230353403E+001  0.745317326742262E+002 -0.167451030290137E+002 -0.158928086971625E+001
  0.100000000000000E+001  0.317382841554275E+001 -0.192301870070002E+002  0.684487097976781E+002 -0.821115982841551E+000  0.644707401924268E+001  0.804530539342125E+002 -0.167451030290137E+002 -0.158691420777137E+001
  0.100000000000000E+001  0.315335080630682E+001 -0.192410714898661E+002  0.675864830810900E+002 -0.625030300929020E+000  0.317525101234724E+001  0.254768331889065E+002 -0.167451030290137E+002 -0.157667540315341E+001
  0.100000000000000E+001  0.313550971257241E+001 -0.192352448007656E+002  0.683605000804641E+002 -0.802256713392312E+000  0.598545689281813E+001  0.703622948361821E+002 -0.167451030290137E+002 -0.156775485628621E+001
  0.100000000000000E+001  0.313397301073780E+001 -0.192647969022837E+002  0.671256445607544E+002 -0.666506543509695E+000  0.311424124755818E+001  0.220413439770566E+002 -0.167451030290137E+002 -0.156698650536890E+001
  0.100000000000000E+001  0.311014002126279E+001 -0.192621272570065E+002  0.669619518964691E+002 -0.610062438816995E+000  0.266119610390888E+001  0.143653213960474E+002 -0.167451030290137E+002 -0.155507001063140E+001
  0.100000000000000E+001  0.310656115838312E+001 -0.192778775659889E+002  0.668135004851246E+002 -0.736758155321356E+000  0.482689082107803E+001  0.482959100983406E+002 -0.167451030290137E+002 -0.155328057919156E+001
  0.100000000000000E+001  0.309078340818492E+001 -0.192625293780536E+002  0.673714261887718E+002 -0.715889727899522E+000  0.390339345825067E+001  0.289323263263299E+002 -0.167451030290137E+002 -0.154539170409246E+001
  0.100000000000000E+001  0.309064960743777E+001 -0.192563712860743E+002  0.674535846616941E+002 -0.716728947510934E+000  0.569821383566116E+001  0.854582964550581E+002 -0.167451030290137E+002 -0.154532480371888E+001
  0.100000000000000E+001  0.304203075841964E+001 -0.192654920374853E+002  0.672603125881451E+002 -0.793941855967947E+000  0.663200218018627E+001  0.898142805101552E+002 -0.167451030290137E+002 -0.152101537920982E+001
  0.100000000000000E+001  0.304032613873611E+001 -0.192664251354811E+002  0.672555206442718E+002 -0.823832344600874E+000  0.691482246330575E+001  0.955783503851647E+002 -0.167451030290137E+002 -0.152016306936806E+001
  0.100000000000000E+001  0.300686050846435E+001 -0.192522199750880E+002  0.674696355283600E+002 -0.706755169840983E+000  0.504828806680149E+001  0.663709627357910E+002 -0.167451030290137E+002 -0.150343025423218E+001
  0.100000000000000E+001  0.300390562942945E+001 -0.192244404548607E+002  0.684442439681424E+002 -0.689173475159842E+000  0.437551516998230E+001  0.474580224126263E+002 -0.167451030290137E+002 -0.150195281471473E+001
  0.100000000000000E+001  0.294773333636638E+001 -0.192709742388314E+002  0.667716806260337E+002 -0.655751918073740E+000  0.383427251176089E+001  0.351400960178973E+002 -0.167451030290137E+002 -0.147386666818319E+001
  0.100000000000000E+001  0.304360828257029E+001 -0.192318855211532E+002  0.678233059188103E+002 -0.517431872632603E+000  0.130700636469119E+001  0.331314532883368E+001 -0.167451030290137E+002 -0.152180414128515E+001
  0.100000000000000E+001  0.286371212286874E+001 -0.192709923316414E+002  0.671067479629042E+002 -0.767782770713583E+000  0.508079125197852E+001  0.508578763361210E+002 -0.167451030290137E+002 -0.143185606143437E+001
  0.100000000000000E+001  0.280652898973403E+001 -0.192602180470521E+002  0.669962177098859E+002 -0.605124443708625E+000  0.320934967039429E+001  0.290858036150118E+002 -0.167451030290137E+002 -0.140326449486701E+001
  0.100000000000000E+001  0.278710855133468E+001 -0.192606340743362E+002  0.672434539513026E+002 -0.759312160301230E+000  0.615145417462885E+001  0.859681655846819E+002 -0.167451030290137E+002 -0.139355427566734E+001
  0.100000000000000E+001  0.277501344725505E+001 -0.192634424259746E+002  0.673499549502962E+002 -0.720244588290629E+000  0.443989417083746E+001  0.423114367380558E+002 -0.167451030290137E+002 -0.138750672362753E+001
  0.100000000000000E+001  0.271935117670323E+001 -0.192356108087731E+002  0.682388160317498E+002 -0.809358629915261E+000  0.667358555952942E+001  0.924807090199796E+002 -0.167451030290137E+002 -0.135967558835161E+001
  0.100000000000000E+001  0.271538973427246E+001 -0.192626295983612E+002  0.670696721119765E+002 -0.611431600263988E+000  0.312530668783277E+001  0.273660227900393E+002 -0.167451030290137E+002 -0.135769486713623E+001
  0.100000000000000E+001  0.257348651820415E+001 -0.192605873783362E+002  0.674664242189719E+002 -0.795962087029829E+000  0.641730900897368E+001  0.844031796405244E+002 -0.167451030290137E+002 -0.128674325910208E+001
  0.100000000000000E+001  0.256288821274639E+001 -0.192462174148737E+002  0.679036267513118E+002 -0.778770906175889E+000  0.616236916300714E+001  0.850456628519765E+002 -0.167451030290137E+002 -0.128144410637319E+001
  0.100000000000000E+001  0.248954381100204E+001 -0.192351428923105E+002  0.679905357736393E+002 -0.695553519555553E+000  0.407195090197685E+001  0.357251685950276E+002 -0.167451030290137E+002 -0.124477190550102E+001
  0.100000000000000E+001  0.287093842048582E+001 -0.192602333670450E+002  0.673939026616202E+002 -0.604240377438106E+000  0.144747423963306E+001  0.184900458715740E+001 -0.167451030290137E+002 -0.143546921024291E+001
  0.100000000000000E+001  0.286116153176538E+001 -0.192722714476562E+002  0.669372614039138E+002 -0.657907181192067E+000  0.248449844423286E+001  0.105097035702782E+002 -0.167451030290137E+002 -0.143058076588269E+001
  0.100000000000000E+001  0.285564145076140E+001 -0.192508224868317E+002  0.673540754185713E+002 -0.624016949881410E+000  0.258757916313794E+001  0.124852733951101E+002 -0.167451030290137E+002 -0.142782072538070E+001
  0.100000000000000E+001  0.283231726728764E+001 -0.192271033961574E+002  0.680994720301238E+002 -0.558593359764995E+000  0.137771364952975E+001  0.138567526942528E+001 -0.167451030290137E+002 -0.141615863364382E+001
  0.100000000000000E+001  0.275608454067598E+001 -0.192329986389568E+002  0.681338684683147E+002 -0.553883139449230E+000  0.125016461769104E+001  0.162311596560578E+001 -0.167451030290137E+002 -0.137804227033799E+001
  0.100000000000000E+001  0.272696705088344E+001 -0.192267932616182E+002  0.683845142883716E+002 -0.632658742230518E+000  0.234379039340768E+001  0.110681709588899E+002 -0.167451030290137E+002 -0.136348352544172E+001
  0.100000000000000E+001  0.262626682358017E+001 -0.192212426588549E+002  0.684883415908302E+002 -0.621706783764558E+000  0.202722869423867E+001  0.629052466985513E+001 -0.167451030290137E+002 -0.131313341179009E+001
  0.100000000000000E+001  0.239595802488556E+001 -0.192496159394441E+002  0.677764833447470E+002 -0.784530996801431E+000  0.646922338394326E+001  0.894481284354737E+002 -0.167451030290137E+002 -0.119797901244278E+001
  0.100000000000000E+001  0.239387380184072E+001 -0.192600926370975E+002  0.672296568884519E+002 -0.624173716150348E+000  0.283370086743724E+001  0.175569447227885E+002 -0.167451030290137E+002 -0.119693690092036E+001
  0.100000000000000E+001  0.215967531119068E+001 -0.192521446685783E+002  0.676826216509882E+002 -0.779184238485142E+000  0.600672647286936E+001  0.761172546679416E+002 -0.167451030290137E+002 -0.107983765559534E+001
  0.100000000000000E+001  0.237909634635470E+001 -0.192492896679510E+002  0.675926081309281E+002 -0.589996108610626E+000  0.196420790432798E+001  0.840789892785152E+001 -0.167451030290137E+002 -0.118954817317735E+001
  0.100000000000000E+001  0.232446887315323E+001 -0.192641931222099E+002  0.669647462026409E+002 -0.612370996109059E+000  0.242380769422540E+001  0.125345650649079E+002 -0.167451030290137E+002 -0.116223443657662E+001
  0.100000000000000E+001  0.229147467953096E+001 -0.192625870906385E+002  0.670814931888500E+002 -0.615436076873797E+000  0.207100601992820E+001  0.681835206516455E+001 -0.167451030290137E+002 -0.114573733976548E+001
  0.100000000000000E+001  0.224203091347606E+001 -0.192451284167741E+002  0.676209573652960E+002 -0.560470380312602E+000  0.115363966971340E+001  0.493753428294411E+000 -0.167451030290137E+002 -0.112101545673803E+001
  0.100000000000000E+001  0.223429810262409E+001 -0.192361182344578E+002  0.681195775788170E+002 -0.655646992790600E+000  0.271220362228743E+001  0.132149472052313E+002 -0.167451030290137E+002 -0.111714905131204E+001
  0.100000000000000E+001  0.215762545005008E+001 -0.192316788142196E+002  0.678155011375865E+002 -0.502011053306314E+000  0.114943808686948E+001  0.140671261457857E+001 -0.167451030290137E+002 -0.107881272502504E+001
  0.100000000000000E+001  0.215563420397992E+001 -0.192481219715161E+002  0.674271713907613E+002 -0.605086289609805E+000  0.240993247774931E+001  0.127259281146662E+002 -0.167451030290137E+002 -0.107781710198996E+001
  0.100000000000000E+001  0.213366716872429E+001 -0.192347062800987E+002  0.680477222190730E+002 -0.626310821533720E+000  0.217705783341851E+001  0.723652695964638E+001 -0.167451030290137E+002 -0.106683358436214E+001
  0.100000000000000E+001  0.197189511423900E+001 -0.192460218276739E+002  0.678338615917625E+002 -0.723902248312902E+000  0.436093974621783E+001  0.396065520875024E+002 -0.167451030290137E+002 -0.985947557119498E+000
  0.100000000000000E+001  0.190835752648868E+001 -0.192486633091695E+002  0.677665781170013E+002 -0.704580933637671E+000  0.393861067297520E+001  0.330887047356712E+002 -0.167451030290137E+002 -0.954178763244338E+000
  0.100000000000000E+001  0.201825265886615E+001 -0.192639636230789E+002  0.672127825364814E+002 -0.609314281848134E+000  0.207872697531961E+001  0.804338889482254E+001 -0.167451030290137E+002 -0.100912632943308E+001
  0.100000000000000E+001  0.183095925417103E+001 -0.192512601190504E+002  0.674772114692369E+002 -0.659638792599619E+000  0.356489985033926E+001  0.289978866844975E+002 -0.167451030290137E+002 -0.915479627085515E+000
  0.100000000000000E+001  0.158029824128146E+001 -0.192596793482070E+002  0.673210290736585E+002 -0.616358341585601E+000  0.193701425078507E+001  0.556777002895747E+001 -0.167451030290137E+002 -0.790149120640732E+000
  0.100000000000000E+001  0.153697840767745E+001 -0.192523075837504E+002  0.673753495863284E+002 -0.553727226829494E+000  0.126268949260632E+001  0.154751313325698E+001 -0.167451030290137E+002 -0.768489203838723E+000
  0.100000000000000E+001  0.152689849820686E+001 -0.192405597515319E+002  0.676534448207082E+002 -0.497551453815501E+000  0.746956403247655E+000 -0.460787104678673E+000 -0.167451030290137E+002 -0.763449249103431E+000
  0.100000000000000E+001  0.148523490060670E+001 -0.192372694851605E+002  0.678826004919135E+002 -0.535318093852735E+000  0.103546158442089E+001  0.229839421890432E+000 -0.167451030290137E+002 -0.742617450303350E+000
