  0.100000000000000E+001  0.196009466510054E+002 -0.102107782579563E+002  0.754540742437011E+002 -0.469574951547492E+000  0.510486468769208E+000 -0.107536384819057E+002 -0.980047332550268E+001
  0.100000000000000E+001  0.251343168313479E+002  0.203222549980508E+001  0.608435487142347E+002 -0.377506543672204E+000  0.354132163963234E+000 -0.107536384819057E+002 -0.125671584156739E+002
  0.100000000000000E+001  0.199253620500422E+002  0.165905377047557E+002  0.546855301551847E+002 -0.101975741076907E+000  0.368780839534252E+000 -0.107536384819057E+002 -0.996268102502109E+001
  0.100000000000000E+001  0.199560476793720E+002 -0.162487202342066E+001  0.714056642814030E+002 -0.190659210015875E+000  0.136705988190345E+000 -0.107536384819057E+002 -0.997802383968599E+001
  0.100000000000000E+001  0.234420017815541E+002  0.745210949449466E+001  0.606388368050725E+002 -0.179233851262104E+000  0.136063177694608E+000 -0.107536384819057E+002 -0.117210008907770E+002
  0.100000000000000E+001  0.232860677089621E+002 -0.971262560461892E+001  0.534169234483239E+002 -0.266513267168960E+000  0.496856223830870E+000 -0.107536384819057E+002 -0.116430338544811E+002
  0.100000000000000E+001  0.203898762915063E+002 -0.354516338729457E+001  0.539392203008031E+002 -0.506415317855333E-001  0.483305537418909E+000 -0.107536384819057E+002 -0.101949381457532E+002
  0.100000000000000E+001  0.204578609684293E+002 -0.157094275346223E+002  0.549443055543004E+002 -0.119134875847664E+000  0.494425775951308E+000 -0.107536384819057E+002 -0.102289304842146E+002
  0.100000000000000E+001  0.204614252228988E+002 -0.423079242024243E+001  0.609813826315995E+002 -0.353974594615258E-001  0.432804197786147E+000 -0.107536384819057E+002 -0.102307126114494E+002
  0.100000000000000E+001  0.204645222211399E+002  0.282735761802525E+001  0.698287071776865E+002 -0.106882261196338E+000  0.535487100305954E-001 -0.107536384819057E+002 -0.102322611105700E+002
  0.100000000000000E+001  0.206547398607158E+002  0.163608335664087E+002  0.586164080363442E+002 -0.310445276358009E+000  0.389492214071896E+000 -0.107536384819057E+002 -0.103273699303579E+002
  0.100000000000000E+001  0.212731296313396E+002  0.710393959440431E+001  0.536286218689444E+002 -0.104521426707822E+000  0.378146989016673E+000 -0.107536384819057E+002 -0.106365648156698E+002
  0.100000000000000E+001  0.215167605552775E+002 -0.112683645821546E+002  0.728456490364019E+002 -0.330211545849229E+000  0.434484002096270E+000 -0.107536384819057E+002 -0.107583802776387E+002
  0.100000000000000E+001  0.218336717881713E+002  0.555289932656074E+001  0.770456464932067E+002 -0.384436025845425E+000  0.309767343944580E+000 -0.107536384819057E+002 -0.109168358940856E+002
  0.100000000000000E+001  0.194827230945943E+002  0.566778532098574E+001  0.673250587354730E+002 -0.243955766077796E+000  0.430700906130764E+000 -0.107536384819057E+002 -0.974136154729714E+001
  0.100000000000000E+001  0.192219483161662E+002 -0.116757963173962E+002  0.612535610080607E+002 -0.197837527450595E+000  0.230404051708368E+000 -0.107536384819057E+002 -0.961097415808309E+001
  0.100000000000000E+001  0.190424618726253E+002  0.527260343248149E+001  0.557121991529107E+002 -0.435311279578867E-001  0.311785633565128E+000 -0.107536384819057E+002 -0.952123093631263E+001
  0.100000000000000E+001  0.190147715044996E+002 -0.450827913479273E+001  0.702664151602030E+002 -0.316947522012343E+000  0.245189036374878E+000 -0.107536384819057E+002 -0.950738575224979E+001
  0.100000000000000E+001  0.189440907325348E+002 -0.189572620358562E+002  0.597164236864303E+002 -0.676789286821073E-001  0.437415448989292E+000 -0.107536384819057E+002 -0.947204536626740E+001
  0.100000000000000E+001  0.189160454796784E+002 -0.855234949856454E+001  0.555914810392152E+002 -0.845654826666133E-001  0.454138685512878E+000 -0.107536384819057E+002 -0.945802273983922E+001
  0.100000000000000E+001  0.189068436103331E+002 -0.137289813685447E+002  0.725313667783064E+002 -0.553206124344724E+000  0.539854872767839E+000 -0.107536384819057E+002 -0.945342180516654E+001
  0.100000000000000E+001  0.188337793962025E+002 -0.557832235880317E+001  0.553826362283579E+002 -0.119533725742040E+000  0.440262030617377E+000 -0.107536384819057E+002 -0.941688969810127E+001
  0.100000000000000E+001  0.186982696310858E+002 -0.245223411535417E+001  0.610827419141783E+002 -0.379014795992114E+000  0.536578051319031E+000 -0.107536384819057E+002 -0.934913481554292E+001
  0.100000000000000E+001  0.186864904781278E+002  0.166237084243995E+002  0.614460471619627E+002 -0.228727705310055E+000  0.268837147576535E+000 -0.107536384819057E+002 -0.934324523906390E+001
  0.100000000000000E+001  0.186193372596751E+002  0.480903574026876E+001  0.585926349703333E+002 -0.336839159017812E+000  0.498262790588373E+000 -0.107536384819057E+002 -0.930966862983757E+001
  0.100000000000000E+001  0.186135339522479E+002  0.109170574883927E+002  0.672188408227022E+002 -0.326027040134009E+000  0.479762447013373E+000 -0.107536384819057E+002 -0.930676697612397E+001
  0.100000000000000E+001  0.184584647855201E+002  0.165387583354130E+001  0.661910274451803E+002 -0.615664364271020E-001  0.266299442980886E+000 -0.107536384819057E+002 -0.922923239276006E+001
  0.100000000000000E+001  0.184067476882682E+002 -0.900358635007435E+001  0.563275014708269E+002 -0.154369641922488E+000  0.447831004257916E+000 -0.107536384819057E+002 -0.920337384413411E+001
  0.100000000000000E+001  0.183011272946446E+002 -0.908283643917020E+001  0.596652343534140E+002 -0.211945312123500E+000  0.308913577493938E+000 -0.107536384819057E+002 -0.915056364732231E+001
  0.100000000000000E+001  0.182970343665826E+002  0.142945665678193E+002  0.644110666511121E+002 -0.313984754156019E+000  0.493582315379366E+000 -0.107536384819057E+002 -0.914851718329128E+001
  0.100000000000000E+001  0.182625953670685E+002  0.204711631704921E+001  0.606138152705383E+002 -0.372079241330246E+000  0.525533918855939E+000 -0.107536384819057E+002 -0.913129768353426E+001
  0.100000000000000E+001  0.191029346125773E+002  0.125705154471639E+002  0.745455582093028E+002 -0.427167464888030E+000  0.472539454041138E+000 -0.107536384819057E+002 -0.955146730628867E+001
  0.100000000000000E+001  0.182592026538747E+002  0.130185110788285E+002  0.752708607896922E+002 -0.485526281143890E+000  0.498444454357515E+000 -0.107536384819057E+002 -0.912960132693734E+001
  0.100000000000000E+001  0.182241896717019E+002  0.149397679725878E+002  0.606914596959266E+002 -0.171034817911546E+000  0.454009566491721E+000 -0.107536384819057E+002 -0.911209483585094E+001
  0.100000000000000E+001  0.181841244665266E+002  0.121386588627240E+002  0.666186716872535E+002 -0.537531084944802E-001  0.136586661713848E+000 -0.107536384819057E+002 -0.909206223326328E+001
  0.100000000000000E+001  0.181682263755441E+002 -0.193673269883500E+002  0.633913382104477E+002 -0.421351091363145E+000  0.459738430354727E+000 -0.107536384819057E+002 -0.908411318777203E+001
  0.100000000000000E+001  0.180830902551970E+002 -0.130203510269135E+002  0.654977202906976E+002 -0.900379419361388E-001  0.114331989049522E+000 -0.107536384819057E+002 -0.904154512759852E+001
  0.100000000000000E+001  0.178440919004170E+002  0.137150706440707E+002  0.588298700805573E+002 -0.254550949321110E+000  0.390997434154645E+000 -0.107536384819057E+002 -0.892204595020851E+001
  0.100000000000000E+001  0.178028355228631E+002  0.477572903392554E+001  0.605969742186898E+002 -0.105023502400629E+000  0.210956997601061E+000 -0.107536384819057E+002 -0.890141776143156E+001
  0.100000000000000E+001  0.177827126336605E+002  0.114145222287193E+002  0.712688065607501E+002 -0.285154955989378E+000  0.347741294514281E+000 -0.107536384819057E+002 -0.889135631683025E+001
  0.100000000000000E+001  0.177549297912192E+002 -0.172811261720453E+002  0.623990402335240E+002 -0.201300340095599E+000  0.244932455155665E+000 -0.107536384819057E+002 -0.887746489560959E+001
  0.100000000000000E+001  0.177076414940557E+002  0.428667811231483E+001  0.567120703651464E+002 -0.355898804546277E-001  0.400487184402452E+000 -0.107536384819057E+002 -0.885382074702786E+001
  0.100000000000000E+001  0.176757230871877E+002 -0.928935526846116E+001  0.713974246236351E+002 -0.309566839909976E+000  0.375609231071749E+000 -0.107536384819057E+002 -0.883786154359384E+001
  0.100000000000000E+001  0.176202456902707E+002  0.175245507284847E+002  0.644634684013415E+002 -0.236047527859315E-001  0.141981214215480E+000 -0.107536384819057E+002 -0.881012284513534E+001
  0.100000000000000E+001  0.173804294143378E+002 -0.997717458785482E+001  0.644484393739246E+002 -0.437197237711792E+000  0.546626846361066E+000 -0.107536384819057E+002 -0.869021470716891E+001
  0.100000000000000E+001  0.173675558684751E+002 -0.293323597420038E+000  0.717083300272519E+002 -0.402967977475825E+000  0.379078739819933E+000 -0.107536384819057E+002 -0.868377793423755E+001
  0.100000000000000E+001  0.171835661776657E+002  0.129327242335729E+002  0.610560504567636E+002 -0.216010079039679E-001  0.190652720206885E+000 -0.107536384819057E+002 -0.859178308883287E+001
  0.100000000000000E+001  0.171676178371131E+002  0.158530645109053E+002  0.644634723666937E+002 -0.513431550350016E-001  0.170471080091984E+000 -0.107536384819057E+002 -0.858380891855655E+001
  0.100000000000000E+001  0.171420899324572E+002  0.318969399057593E+001  0.627797771304479E+002 -0.190632574201743E+000  0.424211095013395E+000 -0.107536384819057E+002 -0.857104496622862E+001
  0.100000000000000E+001  0.171163366489017E+002 -0.184192202958990E+002  0.591828593964033E+002 -0.724761956979560E-001  0.396241608710883E+000 -0.107536384819057E+002 -0.855816832445087E+001
  0.100000000000000E+001  0.171139923123140E+002 -0.102877467132758E+002  0.684664167233959E+002 -0.527801182052713E+000  0.580585645288942E+000 -0.107536384819057E+002 -0.855699615615700E+001
  0.100000000000000E+001  0.171027608189422E+002  0.139103307099185E+002  0.626783730893888E+002 -0.177246459764205E+000  0.416806966550709E+000 -0.107536384819057E+002 -0.855138040947108E+001
  0.100000000000000E+001  0.170917856555311E+002 -0.416824575924227E+001  0.598105929522744E+002 -0.673965989166954E-001  0.243406487258218E+000 -0.107536384819057E+002 -0.854589282776555E+001
  0.100000000000000E+001  0.170592802942422E+002  0.723620183017326E+001  0.577547727421325E+002 -0.883050479907665E-001  0.347956392718633E+000 -0.107536384819057E+002 -0.852964014712110E+001
  0.100000000000000E+001  0.170538881329729E+002 -0.117722207376491E+002  0.650900744467657E+002 -0.148872401547248E+000  0.352554654263738E+000 -0.107536384819057E+002 -0.852694406648644E+001
  0.100000000000000E+001  0.170326162849621E+002  0.861575018136703E+001  0.703861718569522E+002 -0.366300988486780E+000  0.347088572148669E+000 -0.107536384819057E+002 -0.851630814248107E+001
  0.100000000000000E+001  0.169901267044024E+002  0.178300372432774E+002  0.583785309451852E+002 -0.193408609177873E+000  0.397416076995047E+000 -0.107536384819057E+002 -0.849506335220122E+001
  0.100000000000000E+001  0.169867125689030E+002  0.828362346257216E+001  0.637344956511939E+002 -0.435460724608909E+000  0.535250655834428E+000 -0.107536384819057E+002 -0.849335628445148E+001
  0.100000000000000E+001  0.169571575767211E+002 -0.254298274482850E+001  0.588535635071107E+002 -0.639887680711186E-001  0.385224574407528E+000 -0.107536384819057E+002 -0.847857878836055E+001
  0.100000000000000E+001  0.169416199847853E+002 -0.162866870422483E+001  0.615476962604987E+002 -0.207470838491230E+000  0.293776774391249E+000 -0.107536384819057E+002 -0.847080999239265E+001
  0.100000000000000E+001  0.169382592421262E+002 -0.488178524002982E+001  0.626225575928231E+002 -0.897741525237694E-001  0.193957420855510E+000 -0.107536384819057E+002 -0.846912962106312E+001
  0.100000000000000E+001  0.169261171211523E+002  0.101128612148699E+002  0.703028899344913E+002 -0.456455445632792E+000  0.451337817170359E+000 -0.107536384819057E+002 -0.846305856057616E+001
  0.100000000000000E+001  0.168987730488790E+002 -0.124503443980147E+002  0.646432695441428E+002 -0.253835126946725E+000  0.277297418893070E+000 -0.107536384819057E+002 -0.844938652443951E+001
  0.100000000000000E+001  0.168857125387121E+002 -0.427141689360332E+001  0.582238108818214E+002 -0.576749000530403E-001  0.369981525846179E+000 -0.107536384819057E+002 -0.844285626935607E+001
  0.100000000000000E+001  0.168715899542609E+002  0.552348589962670E+001  0.606549431306004E+002 -0.218334076276405E-001  0.331518642426632E+000 -0.107536384819057E+002 -0.843579497713044E+001
  0.100000000000000E+001  0.168659161651304E+002  0.146595549278596E+002  0.680872514560174E+002 -0.413679903211934E+000  0.412407520898533E+000 -0.107536384819057E+002 -0.843295808256521E+001
  0.100000000000000E+001  0.167727051471471E+002 -0.378533784093673E+000  0.582158517470013E+002 -0.759609484390646E-001  0.359094773117520E+000 -0.107536384819057E+002 -0.838635257357354E+001
  0.100000000000000E+001  0.167011305181247E+002 -0.114539578729109E+002  0.646456470144977E+002 -0.267682909712951E+000  0.295890228560260E+000 -0.107536384819057E+002 -0.835056525906235E+001
  0.100000000000000E+001  0.166873525482544E+002 -0.330551240968283E+001  0.643664352682790E+002 -0.742704049532910E-001  0.259896724655552E+000 -0.107536384819057E+002 -0.834367627412722E+001
  0.100000000000000E+001  0.166427422004042E+002  0.418776185780338E+001  0.634242104070488E+002 -0.585852746510751E-001  0.275641603420588E+000 -0.107536384819057E+002 -0.832137110020211E+001
  0.100000000000000E+001  0.165957620957201E+002  0.723239310931305E+000  0.599388920766800E+002 -0.393431089606748E-001  0.268336559873980E+000 -0.107536384819057E+002 -0.829788104786005E+001
  0.100000000000000E+001  0.165798728269975E+002  0.903992927039570E+001  0.623231877921395E+002 -0.384460766023550E+000  0.491339952927917E+000 -0.107536384819057E+002 -0.828993641349874E+001
  0.100000000000000E+001  0.165489226128787E+002  0.708523234931125E+001  0.645450338917680E+002 -0.134331165289530E+000  0.333463991493073E+000 -0.107536384819057E+002 -0.827446130643935E+001
  0.100000000000000E+001  0.165418299379787E+002  0.754352431230256E+001  0.615131634875180E+002 -0.123202706346776E+000  0.251019120655943E+000 -0.107536384819057E+002 -0.827091496898937E+001
  0.100000000000000E+001  0.165240529601479E+002 -0.141128638311035E+002  0.614897265079891E+002 -0.103631865125662E+000  0.368211715024508E+000 -0.107536384819057E+002 -0.826202648007397E+001
  0.100000000000000E+001  0.165205902849964E+002 -0.712603472043085E+001  0.629561703341792E+002 -0.994896728734402E-001  0.336955330433948E+000 -0.107536384819057E+002 -0.826029514249820E+001
  0.100000000000000E+001  0.164853080567669E+002  0.758888552463397E+001  0.607685309752315E+002 -0.261359170803284E-001  0.270682369201829E+000 -0.107536384819057E+002 -0.824265402838343E+001
  0.100000000000000E+001  0.164638203390612E+002  0.660489217453984E+001  0.599393981659587E+002 -0.189222921482857E+000  0.421372216728624E+000 -0.107536384819057E+002 -0.823191016953059E+001
  0.100000000000000E+001  0.163956866914643E+002  0.158415449532974E+002  0.654163041823809E+002 -0.238527346451175E+000  0.405551595694527E+000 -0.107536384819057E+002 -0.819784334573214E+001
  0.100000000000000E+001  0.163799399269290E+002  0.711218595163598E+001  0.626941970238791E+002 -0.267819317570155E+000  0.340311576454630E+000 -0.107536384819057E+002 -0.818996996346452E+001
  0.100000000000000E+001  0.163411006889056E+002  0.484774464545978E+000  0.639675882792298E+002 -0.887088019304363E-001  0.236224792175919E+000 -0.107536384819057E+002 -0.817055034445279E+001
  0.100000000000000E+001  0.163086901774062E+002  0.677649960419731E+001  0.674978043795202E+002 -0.473692883609052E+000  0.510486094658046E+000 -0.107536384819057E+002 -0.815434508870308E+001
  0.100000000000000E+001  0.162821746591847E+002 -0.173459819278069E+002  0.659162217513515E+002 -0.408708452241306E+000  0.442919799133394E+000 -0.107536384819057E+002 -0.814108732959235E+001
  0.100000000000000E+001  0.162720948122538E+002  0.104889490419947E+002  0.612124155003801E+002 -0.202623683851978E+000  0.323825803788137E+000 -0.107536384819057E+002 -0.813604740612690E+001
  0.100000000000000E+001  0.162370879186048E+002  0.127943466812281E+002  0.627788701118467E+002 -0.157612444745454E+000  0.258298792934555E+000 -0.107536384819057E+002 -0.811854395930240E+001
  0.100000000000000E+001  0.162014599724017E+002 -0.815648831718145E+001  0.632114423232725E+002 -0.879544826103227E-001  0.245139980264830E+000 -0.107536384819057E+002 -0.810072998620087E+001
  0.100000000000000E+001  0.161704462637700E+002 -0.100675423683139E+002  0.597572407853844E+002 -0.167070410934505E+000  0.362621165565145E+000 -0.107536384819057E+002 -0.808522313188501E+001
  0.100000000000000E+001  0.160770910153734E+002 -0.158253385817863E+002  0.612109256795258E+002 -0.223559350396147E+000  0.350529109112227E+000 -0.107536384819057E+002 -0.803854550768671E+001
  0.100000000000000E+001  0.159839955172327E+002 -0.670779393826194E+001  0.603463846893223E+002 -0.121056328041996E+000  0.336287665569900E+000 -0.107536384819057E+002 -0.799199775861633E+001
  0.100000000000000E+001  0.159473768187762E+002 -0.471007548502368E+001  0.658751944622764E+002 -0.440408798919798E+000  0.502964542251902E+000 -0.107536384819057E+002 -0.797368840938812E+001
  0.100000000000000E+001  0.159312213731047E+002 -0.100944290906528E+002  0.658532769875941E+002 -0.416897942560049E+000  0.465314347808024E+000 -0.107536384819057E+002 -0.796561068655233E+001
  0.100000000000000E+001  0.159235685319182E+002 -0.178376074423833E+002  0.706718884130883E+002 -0.428200314760619E+000  0.461422843141745E+000 -0.107536384819057E+002 -0.796178426595912E+001
  0.100000000000000E+001  0.157567677304312E+002 -0.184842691119777E+002  0.688253157122423E+002 -0.425307087765430E+000  0.452746127766601E+000 -0.107536384819057E+002 -0.787838386521561E+001
  0.100000000000000E+001  0.157136104144107E+002 -0.566310883162514E+001  0.633185549991253E+002 -0.135862952172878E+000  0.297916531903869E+000 -0.107536384819057E+002 -0.785680520720536E+001
  0.100000000000000E+001  0.161414240747064E+002 -0.179605023368141E+001  0.685760562499132E+002 -0.262619597163681E+000  0.340821787788115E+000 -0.107536384819057E+002 -0.807071203735322E+001
  0.100000000000000E+001  0.160346727342541E+002  0.128426702627923E+002  0.641633251329969E+002 -0.342213723478670E+000  0.477416995868282E+000 -0.107536384819057E+002 -0.801733636712706E+001
  0.100000000000000E+001  0.160051031408014E+002  0.157704950434850E+002  0.618780463396588E+002 -0.193192035323019E+000  0.403639510727476E+000 -0.107536384819057E+002 -0.800255157040072E+001
  0.100000000000000E+001  0.158545796082673E+002  0.522694106386440E+001  0.626709523710635E+002 -0.112757306166184E+000  0.284281364468892E+000 -0.107536384819057E+002 -0.792728980413365E+001
  0.100000000000000E+001  0.158292408192189E+002  0.109313438790086E+002  0.630926132652792E+002 -0.196868146681694E+000  0.388548090336474E+000 -0.107536384819057E+002 -0.791462040960943E+001
  0.100000000000000E+001  0.158175193925540E+002  0.116269581764070E+002  0.638512135304660E+002 -0.370733720077412E+000  0.482171302793775E+000 -0.107536384819057E+002 -0.790875969627699E+001
  0.100000000000000E+001  0.157036255034850E+002 -0.347200192797198E+001  0.693324174957489E+002 -0.396068162196523E+000  0.422567468168642E+000 -0.107536384819057E+002 -0.785181275174252E+001
  0.100000000000000E+001  0.156502801352254E+002 -0.376511667956132E+001  0.656557338887926E+002 -0.199243377901673E+000  0.295339473472000E+000 -0.107536384819057E+002 -0.782514006761269E+001
  0.100000000000000E+001  0.155690320417807E+002 -0.112105898555571E+002  0.623413107369370E+002 -0.199999876300024E+000  0.331759168609459E+000 -0.107536384819057E+002 -0.778451602089036E+001
  0.100000000000000E+001  0.154686388776290E+002 -0.530095431482390E+001  0.641592959592894E+002 -0.359212756768960E+000  0.450413002624579E+000 -0.107536384819057E+002 -0.773431943881448E+001
  0.100000000000000E+001  0.153847762986005E+002 -0.163816101793038E+002  0.635351938129183E+002 -0.227867366466120E+000  0.385362401541864E+000 -0.107536384819057E+002 -0.769238814930023E+001
  0.100000000000000E+001  0.154692770687416E+002  0.950833975108687E+001  0.677557152693966E+002 -0.392393842580901E+000  0.470249912816127E+000 -0.107536384819057E+002 -0.773463853437078E+001
  0.100000000000000E+001  0.154633756809076E+002  0.193718785298729E+002  0.632732166096547E+002 -0.259845955542894E+000  0.359363199510073E+000 -0.107536384819057E+002 -0.773168784045382E+001
  0.100000000000000E+001  0.154413117183805E+002  0.169049823959589E+002  0.630961958784924E+002 -0.218983805303599E+000  0.385343826451235E+000 -0.107536384819057E+002 -0.772065585919026E+001
  0.100000000000000E+001  0.152817972034850E+002  0.101845532132181E+000  0.640509407913895E+002 -0.321428523494324E+000  0.415675523981827E+000 -0.107536384819057E+002 -0.764089860174252E+001
  0.100000000000000E+001  0.152323002086183E+002 -0.280488302015143E+001  0.671920622320168E+002 -0.332572284887049E+000  0.416251852842984E+000 -0.107536384819057E+002 -0.761615010430917E+001
  0.100000000000000E+001  0.150937602081605E+002 -0.511314374450625E+001  0.665032623954842E+002 -0.330567636446868E+000  0.411268116790930E+000 -0.107536384819057E+002 -0.754688010408023E+001
