  0.100000000000000E+001  0.148029554668732E+004 -0.192318841973138E+002  0.731473075311498E+002 -0.320328842439890E+000  0.365173645329438E+000 -0.107536384819057E+002 -0.740147773343662E+003
  0.100000000000000E+001  0.147335004248930E+004 -0.191977458840872E+002  0.742581706060624E+002 -0.320197142662829E+000  0.387769323623135E+000 -0.107536384819057E+002 -0.736675021244651E+003
  0.100000000000000E+001  0.147019024824186E+004 -0.192216122785364E+002  0.737254772728269E+002 -0.336883270004850E+000  0.393834069206523E+000 -0.107536384819057E+002 -0.735095124120932E+003
  0.100000000000000E+001  0.148098768058016E+004 -0.192599375632685E+002  0.725180057307918E+002 -0.327351943480459E+000  0.371407354798244E+000 -0.107536384819057E+002 -0.740493840290080E+003
  0.100000000000000E+001  0.148000043540642E+004 -0.193411775745244E+002  0.695564625182094E+002 -0.350142677543527E+000  0.398968294607358E+000 -0.107536384819057E+002 -0.740000217703209E+003
  0.100000000000000E+001  0.147339546345841E+004 -0.192716481479483E+002  0.722026582898330E+002 -0.346601599199365E+000  0.385500724625004E+000 -0.107536384819057E+002 -0.736697731729203E+003
  0.100000000000000E+001  0.147849418423126E+004 -0.192061210515116E+002  0.737292002172308E+002 -0.345287772988038E+000  0.394436280846583E+000 -0.107536384819057E+002 -0.739247092115632E+003
  0.100000000000000E+001  0.147020505075747E+004 -0.192269655444670E+002  0.734907880286235E+002 -0.357981222522189E+000  0.388836321959368E+000 -0.107536384819057E+002 -0.735102525378733E+003
  0.100000000000000E+001  0.147347498291609E+004 -0.192312225795405E+002  0.737874862313522E+002 -0.366399471142118E+000  0.405705348589954E+000 -0.107536384819057E+002 -0.736737491458045E+003
  0.100000000000000E+001  0.147735531942643E+004 -0.192164714203187E+002  0.745172311318648E+002 -0.422094850787057E+000  0.434052740686800E+000 -0.107536384819057E+002 -0.738677659713212E+003
  0.100000000000000E+001  0.147709145346020E+004 -0.192668779288930E+002  0.721583045318504E+002 -0.338588100380149E+000  0.374972388341064E+000 -0.107536384819057E+002 -0.738545726730097E+003
  0.100000000000000E+001  0.147698626591549E+004 -0.192047516011646E+002  0.747273656590759E+002 -0.411710482155473E+000  0.419436108987065E+000 -0.107536384819057E+002 -0.738493132957747E+003
  0.100000000000000E+001  0.147349199457277E+004 -0.191605350311389E+002  0.758961949110920E+002 -0.361679034391253E+000  0.396625077838550E+000 -0.107536384819057E+002 -0.736745997286387E+003
  0.100000000000000E+001  0.147684136674834E+004 -0.191926081702568E+002  0.743122746828675E+002 -0.321406290417808E+000  0.372649253404038E+000 -0.107536384819057E+002 -0.738420683374170E+003
  0.100000000000000E+001  0.147350112976063E+004 -0.191939321253087E+002  0.749058366627987E+002 -0.404392311311807E+000  0.418909510595872E+000 -0.107536384819057E+002 -0.736750564880317E+003
  0.100000000000000E+001  0.147573694789398E+004 -0.193322977386919E+002  0.701396468948883E+002 -0.381641432592672E+000  0.410476185374672E+000 -0.107536384819057E+002 -0.737868473946992E+003
  0.100000000000000E+001  0.147571464394404E+004 -0.191911223344213E+002  0.746457537612192E+002 -0.386390199236210E+000  0.417311652727699E+000 -0.107536384819057E+002 -0.737857321972019E+003
  0.100000000000000E+001  0.147504751149192E+004 -0.192338655258690E+002  0.729953045497266E+002 -0.300568348224987E+000  0.376124839781341E+000 -0.107536384819057E+002 -0.737523755745962E+003
  0.100000000000000E+001  0.147488814657047E+004 -0.191937075144428E+002  0.750015094096139E+002 -0.400875214510820E+000  0.428166485191021E+000 -0.107536384819057E+002 -0.737444073285235E+003
  0.100000000000000E+001  0.147486144362135E+004 -0.192744341184003E+002  0.717819567347939E+002 -0.368917493847570E+000  0.394403103773504E+000 -0.107536384819057E+002 -0.737430721810674E+003
  0.100000000000000E+001  0.147475299291019E+004 -0.193040254036518E+002  0.708080109736666E+002 -0.364051884488033E+000  0.394911214631056E+000 -0.107536384819057E+002 -0.737376496455094E+003
  0.100000000000000E+001  0.147351078705521E+004 -0.192330588157340E+002  0.729501306572809E+002 -0.354219607425037E+000  0.394258240296443E+000 -0.107536384819057E+002 -0.736755393527604E+003
  0.100000000000000E+001  0.147434935676306E+004 -0.192559064747259E+002  0.724363688473662E+002 -0.319629807122661E+000  0.389463671296864E+000 -0.107536384819057E+002 -0.737174678381528E+003
  0.100000000000000E+001  0.147353125844666E+004 -0.191938250275951E+002  0.747837253722975E+002 -0.337390721917570E+000  0.390218354423743E+000 -0.107536384819057E+002 -0.736765629223328E+003
  0.100000000000000E+001  0.147428953815817E+004 -0.193229135932155E+002  0.705421225289349E+002 -0.367717041272336E+000  0.401897166956516E+000 -0.107536384819057E+002 -0.737144769079083E+003
  0.100000000000000E+001  0.147422038190378E+004 -0.192428199778778E+002  0.729254545814635E+002 -0.367584957419619E+000  0.415395930672556E+000 -0.107536384819057E+002 -0.737110190951889E+003
  0.100000000000000E+001  0.147411592915537E+004 -0.192961138810343E+002  0.714766211835801E+002 -0.399792685141750E+000  0.414253047124273E+000 -0.107536384819057E+002 -0.737057964577684E+003
  0.100000000000000E+001  0.147357302630925E+004 -0.192699559687285E+002  0.725451716551061E+002 -0.405126665184685E+000  0.428425210545049E+000 -0.107536384819057E+002 -0.736786513154624E+003
  0.100000000000000E+001  0.147407161844752E+004 -0.191886742592143E+002  0.745205081844850E+002 -0.347504330192248E+000  0.399380907446083E+000 -0.107536384819057E+002 -0.737035809223759E+003
  0.100000000000000E+001  0.147404978499863E+004 -0.192281976744774E+002  0.733091537436598E+002 -0.348953166685050E+000  0.406370149265216E+000 -0.107536384819057E+002 -0.737024892499316E+003
  0.100000000000000E+001  0.147394625719495E+004 -0.191670538042438E+002  0.757073538874706E+002 -0.389600579532167E+000  0.415631861453968E+000 -0.107536384819057E+002 -0.736973128597476E+003
  0.100000000000000E+001  0.147390599883975E+004 -0.192649883446666E+002  0.718215889696717E+002 -0.316777950828758E+000  0.375563447295582E+000 -0.107536384819057E+002 -0.736952999419876E+003
  0.100000000000000E+001  0.147365894969389E+004 -0.191956317303360E+002  0.748205708510509E+002 -0.354915328251596E+000  0.403532411301754E+000 -0.107536384819057E+002 -0.736829474846947E+003
  0.100000000000000E+001  0.147387879788183E+004 -0.191950876537330E+002  0.744126506413543E+002 -0.350504514613436E+000  0.404543841479946E+000 -0.107536384819057E+002 -0.736939398940917E+003
  0.100000000000000E+001  0.147382151274641E+004 -0.193050031636431E+002  0.706375216218923E+002 -0.335218277619629E+000  0.386746998300980E+000 -0.107536384819057E+002 -0.736910756373202E+003
  0.100000000000000E+001  0.147369977035008E+004 -0.191810564739313E+002  0.751500337307954E+002 -0.383676606610135E+000  0.418042839997836E+000 -0.107536384819057E+002 -0.736849885175041E+003
  0.100000000000000E+001  0.147377074723861E+004 -0.192561292217845E+002  0.726546935325593E+002 -0.353121109687528E+000  0.407456181531044E+000 -0.107536384819057E+002 -0.736885373619304E+003
  0.100000000000000E+001  0.147334489873657E+004 -0.192677932526494E+002  0.721040323129165E+002 -0.323070363295328E+000  0.376602271266641E+000 -0.107536384819057E+002 -0.736672449368286E+003
  0.100000000000000E+001  0.147328525307036E+004 -0.192825499829813E+002  0.713955322828623E+002 -0.319012704733275E+000  0.385824391714465E+000 -0.107536384819057E+002 -0.736642626535182E+003
  0.100000000000000E+001  0.147324051276387E+004 -0.192082553162282E+002  0.745448879728822E+002 -0.367854015477523E+000  0.406758103838298E+000 -0.107536384819057E+002 -0.736620256381937E+003
  0.100000000000000E+001  0.147320819072865E+004 -0.192505504402743E+002  0.728385389132720E+002 -0.355321167247177E+000  0.408475359705359E+000 -0.107536384819057E+002 -0.736604095364326E+003
  0.100000000000000E+001  0.147020519187722E+004 -0.192226643186019E+002  0.734521952780599E+002 -0.365216087062461E+000  0.403215092447505E+000 -0.107536384819057E+002 -0.735102595938610E+003
  0.100000000000000E+001  0.147305259374320E+004 -0.192686570306487E+002  0.720495043980742E+002 -0.335696787987053E+000  0.377638762710630E+000 -0.107536384819057E+002 -0.736526296871599E+003
  0.100000000000000E+001  0.147289834043458E+004 -0.192304050831537E+002  0.733127148485402E+002 -0.389353880717688E+000  0.414677618771214E+000 -0.107536384819057E+002 -0.736449170217290E+003
  0.100000000000000E+001  0.147284510384180E+004 -0.191778146695829E+002  0.754060224732311E+002 -0.354834097598278E+000  0.398580812750177E+000 -0.107536384819057E+002 -0.736422551920899E+003
  0.100000000000000E+001  0.147283385989356E+004 -0.192716433399432E+002  0.722659295326960E+002 -0.377675069496003E+000  0.417938032896581E+000 -0.107536384819057E+002 -0.736416929946780E+003
  0.100000000000000E+001  0.147269042714367E+004 -0.192018306926988E+002  0.742543841759532E+002 -0.338102649913806E+000  0.379363499002120E+000 -0.107536384819057E+002 -0.736345213571833E+003
  0.100000000000000E+001  0.147020527168168E+004 -0.192354345648998E+002  0.734383807034481E+002 -0.366184567032731E+000  0.393857877508557E+000 -0.107536384819057E+002 -0.735102635840842E+003
  0.100000000000000E+001  0.147254530773303E+004 -0.192816459214096E+002  0.715691041235336E+002 -0.352508479878356E+000  0.386340191998016E+000 -0.107536384819057E+002 -0.736272653866513E+003
  0.100000000000000E+001  0.147248958423261E+004 -0.192439565468211E+002  0.729736755099028E+002 -0.399142386848865E+000  0.419201462745852E+000 -0.107536384819057E+002 -0.736244792116303E+003
  0.100000000000000E+001  0.147237675467355E+004 -0.192271875980428E+002  0.734457485810471E+002 -0.390091955317760E+000  0.415190785165000E+000 -0.107536384819057E+002 -0.736188377336775E+003
  0.100000000000000E+001  0.147225120198254E+004 -0.192104928629497E+002  0.745521195804003E+002 -0.386271664921509E+000  0.413717516076098E+000 -0.107536384819057E+002 -0.736125600991272E+003
  0.100000000000000E+001  0.147215860665857E+004 -0.192498247980746E+002  0.731217712291190E+002 -0.374864913149865E+000  0.399739510244657E+000 -0.107536384819057E+002 -0.736079303329283E+003
  0.100000000000000E+001  0.147214766165766E+004 -0.192776213546924E+002  0.716396533149966E+002 -0.351599917944322E+000  0.403820036079484E+000 -0.107536384819057E+002 -0.736073830828829E+003
  0.100000000000000E+001  0.147203469029782E+004 -0.192203734173889E+002  0.734158889020436E+002 -0.354552817212192E+000  0.396613396025572E+000 -0.107536384819057E+002 -0.736017345148908E+003
  0.100000000000000E+001  0.147203231970578E+004 -0.191743024361210E+002  0.751993150421690E+002 -0.362739986515344E+000  0.400076953174107E+000 -0.107536384819057E+002 -0.736016159852890E+003
  0.100000000000000E+001  0.147027934924847E+004 -0.192317449790295E+002  0.734120068136543E+002 -0.344735940240191E+000  0.399862257403477E+000 -0.107536384819057E+002 -0.735139674624237E+003
  0.100000000000000E+001  0.147196049347640E+004 -0.192082633870322E+002  0.740047606062046E+002 -0.366838500669668E+000  0.409997681741944E+000 -0.107536384819057E+002 -0.735980246738200E+003
  0.100000000000000E+001  0.147191457804531E+004 -0.192804592688229E+002  0.716776032009708E+002 -0.339452671970910E+000  0.381370486022306E+000 -0.107536384819057E+002 -0.735957289022653E+003
  0.100000000000000E+001  0.147190320158474E+004 -0.191791477974537E+002  0.753694904083478E+002 -0.363120145684062E+000  0.404193356605428E+000 -0.107536384819057E+002 -0.735951600792370E+003
  0.100000000000000E+001  0.147185536759311E+004 -0.192709866765004E+002  0.718643908458949E+002 -0.319453727408861E+000  0.377352500431565E+000 -0.107536384819057E+002 -0.735927683796557E+003
  0.100000000000000E+001  0.147181117094556E+004 -0.192154408585161E+002  0.736003300154995E+002 -0.331024171832410E+000  0.379204502779676E+000 -0.107536384819057E+002 -0.735905585472781E+003
  0.100000000000000E+001  0.147176804531173E+004 -0.193098795366849E+002  0.706525271655872E+002 -0.348813734250411E+000  0.393437002190767E+000 -0.107536384819057E+002 -0.735884022655867E+003
  0.100000000000000E+001  0.147175939325721E+004 -0.193047255900292E+002  0.708670103850491E+002 -0.348803456908257E+000  0.398747489486388E+000 -0.107536384819057E+002 -0.735879696628603E+003
  0.100000000000000E+001  0.147165833375438E+004 -0.191899470580589E+002  0.749569959007299E+002 -0.373894723789533E+000  0.398932272284590E+000 -0.107536384819057E+002 -0.735829166877192E+003
  0.100000000000000E+001  0.147163616271822E+004 -0.192020606562639E+002  0.743874213986052E+002 -0.348192484995203E+000  0.402486221753017E+000 -0.107536384819057E+002 -0.735818081359111E+003
  0.100000000000000E+001  0.147163468964418E+004 -0.192653577307203E+002  0.727044708603992E+002 -0.401775724334908E+000  0.419835387918792E+000 -0.107536384819057E+002 -0.735817344822092E+003
  0.100000000000000E+001  0.147163004348591E+004 -0.192877298817646E+002  0.718189555312575E+002 -0.400830772651391E+000  0.423635468593456E+000 -0.107536384819057E+002 -0.735815021742957E+003
  0.100000000000000E+001  0.147160013119605E+004 -0.192863876066804E+002  0.719393622536704E+002 -0.392771259966084E+000  0.414988530655420E+000 -0.107536384819057E+002 -0.735800065598025E+003
  0.100000000000000E+001  0.147149852607688E+004 -0.192217448973719E+002  0.738680796234195E+002 -0.382557110441529E+000  0.420173472431495E+000 -0.107536384819057E+002 -0.735749263038439E+003
  0.100000000000000E+001  0.147146505362725E+004 -0.193029114742847E+002  0.710663522067299E+002 -0.382715627581143E+000  0.413859460894543E+000 -0.107536384819057E+002 -0.735732526813624E+003
  0.100000000000000E+001  0.147145711997330E+004 -0.191729270165002E+002  0.754437766544405E+002 -0.353698506888644E+000  0.394008704395140E+000 -0.107536384819057E+002 -0.735728559986652E+003
  0.100000000000000E+001  0.147144234160217E+004 -0.192610552518324E+002  0.721418832109299E+002 -0.361410098223505E+000  0.395551022634990E+000 -0.107536384819057E+002 -0.735721170801083E+003
  0.100000000000000E+001  0.147137613647331E+004 -0.192185642301689E+002  0.740709729639743E+002 -0.364901225538605E+000  0.394132105209928E+000 -0.107536384819057E+002 -0.735688068236653E+003
  0.100000000000000E+001  0.147135690119288E+004 -0.192347791147712E+002  0.734153792785017E+002 -0.378271842727506E+000  0.418530167224057E+000 -0.107536384819057E+002 -0.735678450596442E+003
  0.100000000000000E+001  0.147130631969589E+004 -0.192986632649741E+002  0.713247006176323E+002 -0.382077875088914E+000  0.415620333070683E+000 -0.107536384819057E+002 -0.735653159847946E+003
  0.100000000000000E+001  0.147129110532656E+004 -0.192264889884140E+002  0.735334955552992E+002 -0.338539808902367E+000  0.397795557668031E+000 -0.107536384819057E+002 -0.735645552663280E+003
  0.100000000000000E+001  0.147127388935289E+004 -0.192408009021037E+002  0.733486644597573E+002 -0.402357962648306E+000  0.415780689305906E+000 -0.107536384819057E+002 -0.735636944676443E+003
  0.100000000000000E+001  0.147127294199787E+004 -0.191720092252625E+002  0.753046320034485E+002 -0.352856672967877E+000  0.395189828566188E+000 -0.107536384819057E+002 -0.735636470998934E+003
  0.100000000000000E+001  0.147126987078764E+004 -0.192821675632426E+002  0.715535738748840E+002 -0.332827622522703E+000  0.380851222513358E+000 -0.107536384819057E+002 -0.735634935393818E+003
  0.100000000000000E+001  0.147123034247022E+004 -0.192117340200161E+002  0.737637165755291E+002 -0.328177973924845E+000  0.391033019436029E+000 -0.107536384819057E+002 -0.735615171235110E+003
  0.100000000000000E+001  0.147121264587324E+004 -0.192002894287159E+002  0.743303142495081E+002 -0.370459874879766E+000  0.399182838795431E+000 -0.107536384819057E+002 -0.735606322936618E+003
  0.100000000000000E+001  0.147120943447486E+004 -0.192053898322314E+002  0.739578111908081E+002 -0.323775757190364E+000  0.386503881905278E+000 -0.107536384819057E+002 -0.735604717237428E+003
  0.100000000000000E+001  0.147113878439378E+004 -0.192867455698178E+002  0.715094130642440E+002 -0.334281960493937E+000  0.385856211108919E+000 -0.107536384819057E+002 -0.735569392196890E+003
  0.100000000000000E+001  0.147104842031435E+004 -0.192619237519157E+002  0.725192209799893E+002 -0.403126595040095E+000  0.419952696917831E+000 -0.107536384819057E+002 -0.735524210157174E+003
  0.100000000000000E+001  0.147100656458487E+004 -0.191985501497609E+002  0.742591290169874E+002 -0.336294204287580E+000  0.394169365602142E+000 -0.107536384819057E+002 -0.735503282292433E+003
  0.100000000000000E+001  0.147096962166086E+004 -0.192732306011070E+002  0.718443888868836E+002 -0.344216490429433E+000  0.383442659109460E+000 -0.107536384819057E+002 -0.735484810830429E+003
  0.100000000000000E+001  0.147096771851540E+004 -0.192283255141007E+002  0.733387600069479E+002 -0.321417389282306E+000  0.377306941848677E+000 -0.107536384819057E+002 -0.735483859257702E+003
  0.100000000000000E+001  0.147094848071366E+004 -0.192738087056960E+002  0.720272740508828E+002 -0.351215093769130E+000  0.386849011853883E+000 -0.107536384819057E+002 -0.735474240356828E+003
  0.100000000000000E+001  0.147093195230394E+004 -0.192516195482896E+002  0.730190274969020E+002 -0.396534368296768E+000  0.411869888652504E+000 -0.107536384819057E+002 -0.735465976151969E+003
  0.100000000000000E+001  0.147087209580724E+004 -0.192071032992356E+002  0.740481013659538E+002 -0.353751390370853E+000  0.388558531204749E+000 -0.107536384819057E+002 -0.735436047903621E+003
  0.100000000000000E+001  0.147084096726810E+004 -0.192780919492398E+002  0.716037090593551E+002 -0.332908427669615E+000  0.392362563114379E+000 -0.107536384819057E+002 -0.735420483634049E+003
  0.100000000000000E+001  0.147076138301122E+004 -0.192948516827965E+002  0.710852190333200E+002 -0.343632374429956E+000  0.394886341183885E+000 -0.107536384819057E+002 -0.735380691505610E+003
  0.100000000000000E+001  0.147075724593451E+004 -0.192306153737550E+002  0.731469972631095E+002 -0.363322871386391E+000  0.401765783497274E+000 -0.107536384819057E+002 -0.735378622967256E+003
  0.100000000000000E+001  0.147075290794752E+004 -0.192531043870453E+002  0.726273873090515E+002 -0.336489424978201E+000  0.380560902720974E+000 -0.107536384819057E+002 -0.735376453973758E+003
  0.100000000000000E+001  0.147074500450888E+004 -0.192427851169325E+002  0.730520692768151E+002 -0.340561072439965E+000  0.382793293755018E+000 -0.107536384819057E+002 -0.735372502254438E+003
  0.100000000000000E+001  0.147074181737494E+004 -0.192802855216361E+002  0.717145133463523E+002 -0.367789660775390E+000  0.395697274520163E+000 -0.107536384819057E+002 -0.735370908687470E+003
  0.100000000000000E+001  0.147071632375114E+004 -0.192859139483098E+002  0.717148202343944E+002 -0.373682340797540E+000  0.399086805608903E+000 -0.107536384819057E+002 -0.735358161875572E+003
  0.100000000000000E+001  0.147065541872665E+004 -0.192749910362090E+002  0.722172992077606E+002 -0.384851098318440E+000  0.417976079507292E+000 -0.107536384819057E+002 -0.735327709363323E+003
  0.100000000000000E+001  0.147029287745340E+004 -0.192289240598091E+002  0.738029956111117E+002 -0.368118020071505E+000  0.401170471271356E+000 -0.107536384819057E+002 -0.735146438726699E+003
  0.100000000000000E+001  0.147057119770339E+004 -0.192767675717736E+002  0.720723937190428E+002 -0.359975552198736E+000  0.403990687355379E+000 -0.107536384819057E+002 -0.735285598851693E+003
  0.100000000000000E+001  0.147053152367974E+004 -0.192179768719744E+002  0.735204658848255E+002 -0.350260981606271E+000  0.395574283414354E+000 -0.107536384819057E+002 -0.735265761839868E+003
  0.100000000000000E+001  0.147049233903840E+004 -0.192209797246697E+002  0.740139874053401E+002 -0.383958959367352E+000  0.418770718557225E+000 -0.107536384819057E+002 -0.735246169519200E+003
  0.100000000000000E+001  0.147046706089972E+004 -0.191891144583614E+002  0.749901751992923E+002 -0.366238419521943E+000  0.407454980085575E+000 -0.107536384819057E+002 -0.735233530449862E+003
  0.100000000000000E+001  0.147045085463841E+004 -0.192740777188430E+002  0.719346423770033E+002 -0.358707927158147E+000  0.390046374626194E+000 -0.107536384819057E+002 -0.735225427319206E+003
  0.100000000000000E+001  0.147045061586819E+004 -0.192686541592425E+002  0.720546193857130E+002 -0.382190147611070E+000  0.410462630690449E+000 -0.107536384819057E+002 -0.735225307934093E+003
  0.100000000000000E+001  0.147043326151193E+004 -0.192096087863026E+002  0.738997505543579E+002 -0.361392515964054E+000  0.403460078218369E+000 -0.107536384819057E+002 -0.735216630755963E+003
  0.100000000000000E+001  0.147040375803896E+004 -0.192475863867447E+002  0.731669056367029E+002 -0.386132818164859E+000  0.419222166880991E+000 -0.107536384819057E+002 -0.735201879019478E+003
  0.100000000000000E+001  0.147039375800846E+004 -0.192453978123154E+002  0.727033400435632E+002 -0.333409418457295E+000  0.379147386929094E+000 -0.107536384819057E+002 -0.735196879004228E+003
  0.100000000000000E+001  0.147038624383948E+004 -0.192045131845857E+002  0.741679136294485E+002 -0.326201844667046E+000  0.384048410821283E+000 -0.107536384819057E+002 -0.735193121919741E+003
  0.100000000000000E+001  0.147038047910822E+004 -0.192979712370804E+002  0.712817221593481E+002 -0.383245896775966E+000  0.408701426729588E+000 -0.107536384819057E+002 -0.735190239554111E+003
  0.100000000000000E+001  0.147037817332879E+004 -0.192020429015239E+002  0.743816238021487E+002 -0.384476986397070E+000  0.414881471394430E+000 -0.107536384819057E+002 -0.735189086664395E+003
  0.100000000000000E+001  0.147033521607930E+004 -0.192368365314517E+002  0.736064480641386E+002 -0.387603493415058E+000  0.417018939853948E+000 -0.107536384819057E+002 -0.735167608039649E+003
  0.100000000000000E+001  0.147030755046835E+004 -0.192848830331845E+002  0.717435940117505E+002 -0.356832883151569E+000  0.393163095087637E+000 -0.107536384819057E+002 -0.735153775234174E+003
  0.100000000000000E+001  0.147030322792783E+004 -0.192710403184126E+002  0.721397706379475E+002 -0.384878229690599E+000  0.405658437323994E+000 -0.107536384819057E+002 -0.735151613963917E+003
  0.100000000000000E+001  0.147014029751717E+004 -0.192048154554944E+002  0.742740628885109E+002 -0.371582062232683E+000  0.412281026361962E+000 -0.107536384819057E+002 -0.735070148758586E+003
  0.100000000000000E+001  0.147013876959140E+004 -0.192750645755357E+002  0.720163197008139E+002 -0.394258370862692E+000  0.416118995947407E+000 -0.107536384819057E+002 -0.735069384795699E+003
  0.100000000000000E+001  0.147012369227639E+004 -0.192247218554431E+002  0.736816355589970E+002 -0.393795677563770E+000  0.413911619462563E+000 -0.107536384819057E+002 -0.735061846138195E+003
  0.100000000000000E+001  0.147011583702546E+004 -0.192915231662751E+002  0.715355346546271E+002 -0.362242415258977E+000  0.403936422986417E+000 -0.107536384819057E+002 -0.735057918512731E+003
  0.100000000000000E+001  0.147006475538253E+004 -0.193021473418970E+002  0.711796501920870E+002 -0.377862034757848E+000  0.408202756105178E+000 -0.107536384819057E+002 -0.735032377691264E+003
  0.100000000000000E+001  0.147004882692999E+004 -0.192158023133629E+002  0.739687300735871E+002 -0.392483293897582E+000  0.418254807778956E+000 -0.107536384819057E+002 -0.735024413464997E+003
  0.100000000000000E+001  0.147004776578478E+004 -0.192699619823399E+002  0.724331178796227E+002 -0.375307063562560E+000  0.406538376537592E+000 -0.107536384819057E+002 -0.735023882892390E+003
  0.100000000000000E+001  0.147004325432670E+004 -0.192223594434003E+002  0.738481718454676E+002 -0.389113099663953E+000  0.407775797995256E+000 -0.107536384819057E+002 -0.735021627163349E+003
  0.100000000000000E+001  0.147003193824054E+004 -0.192558346201538E+002  0.727053852018852E+002 -0.347319049603609E+000  0.397162126261325E+000 -0.107536384819057E+002 -0.735015969120269E+003
  0.100000000000000E+001  0.146994515645106E+004 -0.192564934582340E+002  0.727595529979960E+002 -0.364753820027896E+000  0.394763573566731E+000 -0.107536384819057E+002 -0.734972578225530E+003
  0.100000000000000E+001  0.146994476061322E+004 -0.192579860430111E+002  0.727152912513498E+002 -0.403058735595654E+000  0.420312164994795E+000 -0.107536384819057E+002 -0.734972380306610E+003
  0.100000000000000E+001  0.146993086913796E+004 -0.192630491732727E+002  0.720428540165079E+002 -0.352874212046418E+000  0.395617615594499E+000 -0.107536384819057E+002 -0.734965434568979E+003
  0.100000000000000E+001  0.146990732314575E+004 -0.192483952437695E+002  0.725106233367498E+002 -0.348466152618658E+000  0.390967482803885E+000 -0.107536384819057E+002 -0.734953661572875E+003
  0.100000000000000E+001  0.146990194563017E+004 -0.192218651526643E+002  0.735042280559489E+002 -0.335525938712657E+000  0.395022666360457E+000 -0.107536384819057E+002 -0.734950972815085E+003
  0.100000000000000E+001  0.146984431455180E+004 -0.191961513869359E+002  0.744760114694004E+002 -0.368298693030418E+000  0.400991737002975E+000 -0.107536384819057E+002 -0.734922157275902E+003
  0.100000000000000E+001  0.146982650776914E+004 -0.192098873668774E+002  0.743688221463707E+002 -0.374369078836587E+000  0.412195323060502E+000 -0.107536384819057E+002 -0.734913253884570E+003
  0.100000000000000E+001  0.146981611871830E+004 -0.192303388607511E+002  0.734144943165812E+002 -0.332134903422146E+000  0.383601482552070E+000 -0.107536384819057E+002 -0.734908059359152E+003
  0.100000000000000E+001  0.146980502757778E+004 -0.192659277906275E+002  0.724276368517714E+002 -0.366239983795755E+000  0.408898138216660E+000 -0.107536384819057E+002 -0.734902513788892E+003
  0.100000000000000E+001  0.146979327133983E+004 -0.192565742270671E+002  0.726286064231216E+002 -0.340404719612155E+000  0.388627401949614E+000 -0.107536384819057E+002 -0.734896635669915E+003
  0.100000000000000E+001  0.146969804073991E+004 -0.192983989182508E+002  0.712318691606789E+002 -0.377056228479680E+000  0.409687537795885E+000 -0.107536384819057E+002 -0.734849020369956E+003
  0.100000000000000E+001  0.146960100514383E+004 -0.192982370223900E+002  0.712215123809280E+002 -0.373586563730739E+000  0.408502387599383E+000 -0.107536384819057E+002 -0.734800502571916E+003
  0.100000000000000E+001  0.146958809457710E+004 -0.191996915586909E+002  0.744993086307593E+002 -0.343186142917607E+000  0.388767257946411E+000 -0.107536384819057E+002 -0.734794047288552E+003
  0.100000000000000E+001  0.146958763482612E+004 -0.192909453024891E+002  0.715047521340421E+002 -0.374220084754972E+000  0.411231128975576E+000 -0.107536384819057E+002 -0.734793817413059E+003
  0.100000000000000E+001  0.146955439866084E+004 -0.192094319435379E+002  0.741027312495160E+002 -0.338106886151926E+000  0.384385629539421E+000 -0.107536384819057E+002 -0.734777199330419E+003
  0.100000000000000E+001  0.146954754124581E+004 -0.192179022035873E+002  0.735915578420985E+002 -0.345821963997112E+000  0.398050630364912E+000 -0.107536384819057E+002 -0.734773770622904E+003
  0.100000000000000E+001  0.146952910295255E+004 -0.192079409638201E+002  0.745234905040591E+002 -0.390717904530568E+000  0.413802350472208E+000 -0.107536384819057E+002 -0.734764551476276E+003
  0.100000000000000E+001  0.146950901614705E+004 -0.192485582504080E+002  0.729232492048591E+002 -0.396398488130775E+000  0.415861288411125E+000 -0.107536384819057E+002 -0.734754508073527E+003
  0.100000000000000E+001  0.146948123463187E+004 -0.192606699106932E+002  0.727630315036621E+002 -0.380190768189402E+000  0.409452914791297E+000 -0.107536384819057E+002 -0.734740617315936E+003
  0.100000000000000E+001  0.146945467404959E+004 -0.192391533421945E+002  0.729851805371773E+002 -0.335860123663063E+000  0.380875275930352E+000 -0.107536384819057E+002 -0.734727337024796E+003
  0.100000000000000E+001  0.146939893028145E+004 -0.191900161825016E+002  0.747336154845558E+002 -0.346932764742937E+000  0.396604169799223E+000 -0.107536384819057E+002 -0.734699465140723E+003
  0.100000000000000E+001  0.146935609188330E+004 -0.191950088216665E+002  0.746345508451690E+002 -0.371268614709223E+000  0.400460700201225E+000 -0.107536384819057E+002 -0.734678045941650E+003
  0.100000000000000E+001  0.146935274590060E+004 -0.192286701947380E+002  0.733205866211954E+002 -0.357450915535091E+000  0.391280692112580E+000 -0.107536384819057E+002 -0.734676372950301E+003
  0.100000000000000E+001  0.146928715316353E+004 -0.191869066475342E+002  0.749561364417977E+002 -0.370710153925539E+000  0.407807825894447E+000 -0.107536384819057E+002 -0.734643576581765E+003
  0.100000000000000E+001  0.146926657831357E+004 -0.192819000162910E+002  0.716417359996889E+002 -0.357923655832383E+000  0.404335335789311E+000 -0.107536384819057E+002 -0.734633289156787E+003
  0.100000000000000E+001  0.146925889246935E+004 -0.192249435342957E+002  0.736038218434554E+002 -0.384394166092015E+000  0.416007992110393E+000 -0.107536384819057E+002 -0.734629446234675E+003
  0.100000000000000E+001  0.146925571169768E+004 -0.192730620553461E+002  0.722045471830228E+002 -0.360416316722693E+000  0.400019225627554E+000 -0.107536384819057E+002 -0.734627855848838E+003
  0.100000000000000E+001  0.146924118906167E+004 -0.192003331514755E+002  0.743545432885086E+002 -0.336890269251644E+000  0.391028086544183E+000 -0.107536384819057E+002 -0.734620594530835E+003
  0.100000000000000E+001  0.146919601404563E+004 -0.192734262815555E+002  0.722765948719137E+002 -0.381983941548862E+000  0.413490950903168E+000 -0.107536384819057E+002 -0.734598007022816E+003
  0.100000000000000E+001  0.146917469601466E+004 -0.192394351555720E+002  0.729945495930571E+002 -0.344541488793310E+000  0.384072130153696E+000 -0.107536384819057E+002 -0.734587348007330E+003
  0.100000000000000E+001  0.146912964480683E+004 -0.192515700883749E+002  0.728858433884470E+002 -0.386801719576506E+000  0.406675046338303E+000 -0.107536384819057E+002 -0.734564822403413E+003
  0.100000000000000E+001  0.146912836347785E+004 -0.192662083937507E+002  0.724430394580269E+002 -0.360531311152943E+000  0.397952691544456E+000 -0.107536384819057E+002 -0.734564181738923E+003
  0.100000000000000E+001  0.146912822168900E+004 -0.192920847554263E+002  0.714681863836644E+002 -0.368750229439508E+000  0.407212645485026E+000 -0.107536384819057E+002 -0.734564110844499E+003
  0.100000000000000E+001  0.146911098521089E+004 -0.191917837412148E+002  0.746908559580904E+002 -0.360331069136528E+000  0.395469497927486E+000 -0.107536384819057E+002 -0.734555492605443E+003
  0.100000000000000E+001  0.146910713615508E+004 -0.192374049804020E+002  0.735364084520482E+002 -0.394424586442509E+000  0.420372678631234E+000 -0.107536384819057E+002 -0.734553568077540E+003
  0.100000000000000E+001  0.146910277964924E+004 -0.192427602393441E+002  0.731757354334355E+002 -0.380252023355069E+000  0.402176837022806E+000 -0.107536384819057E+002 -0.734551389824620E+003
  0.100000000000000E+001  0.146899367675889E+004 -0.192490029186826E+002  0.727472642166541E+002 -0.351059618336973E+000  0.403180052821392E+000 -0.107536384819057E+002 -0.734496838379446E+003
  0.100000000000000E+001  0.146897598066516E+004 -0.192692147197970E+002  0.723566739035734E+002 -0.378202312908340E+000  0.413649780630365E+000 -0.107536384819057E+002 -0.734487990332579E+003
  0.100000000000000E+001  0.146895149950657E+004 -0.192767276210405E+002  0.718469274864227E+002 -0.363126934210369E+000  0.394722255469033E+000 -0.107536384819057E+002 -0.734475749753286E+003
  0.100000000000000E+001  0.146891305333278E+004 -0.192417710542147E+002  0.729041311911649E+002 -0.371853870139053E+000  0.402437771784498E+000 -0.107536384819057E+002 -0.734456526666391E+003
  0.100000000000000E+001  0.146887504354536E+004 -0.192374886677155E+002  0.728889714674419E+002 -0.333176722950906E+000  0.390184379166253E+000 -0.107536384819057E+002 -0.734437521772679E+003
  0.100000000000000E+001  0.146886941715534E+004 -0.192120501721028E+002  0.743713883105160E+002 -0.388382442670673E+000  0.413927248260709E+000 -0.107536384819057E+002 -0.734434708577671E+003
  0.100000000000000E+001  0.146885052140458E+004 -0.192550139780314E+002  0.726919608294005E+002 -0.371901788387288E+000  0.397594439746665E+000 -0.107536384819057E+002 -0.734425260702290E+003
  0.100000000000000E+001  0.146884388025056E+004 -0.192465256995960E+002  0.726981362709120E+002 -0.356217244771585E+000  0.391796461233182E+000 -0.107536384819057E+002 -0.734421940125279E+003
  0.100000000000000E+001  0.146880784811970E+004 -0.192469008537014E+002  0.729751400878396E+002 -0.380332791219711E+000  0.402694593718781E+000 -0.107536384819057E+002 -0.734403924059848E+003
  0.100000000000000E+001  0.146880716789799E+004 -0.192055118867935E+002  0.741420168684411E+002 -0.339465020001391E+000  0.385572063259570E+000 -0.107536384819057E+002 -0.734403583948994E+003
  0.100000000000000E+001  0.146878717505674E+004 -0.192291649542609E+002  0.732462493206577E+002 -0.328877895185227E+000  0.381677844556747E+000 -0.107536384819057E+002 -0.734393587528370E+003
  0.100000000000000E+001  0.146874097476923E+004 -0.192659850501592E+002  0.725268834038305E+002 -0.395968960026980E+000  0.417817577531245E+000 -0.107536384819057E+002 -0.734370487384614E+003
  0.100000000000000E+001  0.146869399805152E+004 -0.192218789245021E+002  0.739261161681166E+002 -0.382417224506018E+000  0.405004629194879E+000 -0.107536384819057E+002 -0.734346999025762E+003
  0.100000000000000E+001  0.146866821181081E+004 -0.192218717628831E+002  0.735818952817255E+002 -0.344455768233913E+000  0.398653490636923E+000 -0.107536384819057E+002 -0.734334105905405E+003
  0.100000000000000E+001  0.146865266186907E+004 -0.192713739166819E+002  0.719486009761087E+002 -0.352775767933074E+000  0.401903809014864E+000 -0.107536384819057E+002 -0.734326330934535E+003
  0.100000000000000E+001  0.146864573993149E+004 -0.192472524175611E+002  0.726143468421728E+002 -0.348204893482668E+000  0.398429833957805E+000 -0.107536384819057E+002 -0.734322869965747E+003
  0.100000000000000E+001  0.146863424427255E+004 -0.192461800424706E+002  0.730605699790680E+002 -0.381745783946461E+000  0.403760918125985E+000 -0.107536384819057E+002 -0.734317122136275E+003
  0.100000000000000E+001  0.146863034684423E+004 -0.192233771232982E+002  0.736707738175982E+002 -0.382445400895245E+000  0.407127793412426E+000 -0.107536384819057E+002 -0.734315173422116E+003
  0.100000000000000E+001  0.146862990680754E+004 -0.192625526084235E+002  0.720992956637052E+002 -0.340068023588822E+000  0.386946637347068E+000 -0.107536384819057E+002 -0.734314953403772E+003
  0.100000000000000E+001  0.146861214645063E+004 -0.192027432892571E+002  0.744138050181145E+002 -0.373176544861234E+000  0.401144413800329E+000 -0.107536384819057E+002 -0.734306073225313E+003
  0.100000000000000E+001  0.146861214126169E+004 -0.191926776561061E+002  0.746156534116470E+002 -0.355142768634120E+000  0.399593026524421E+000 -0.107536384819057E+002 -0.734306070630843E+003
  0.100000000000000E+001  0.146855881905739E+004 -0.192819597541272E+002  0.719100205601538E+002 -0.385520946012565E+000  0.414050290140642E+000 -0.107536384819057E+002 -0.734279409528696E+003
  0.100000000000000E+001  0.146854734551118E+004 -0.192318519431584E+002  0.735922735833291E+002 -0.395947087070004E+000  0.421218826439597E+000 -0.107536384819057E+002 -0.734273672755589E+003
  0.100000000000000E+001  0.146854161440624E+004 -0.192522445709943E+002  0.725061157174251E+002 -0.341429770146398E+000  0.384782913496254E+000 -0.107536384819057E+002 -0.734270807203122E+003
  0.100000000000000E+001  0.146853953554969E+004 -0.192496408294880E+002  0.727653139501223E+002 -0.337485337449946E+000  0.391421334624129E+000 -0.107536384819057E+002 -0.734269767774845E+003
  0.100000000000000E+001  0.146851768290333E+004 -0.192395030681646E+002  0.731377436791828E+002 -0.338059172372488E+000  0.389082696260843E+000 -0.107536384819057E+002 -0.734258841451667E+003
  0.100000000000000E+001  0.146851481416414E+004 -0.192423605488238E+002  0.729563485129912E+002 -0.378963237869353E+000  0.411940458626555E+000 -0.107536384819057E+002 -0.734257407082069E+003
  0.100000000000000E+001  0.146849062533315E+004 -0.192262917419571E+002  0.733683931337146E+002 -0.363352168590314E+000  0.401750319976912E+000 -0.107536384819057E+002 -0.734245312666573E+003
  0.100000000000000E+001  0.146848641977528E+004 -0.192611341033541E+002  0.721937753636347E+002 -0.360757757522584E+000  0.400041187045441E+000 -0.107536384819057E+002 -0.734243209887642E+003
  0.100000000000000E+001  0.146842727529236E+004 -0.192129046892222E+002  0.737973430206596E+002 -0.345804240785458E+000  0.396144382101414E+000 -0.107536384819057E+002 -0.734213637646182E+003
  0.100000000000000E+001  0.146841866464285E+004 -0.192745755938732E+002  0.718942987687196E+002 -0.342715950099719E+000  0.394142279037190E+000 -0.107536384819057E+002 -0.734209332321426E+003
  0.100000000000000E+001  0.146841398203777E+004 -0.192321446764246E+002  0.734194332807141E+002 -0.363276643238494E+000  0.393297458949018E+000 -0.107536384819057E+002 -0.734206991018885E+003
  0.100000000000000E+001  0.146839478601798E+004 -0.192647431784110E+002  0.721115406412653E+002 -0.363319335114885E+000  0.403628809867245E+000 -0.107536384819057E+002 -0.734197393008988E+003
  0.100000000000000E+001  0.146837083512940E+004 -0.192328149242350E+002  0.730990548637592E+002 -0.354149928261896E+000  0.398488832953299E+000 -0.107536384819057E+002 -0.734185417564702E+003
  0.100000000000000E+001  0.146836115258201E+004 -0.192233490092515E+002  0.734482418862257E+002 -0.350122261371385E+000  0.390571555456413E+000 -0.107536384819057E+002 -0.734180576291004E+003
  0.100000000000000E+001  0.146834194635813E+004 -0.192252056035258E+002  0.734619248508090E+002 -0.370281595279909E+000  0.405000878616955E+000 -0.107536384819057E+002 -0.734170973179067E+003
  0.100000000000000E+001  0.146833412192204E+004 -0.192312733911462E+002  0.736739233135854E+002 -0.397499619898991E+000  0.419639191194757E+000 -0.107536384819057E+002 -0.734167060961022E+003
  0.100000000000000E+001  0.146832787892204E+004 -0.192241438984334E+002  0.738549190444820E+002 -0.368149418915450E+000  0.407720090799385E+000 -0.107536384819057E+002 -0.734163939461019E+003
  0.100000000000000E+001  0.146830743585113E+004 -0.192139022558075E+002  0.741394033994252E+002 -0.391056187123494E+000  0.416838010080850E+000 -0.107536384819057E+002 -0.734153717925564E+003
  0.100000000000000E+001  0.146826680629628E+004 -0.192562098106945E+002  0.728410435120747E+002 -0.378903544861424E+000  0.405602037153626E+000 -0.107536384819057E+002 -0.734133403148141E+003
  0.100000000000000E+001  0.146823465485615E+004 -0.192831368523014E+002  0.715801814795296E+002 -0.352151099347430E+000  0.398527270744396E+000 -0.107536384819057E+002 -0.734117327428077E+003
  0.100000000000000E+001  0.146822047865691E+004 -0.192236480345669E+002  0.734901422729949E+002 -0.342533722880379E+000  0.385670289242787E+000 -0.107536384819057E+002 -0.734110239328457E+003
  0.100000000000000E+001  0.146821623356500E+004 -0.192670075716055E+002  0.724255302875426E+002 -0.366996815725360E+000  0.402615443005152E+000 -0.107536384819057E+002 -0.734108116782501E+003
  0.100000000000000E+001  0.146817975404051E+004 -0.192746839893449E+002  0.719258035583995E+002 -0.369216680580288E+000  0.399477385724246E+000 -0.107536384819057E+002 -0.734089877020254E+003
  0.100000000000000E+001  0.146815860592126E+004 -0.192135217523265E+002  0.739160307076541E+002 -0.371927890488622E+000  0.403538285399736E+000 -0.107536384819057E+002 -0.734079302960632E+003
  0.100000000000000E+001  0.146813634200848E+004 -0.192554009159829E+002  0.728035211682278E+002 -0.392083643643368E+000  0.419426415883847E+000 -0.107536384819057E+002 -0.734068171004242E+003
  0.100000000000000E+001  0.146813459049656E+004 -0.192509226608997E+002  0.729327420052809E+002 -0.396253617848059E+000  0.419234301426210E+000 -0.107536384819057E+002 -0.734067295248282E+003
  0.100000000000000E+001  0.146812536228020E+004 -0.192793020232212E+002  0.716685262404252E+002 -0.343490381942199E+000  0.391239225339850E+000 -0.107536384819057E+002 -0.734062681140098E+003
  0.100000000000000E+001  0.146812104928479E+004 -0.192442054422577E+002  0.727400777847246E+002 -0.340553257461847E+000  0.394913035780805E+000 -0.107536384819057E+002 -0.734060524642396E+003
  0.100000000000000E+001  0.146810202427683E+004 -0.192434105907539E+002  0.731871306401747E+002 -0.380480556533743E+000  0.415524159382038E+000 -0.107536384819057E+002 -0.734051012138414E+003
  0.100000000000000E+001  0.146807293455081E+004 -0.192789267869095E+002  0.717871955900108E+002 -0.370979297673214E+000  0.401890856403529E+000 -0.107536384819057E+002 -0.734036467275405E+003
  0.100000000000000E+001  0.146807003112392E+004 -0.192270409964761E+002  0.734321880841173E+002 -0.350760201770666E+000  0.388482009894899E+000 -0.107536384819057E+002 -0.734035015561962E+003
  0.100000000000000E+001  0.146802272640487E+004 -0.192045462224260E+002  0.742926877328144E+002 -0.357356915590771E+000  0.393290394388267E+000 -0.107536384819057E+002 -0.734011363202437E+003
  0.100000000000000E+001  0.146796889837561E+004 -0.192341156180302E+002  0.734687308843444E+002 -0.375918716972291E+000  0.401258787677383E+000 -0.107536384819057E+002 -0.733984449187805E+003
  0.100000000000000E+001  0.146796860207726E+004 -0.192330102236057E+002  0.733999391127375E+002 -0.374306062378786E+000  0.400138279945454E+000 -0.107536384819057E+002 -0.733984301038631E+003
  0.100000000000000E+001  0.146796661506708E+004 -0.192538549032688E+002  0.724139444901617E+002 -0.336940086370561E+000  0.385845136399548E+000 -0.107536384819057E+002 -0.733983307533538E+003
  0.100000000000000E+001  0.146792725044593E+004 -0.192341577223219E+002  0.731509069418415E+002 -0.362588675741774E+000  0.405076942950362E+000 -0.107536384819057E+002 -0.733963625222966E+003
  0.100000000000000E+001  0.146791761659513E+004 -0.192495896249666E+002  0.725751987563409E+002 -0.332886498849182E+000  0.384810482272144E+000 -0.107536384819057E+002 -0.733958808297567E+003
  0.100000000000000E+001  0.146791348815654E+004 -0.192374881672923E+002  0.730037338128544E+002 -0.333449747827575E+000  0.383936255522115E+000 -0.107536384819057E+002 -0.733956744078272E+003
  0.100000000000000E+001  0.146791317882752E+004 -0.192195464447983E+002  0.739553115356890E+002 -0.385767391803673E+000  0.408797650744153E+000 -0.107536384819057E+002 -0.733956589413759E+003
  0.100000000000000E+001  0.146789464255931E+004 -0.192739334918624E+002  0.721532585290373E+002 -0.384557842560341E+000  0.409637288379589E+000 -0.107536384819057E+002 -0.733947321279653E+003
  0.100000000000000E+001  0.146788716330877E+004 -0.192221669118786E+002  0.739176991182915E+002 -0.388733203979313E+000  0.411077633020457E+000 -0.107536384819057E+002 -0.733943581654387E+003
  0.100000000000000E+001  0.146788659700212E+004 -0.192332662887609E+002  0.730937454619731E+002 -0.352930491217071E+000  0.397073700919134E+000 -0.107536384819057E+002 -0.733943298501059E+003
  0.100000000000000E+001  0.146786098476829E+004 -0.192634870433664E+002  0.723118786138558E+002 -0.381215332374433E+000  0.410461943002252E+000 -0.107536384819057E+002 -0.733930492384144E+003
  0.100000000000000E+001  0.146785755151167E+004 -0.192639320724457E+002  0.721482007142174E+002 -0.337876199254200E+000  0.386647696898369E+000 -0.107536384819057E+002 -0.733928775755837E+003
  0.100000000000000E+001  0.146785502053412E+004 -0.192382878139459E+002  0.732101102031091E+002 -0.384123486148690E+000  0.408142996911759E+000 -0.107536384819057E+002 -0.733927510267060E+003
  0.100000000000000E+001  0.146783997518900E+004 -0.192117150941229E+002  0.742692988103881E+002 -0.377798875547036E+000  0.405115816271576E+000 -0.107536384819057E+002 -0.733919987594502E+003
  0.100000000000000E+001  0.146783214591738E+004 -0.192642746298177E+002  0.723347676270875E+002 -0.347775645900883E+000  0.395605143719044E+000 -0.107536384819057E+002 -0.733916072958692E+003
  0.100000000000000E+001  0.146780493644167E+004 -0.192062022045873E+002  0.744350395308358E+002 -0.371289968145266E+000  0.407098251512314E+000 -0.107536384819057E+002 -0.733902468220832E+003
  0.100000000000000E+001  0.146779899651938E+004 -0.192522841583545E+002  0.728612958422829E+002 -0.362785736762268E+000  0.404686598374731E+000 -0.107536384819057E+002 -0.733899498259688E+003
  0.100000000000000E+001  0.146779491421871E+004 -0.192494306000082E+002  0.728922623846241E+002 -0.388636875568541E+000  0.417273905071507E+000 -0.107536384819057E+002 -0.733897457109353E+003
  0.100000000000000E+001  0.146777680525355E+004 -0.192477139064209E+002  0.728497144196249E+002 -0.361297456216205E+000  0.406899990952482E+000 -0.107536384819057E+002 -0.733888402626776E+003
  0.100000000000000E+001  0.146775656325884E+004 -0.191964194355787E+002  0.746537644270461E+002 -0.369364965039979E+000  0.405548410053649E+000 -0.107536384819057E+002 -0.733878281629419E+003
  0.100000000000000E+001  0.146775521203319E+004 -0.192365424593711E+002  0.730041767631320E+002 -0.355764870846121E+000  0.396084976999552E+000 -0.107536384819057E+002 -0.733877606016597E+003
  0.100000000000000E+001  0.146774155338173E+004 -0.192716509742686E+002  0.719060782608292E+002 -0.358310476059961E+000  0.396732363812912E+000 -0.107536384819057E+002 -0.733870776690865E+003
  0.100000000000000E+001  0.146773995968120E+004 -0.192309910167189E+002  0.734845288234041E+002 -0.362612765302889E+000  0.394159112406010E+000 -0.107536384819057E+002 -0.733869979840600E+003
  0.100000000000000E+001  0.146773372707501E+004 -0.192287856027904E+002  0.732351785115085E+002 -0.346051628518248E+000  0.391684027062761E+000 -0.107536384819057E+002 -0.733866863537506E+003
  0.100000000000000E+001  0.146772580942289E+004 -0.192018380164363E+002  0.743850488754473E+002 -0.349598333700733E+000  0.392979683235495E+000 -0.107536384819057E+002 -0.733862904711445E+003
  0.100000000000000E+001  0.146770591202647E+004 -0.192471438043993E+002  0.726803356264933E+002 -0.361659409946945E+000  0.401155869178381E+000 -0.107536384819057E+002 -0.733852956013237E+003
  0.100000000000000E+001  0.146767344905156E+004 -0.192719284029303E+002  0.721119333186180E+002 -0.365629376849212E+000  0.397425660560601E+000 -0.107536384819057E+002 -0.733836724525778E+003
  0.100000000000000E+001  0.146767178132860E+004 -0.192283890850715E+002  0.737481876864171E+002 -0.392527835266107E+000  0.415637581014403E+000 -0.107536384819057E+002 -0.733835890664298E+003
  0.100000000000000E+001  0.146764121381834E+004 -0.192786157815641E+002  0.717186060737558E+002 -0.353250772562869E+000  0.398220184715377E+000 -0.107536384819057E+002 -0.733820606909169E+003
  0.100000000000000E+001  0.146759622203104E+004 -0.192088617461614E+002  0.741532378948259E+002 -0.351469368494441E+000  0.398921180428111E+000 -0.107536384819057E+002 -0.733798111015521E+003
  0.100000000000000E+001  0.146759454161718E+004 -0.192159354225133E+002  0.741367604770058E+002 -0.387075928072722E+000  0.412018312022299E+000 -0.107536384819057E+002 -0.733797270808590E+003
  0.100000000000000E+001  0.146756699185479E+004 -0.192397080949539E+002  0.731162409067479E+002 -0.342460766227577E+000  0.388395841920373E+000 -0.107536384819057E+002 -0.733783495927393E+003
  0.100000000000000E+001  0.146756662462470E+004 -0.192370043715958E+002  0.733568431113844E+002 -0.381343897151506E+000  0.405107224274143E+000 -0.107536384819057E+002 -0.733783312312348E+003
  0.100000000000000E+001  0.146756322736838E+004 -0.192591132011936E+002  0.726529305196005E+002 -0.369654483009962E+000  0.400271306926903E+000 -0.107536384819057E+002 -0.733781613684188E+003
  0.100000000000000E+001  0.146755345508941E+004 -0.192364777862082E+002  0.730436343040361E+002 -0.343886141959953E+000  0.396417382973663E+000 -0.107536384819057E+002 -0.733776727544703E+003
  0.100000000000000E+001  0.146747086930023E+004 -0.192233416551242E+002  0.737168860079072E+002 -0.366412022894808E+000  0.396661197870316E+000 -0.107536384819057E+002 -0.733735434650116E+003
  0.100000000000000E+001  0.146746684605387E+004 -0.192784492147407E+002  0.718552921261174E+002 -0.372709945231194E+000  0.403716275642480E+000 -0.107536384819057E+002 -0.733733423026933E+003
  0.100000000000000E+001  0.146744741046573E+004 -0.192450670921838E+002  0.729202494489498E+002 -0.353938881439397E+000  0.402532613426240E+000 -0.107536384819057E+002 -0.733723705232865E+003
  0.100000000000000E+001  0.146744348013102E+004 -0.192468633156761E+002  0.729229755118007E+002 -0.385982884835935E+000  0.412236278109259E+000 -0.107536384819057E+002 -0.733721740065512E+003
  0.100000000000000E+001  0.146736662764428E+004 -0.192265505156647E+002  0.737080000349444E+002 -0.366467686239024E+000  0.397887942556837E+000 -0.107536384819057E+002 -0.733683313822140E+003
  0.100000000000000E+001  0.146735044359179E+004 -0.192184954950680E+002  0.740621879060854E+002 -0.374719446974692E+000  0.405542196230164E+000 -0.107536384819057E+002 -0.733675221795897E+003
  0.100000000000000E+001  0.146734261097680E+004 -0.192395032831958E+002  0.731220819681266E+002 -0.352344569917967E+000  0.401267488380309E+000 -0.107536384819057E+002 -0.733671305488400E+003
  0.100000000000000E+001  0.146732956606908E+004 -0.192591946242630E+002  0.722603644281237E+002 -0.348945103349032E+000  0.395321986893017E+000 -0.107536384819057E+002 -0.733664783034542E+003
  0.100000000000000E+001  0.146732315864622E+004 -0.192413128572815E+002  0.732819344389047E+002 -0.369623633979359E+000  0.401495011661729E+000 -0.107536384819057E+002 -0.733661579323108E+003
  0.100000000000000E+001  0.146729088081025E+004 -0.192242342653634E+002  0.737414471533500E+002 -0.366482750334808E+000  0.407760763420002E+000 -0.107536384819057E+002 -0.733645440405124E+003
  0.100000000000000E+001  0.146728898241446E+004 -0.192818661147484E+002  0.717112550541153E+002 -0.361012259652204E+000  0.399663839155584E+000 -0.107536384819057E+002 -0.733644491207229E+003
  0.100000000000000E+001  0.146724409831920E+004 -0.192138852896965E+002  0.741612063006757E+002 -0.376635650621957E+000  0.404926557532402E+000 -0.107536384819057E+002 -0.733622049159598E+003
  0.100000000000000E+001  0.146724197393041E+004 -0.192321592101162E+002  0.735388828512915E+002 -0.360333377967146E+000  0.398398400121957E+000 -0.107536384819057E+002 -0.733620986965204E+003
  0.100000000000000E+001  0.146723291075834E+004 -0.192361394051475E+002  0.732560849819835E+002 -0.347757233323997E+000  0.389767418023443E+000 -0.107536384819057E+002 -0.733616455379172E+003
  0.100000000000000E+001  0.146719263127690E+004 -0.192573357491879E+002  0.727621599036778E+002 -0.379009078694708E+000  0.410730276766765E+000 -0.107536384819057E+002 -0.733596315638451E+003
  0.100000000000000E+001  0.146719011874715E+004 -0.192139935912453E+002  0.740327604369633E+002 -0.363573672799473E+000  0.396638568028477E+000 -0.107536384819057E+002 -0.733595059373577E+003
  0.100000000000000E+001  0.146717919272169E+004 -0.192272935911565E+002  0.736675445006018E+002 -0.386126541298771E+000  0.410490191228506E+000 -0.107536384819057E+002 -0.733589596360845E+003
  0.100000000000000E+001  0.146713659535483E+004 -0.192722789262051E+002  0.721345109984287E+002 -0.378531732633502E+000  0.410822674737074E+000 -0.107536384819057E+002 -0.733568297677416E+003
  0.100000000000000E+001  0.146713217256554E+004 -0.192594062316237E+002  0.724629920621354E+002 -0.348784786486873E+000  0.391018387866843E+000 -0.107536384819057E+002 -0.733566086282770E+003
  0.100000000000000E+001  0.146713146661873E+004 -0.192272852460127E+002  0.734081216786816E+002 -0.365547358186806E+000  0.403331447203144E+000 -0.107536384819057E+002 -0.733565733309363E+003
  0.100000000000000E+001  0.146712791982046E+004 -0.192496738264569E+002  0.726006348675617E+002 -0.338005440997001E+000  0.388043068129313E+000 -0.107536384819057E+002 -0.733563959910229E+003
  0.100000000000000E+001  0.146711788574801E+004 -0.192336188579467E+002  0.733397886703095E+002 -0.381993848983648E+000  0.411297889307141E+000 -0.107536384819057E+002 -0.733558942874005E+003
  0.100000000000000E+001  0.146708655265969E+004 -0.192347110494954E+002  0.734133530647873E+002 -0.356638502601800E+000  0.399252870510142E+000 -0.107536384819057E+002 -0.733543276329843E+003
  0.100000000000000E+001  0.146708001003448E+004 -0.192258009602738E+002  0.737797281268587E+002 -0.387227475237320E+000  0.414898844661190E+000 -0.107536384819057E+002 -0.733540005017238E+003
  0.100000000000000E+001  0.146705685654140E+004 -0.192575417802521E+002  0.726354207929097E+002 -0.386759016814409E+000  0.413635516856092E+000 -0.107536384819057E+002 -0.733528428270699E+003
  0.100000000000000E+001  0.146705417942409E+004 -0.192591693778645E+002  0.726805024199261E+002 -0.373112465856739E+000  0.405339865950339E+000 -0.107536384819057E+002 -0.733527089712045E+003
  0.100000000000000E+001  0.146704835890270E+004 -0.192172279726449E+002  0.739815456193570E+002 -0.357041594554979E+000  0.397110091373581E+000 -0.107536384819057E+002 -0.733524179451350E+003
  0.100000000000000E+001  0.146704724889880E+004 -0.192071354204107E+002  0.742743812458980E+002 -0.375040905351310E+000  0.407102356248950E+000 -0.107536384819057E+002 -0.733523624449400E+003
  0.100000000000000E+001  0.146703220236650E+004 -0.192268414255119E+002  0.737299061142409E+002 -0.369958416868449E+000  0.400967044591076E+000 -0.107536384819057E+002 -0.733516101183251E+003
  0.100000000000000E+001  0.146702533836221E+004 -0.192411404998395E+002  0.729523196733704E+002 -0.363354466950964E+000  0.397769462365790E+000 -0.107536384819057E+002 -0.733512669181105E+003
  0.100000000000000E+001  0.146701899344349E+004 -0.192533697382476E+002  0.726021405272605E+002 -0.347258476944888E+000  0.397334550668388E+000 -0.107536384819057E+002 -0.733509496721745E+003
  0.100000000000000E+001  0.146701583985731E+004 -0.192248464960334E+002  0.736585687830147E+002 -0.350269230477676E+000  0.397047869500628E+000 -0.107536384819057E+002 -0.733507919928656E+003
  0.100000000000000E+001  0.146699821108400E+004 -0.192589489410196E+002  0.723836967730924E+002 -0.355559146220282E+000  0.392938363457396E+000 -0.107536384819057E+002 -0.733499105541999E+003
  0.100000000000000E+001  0.146699806281827E+004 -0.192245214015063E+002  0.738065574339904E+002 -0.364901242498168E+000  0.400821051222982E+000 -0.107536384819057E+002 -0.733499031409136E+003
  0.100000000000000E+001  0.146697627275283E+004 -0.192608793300841E+002  0.725489418604022E+002 -0.385619847842621E+000  0.411512505831255E+000 -0.107536384819057E+002 -0.733488136376413E+003
  0.100000000000000E+001  0.146695771809174E+004 -0.192466250255896E+002  0.730685173160321E+002 -0.364360120719454E+000  0.401674604315226E+000 -0.107536384819057E+002 -0.733478859045872E+003
  0.100000000000000E+001  0.146692863817168E+004 -0.192634531678031E+002  0.723459598868445E+002 -0.350737642361836E+000  0.393613045399523E+000 -0.107536384819057E+002 -0.733464319085839E+003
  0.100000000000000E+001  0.146691657980847E+004 -0.192218095386208E+002  0.737678819694336E+002 -0.368607499940267E+000  0.408382148699945E+000 -0.107536384819057E+002 -0.733458289904233E+003
  0.100000000000000E+001  0.146691110640350E+004 -0.192420191680540E+002  0.728318047778114E+002 -0.349235457009841E+000  0.394813792287694E+000 -0.107536384819057E+002 -0.733455553201748E+003
  0.100000000000000E+001  0.146689566920481E+004 -0.192614264150074E+002  0.724745536829108E+002 -0.369894286499711E+000  0.408639777030443E+000 -0.107536384819057E+002 -0.733447834602406E+003
  0.100000000000000E+001  0.146689334949557E+004 -0.192175318219640E+002  0.739041496892041E+002 -0.378269058742815E+000  0.407866793445911E+000 -0.107536384819057E+002 -0.733446674747783E+003
  0.100000000000000E+001  0.146687387955402E+004 -0.192111228279791E+002  0.740108225222419E+002 -0.356734694038998E+000  0.400514289988466E+000 -0.107536384819057E+002 -0.733436939777010E+003
  0.100000000000000E+001  0.146685770231317E+004 -0.192448860601373E+002  0.730131916898461E+002 -0.350969698950747E+000  0.394974446481471E+000 -0.107536384819057E+002 -0.733428851156586E+003
  0.100000000000000E+001  0.146685412463960E+004 -0.192692550589148E+002  0.722106129231489E+002 -0.378753752440403E+000  0.409955268952041E+000 -0.107536384819057E+002 -0.733427062319801E+003
  0.100000000000000E+001  0.146684824404445E+004 -0.192312417701916E+002  0.732216891601552E+002 -0.341543723856069E+000  0.392277417464918E+000 -0.107536384819057E+002 -0.733424122022227E+003
  0.100000000000000E+001  0.146684697633626E+004 -0.192431666708993E+002  0.732305503687724E+002 -0.381847955105564E+000  0.408420233647484E+000 -0.107536384819057E+002 -0.733423488168129E+003
  0.100000000000000E+001  0.146683718902020E+004 -0.192474265777450E+002  0.727334694623047E+002 -0.363823502854160E+000  0.399591972291252E+000 -0.107536384819057E+002 -0.733418594510102E+003
  0.100000000000000E+001  0.146682758952453E+004 -0.192350671684914E+002  0.730968331868310E+002 -0.355833300765990E+000  0.398642334994664E+000 -0.107536384819057E+002 -0.733413794762265E+003
  0.100000000000000E+001  0.146676672900463E+004 -0.192675851178333E+002  0.721508073379922E+002 -0.351174834550228E+000  0.396895295931317E+000 -0.107536384819057E+002 -0.733383364502316E+003
  0.100000000000000E+001  0.146675612819922E+004 -0.192367300472516E+002  0.731247973644004E+002 -0.353671763189924E+000  0.401071161320155E+000 -0.107536384819057E+002 -0.733378064099610E+003
  0.100000000000000E+001  0.146675026191736E+004 -0.192254836268209E+002  0.738110369863369E+002 -0.378839454125859E+000  0.407715849192634E+000 -0.107536384819057E+002 -0.733375130958679E+003
  0.100000000000000E+001  0.146674840601049E+004 -0.192683966121424E+002  0.720482093997706E+002 -0.354840874893065E+000  0.397642333859391E+000 -0.107536384819057E+002 -0.733374203005244E+003
  0.100000000000000E+001  0.146670408875626E+004 -0.192137600495886E+002  0.739822463126339E+002 -0.355366462565104E+000  0.394288118846278E+000 -0.107536384819057E+002 -0.733352044378131E+003
  0.100000000000000E+001  0.146669384311123E+004 -0.192511551862266E+002  0.725546950030612E+002 -0.347379976805377E+000  0.392211084013220E+000 -0.107536384819057E+002 -0.733346921555615E+003
  0.100000000000000E+001  0.146668309419555E+004 -0.192474959431308E+002  0.729059811932805E+002 -0.352126431117355E+000  0.393120733412148E+000 -0.107536384819057E+002 -0.733341547097774E+003
  0.100000000000000E+001  0.146667467046019E+004 -0.192431538345433E+002  0.729980006799585E+002 -0.370688517905796E+000  0.409126618637917E+000 -0.107536384819057E+002 -0.733337335230096E+003
  0.100000000000000E+001  0.146667257033108E+004 -0.192135206209392E+002  0.739357561363238E+002 -0.356225606358925E+000  0.395073259745255E+000 -0.107536384819057E+002 -0.733336285165538E+003
  0.100000000000000E+001  0.146666228440604E+004 -0.192103848324607E+002  0.741734960255707E+002 -0.361797991420541E+000  0.401822185332699E+000 -0.107536384819057E+002 -0.733331142203019E+003
  0.100000000000000E+001  0.146665141315227E+004 -0.192484490882668E+002  0.727532397637680E+002 -0.351305257887399E+000  0.390928695135049E+000 -0.107536384819057E+002 -0.733325706576133E+003
  0.100000000000000E+001  0.146665132024594E+004 -0.192441512060114E+002  0.730332337158463E+002 -0.362115699956201E+000  0.405084498661997E+000 -0.107536384819057E+002 -0.733325660122972E+003
  0.100000000000000E+001  0.146665045374405E+004 -0.192397380003696E+002  0.731154342151248E+002 -0.366608874560038E+000  0.407623105502864E+000 -0.107536384819057E+002 -0.733325226872027E+003
  0.100000000000000E+001  0.146664212268909E+004 -0.192200548090449E+002  0.739617271267865E+002 -0.380319763842162E+000  0.409547762579924E+000 -0.107536384819057E+002 -0.733321061344546E+003
  0.100000000000000E+001  0.146663839441411E+004 -0.192486687936678E+002  0.729337769088248E+002 -0.365650327458532E+000  0.406028093517149E+000 -0.107536384819057E+002 -0.733319197207056E+003
  0.100000000000000E+001  0.146662958604961E+004 -0.192102252555001E+002  0.741507111556581E+002 -0.367954225334404E+000  0.401436043837427E+000 -0.107536384819057E+002 -0.733314793024806E+003
  0.100000000000000E+001  0.146660710866921E+004 -0.192176276362347E+002  0.738937243860805E+002 -0.375961402928586E+000  0.407668506758636E+000 -0.107536384819057E+002 -0.733303554334604E+003
  0.100000000000000E+001  0.146651626149482E+004 -0.192477073337487E+002  0.727519788234846E+002 -0.362142823785947E+000  0.397601070129233E+000 -0.107536384819057E+002 -0.733258130747408E+003
  0.100000000000000E+001  0.146651093039957E+004 -0.192332043058442E+002  0.735513866182202E+002 -0.380187252561462E+000  0.410185277917151E+000 -0.107536384819057E+002 -0.733255465199786E+003
  0.100000000000000E+001  0.146649939945270E+004 -0.192383263075288E+002  0.730770239193638E+002 -0.346693179847029E+000  0.396279695872302E+000 -0.107536384819057E+002 -0.733249699726350E+003
  0.100000000000000E+001  0.146649507225561E+004 -0.192276173116822E+002  0.735276954146436E+002 -0.376201933231799E+000  0.408003799507066E+000 -0.107536384819057E+002 -0.733247536127803E+003
  0.100000000000000E+001  0.146649500124373E+004 -0.192317661195244E+002  0.734619712305379E+002 -0.358153294388055E+000  0.395273932356611E+000 -0.107536384819057E+002 -0.733247500621866E+003
  0.100000000000000E+001  0.146648906071534E+004 -0.192697663243974E+002  0.721086465641419E+002 -0.356859204762719E+000  0.396969012700672E+000 -0.107536384819057E+002 -0.733244530357669E+003
  0.100000000000000E+001  0.146647970416381E+004 -0.192634157734910E+002  0.723522807606560E+002 -0.359731453257134E+000  0.402225959720011E+000 -0.107536384819057E+002 -0.733239852081907E+003
  0.100000000000000E+001  0.146647320565971E+004 -0.192603906677652E+002  0.724549352746946E+002 -0.363187432286078E+000  0.397234355135519E+000 -0.107536384819057E+002 -0.733236602829853E+003
  0.100000000000000E+001  0.146646739178798E+004 -0.192684254043128E+002  0.721126151279348E+002 -0.361295323780203E+000  0.401646835582206E+000 -0.107536384819057E+002 -0.733233695893988E+003
  0.100000000000000E+001  0.146646426353258E+004 -0.192475087071380E+002  0.730550056675378E+002 -0.374549866738767E+000  0.407905497549256E+000 -0.107536384819057E+002 -0.733232131766290E+003
  0.100000000000000E+001  0.146646085162003E+004 -0.192458631549066E+002  0.730750245699746E+002 -0.370288225573747E+000  0.401760707031089E+000 -0.107536384819057E+002 -0.733230425810013E+003
  0.100000000000000E+001  0.146638300924763E+004 -0.192417133338871E+002  0.729704682620338E+002 -0.343510095683597E+000  0.392237685446910E+000 -0.107536384819057E+002 -0.733191504623814E+003
  0.100000000000000E+001  0.146637103254547E+004 -0.192542189756806E+002  0.725650134305215E+002 -0.358204153305033E+000  0.395049338352190E+000 -0.107536384819057E+002 -0.733185516272735E+003
  0.100000000000000E+001  0.146636199581402E+004 -0.192262255778756E+002  0.737206967587117E+002 -0.366774613199321E+000  0.403884911098751E+000 -0.107536384819057E+002 -0.733180997907010E+003
  0.100000000000000E+001  0.146634980997970E+004 -0.192539711680037E+002  0.726479223451195E+002 -0.350588197758104E+000  0.395658920811314E+000 -0.107536384819057E+002 -0.733174904989850E+003
  0.100000000000000E+001  0.146631677034074E+004 -0.192176019162572E+002  0.739751147298462E+002 -0.365398980635809E+000  0.401406446864222E+000 -0.107536384819057E+002 -0.733158385170371E+003
  0.100000000000000E+001  0.146631347179545E+004 -0.192326365366465E+002  0.733039605774048E+002 -0.360553618393568E+000  0.403647161519284E+000 -0.107536384819057E+002 -0.733156735897724E+003
  0.100000000000000E+001  0.146628634667071E+004 -0.192344163959914E+002  0.733695139767229E+002 -0.364693347119483E+000  0.405614954146526E+000 -0.107536384819057E+002 -0.733143173335356E+003
  0.100000000000000E+001  0.146627993395697E+004 -0.192210265807705E+002  0.738709785566681E+002 -0.369950314120098E+000  0.406315923964139E+000 -0.107536384819057E+002 -0.733139966978483E+003
  0.100000000000000E+001  0.146626974976768E+004 -0.192408880337994E+002  0.730669327982662E+002 -0.368566512872190E+000  0.407381066973387E+000 -0.107536384819057E+002 -0.733134874883842E+003
  0.100000000000000E+001  0.146626074457211E+004 -0.192503971220994E+002  0.728652168875033E+002 -0.361023137023349E+000  0.398201001773698E+000 -0.107536384819057E+002 -0.733130372286055E+003
  0.100000000000000E+001  0.146625763026329E+004 -0.192308544300998E+002  0.734634204841959E+002 -0.377696156383293E+000  0.407034073532002E+000 -0.107536384819057E+002 -0.733128815131645E+003
  0.100000000000000E+001  0.146625186586092E+004 -0.192635147262012E+002  0.723256782862983E+002 -0.368143651867075E+000  0.405545482008810E+000 -0.107536384819057E+002 -0.733125932930460E+003
  0.100000000000000E+001  0.146623446149345E+004 -0.192646421410154E+002  0.723609865310996E+002 -0.362928821395132E+000  0.400691516968104E+000 -0.107536384819057E+002 -0.733117230746726E+003
  0.100000000000000E+001  0.146621585224501E+004 -0.192522838943660E+002  0.727403913037954E+002 -0.360924255260476E+000  0.396330563066890E+000 -0.107536384819057E+002 -0.733107926122504E+003
  0.100000000000000E+001  0.146620665963042E+004 -0.192327529802143E+002  0.732172407232688E+002 -0.350371110559328E+000  0.396614465199342E+000 -0.107536384819057E+002 -0.733103329815210E+003
  0.100000000000000E+001  0.146620260603754E+004 -0.192443266994331E+002  0.730042003744906E+002 -0.360936074343429E+000  0.395938923499703E+000 -0.107536384819057E+002 -0.733101303018771E+003
  0.100000000000000E+001  0.146618973238333E+004 -0.192414270706349E+002  0.731915495577330E+002 -0.364210157288494E+000  0.403015583838446E+000 -0.107536384819057E+002 -0.733094866191664E+003
  0.100000000000000E+001  0.146618964741928E+004 -0.192368131627664E+002  0.732246065174398E+002 -0.349921652731074E+000  0.394774287024759E+000 -0.107536384819057E+002 -0.733094823709641E+003
  0.100000000000000E+001  0.146617475678840E+004 -0.192643168224267E+002  0.723683667251143E+002 -0.365602606743349E+000  0.403584550094491E+000 -0.107536384819057E+002 -0.733087378394202E+003
  0.100000000000000E+001  0.146608772978426E+004 -0.192570891617572E+002  0.726248383989494E+002 -0.362301231084369E+000  0.399414723205883E+000 -0.107536384819057E+002 -0.733043864892132E+003
  0.100000000000000E+001  0.146603409351374E+004 -0.192484088833019E+002  0.727310061078700E+002 -0.351251165140407E+000  0.397336356878553E+000 -0.107536384819057E+002 -0.733017046756871E+003
  0.100000000000000E+001  0.146601666827314E+004 -0.192485277012395E+002  0.728597076908950E+002 -0.354472845252516E+000  0.397269824135407E+000 -0.107536384819057E+002 -0.733008334136571E+003
  0.100000000000000E+001  0.146601659379076E+004 -0.192578555690641E+002  0.726128454173643E+002 -0.376161407909681E+000  0.406772136893054E+000 -0.107536384819057E+002 -0.733008296895381E+003
  0.100000000000000E+001  0.146601192108447E+004 -0.192302697514033E+002  0.733350207049706E+002 -0.354722413491898E+000  0.398833049596910E+000 -0.107536384819057E+002 -0.733005960542237E+003
  0.100000000000000E+001  0.146600176677853E+004 -0.192561701995948E+002  0.726886295082052E+002 -0.371396710394419E+000  0.403588243548503E+000 -0.107536384819057E+002 -0.733000883389263E+003
  0.100000000000000E+001  0.146599678177031E+004 -0.192280052560151E+002  0.735538784396069E+002 -0.357168454097821E+000  0.396203098225758E+000 -0.107536384819057E+002 -0.732998390885153E+003
  0.100000000000000E+001  0.146596253935933E+004 -0.192499960829256E+002  0.729276026447525E+002 -0.376305238492632E+000  0.408146737584828E+000 -0.107536384819057E+002 -0.732981269679663E+003
  0.100000000000000E+001  0.146594283195184E+004 -0.192487820986349E+002  0.727644207282798E+002 -0.353781697852014E+000  0.398943902785121E+000 -0.107536384819057E+002 -0.732971415975918E+003
  0.100000000000000E+001  0.146589584159520E+004 -0.192371456613132E+002  0.733160823187803E+002 -0.367899328293225E+000  0.405571247303542E+000 -0.107536384819057E+002 -0.732947920797598E+003
  0.100000000000000E+001  0.146588980416398E+004 -0.192568917237725E+002  0.726335927291336E+002 -0.364736700896250E+000  0.401450636022032E+000 -0.107536384819057E+002 -0.732944902081988E+003
  0.100000000000000E+001  0.146586453174337E+004 -0.192554463066655E+002  0.726814405447898E+002 -0.364629266951795E+000  0.402367517811069E+000 -0.107536384819057E+002 -0.732932265871686E+003
  0.100000000000000E+001  0.146584827329176E+004 -0.192494050100658E+002  0.727561551714551E+002 -0.351374570020145E+000  0.394446863724188E+000 -0.107536384819057E+002 -0.732924136645879E+003
  0.100000000000000E+001  0.146582907399708E+004 -0.192312475650343E+002  0.735175088669655E+002 -0.366128671606080E+000  0.401694348650357E+000 -0.107536384819057E+002 -0.732914536998541E+003
  0.100000000000000E+001  0.146574257602386E+004 -0.192454499840251E+002  0.728843642072087E+002 -0.363594263763338E+000  0.399255563051176E+000 -0.107536384819057E+002 -0.732871288011932E+003
  0.100000000000000E+001  0.146572954473927E+004 -0.192390772145936E+002  0.730983951035265E+002 -0.367021513857876E+000  0.403092915018084E+000 -0.107536384819057E+002 -0.732864772369633E+003
  0.100000000000000E+001  0.146572436991784E+004 -0.192463781379979E+002  0.728465957228946E+002 -0.357832219867527E+000  0.400650973232971E+000 -0.107536384819057E+002 -0.732862184958919E+003
  0.100000000000000E+001  0.146559662196814E+004 -0.192405911677924E+002  0.730878039255570E+002 -0.360407376706087E+000  0.401937312527982E+000 -0.107536384819057E+002 -0.732798310984072E+003
