 -0.161336575625601E+002  0.681023249476438E+002 -0.407786132616002E+000  0.376011779483932E+000 -0.170324302590413E+001 -0.144425179360197E+002 -0.709139205407975E+003 -0.709139205407975E+003
  0.183870338146555E+002  0.668996455848669E+002 -0.407058133550343E+000  0.386605157374538E+000 -0.165052593840450E+001 -0.144425179360197E+002 -0.709140125637085E+003 -0.709140125637085E+003
 -0.455547306366330E+001  0.668942211558972E+002 -0.404998674806297E+000  0.391836407595396E+000 -0.151350474735043E+001 -0.144425179360197E+002 -0.709139906594476E+003 -0.709139906594476E+003
 -0.376513657989617E+001  0.686137098652719E+002 -0.417895068660762E+000  0.442897874815975E+000 -0.100384396285594E+001 -0.144425179360197E+002 -0.709143647236185E+003 -0.709143647236185E+003
  0.181148925995878E+002  0.675093605213616E+002 -0.420261851345162E+000  0.468760165135247E+000 -0.470058978204023E+000 -0.144425179360197E+002 -0.709121302750097E+003 -0.709121302750097E+003
 -0.190764405928380E+002  0.674123264950347E+002 -0.410162701156350E+000  0.437042436539513E+000 -0.697204871867619E+000 -0.144425179360197E+002 -0.709130850322060E+003 -0.709130850322060E+003
  0.984936845520889E+001  0.670997743255301E+002 -0.420322864141221E+000  0.434784445666762E+000 -0.122729450834432E+001 -0.144425179360197E+002 -0.709130537480286E+003 -0.709130537480286E+003
  0.906363222406015E+001  0.672214669065236E+002 -0.421042568852534E+000  0.456341105211489E+000 -0.318501484209811E+000 -0.144425179360197E+002 -0.709136455460109E+003 -0.709136455460109E+003
 -0.167461841634245E+002  0.672557273959739E+002 -0.413072551641592E+000  0.429365962495483E+000 -0.105470699088314E+001 -0.144425179360197E+002 -0.709112691253446E+003 -0.709112691253446E+003
  0.615226123715856E+001  0.666093417449648E+002 -0.411777169272452E+000  0.441025417096127E+000 -0.110896508991233E+001 -0.144425179360197E+002 -0.709142447898592E+003 -0.709142447898592E+003
  0.493406577065355E+001  0.677009296865467E+002 -0.412849722913716E+000  0.427091542067526E+000 -0.992554104217650E+000 -0.144425179360197E+002 -0.709116578204714E+003 -0.709116578204714E+003
  0.871884137872069E+001  0.671510523024707E+002 -0.408648981988603E+000  0.440332607692470E+000 -0.592898314687053E+000 -0.144425179360197E+002 -0.709135591925779E+003 -0.709135591925779E+003
  0.174116014046934E+002  0.677966242290143E+002 -0.406647622932025E+000  0.406201783768108E+000 -0.118296276024329E+001 -0.144425179360197E+002 -0.709124793540244E+003 -0.709124793540244E+003
 -0.240208842099015E+001  0.682941627177642E+002 -0.413429525083964E+000  0.442934227990552E+000 -0.744331092177756E+000 -0.144425179360197E+002 -0.709107894950539E+003 -0.709107894950539E+003
  0.673192471169908E+001  0.672742355777294E+002 -0.414086087130505E+000  0.427802955070632E+000 -0.989989816865339E+000 -0.144425179360197E+002 -0.709146633272519E+003 -0.709146633272519E+003
 -0.114536145579758E+002  0.668719863456672E+002 -0.413669770646941E+000  0.415945149247133E+000 -0.148898559879643E+001 -0.144425179360197E+002 -0.709146837762565E+003 -0.709146837762565E+003
 -0.430157220340508E+001  0.681689900684249E+002 -0.415593300257174E+000  0.438954245964482E+000 -0.932570055024016E-001 -0.144425179360197E+002 -0.709147055318805E+003 -0.709147055318805E+003
  0.344748356496971E+001  0.672940543496647E+002 -0.413777694811503E+000  0.460949694423842E+000 -0.812309387204131E+000 -0.144425179360197E+002 -0.709138413919784E+003 -0.709138413919784E+003
  0.154110584043931E+002  0.670437927066131E+002 -0.410953793179663E+000  0.452116090233319E+000 -0.865514998922400E+000 -0.144425179360197E+002 -0.709125718094142E+003 -0.709125718094142E+003
 -0.156694897427707E+002  0.673546976741256E+002 -0.408036064079565E+000  0.402961148923380E+000 -0.149513240901402E+001 -0.144425179360197E+002 -0.709128348375991E+003 -0.709128348375991E+003
  0.171855414027073E+002  0.673106055737896E+002 -0.409732902215233E+000  0.437524881080891E+000 -0.382597586609467E+000 -0.144425179360197E+002 -0.709146947787369E+003 -0.709146947787369E+003
  0.364652981438904E+001  0.677973238046275E+002 -0.400223024439295E+000  0.348653999924768E+000 -0.176932408430913E+001 -0.144425179360197E+002 -0.709143733068191E+003 -0.709143733068191E+003
  0.380001768083494E+001  0.676496053165215E+002 -0.417512862186571E+000  0.452554811364410E+000 -0.516530178852385E+000 -0.144425179360197E+002 -0.709110595734499E+003 -0.709110595734499E+003
 -0.185478954527977E+002  0.676367388109805E+002 -0.422261261645533E+000  0.455393782460049E+000 -0.852650897611388E+000 -0.144425179360197E+002 -0.709122046294183E+003 -0.709122046294183E+003
  0.132694996607121E+002  0.682710710154092E+002 -0.418777162688822E+000  0.454785926745869E+000 -0.319227880292868E+000 -0.144425179360197E+002 -0.709116193011653E+003 -0.709116193011653E+003
 -0.153130443957782E+002  0.675461586116874E+002 -0.407020995663313E+000  0.358189289413340E+000 -0.171835386548353E+001 -0.144425179360197E+002 -0.709130613739415E+003 -0.709130613739415E+003
  0.126342684014532E+001  0.675035343478070E+002 -0.422886973040335E+000  0.460398462486581E+000 -0.601702191477788E+000 -0.144425179360197E+002 -0.709136893395230E+003 -0.709136893395230E+003
  0.102328008798493E+002  0.687138665802691E+002 -0.413236722711019E+000  0.440703894470817E+000 -0.291268087383287E+000 -0.144425179360197E+002 -0.709133959208384E+003 -0.709133959208384E+003
 -0.139048094306940E+002  0.671486492965232E+002 -0.418068632058019E+000  0.455884446512098E+000 -0.497325556008873E+000 -0.144425179360197E+002 -0.709123448071628E+003 -0.709123448071628E+003
  0.127235583187966E+002  0.680447349217852E+002 -0.415727044852664E+000  0.429500707735341E+000 -0.118061019566758E+001 -0.144425179360197E+002 -0.709107652031021E+003 -0.709107652031021E+003
  0.721844816192280E+001  0.677114787009246E+002 -0.404140184596394E+000  0.315537545568140E+000 -0.209033659100740E+001 -0.144425179360197E+002 -0.709137487274176E+003 -0.709137487274176E+003
  0.164692212198672E+002  0.680197139861029E+002 -0.413051891964948E+000  0.410476583540483E+000 -0.136533469278123E+001 -0.144425179360197E+002 -0.709107403604108E+003 -0.709107403604108E+003
  0.134826392412733E+002  0.687235013009901E+002 -0.413069051480905E+000  0.415619135585884E+000 -0.124223303615508E+001 -0.144425179360197E+002 -0.709140276184000E+003 -0.709140276184000E+003
 -0.134748140354967E+002  0.675925700613001E+002 -0.409744094992910E+000  0.414312373766875E+000 -0.137141522300347E+001 -0.144425179360197E+002 -0.709118895893952E+003 -0.709118895893952E+003
 -0.143464600214270E+002  0.668925143424278E+002 -0.410484209303667E+000  0.446709801331707E+000 -0.253698943645238E+000 -0.144425179360197E+002 -0.709125804574339E+003 -0.709125804574339E+003
  0.111961997796303E+002  0.677890452557414E+002 -0.406187985469146E+000  0.374929760525377E+000 -0.155435654540608E+001 -0.144425179360197E+002 -0.709121244421421E+003 -0.709121244421421E+003
  0.126244248339176E+002  0.680987758512893E+002 -0.406280970692932E+000  0.425303477029590E+000 -0.922608182108004E+000 -0.144425179360197E+002 -0.709122437236483E+003 -0.709122437236483E+003
  0.172483136403273E+002  0.680069487761099E+002 -0.416320310042916E+000  0.462212194621049E+000 -0.471506479221402E+000 -0.144425179360197E+002 -0.709121169136827E+003 -0.709121169136827E+003
  0.144953088348176E+002  0.671459712951881E+002 -0.412711585516625E+000  0.423475528261158E+000 -0.124279910661774E+001 -0.144425179360197E+002 -0.709106573392375E+003 -0.709106573392375E+003
  0.748643830820801E+001  0.676568166353524E+002 -0.410559391216622E+000  0.457908199225035E+000 -0.526915889552091E+000 -0.144425179360197E+002 -0.709129569591554E+003 -0.709129569591554E+003
 -0.154910898146869E+002  0.682816775594386E+002 -0.406321137817841E+000  0.362431461292259E+000 -0.171689221346215E+001 -0.144425179360197E+002 -0.709130892076930E+003 -0.709130892076930E+003
 -0.417719021826114E+001  0.673584038202647E+002 -0.421238999257471E+000  0.470711749324311E+000 -0.345754814371933E+000 -0.144425179360197E+002 -0.709145188296477E+003 -0.709145188296477E+003
 -0.176754997892732E+002  0.668773651453845E+002 -0.421891357449923E+000  0.451117969783319E+000 -0.105433215968872E+001 -0.144425179360197E+002 -0.709143417056623E+003 -0.709143417056623E+003
  0.145221561702602E+000  0.678656973631217E+002 -0.414658768478640E+000  0.366651506010997E+000 -0.173083280963709E+001 -0.144425179360197E+002 -0.709141201321180E+003 -0.709141201321180E+003
  0.537559407365752E+001  0.673326038425825E+002 -0.420659772348186E+000  0.445314243144051E+000 -0.115995031520058E+001 -0.144425179360197E+002 -0.709129858770435E+003 -0.709129858770435E+003
 -0.531746990900977E+001  0.679437137936632E+002 -0.409885682826188E+000  0.449905568915046E+000 -0.343305724523105E+000 -0.144425179360197E+002 -0.709119879779504E+003 -0.709119879779504E+003
 -0.760547642950893E+000  0.677057784934786E+002 -0.410329803543014E+000  0.429667391808863E+000 -0.107141838258022E+001 -0.144425179360197E+002 -0.709098768626144E+003 -0.709098768626144E+003
 -0.125548497244848E+002  0.683891697635909E+002 -0.410107078601272E+000  0.360812265938525E+000 -0.169566959547870E+001 -0.144425179360197E+002 -0.709140606487028E+003 -0.709140606487028E+003
  0.140660510442120E+002  0.672395762929011E+002 -0.405995640273848E+000  0.446074507948029E+000 -0.763061520045225E+000 -0.144425179360197E+002 -0.709135350477485E+003 -0.709135350477485E+003
 -0.472804638451396E+001  0.676884386748084E+002 -0.409243212745767E+000  0.437036687885140E+000 -0.382593772130656E+000 -0.144425179360197E+002 -0.709127036872477E+003 -0.709127036872477E+003
 -0.285254244614239E+001  0.682632992362484E+002 -0.409098731028134E+000  0.415820485895271E+000 -0.119560311553943E+001 -0.144425179360197E+002 -0.709115341976928E+003 -0.709115341976928E+003
  0.178433766507198E+002  0.674555991549158E+002 -0.415540567950214E+000  0.413865285308436E+000 -0.129469266824991E+001 -0.144425179360197E+002 -0.709116048753306E+003 -0.709116048753306E+003
 -0.191028847248707E+002  0.678656510655603E+002 -0.424544375442727E+000  0.470398543177399E+000 -0.382198507368646E+000 -0.144425179360197E+002 -0.709145883930045E+003 -0.709145883930045E+003
  0.190407835336134E+002  0.688249721908158E+002 -0.412306359108330E+000  0.436801366493581E+000 -0.859868282915992E+000 -0.144425179360197E+002 -0.709142382066611E+003 -0.709142382066611E+003
  0.132749232827452E+001  0.677772547474716E+002 -0.415834076248686E+000  0.436571900229849E+000 -0.817177410420873E+000 -0.144425179360197E+002 -0.709137765336720E+003 -0.709137765336720E+003
  0.424511583514554E+001  0.672648115922228E+002 -0.407609852990891E+000  0.406443684004446E+000 -0.139201736754650E+001 -0.144425179360197E+002 -0.709115622284289E+003 -0.709115622284289E+003
  0.179659345075634E+001  0.677966960592360E+002 -0.408036428439004E+000  0.357753966460703E+000 -0.184182142569927E+001 -0.144425179360197E+002 -0.709123635472968E+003 -0.709123635472968E+003
  0.151977267611693E+002  0.672710716910432E+002 -0.411998927084751E+000  0.428719797768826E+000 -0.103239005621895E+001 -0.144425179360197E+002 -0.709114109665284E+003 -0.709114109665284E+003
  0.149393509680326E+002  0.685602090325290E+002 -0.419118606510283E+000  0.437125140794635E+000 -0.104433170579915E+001 -0.144425179360197E+002 -0.709136914405831E+003 -0.709136914405831E+003
  0.956829052223399E+001  0.673559200232538E+002 -0.420467736406798E+000  0.462409217660610E+000 -0.752939026726914E+000 -0.144425179360197E+002 -0.709113060473441E+003 -0.709113060473441E+003
  0.986906897049698E+001  0.667837977673091E+002 -0.412608169557547E+000  0.444730831959555E+000 -0.224530329227937E+000 -0.144425179360197E+002 -0.709130783372883E+003 -0.709130783372883E+003
  0.112747620149614E+002  0.687950614461689E+002 -0.412078199649010E+000  0.440859146498770E+000 -0.626809488145708E+000 -0.144425179360197E+002 -0.709140031040489E+003 -0.709140031040489E+003
  0.430652141607801E+000  0.670807556167949E+002 -0.417086322716844E+000  0.446468204993387E+000 -0.716065538591444E-001 -0.144425179360197E+002 -0.709145654005083E+003 -0.709145654005083E+003
  0.223870459371998E+001  0.669522913591293E+002 -0.409282243763304E+000  0.458921183278211E+000 -0.575145899936047E+000 -0.144425179360197E+002 -0.709144286456151E+003 -0.709144286456151E+003
  0.857871652231574E+001  0.672549932254393E+002 -0.416937102222343E+000  0.457183308549216E+000 -0.821638195169832E+000 -0.144425179360197E+002 -0.709105515514229E+003 -0.709105515514229E+003
  0.157280342887799E+002  0.679008143756425E+002 -0.422425446078824E+000  0.456428958388475E+000 -0.267448266006461E+000 -0.144425179360197E+002 -0.709126839333809E+003 -0.709126839333809E+003
 -0.146693493408701E+002  0.668781295435131E+002 -0.419137306043943E+000  0.443268464153428E+000 -0.998654655853436E+000 -0.144425179360197E+002 -0.709143489332192E+003 -0.709143489332192E+003
 -0.667760447019664E+001  0.676159588219316E+002 -0.416463405995294E+000  0.402196016218345E+000 -0.140414056832629E+001 -0.144425179360197E+002 -0.709130971008909E+003 -0.709130971008909E+003
  0.993481255666182E+001  0.686109831857472E+002 -0.410028885573964E+000  0.431993448381273E+000 -0.874207854853859E+000 -0.144425179360197E+002 -0.709129831346360E+003 -0.709129831346360E+003
 -0.751553874554647E+001  0.678737398545898E+002 -0.411975562472835E+000  0.444994549924540E+000 -0.621671950537944E+000 -0.144425179360197E+002 -0.709099735473317E+003 -0.709099735473317E+003
 -0.124954319578672E+002  0.675902933373954E+002 -0.419872100288702E+000  0.406941528603126E+000 -0.146011749021967E+001 -0.144425179360197E+002 -0.709138080008062E+003 -0.709138080008062E+003
  0.154169878737383E+002  0.673436470184557E+002 -0.421487925536328E+000  0.438696829182553E+000 -0.128528612387405E+001 -0.144425179360197E+002 -0.709146380987418E+003 -0.709146380987418E+003
  0.356513162070978E+001  0.682172528533528E+002 -0.415448231373342E+000  0.424171982971755E+000 -0.122753128629209E+001 -0.144425179360197E+002 -0.709114110776265E+003 -0.709114110776265E+003
 -0.202335465131995E+000  0.681774019021243E+002 -0.409864047848228E+000  0.430010659881318E+000 -0.750132852189809E+000 -0.144425179360197E+002 -0.709135977128910E+003 -0.709135977128910E+003
  0.505026416474197E+001  0.671921367109720E+002 -0.410136758087134E+000  0.391659524915510E+000 -0.155823318753965E+001 -0.144425179360197E+002 -0.709113641405191E+003 -0.709113641405191E+003
 -0.107899655855412E+002  0.673047676608585E+002 -0.414545222788949E+000  0.445448725903017E+000 -0.272683324282331E+000 -0.144425179360197E+002 -0.709114321838954E+003 -0.709114321838954E+003
 -0.917000583472021E+000  0.671417958785782E+002 -0.413638435728776E+000  0.457796531617146E+000 -0.887534528695259E+000 -0.144425179360197E+002 -0.709136205814600E+003 -0.709136205814600E+003
 -0.145151558675119E+002  0.684665160029041E+002 -0.422558186131484E+000  0.463281104084963E+000 -0.492071971608432E+000 -0.144425179360197E+002 -0.709146491917762E+003 -0.709146491917762E+003
 -0.116854941370661E+002  0.680001705591780E+002 -0.416809727808927E+000  0.436133094031738E+000 -0.851160624592065E+000 -0.144425179360197E+002 -0.709135941429529E+003 -0.709135941429529E+003
  0.106491437744134E+002  0.680317349403111E+002 -0.409448691670453E+000  0.442411485299225E+000 -0.775432857816764E+000 -0.144425179360197E+002 -0.709107851918301E+003 -0.709107851918301E+003
 -0.137998451232127E+002  0.683372857623372E+002 -0.413383483945057E+000  0.435936584153270E+000 -0.767700504157158E+000 -0.144425179360197E+002 -0.709125328452362E+003 -0.709125328452362E+003
  0.192528533524612E+002  0.671262585952790E+002 -0.420292728222511E+000  0.465934137796809E+000 -0.472722369758513E+000 -0.144425179360197E+002 -0.709117519588570E+003 -0.709117519588570E+003
 -0.159577701841045E+002  0.676225374228444E+002 -0.423088716776604E+000  0.456356880437598E+000 -0.100520368721612E+001 -0.144425179360197E+002 -0.709137427518281E+003 -0.709137427518281E+003
  0.161673666789498E+002  0.676491918480142E+002 -0.410712321955619E+000  0.436063531768837E+000 -0.137077828728255E+000 -0.144425179360197E+002 -0.709108399908432E+003 -0.709108399908432E+003
 -0.105936774871579E+002  0.671171233198471E+002 -0.417672773813165E+000  0.457521121717216E+000 -0.780788354962963E+000 -0.144425179360197E+002 -0.709108458453535E+003 -0.709108458453535E+003
  0.183779726223220E+002  0.679398814919116E+002 -0.411837198527158E+000  0.373785363759685E+000 -0.161330926460097E+001 -0.144425179360197E+002 -0.709127425605852E+003 -0.709127425605852E+003
  0.182241084003773E+002  0.676912652642358E+002 -0.418077017980320E+000  0.415215921154035E+000 -0.148392419268939E+001 -0.144425179360197E+002 -0.709138662636201E+003 -0.709138662636201E+003
  0.143820554519193E+002  0.673079805559136E+002 -0.410279929814218E+000  0.368507412444487E+000 -0.180612611605805E+001 -0.144425179360197E+002 -0.709124558191311E+003 -0.709124558191311E+003
 -0.106296384382508E+002  0.678446647708178E+002 -0.419867934822385E+000  0.459991328844826E+000 -0.513455166637435E+000 -0.144425179360197E+002 -0.709107192894059E+003 -0.709107192894059E+003
 -0.130894784620874E+002  0.674922966942008E+002 -0.412327374190061E+000  0.405998668615534E+000 -0.135643804075674E+001 -0.144425179360197E+002 -0.709106503934098E+003 -0.709106503934098E+003
  0.133661733395022E+002  0.672880895925780E+002 -0.403802358114586E+000  0.416144686754439E+000 -0.114953520018296E+001 -0.144425179360197E+002 -0.709134258977143E+003 -0.709134258977143E+003
 -0.645259464243358E+001  0.684525658582156E+002 -0.413882600705525E+000  0.440914557122269E+000 -0.101883903009974E+001 -0.144425179360197E+002 -0.709140195847989E+003 -0.709140195847989E+003
 -0.330114283257157E+001  0.681263214200857E+002 -0.410554620503581E+000  0.438902878333169E+000 -0.554240542545692E+000 -0.144425179360197E+002 -0.709119266380728E+003 -0.709119266380728E+003
  0.153628426796114E+001  0.673938086554645E+002 -0.421049636698313E+000  0.447026277227497E+000 -0.172072097361598E+000 -0.144425179360197E+002 -0.709137959307733E+003 -0.709137959307733E+003
 -0.112748557644340E+002  0.671802550632085E+002 -0.404400879375574E+000  0.390721569661219E+000 -0.157813943698573E+001 -0.144425179360197E+002 -0.709145544250073E+003 -0.709145544250073E+003
  0.108285740510665E+002  0.673358405705684E+002 -0.409998813941183E+000  0.440234744525140E+000 -0.193354351133472E+000 -0.144425179360197E+002 -0.709121228737385E+003 -0.709121228737385E+003
 -0.774693483985329E+001  0.670419833338457E+002 -0.412697771925563E+000  0.403839161381674E+000 -0.134208815717503E+001 -0.144425179360197E+002 -0.709146067472977E+003 -0.709146067472977E+003
  0.832006915180955E+001  0.679423789143913E+002 -0.414023548865113E+000  0.445273253434616E+000 -0.107100796035149E+001 -0.144425179360197E+002 -0.709143530513266E+003 -0.709143530513266E+003
  0.165769236414720E+002  0.670592887545218E+002 -0.419783062621854E+000  0.457518433111818E+000 -0.469580810914135E+000 -0.144425179360197E+002 -0.709139801064282E+003 -0.709139801064282E+003
  0.492174299923422E+001  0.681589425596973E+002 -0.403777600992060E+000  0.434955926475816E+000 -0.472600457926664E+000 -0.144425179360197E+002 -0.709141736872833E+003 -0.709141736872833E+003
  0.919110507391599E+001  0.672453691944912E+002 -0.420670117778555E+000  0.433022014150518E+000 -0.128292526637692E+001 -0.144425179360197E+002 -0.709131099963807E+003 -0.709131099963807E+003
  0.664605293137035E+001  0.677850834003500E+002 -0.416397174295852E+000  0.443387463389389E+000 -0.840403675037537E+000 -0.144425179360197E+002 -0.709104356746857E+003 -0.709104356746857E+003
  0.129380935445197E+002  0.677045315192838E+002 -0.422703389197127E+000  0.466989820025566E+000 -0.728815541675871E+000 -0.144425179360197E+002 -0.709129649086264E+003 -0.709129649086264E+003
 -0.911115918656807E+001  0.673957076229751E+002 -0.406856659626945E+000  0.435061820803156E+000 -0.980321419327709E+000 -0.144425179360197E+002 -0.709119428265734E+003 -0.709119428265734E+003
  0.160711551866916E+002  0.674510450549012E+002 -0.406151300255210E+000  0.437370323538449E+000 -0.948518843437395E+000 -0.144425179360197E+002 -0.709128271129695E+003 -0.709128271129695E+003
  0.244050632774556E+001  0.679923330082621E+002 -0.422083109282421E+000  0.453324045561928E+000 -0.220404929402720E+000 -0.144425179360197E+002 -0.709118273896762E+003 -0.709118273896762E+003
  0.142043657225213E+002  0.686176705601415E+002 -0.412071469865811E+000  0.379914761860713E+000 -0.154956551430707E+001 -0.144425179360197E+002 -0.709143799292925E+003 -0.709143799292925E+003
 -0.165779730818436E+000  0.680970761626451E+002 -0.420025433067902E+000  0.449687562350896E+000 -0.773847607586138E+000 -0.144425179360197E+002 -0.709121335892421E+003 -0.709121335892421E+003
 -0.179561817377327E+002  0.673625075271865E+002 -0.413711346164032E+000  0.453328930863417E+000 -0.832595401045818E+000 -0.144425179360197E+002 -0.709104420908859E+003 -0.709104420908859E+003
  0.732257110823097E+001  0.674495679445158E+002 -0.423247709932411E+000  0.459961255741729E+000 -0.671147367790505E+000 -0.144425179360197E+002 -0.709139967822767E+003 -0.709139967822767E+003
  0.186081208193764E+002  0.671899424377239E+002 -0.424552653164086E+000  0.471038950934891E+000 -0.360119977354989E+000 -0.144425179360197E+002 -0.709144654392263E+003 -0.709144654392263E+003
  0.189675883797482E+002  0.680747335773019E+002 -0.413090518635262E+000  0.375426414604142E+000 -0.162058034314359E+001 -0.144425179360197E+002 -0.709129298348790E+003 -0.709129298348790E+003
  0.129248665638827E+002  0.680642534576626E+002 -0.417805741342529E+000  0.446617795410702E+000 -0.882928498301649E+000 -0.144425179360197E+002 -0.709105370688921E+003 -0.709105370688921E+003
 -0.160052958911792E+002  0.676194413054204E+002 -0.412320968334220E+000  0.415256151222016E+000 -0.133406246870522E+001 -0.144425179360197E+002 -0.709101349331017E+003 -0.709101349331017E+003
 -0.178328487005825E+002  0.669596772495000E+002 -0.421893124131763E+000  0.457952408968870E+000 -0.910181080010284E+000 -0.144425179360197E+002 -0.709135917659996E+003 -0.709135917659996E+003
 -0.492308443112536E+001  0.675903760819925E+002 -0.413983966058466E+000  0.378865425145619E+000 -0.162165064246015E+001 -0.144425179360197E+002 -0.709130273305395E+003 -0.709130273305395E+003
  0.135330707171633E+002  0.680012769944350E+002 -0.423163901877987E+000  0.460479436627415E+000 -0.187681997567617E+000 -0.144425179360197E+002 -0.709145491018022E+003 -0.709145491018022E+003
 -0.343067418903711E+001  0.679148143355364E+002 -0.403487450029852E+000  0.433520575859992E+000 -0.256438972374498E+000 -0.144425179360197E+002 -0.709146130669991E+003 -0.709146130669991E+003
  0.193722418416190E+002  0.672018574185082E+002 -0.423375755188230E+000  0.464084633884177E+000 -0.356295697329443E+000 -0.144425179360197E+002 -0.709136519139843E+003 -0.709136519139843E+003
 -0.428379442644073E+001  0.686924378063617E+002 -0.409422219384826E+000  0.436260327507093E+000 -0.398821778247779E+000 -0.144425179360197E+002 -0.709142674555557E+003 -0.709142674555557E+003
 -0.413031757182159E+001  0.677706813800518E+002 -0.403325962642589E+000  0.427316748967534E+000 -0.869649492254963E+000 -0.144425179360197E+002 -0.709136316394239E+003 -0.709136316394239E+003
  0.627525580347387E+001  0.671525816615200E+002 -0.410980078297551E+000  0.414702187218204E+000 -0.145687796714576E+001 -0.144425179360197E+002 -0.709139641688324E+003 -0.709139641688324E+003
  0.252638782113918E+001  0.672161462676571E+002 -0.406392331581699E+000  0.441980343892297E+000 -0.422413387587397E+000 -0.144425179360197E+002 -0.709126581192560E+003 -0.709126581192560E+003
  0.365005075190426E+001  0.675833487879721E+002 -0.414926340981826E+000  0.442059343390553E+000 -0.867269565417562E+000 -0.144425179360197E+002 -0.709100260879568E+003 -0.709100260879568E+003
 -0.544913123623599E+001  0.682683913793135E+002 -0.419907602786845E+000  0.439826593081304E+000 -0.139884744878266E+000 -0.144425179360197E+002 -0.709137103200786E+003 -0.709137103200786E+003
  0.192977815704990E+002  0.667255472017871E+002 -0.416402715083298E+000  0.447169482741250E+000 -0.879945703820207E+000 -0.144425179360197E+002 -0.709140690162963E+003 -0.709140690162963E+003
  0.112806107565648E+002  0.677230198392831E+002 -0.410583837704925E+000  0.438456548578683E+000 -0.831671382027244E+000 -0.144425179360197E+002 -0.709099509891935E+003 -0.709099509891935E+003
 -0.620835295058719E+001  0.674963181029649E+002 -0.412674031584767E+000  0.452590439451937E+000 -0.445473830606048E+000 -0.144425179360197E+002 -0.709094865513114E+003 -0.709094865513114E+003
 -0.109918579940737E+002  0.683977942060165E+002 -0.413858677492719E+000  0.404726568544737E+000 -0.142808738654689E+001 -0.144425179360197E+002 -0.709128869986282E+003 -0.709128869986282E+003
  0.175297005395211E+002  0.681443631174716E+002 -0.404943246696286E+000  0.362951271294360E+000 -0.162979457376808E+001 -0.144425179360197E+002 -0.709132528858459E+003 -0.709132528858459E+003
  0.613018119435890E+001  0.681456619183641E+002 -0.404730523755761E+000  0.438895076868892E+000 -0.653090321151550E+000 -0.144425179360197E+002 -0.709137890528289E+003 -0.709137890528289E+003
 -0.350540331175092E+001  0.668430322606732E+002 -0.414197879178327E+000  0.445117698127405E+000 -0.814175778402449E+000 -0.144425179360197E+002 -0.709134849143849E+003 -0.709134849143849E+003
 -0.981106995263859E+001  0.681891849187124E+002 -0.414817157732362E+000  0.425318490630106E+000 -0.130893310154602E+001 -0.144425179360197E+002 -0.709142813799352E+003 -0.709142813799352E+003
 -0.120219943946999E+002  0.673316590225145E+002 -0.401506839994182E+000  0.345274373194644E+000 -0.183081822351952E+001 -0.144425179360197E+002 -0.709141619496982E+003 -0.709141619496982E+003
 -0.901339701709886E+001  0.666821325552053E+002 -0.408297578902593E+000  0.419187068508372E+000 -0.125620366097350E+001 -0.144425179360197E+002 -0.709139679965549E+003 -0.709139679965549E+003
 -0.120479643264641E+002  0.681021900521298E+002 -0.403447031937060E+000  0.370098060777305E+000 -0.168508177435869E+001 -0.144425179360197E+002 -0.709146289840815E+003 -0.709146289840815E+003
 -0.931074000185121E+001  0.679155472504788E+002 -0.419680550027415E+000  0.396108918547791E+000 -0.158826645817077E+001 -0.144425179360197E+002 -0.709145946150539E+003 -0.709145946150539E+003
  0.675767839747536E+001  0.669973922841856E+002 -0.412087047659620E+000  0.453638764687499E+000 -0.795951401995289E+000 -0.144425179360197E+002 -0.709115597592449E+003 -0.709115597592449E+003
 -0.842955187957800E+001  0.682773246555436E+002 -0.409120647944444E+000  0.382410920762181E+000 -0.153215102957896E+001 -0.144425179360197E+002 -0.709120492396769E+003 -0.709120492396769E+003
 -0.102328018334743E+002  0.679770571813857E+002 -0.412154363229146E+000  0.453823243106097E+000 -0.507445958193053E+000 -0.144425179360197E+002 -0.709106240126106E+003 -0.709106240126106E+003
  0.114982465572066E+002  0.679234715979506E+002 -0.406187602695780E+000  0.341856401969302E+000 -0.184663451448889E+001 -0.144425179360197E+002 -0.709131766895222E+003 -0.709131766895222E+003
  0.120255011142427E+002  0.668212717545577E+002 -0.406804087156981E+000  0.403747086439390E+000 -0.139958079947827E+001 -0.144425179360197E+002 -0.709136285113171E+003 -0.709136285113171E+003
 -0.151294905212415E+002  0.682044840263116E+002 -0.412014194622385E+000  0.442306861494353E+000 -0.591552330128177E+000 -0.144425179360197E+002 -0.709111106555302E+003 -0.709111106555302E+003
 -0.415998537382035E+001  0.670883212968088E+002 -0.404345376179730E+000  0.415269319093236E+000 -0.129044662706287E+001 -0.144425179360197E+002 -0.709146911155175E+003 -0.709146911155175E+003
 -0.311197787379421E+001  0.673832345248613E+002 -0.406607515673516E+000  0.441785369683606E+000 -0.209818577655451E+000 -0.144425179360197E+002 -0.709144860764549E+003 -0.709144860764549E+003
  0.154165099964042E+002  0.685145077211051E+002 -0.410825254510334E+000  0.435654387941291E+000 -0.740086688445540E+000 -0.144425179360197E+002 -0.709126162025627E+003 -0.709126162025627E+003
  0.586091873052757E+001  0.676253026779623E+002 -0.415200186089068E+000  0.442657973737547E+000 -0.370981237316443E+000 -0.144425179360197E+002 -0.709142451700910E+003 -0.709142451700910E+003
 -0.112170749285053E+002  0.666650026957265E+002 -0.410047035559956E+000  0.403251465120365E+000 -0.144668519670859E+001 -0.144425179360197E+002 -0.709140256207221E+003 -0.709140256207221E+003
  0.135128901505345E+002  0.668123759706584E+002 -0.422529287490102E+000  0.466981491972332E+000 -0.381399433982802E+000 -0.144425179360197E+002 -0.709145706440482E+003 -0.709145706440482E+003
 -0.188676904721708E+002  0.679485125133704E+002 -0.408848051161093E+000  0.340234656781909E+000 -0.201470244774118E+001 -0.144425179360197E+002 -0.709146377783357E+003 -0.709146377783357E+003
 -0.106454246635715E+002  0.672452564525431E+002 -0.414589556136631E+000  0.461898501708450E+000 -0.312441175611553E+000 -0.144425179360197E+002 -0.709137004290900E+003 -0.709137004290900E+003
  0.510406005287747E+001  0.685726490778707E+002 -0.416254517885778E+000  0.405752393722018E+000 -0.141662315769085E+001 -0.144425179360197E+002 -0.709142872595093E+003 -0.709142872595093E+003
  0.192464668413710E+002  0.678953317824232E+002 -0.412867572090445E+000  0.427148033457183E+000 -0.103306195853696E+001 -0.144425179360197E+002 -0.709104254776290E+003 -0.709104254776290E+003
 -0.938568500775583E+001  0.682538167974540E+002 -0.422684935202248E+000  0.446961208267222E+000 -0.125807282618510E+000 -0.144425179360197E+002 -0.709138617209419E+003 -0.709138617209419E+003
 -0.125846040349571E+002  0.682574951683874E+002 -0.410624707490790E+000  0.419073839304216E+000 -0.995703484336444E+000 -0.144425179360197E+002 -0.709133369381235E+003 -0.709133369381235E+003
 -0.607550831375825E+001  0.670069593644319E+002 -0.413505938456830E+000  0.448159982639735E+000 -0.842823021505591E+000 -0.144425179360197E+002 -0.709109469346948E+003 -0.709109469346948E+003
  0.187611844796318E+002  0.684106797991658E+002 -0.416269693822806E+000  0.437311301077178E+000 -0.815071029925932E+000 -0.144425179360197E+002 -0.709133762072184E+003 -0.709133762072184E+003
  0.885816497137010E+001  0.677985747256031E+002 -0.405269661945774E+000  0.319098708455319E+000 -0.214289252492473E+001 -0.144425179360197E+002 -0.709147582148147E+003 -0.709147582148147E+003
  0.148942905824576E+002  0.672041570447917E+002 -0.408539086631512E+000  0.429298007820266E+000 -0.159210613830558E+000 -0.144425179360197E+002 -0.709145959184523E+003 -0.709145959184523E+003
 -0.148505778778341E+002  0.681406424106546E+002 -0.407610017677521E+000  0.387508716095281E+000 -0.159612699735110E+001 -0.144425179360197E+002 -0.709141427907629E+003 -0.709141427907629E+003
  0.172721732203776E+002  0.666109711251397E+002 -0.415202112165698E+000  0.453225442436852E+000 -0.258603665387513E+000 -0.144425179360197E+002 -0.709139195694011E+003 -0.709139195694011E+003
  0.180494014251241E+002  0.685164453373484E+002 -0.408836384200058E+000  0.365261635409383E+000 -0.166378993772416E+001 -0.144425179360197E+002 -0.709139226484204E+003 -0.709139226484204E+003
 -0.108901378306047E+002  0.677601158879106E+002 -0.422635546775884E+000  0.458504735694072E+000 -0.168573513678623E+000 -0.144425179360197E+002 -0.709131302986152E+003 -0.709131302986152E+003
  0.126596888117280E+002  0.677173278337036E+002 -0.416118784616420E+000  0.386818323954233E+000 -0.159907871085424E+001 -0.144425179360197E+002 -0.709127806221084E+003 -0.709127806221084E+003
  0.182204474661909E+002  0.672430893525524E+002 -0.416167661248770E+000  0.442558465188342E+000 -0.100790934556993E+001 -0.144425179360197E+002 -0.709103159282408E+003 -0.709103159282408E+003
 -0.905196277669902E+001  0.674826748452780E+002 -0.416258583450452E+000  0.448446966120066E+000 -0.302859153934401E+000 -0.144425179360197E+002 -0.709110009221594E+003 -0.709110009221594E+003
 -0.106518764696739E+002  0.680485085624424E+002 -0.418963560440576E+000  0.452240461978176E+000 -0.714196938449824E+000 -0.144425179360197E+002 -0.709110579449580E+003 -0.709110579449580E+003
  0.828605064927534E+001  0.672310219230010E+002 -0.423192711459472E+000  0.441388822288435E+000 -0.121174146062868E+001 -0.144425179360197E+002 -0.709145602290408E+003 -0.709145602290408E+003
  0.133785404062855E+002  0.681825593407328E+002 -0.413944177053625E+000  0.436028242185037E+000 -0.896476123428574E+000 -0.144425179360197E+002 -0.709106970476743E+003 -0.709106970476743E+003
  0.133656733725201E+001  0.671470592921494E+002 -0.413159744309569E+000  0.444431195549962E+000 -0.629513410608658E+000 -0.144425179360197E+002 -0.709135261395275E+003 -0.709135261395275E+003
  0.349349305203332E+001  0.677267835465778E+002 -0.407354148491071E+000  0.451633147825394E+000 -0.559864037658361E+000 -0.144425179360197E+002 -0.709134498725753E+003 -0.709134498725753E+003
 -0.162262210275068E+002  0.685207409767268E+002 -0.412942991671241E+000  0.423852592645295E+000 -0.118954565370510E+001 -0.144425179360197E+002 -0.709131287315232E+003 -0.709131287315232E+003
 -0.264013088571773E+001  0.682744220550128E+002 -0.421126428854990E+000  0.454187766028905E+000 -0.838757917854476E+000 -0.144425179360197E+002 -0.709128262790031E+003 -0.709128262790031E+003
 -0.856226491043499E+001  0.675272421241871E+002 -0.414569633484392E+000  0.415679292509554E+000 -0.142127139862746E+001 -0.144425179360197E+002 -0.709116274521914E+003 -0.709116274521914E+003
  0.104207530438913E+002  0.672185396256468E+002 -0.415840010949524E+000  0.447779391460490E+000 -0.405930370146802E+000 -0.144425179360197E+002 -0.709139808440466E+003 -0.709139808440466E+003
  0.116557031335899E+002  0.678705226751198E+002 -0.413650655795247E+000  0.414622026890986E+000 -0.130931063456374E+001 -0.144425179360197E+002 -0.709101231670329E+003 -0.709101231670329E+003
 -0.523560124128344E+001  0.678077113065464E+002 -0.416486167582149E+000  0.414775127953797E+000 -0.123276697170865E+001 -0.144425179360197E+002 -0.709127149094706E+003 -0.709127149094706E+003
 -0.447110368231552E+000  0.676466377960618E+002 -0.416025912456581E+000  0.452513416013427E+000 -0.449860636870072E+000 -0.144425179360197E+002 -0.709099419334482E+003 -0.709099419334482E+003
 -0.194631109391671E+002  0.679001417401734E+002 -0.413217164218186E+000  0.431523190043577E+000 -0.106015409918811E+001 -0.144425179360197E+002 -0.709096548107606E+003 -0.709096548107606E+003
  0.184247812430083E+002  0.677583932295764E+002 -0.408226032912109E+000  0.381730805147572E+000 -0.171176563667507E+001 -0.144425179360197E+002 -0.709145281768405E+003 -0.709145281768405E+003
  0.230551020251589E+000  0.671565387615809E+002 -0.406521339044257E+000  0.445191632822316E+000 -0.821541965151884E+000 -0.144425179360197E+002 -0.709134044208494E+003 -0.709134044208494E+003
 -0.169597799949935E+002  0.671156072379103E+002 -0.406418095319315E+000  0.451545849495942E+000 -0.460353776105478E+000 -0.144425179360197E+002 -0.709140994549570E+003 -0.709140994549570E+003
  0.131825699824855E+002  0.676730271874476E+002 -0.407840242698097E+000  0.423647477402279E+000 -0.104713627624880E+001 -0.144425179360197E+002 -0.709107852256226E+003 -0.709107852256226E+003
  0.176678549388473E+002  0.673088993057719E+002 -0.409250509360088E+000  0.449740675810836E+000 -0.232219414863939E+000 -0.144425179360197E+002 -0.709144792805283E+003 -0.709144792805283E+003
  0.646646169486069E+001  0.683977824597176E+002 -0.412206688917593E+000  0.425962278827957E+000 -0.110221143471723E+001 -0.144425179360197E+002 -0.709115595389698E+003 -0.709115595389698E+003
  0.818769361333568E+001  0.672248129730807E+002 -0.408361640909881E+000  0.365575329321307E+000 -0.186308670109766E+001 -0.144425179360197E+002 -0.709140846616920E+003 -0.709140846616920E+003
 -0.722098015609910E+001  0.682644022918861E+002 -0.416966979840947E+000  0.406847387916395E+000 -0.143915762701368E+001 -0.144425179360197E+002 -0.709129732162734E+003 -0.709129732162734E+003
  0.194445157810465E+002  0.677423438397663E+002 -0.408061000594420E+000  0.408059204496576E+000 -0.129700213336591E+001 -0.144425179360197E+002 -0.709105438908973E+003 -0.709105438908973E+003
  0.499218315136832E+001  0.671342134076479E+002 -0.419176203553110E+000  0.411708885433098E+000 -0.147115095012419E+001 -0.144425179360197E+002 -0.709137491488642E+003 -0.709137491488642E+003
  0.162694705709957E+002  0.667639950830251E+002 -0.418396808163497E+000  0.461331490467458E+000 -0.305973867470227E+000 -0.144425179360197E+002 -0.709129329728016E+003 -0.709129329728016E+003
  0.191915005169712E+002  0.676242240560946E+002 -0.418261167501910E+000  0.423752291549412E+000 -0.132624119876274E+001 -0.144425179360197E+002 -0.709115065650509E+003 -0.709115065650509E+003
  0.121228293951781E+002  0.674417469374475E+002 -0.420894445333697E+000  0.447725415739024E+000 -0.961536441989066E+000 -0.144425179360197E+002 -0.709120093831934E+003 -0.709120093831934E+003
  0.156160935388497E+002  0.670107017835341E+002 -0.403973625578877E+000  0.369462380875039E+000 -0.175816495627508E+001 -0.144425179360197E+002 -0.709145480335432E+003 -0.709145480335432E+003
  0.103186261388582E+001  0.681262541443961E+002 -0.404848826988317E+000  0.380983562060353E+000 -0.151333310194110E+001 -0.144425179360197E+002 -0.709125733705489E+003 -0.709125733705489E+003
  0.458051799171418E+001  0.673005290559221E+002 -0.407157296705013E+000  0.423335574472549E+000 -0.100156716927170E+001 -0.144425179360197E+002 -0.709127503830227E+003 -0.709127503830227E+003
  0.953123222912029E+001  0.673898770263809E+002 -0.408760242759905E+000  0.437476318314536E+000 -0.296131747608786E+000 -0.144425179360197E+002 -0.709123496954386E+003 -0.709123496954386E+003
  0.153801874647932E+002  0.683088434686075E+002 -0.419931029924902E+000  0.450312480263870E+000 -0.243122000684519E+000 -0.144425179360197E+002 -0.709127615997940E+003 -0.709127615997940E+003
  0.114017448331470E+002  0.682675197640751E+002 -0.415852047859882E+000  0.443120943902970E+000 -0.854358226915812E+000 -0.144425179360197E+002 -0.709108009775259E+003 -0.709108009775259E+003
  0.709776348545113E+001  0.687263841111909E+002 -0.413506930953603E+000  0.433824655349162E+000 -0.201609081880559E+000 -0.144425179360197E+002 -0.709142403839172E+003 -0.709142403839172E+003
 -0.111019641883271E+002  0.671045166494221E+002 -0.418876241918086E+000  0.463440428873478E+000 -0.443367125518337E+000 -0.144425179360197E+002 -0.709112296310347E+003 -0.709112296310347E+003
