  0.104661009947947E+002  0.659144782945465E+002 -0.440002388673571E+000  0.528892523154462E+000 -0.107536384819057E+002 -0.718880807341112E+003 -0.718880807341112E+003
  0.487160104596510E+001  0.663761587990851E+002 -0.435230973367094E+000  0.525924984247688E+000 -0.107536384819057E+002 -0.718887886295378E+003 -0.718887886295378E+003
 -0.121483953156831E+002  0.657948592591687E+002 -0.440001375330828E+000  0.530136224655779E+000 -0.107536384819057E+002 -0.718883436160287E+003 -0.718883436160287E+003
 -0.118618743243361E+002  0.664420434155690E+002 -0.439831050762240E+000  0.525640349743130E+000 -0.107536384819057E+002 -0.718889372861985E+003 -0.718889372861985E+003
 -0.423194858500516E+001  0.657699406857083E+002 -0.436989313654283E+000  0.528390209085839E+000 -0.107536384819057E+002 -0.718882008630713E+003 -0.718882008630713E+003
 -0.111062025371680E+002  0.663217451222714E+002 -0.438026075446576E+000  0.526188758100641E+000 -0.107536384819057E+002 -0.718878115212590E+003 -0.718878115212590E+003
 -0.152412272425459E+002  0.662544090949410E+002 -0.438214039003249E+000  0.528262360095047E+000 -0.107536384819057E+002 -0.718880078510091E+003 -0.718880078510091E+003
  0.105219005460428E+002  0.662052024815772E+002 -0.438289164130450E+000  0.527165392932181E+000 -0.107536384819057E+002 -0.718876597668645E+003 -0.718876597668645E+003
  0.105218214419395E+002  0.659377199650759E+002 -0.439388761660869E+000  0.530949455151638E+000 -0.107536384819057E+002 -0.718885408103387E+003 -0.718885408103387E+003
  0.654231012275690E+001  0.659602548290013E+002 -0.439375057320561E+000  0.527477250449592E+000 -0.107536384819057E+002 -0.718879804082371E+003 -0.718879804082371E+003
 -0.186320245753683E+002  0.664166360625824E+002 -0.436105984374423E+000  0.525880278752701E+000 -0.107536384819057E+002 -0.718883988641427E+003 -0.718883988641427E+003
 -0.184505871900482E+002  0.658518696989670E+002 -0.435299534412522E+000  0.521993305511898E+000 -0.107536384819057E+002 -0.718889703506616E+003 -0.718889703506616E+003
  0.626993199942480E+001  0.660721351678084E+002 -0.433091415884221E+000  0.521544295023836E+000 -0.107536384819057E+002 -0.718884240431393E+003 -0.718884240431393E+003
  0.800177711332613E+001  0.662093187694689E+002 -0.432684797648098E+000  0.522289970276018E+000 -0.107536384819057E+002 -0.718886790664108E+003 -0.718886790664108E+003
  0.778621993489471E+001  0.663480315215738E+002 -0.438471400846036E+000  0.525098332134013E+000 -0.107536384819057E+002 -0.718882171321851E+003 -0.718882171321851E+003
  0.112309030744732E+002  0.661872922051757E+002 -0.433530907499298E+000  0.524137147511945E+000 -0.107536384819057E+002 -0.718885757141567E+003 -0.718885757141567E+003
  0.209134850354142E+001  0.656338964237664E+002 -0.436919226898939E+000  0.525653928777622E+000 -0.107536384819057E+002 -0.718885926576112E+003 -0.718885926576113E+003
 -0.809211399075328E+001  0.664475230522703E+002 -0.437999112729492E+000  0.526263072736648E+000 -0.107536384819057E+002 -0.718881432209751E+003 -0.718881432209751E+003
  0.932266228718584E+001  0.665666935095325E+002 -0.436344309381626E+000  0.525233169750550E+000 -0.107536384819057E+002 -0.718887574405549E+003 -0.718887574405549E+003
  0.349955334115356E+001  0.663822903454557E+002 -0.437346746628872E+000  0.523240838281214E+000 -0.107536384819057E+002 -0.718885615222606E+003 -0.718885615222606E+003
 -0.307410703590998E+001  0.664802095159007E+002 -0.438684477974254E+000  0.526719048545282E+000 -0.107536384819057E+002 -0.718883129250682E+003 -0.718883129250682E+003
  0.101859880110120E+002  0.665240941843815E+002 -0.433690556277165E+000  0.522300582197349E+000 -0.107536384819057E+002 -0.718891034195546E+003 -0.718891034195546E+003
 -0.410781545439882E+001  0.661009674499494E+002 -0.435477085469561E+000  0.525487717613029E+000 -0.107536384819057E+002 -0.718877704205839E+003 -0.718877704205839E+003
  0.435752040187740E+001  0.657072462417911E+002 -0.437893898450898E+000  0.529764143058880E+000 -0.107536384819057E+002 -0.718885832306533E+003 -0.718885832306534E+003
 -0.106290412237052E+002  0.661207306345654E+002 -0.438777424977530E+000  0.528995900416205E+000 -0.107536384819057E+002 -0.718879088122529E+003 -0.718879088122529E+003
 -0.405262443764716E+001  0.657049961533146E+002 -0.436266274552864E+000  0.529080128357190E+000 -0.107536384819057E+002 -0.718890346858572E+003 -0.718890346858572E+003
 -0.912061997907970E+001  0.664837255372969E+002 -0.440561871672606E+000  0.527190762878389E+000 -0.107536384819057E+002 -0.718889015687197E+003 -0.718889015687197E+003
 -0.135902705972740E+002  0.663394431346155E+002 -0.433990368210608E+000  0.524721919051657E+000 -0.107536384819057E+002 -0.718889495119541E+003 -0.718889495119542E+003
 -0.881915847693116E+001  0.665656923128818E+002 -0.438333321430350E+000  0.526658933183478E+000 -0.107536384819057E+002 -0.718886444700224E+003 -0.718886444700224E+003
 -0.295731486360650E+001  0.657870223936178E+002 -0.439952784436888E+000  0.528879455399230E+000 -0.107536384819057E+002 -0.718883634610027E+003 -0.718883634610027E+003
  0.761561797581649E+001  0.662804188840000E+002 -0.439850369849543E+000  0.530018997180076E+000 -0.107536384819057E+002 -0.718884762878534E+003 -0.718884762878535E+003
  0.738424735027646E+000  0.660723814675053E+002 -0.434802966728121E+000  0.526257676626750E+000 -0.107536384819057E+002 -0.718884133823496E+003 -0.718884133823497E+003
  0.483664378143973E+001  0.656174810316727E+002 -0.438929228512289E+000  0.528487727419961E+000 -0.107536384819057E+002 -0.718886398218811E+003 -0.718886398218811E+003
 -0.605301859111000E+001  0.660946795979022E+002 -0.439816929241634E+000  0.531536918265887E+000 -0.107536384819057E+002 -0.718889514737893E+003 -0.718889514737893E+003
 -0.145379592888368E+002  0.657487646243785E+002 -0.436143961814545E+000  0.523824691818183E+000 -0.107536384819057E+002 -0.718886135303454E+003 -0.718886135303454E+003
  0.103042614246444E+002  0.662449717385057E+002 -0.440307536805072E+000  0.526002258034641E+000 -0.107536384819057E+002 -0.718890031374212E+003 -0.718890031374212E+003
 -0.481494562306892E+001  0.660620937732756E+002 -0.434732704300945E+000  0.525497877519476E+000 -0.107536384819057E+002 -0.718880967357898E+003 -0.718880967357898E+003
 -0.130112110958531E+002  0.663884657395711E+002 -0.438348880790612E+000  0.525842547620821E+000 -0.107536384819057E+002 -0.718880417010408E+003 -0.718880417010408E+003
 -0.598821501512066E+001  0.665401275832785E+002 -0.437004512881636E+000  0.526153471541529E+000 -0.107536384819057E+002 -0.718886700779098E+003 -0.718886700779098E+003
  0.104627058670718E+002  0.661932893933811E+002 -0.439894174946018E+000  0.527056235121822E+000 -0.107536384819057E+002 -0.718881778441641E+003 -0.718881778441641E+003
 -0.383157830708250E+001  0.665787464568117E+002 -0.437609473602290E+000  0.526296914637891E+000 -0.107536384819057E+002 -0.718887306540993E+003 -0.718887306540993E+003
 -0.929894359356439E+000  0.663190860275531E+002 -0.438669313648192E+000  0.529116408319244E+000 -0.107536384819057E+002 -0.718884538692889E+003 -0.718884538692889E+003
  0.988354792513259E+001  0.662692787305506E+002 -0.436520851886488E+000  0.527874601880415E+000 -0.107536384819057E+002 -0.718886663110351E+003 -0.718886663110351E+003
 -0.288401995139322E+001  0.661980658523390E+002 -0.434382111063115E+000  0.523223059312167E+000 -0.107536384819057E+002 -0.718879859156368E+003 -0.718879859156368E+003
 -0.572853774478979E+000  0.656780224363513E+002 -0.439174348329084E+000  0.527634395495164E+000 -0.107536384819057E+002 -0.718886972826209E+003 -0.718886972826209E+003
 -0.182161950720220E+002  0.661204761743624E+002 -0.434781386440065E+000  0.520684434759298E+000 -0.107536384819057E+002 -0.718889837316548E+003 -0.718889837316548E+003
 -0.135795503216728E+002  0.664167966235081E+002 -0.437182456957223E+000  0.527036282668392E+000 -0.107536384819057E+002 -0.718883876265048E+003 -0.718883876265048E+003
 -0.926661274881369E+001  0.664039418080223E+002 -0.437024619812370E+000  0.524189991128321E+000 -0.107536384819057E+002 -0.718881051226956E+003 -0.718881051226956E+003
 -0.540583066082820E+001  0.663263365363108E+002 -0.436624177922678E+000  0.525284882119722E+000 -0.107536384819057E+002 -0.718878197133760E+003 -0.718878197133760E+003
 -0.438161744233891E+000  0.662267206216152E+002 -0.441835259895721E+000  0.530034680223935E+000 -0.107536384819057E+002 -0.718887034498405E+003 -0.718887034498405E+003
 -0.607105204634423E+001  0.658832593610005E+002 -0.437450467436840E+000  0.528302278123104E+000 -0.107536384819057E+002 -0.718878968064803E+003 -0.718878968064804E+003
 -0.858850556151749E+001  0.662703963374550E+002 -0.438958084552998E+000  0.528730486539111E+000 -0.107536384819057E+002 -0.718880679474207E+003 -0.718880679474207E+003
 -0.336251162651501E+001  0.658100835951955E+002 -0.433413272481332E+000  0.522303794471888E+000 -0.107536384819057E+002 -0.718885945333262E+003 -0.718885945333262E+003
 -0.125856155047838E+002  0.662167839299640E+002 -0.440752426547320E+000  0.527243551525601E+000 -0.107536384819057E+002 -0.718886980104731E+003 -0.718886980104731E+003
 -0.215813039206596E+001  0.655682288944192E+002 -0.434860073724602E+000  0.525741592005589E+000 -0.107536384819057E+002 -0.718888143132532E+003 -0.718888143132532E+003
 -0.194529393117161E+001  0.660715765446265E+002 -0.436381007988339E+000  0.522059978194757E+000 -0.107536384819057E+002 -0.718889272270028E+003 -0.718889272270028E+003
  0.897297804292108E+000  0.664900551738419E+002 -0.434840099384183E+000  0.523428008816933E+000 -0.107536384819057E+002 -0.718886077273612E+003 -0.718886077273612E+003
 -0.843340799812633E+000  0.659825435436770E+002 -0.442217805869934E+000  0.531906699929158E+000 -0.107536384819057E+002 -0.718889654512208E+003 -0.718889654512208E+003
 -0.159620169743792E+002  0.664049966965511E+002 -0.439863863016677E+000  0.526483043859467E+000 -0.107536384819057E+002 -0.718885408686341E+003 -0.718885408686341E+003
 -0.903876970040211E+001  0.659277409097927E+002 -0.437817428577862E+000  0.526449618391824E+000 -0.107536384819057E+002 -0.718877006752057E+003 -0.718877006752057E+003
 -0.144633835154031E+002  0.663878357451883E+002 -0.436312575795594E+000  0.523708295407777E+000 -0.107536384819057E+002 -0.718880744174079E+003 -0.718880744174079E+003
 -0.187928589516356E+002  0.657595373962730E+002 -0.441260105194383E+000  0.530483373364923E+000 -0.107536384819057E+002 -0.718888822133721E+003 -0.718888822133721E+003
 -0.205071303274566E+001  0.663619153035482E+002 -0.437460970189731E+000  0.528790312882653E+000 -0.107536384819057E+002 -0.718890423335107E+003 -0.718890423335107E+003
  0.104263490668184E+002  0.665821667374582E+002 -0.436541507226671E+000  0.523681258201654E+000 -0.107536384819057E+002 -0.718886926611532E+003 -0.718886926611532E+003
  0.805938983379450E+001  0.654983122447377E+002 -0.437472609246945E+000  0.526953142882144E+000 -0.107536384819057E+002 -0.718890660853990E+003 -0.718890660853990E+003
  0.998533206187932E+001  0.658798592055793E+002 -0.432140041596418E+000  0.522434900093629E+000 -0.107536384819057E+002 -0.718889029360926E+003 -0.718889029360926E+003
  0.531254007370950E+001  0.657849347142150E+002 -0.438517556418211E+000  0.529318400954103E+000 -0.107536384819057E+002 -0.718881358031040E+003 -0.718881358031040E+003
 -0.799442609088565E+000  0.661361256801670E+002 -0.436974615992217E+000  0.525573230335359E+000 -0.107536384819057E+002 -0.718875453548622E+003 -0.718875453548622E+003
 -0.114735729181333E+002  0.659414236189529E+002 -0.439756317668647E+000  0.529787252338306E+000 -0.107536384819057E+002 -0.718880422139934E+003 -0.718880422139935E+003
  0.498458535718832E+001  0.656814617305501E+002 -0.438513548077285E+000  0.528742778896504E+000 -0.107536384819057E+002 -0.718882992405176E+003 -0.718882992405177E+003
 -0.299382426970767E+001  0.660436170523218E+002 -0.436408926829021E+000  0.524308498939980E+000 -0.107536384819057E+002 -0.718877358870897E+003 -0.718877358870897E+003
 -0.943191920607883E+001  0.657915887693490E+002 -0.434328625218588E+000  0.525494719405638E+000 -0.107536384819057E+002 -0.718883818366457E+003 -0.718883818366457E+003
  0.986147200747796E+001  0.660135367659411E+002 -0.437122015684936E+000  0.524373048256976E+000 -0.107536384819057E+002 -0.718879842460548E+003 -0.718879842460548E+003
 -0.139846847920392E+001  0.659567057299213E+002 -0.440959854642068E+000  0.527775705157476E+000 -0.107536384819057E+002 -0.718889747917883E+003 -0.718889747917883E+003
 -0.801110150792373E+001  0.655646942248884E+002 -0.436654835005403E+000  0.526702370205420E+000 -0.107536384819057E+002 -0.718886268274618E+003 -0.718886268274618E+003
 -0.372520680247474E+001  0.660100504787075E+002 -0.433904770341820E+000  0.524897130402366E+000 -0.107536384819057E+002 -0.718883503638289E+003 -0.718883503638289E+003
 -0.260291848295950E+001  0.658366183689333E+002 -0.440009509200346E+000  0.530837836953118E+000 -0.107536384819057E+002 -0.718884429765586E+003 -0.718884429765586E+003
 -0.119540407992556E+002  0.661731085590273E+002 -0.437662876689553E+000  0.528521347357207E+000 -0.107536384819057E+002 -0.718881265758712E+003 -0.718881265758712E+003
 -0.170166484594410E+002  0.660831696131355E+002 -0.441007587435075E+000  0.531060296069214E+000 -0.107536384819057E+002 -0.718884921741296E+003 -0.718884921741296E+003
