  0.100000000000000E+001  0.148379005609065E+004 -0.193042560251596E+002  0.705525300393615E+002 -0.332879789064266E+000  0.126602320931011E+000 -0.330555731875349E+001 -0.144425179360197E+002 -0.741895028045323E+003
  0.100000000000000E+001  0.148768233790803E+004 -0.193612144945572E+002  0.695117454208722E+002 -0.365800966024740E+000 -0.464849846967628E-001 -0.415499599976537E+001 -0.144425179360197E+002 -0.743841168954013E+003
  0.100000000000000E+001  0.148410240037090E+004 -0.191989828300782E+002  0.751987523732527E+002 -0.497339773116434E+000  0.256663196896274E+000 -0.680440275225485E+001 -0.144425179360197E+002 -0.742051200185450E+003
  0.100000000000000E+001  0.148488419981880E+004 -0.191568302099083E+002  0.763255520526996E+002 -0.371238625965738E+000 -0.863940119997189E-001 -0.570957793812238E+001 -0.144425179360197E+002 -0.742442099909402E+003
  0.100000000000000E+001  0.147453972458360E+004 -0.192572957339209E+002  0.735205465140709E+002 -0.511531672775904E+000  0.482430705943462E+000 -0.318472511437006E+001 -0.144425179360197E+002 -0.737269862291802E+003
  0.100000000000000E+001  0.147473402912325E+004 -0.192410847918612E+002  0.739990476288000E+002 -0.513131513558051E+000  0.533846716129473E+000 -0.247559750606687E+001 -0.144425179360197E+002 -0.737367014561625E+003
  0.100000000000000E+001  0.147569828105157E+004 -0.192711213825163E+002  0.721071346141169E+002 -0.323945736460535E+000  0.831557138640706E-001 -0.265686185805944E+001 -0.144425179360197E+002 -0.737849140525786E+003
  0.100000000000000E+001  0.147813133478277E+004 -0.192747855213433E+002  0.722377920438983E+002 -0.352820444417189E+000  0.100107071891269E+000 -0.151037367198328E+001 -0.144425179360197E+002 -0.739065667391387E+003
  0.100000000000000E+001  0.148013233745333E+004 -0.192231592832049E+002  0.731746465473833E+002 -0.181719501079631E+000 -0.125439875318017E+001 -0.879800403251387E+001 -0.144425179360197E+002 -0.740066168726667E+003
  0.100000000000000E+001  0.147491818239409E+004 -0.192937463255897E+002  0.721900462713726E+002 -0.487498658317080E+000  0.711411927345210E+000 -0.801938453696227E+000 -0.144425179360197E+002 -0.737459091197045E+003
  0.100000000000000E+001  0.147497045984165E+004 -0.192672918958350E+002  0.725659033277702E+002 -0.500642647096826E+000  0.861003861770334E+000 -0.602683500258067E+000 -0.144425179360197E+002 -0.737485229920825E+003
  0.100000000000000E+001  0.147521723079113E+004 -0.191955389698593E+002  0.752317759839473E+002 -0.484241303881837E+000  0.652358535088723E+000 -0.833280955776319E+000 -0.144425179360197E+002 -0.737608615395563E+003
  0.100000000000000E+001  0.147752710224105E+004 -0.192555868907783E+002  0.731860409233863E+002 -0.377976898726469E+000 -0.241551951864451E+000 -0.703216008767671E+001 -0.144425179360197E+002 -0.738763551120526E+003
  0.100000000000000E+001  0.147536855708989E+004 -0.191869741111741E+002  0.753815032481728E+002 -0.422918910126143E+000  0.408555124152904E+000 -0.152517490369950E+001 -0.144425179360197E+002 -0.737684278544946E+003
  0.100000000000000E+001  0.147790919909774E+004 -0.193092224969295E+002  0.715516489770714E+002 -0.468564919898721E+000  0.168066960986904E+000 -0.405454244644142E+001 -0.144425179360197E+002 -0.738954599548871E+003
  0.100000000000000E+001  0.147794234565883E+004 -0.192878542022493E+002  0.716444405082085E+002 -0.288536434907006E+000 -0.593471251708309E+000 -0.720147567813658E+001 -0.144425179360197E+002 -0.738971172829416E+003
  0.100000000000000E+001  0.147826418164902E+004 -0.192629652612491E+002  0.719616177042691E+002 -0.277334144905327E+000 -0.862569149564762E+000 -0.824157279234240E+001 -0.144425179360197E+002 -0.739132090824512E+003
  0.100000000000000E+001  0.147703903874034E+004 -0.192862886994050E+002  0.714601395050930E+002 -0.359630572895459E+000 -0.191479794562843E-001 -0.628831437031318E+001 -0.144425179360197E+002 -0.738519519370168E+003
  0.100000000000000E+001  0.147693657201807E+004 -0.191966817746667E+002  0.749022806668290E+002 -0.387986921345255E+000  0.337512260316917E-001 -0.568873165127528E+001 -0.144425179360197E+002 -0.738468286009034E+003
  0.100000000000000E+001  0.147671234367273E+004 -0.192621026422821E+002  0.729579464781403E+002 -0.343664982813858E+000 -0.826494580353339E+000 -0.996931608825274E+001 -0.144425179360197E+002 -0.738356171836365E+003
  0.100000000000000E+001  0.147668112284132E+004 -0.192247346354539E+002  0.735408630701125E+002 -0.334535928575818E+000 -0.776955043145536E+000 -0.935129925215971E+001 -0.144425179360197E+002 -0.738340561420660E+003
  0.100000000000000E+001  0.147657085847212E+004 -0.192021619070003E+002  0.749241134454943E+002 -0.390700041337305E+000 -0.500161629276491E+000 -0.913536585860196E+001 -0.144425179360197E+002 -0.738285429236058E+003
  0.100000000000000E+001  0.147574639434687E+004 -0.192887303878746E+002  0.724883516861574E+002 -0.535248339834214E+000  0.906884638637741E+000 -0.107732655397685E+001 -0.144425179360197E+002 -0.737873197173433E+003
  0.100000000000000E+001  0.147637214937368E+004 -0.193202908362147E+002  0.704297761735965E+002 -0.324638772451962E+000 -0.574348748428477E+000 -0.812921871822334E+001 -0.144425179360197E+002 -0.738186074686840E+003
  0.100000000000000E+001  0.147636210828105E+004 -0.192717757562182E+002  0.727519643675023E+002 -0.475460705999729E+000 -0.827117658712524E-001 -0.819090148043786E+001 -0.144425179360197E+002 -0.738181054140525E+003
  0.100000000000000E+001  0.147628296046084E+004 -0.193129269104458E+002  0.709450402548503E+002 -0.418498491996646E+000  0.142711016132466E-001 -0.680666232353024E+001 -0.144425179360197E+002 -0.738141480230421E+003
  0.100000000000000E+001  0.147615157341772E+004 -0.193069544400138E+002  0.708773288888433E+002 -0.306886580630475E+000 -0.535893860881639E+000 -0.794488947218797E+001 -0.144425179360197E+002 -0.738075786708862E+003
  0.100000000000000E+001  0.147606728507752E+004 -0.192163651044525E+002  0.741254098169981E+002 -0.347256636330687E+000 -0.953905512122089E+000 -0.978068577621990E+001 -0.144425179360197E+002 -0.738033642538760E+003
  0.100000000000000E+001  0.147606416175721E+004 -0.192887466701949E+002  0.712671649137611E+002 -0.288550610664919E+000 -0.665388287845302E+000 -0.879317083346288E+001 -0.144425179360197E+002 -0.738032080878607E+003
  0.100000000000000E+001  0.147584921493835E+004 -0.193009363680803E+002  0.712558671245584E+002 -0.363750058987245E+000 -0.217887647671308E+000 -0.459225794777008E+001 -0.144425179360197E+002 -0.737924607469173E+003
  0.100000000000000E+001  0.147594885835580E+004 -0.192857533555992E+002  0.722087526763801E+002 -0.423486935958350E+000  0.486831949972036E+000 -0.171522958276606E+001 -0.144425179360197E+002 -0.737974429177902E+003
  0.100000000000000E+001  0.147582761176261E+004 -0.191947148657479E+002  0.750786799115086E+002 -0.377577164752708E+000 -0.383241110386222E+000 -0.776212203588686E+001 -0.144425179360197E+002 -0.737913805881304E+003
  0.100000000000000E+001  0.147580272585947E+004 -0.192115822573823E+002  0.738456673372170E+002 -0.292149261756101E+000 -0.794081735209043E+000 -0.864654772507329E+001 -0.144425179360197E+002 -0.737901362929736E+003
  0.100000000000000E+001  0.147575809576560E+004 -0.191905651321508E+002  0.750923033756236E+002 -0.328923330656841E+000 -0.849643952475803E+000 -0.929314147307842E+001 -0.144425179360197E+002 -0.737879047882799E+003
  0.100000000000000E+001  0.147574702703238E+004 -0.192629680560057E+002  0.727681058203209E+002 -0.395762750128902E+000 -0.604461105910011E+000 -0.799401240795855E+001 -0.144425179360197E+002 -0.737873513516191E+003
  0.100000000000000E+001  0.147571602068257E+004 -0.192217227717725E+002  0.740736969770238E+002 -0.344269952266456E+000 -0.868031369330459E+000 -0.829701836120410E+001 -0.144425179360197E+002 -0.737858010341286E+003
  0.100000000000000E+001  0.147571097178354E+004 -0.191928601061658E+002  0.752932350380637E+002 -0.414117512534270E+000  0.114469729088293E+000 -0.432633070509500E+001 -0.144425179360197E+002 -0.737855485891770E+003
  0.100000000000000E+001  0.147619685844756E+004 -0.192739293837809E+002  0.721132946599049E+002 -0.464365212328881E+000  0.808932628556801E+000 -0.652456499903376E+000 -0.144425179360197E+002 -0.738098429223781E+003
  0.100000000000000E+001  0.147555375881477E+004 -0.192453245890470E+002  0.728572451052356E+002 -0.366091576005681E+000 -0.318517365454029E+000 -0.722012962405693E+001 -0.144425179360197E+002 -0.737776879407386E+003
  0.100000000000000E+001  0.147626586628733E+004 -0.192581174649576E+002  0.734023869817090E+002 -0.491002361891529E+000  0.761828421148443E+000 -0.165299354336268E+001 -0.144425179360197E+002 -0.738132933143665E+003
  0.100000000000000E+001  0.147635326171352E+004 -0.192829894796353E+002  0.723684151571764E+002 -0.509808678971814E+000  0.983918857557206E+000 -0.761166709554921E+000 -0.144425179360197E+002 -0.738176630856758E+003
  0.100000000000000E+001  0.147546564972199E+004 -0.192299265606489E+002  0.738144960897021E+002 -0.459418688711282E+000  0.491310134416867E+000 -0.438038822608136E+001 -0.144425179360197E+002 -0.737732824860995E+003
  0.100000000000000E+001  0.147546311920613E+004 -0.192990771175226E+002  0.717502791540117E+002 -0.487859878698362E+000  0.721524033415588E+000 -0.307294777129277E+001 -0.144425179360197E+002 -0.737731559603066E+003
  0.100000000000000E+001  0.147513218743493E+004 -0.192801321527937E+002  0.722619025387888E+002 -0.336440729416395E+000 -0.101933209676162E+001 -0.957012467234061E+001 -0.144425179360197E+002 -0.737566093717463E+003
  0.100000000000000E+001  0.147507083067140E+004 -0.192625466023308E+002  0.727703645593689E+002 -0.376606231528586E+000 -0.273929701531961E+000 -0.800182553758963E+001 -0.144425179360197E+002 -0.737535415335698E+003
  0.100000000000000E+001  0.147496267508546E+004 -0.192373780767657E+002  0.736062188897478E+002 -0.426245827912088E+000 -0.282902460738029E+000 -0.863617703498140E+001 -0.144425179360197E+002 -0.737481337542731E+003
  0.100000000000000E+001  0.147482473544128E+004 -0.192592383744915E+002  0.726601867709666E+002 -0.303802980586632E+000 -0.102704891817102E+001 -0.844403310973374E+001 -0.144425179360197E+002 -0.737412367720641E+003
  0.100000000000000E+001  0.147481053593493E+004 -0.193095988010947E+002  0.710272023168392E+002 -0.413993131006415E+000  0.781531749782571E-001 -0.473372235843020E+001 -0.144425179360197E+002 -0.737405267967466E+003
  0.100000000000000E+001  0.147468395724730E+004 -0.193067758315908E+002  0.710720311468216E+002 -0.354602589840325E+000 -0.496112437306770E-001 -0.489716967836307E+001 -0.144425179360197E+002 -0.737341978623649E+003
  0.100000000000000E+001  0.147466061132173E+004 -0.192453191427727E+002  0.728866739083609E+002 -0.238612908878866E+000 -0.117465930513427E+001 -0.919892738675870E+001 -0.144425179360197E+002 -0.737330305660864E+003
  0.100000000000000E+001  0.147455090963665E+004 -0.192841049018489E+002  0.718016726857515E+002 -0.358185651484471E+000 -0.209173975623923E+000 -0.732529151865608E+001 -0.144425179360197E+002 -0.737275454818326E+003
  0.100000000000000E+001  0.147405711716214E+004 -0.192493546323138E+002  0.728507774832819E+002 -0.411373959821898E+000  0.435965508336579E+000 -0.359270082827152E+001 -0.144425179360197E+002 -0.737028558581070E+003
  0.100000000000000E+001  0.147451573241568E+004 -0.192418743812294E+002  0.729884299286129E+002 -0.278583743386661E+000 -0.733049622050030E+000 -0.630749447985803E+001 -0.144425179360197E+002 -0.737257866207838E+003
  0.100000000000000E+001  0.147407136618807E+004 -0.192648640585161E+002  0.726537910050116E+002 -0.431265562695295E+000  0.150737591377760E+000 -0.643252421447105E+001 -0.144425179360197E+002 -0.737035683094036E+003
  0.100000000000000E+001  0.147443468290089E+004 -0.192196335776558E+002  0.736543380625450E+002 -0.297325638857381E+000 -0.859747931407436E+000 -0.969849232559104E+001 -0.144425179360197E+002 -0.737217341450445E+003
  0.100000000000000E+001  0.147443366080907E+004 -0.192165698423219E+002  0.745722197355766E+002 -0.417227223692155E+000 -0.228378522909972E+000 -0.593471974806288E+001 -0.144425179360197E+002 -0.737216830404535E+003
  0.100000000000000E+001  0.147419334856206E+004 -0.192807469618888E+002  0.716601461116826E+002 -0.313632623781778E+000 -0.701122653105657E+000 -0.762468265083171E+001 -0.144425179360197E+002 -0.737096674281031E+003
  0.100000000000000E+001  0.147433140342691E+004 -0.192123828937896E+002  0.744244658737311E+002 -0.369939307446887E+000 -0.691937531185322E+000 -0.839350975052709E+001 -0.144425179360197E+002 -0.737165701713453E+003
  0.100000000000000E+001  0.147431557961443E+004 -0.192786010484274E+002  0.716705088132169E+002 -0.266879965154571E+000 -0.744493611096145E+000 -0.732491221773365E+001 -0.144425179360197E+002 -0.737157789807215E+003
  0.100000000000000E+001  0.147420451241655E+004 -0.192789363449249E+002  0.726296213054767E+002 -0.514455713427705E+000  0.461742431685733E+000 -0.452858946289757E+001 -0.144425179360197E+002 -0.737102256208277E+003
  0.100000000000000E+001  0.147355400226097E+004 -0.192207835915593E+002  0.743678086675497E+002 -0.435710077444635E+000  0.280222103553265E+000 -0.231742000433255E+001 -0.144425179360197E+002 -0.736777001130484E+003
  0.100000000000000E+001  0.147354036900320E+004 -0.192745435301701E+002  0.728120003813788E+002 -0.493163870153035E+000  0.587526080488355E+000 -0.318555315747023E+001 -0.144425179360197E+002 -0.736770184501599E+003
  0.100000000000000E+001  0.147349368682374E+004 -0.192741201676816E+002  0.721797531664911E+002 -0.393830056081607E+000  0.111234159112366E+000 -0.285793257979608E+001 -0.144425179360197E+002 -0.736746843411870E+003
  0.100000000000000E+001  0.147335411871495E+004 -0.192589898750351E+002  0.727136627309718E+002 -0.456149566753052E+000  0.486756985117943E+000 -0.311621796136711E+001 -0.144425179360197E+002 -0.736677059357473E+003
  0.100000000000000E+001  0.147331204574142E+004 -0.192557940243316E+002  0.725957418241044E+002 -0.334052368734316E+000  0.100105750852103E+000 -0.248996855054557E+001 -0.144425179360197E+002 -0.736656022870710E+003
  0.100000000000000E+001  0.147258340687498E+004 -0.192537442292106E+002  0.726904720162591E+002 -0.347331538557512E+000  0.184320676567873E+000 -0.282184960560674E+001 -0.144425179360197E+002 -0.736291703437489E+003
  0.100000000000000E+001  0.147241754426028E+004 -0.192151567108289E+002  0.744130746780544E+002 -0.410752621565615E+000  0.267478649324086E+000 -0.231937576713236E+001 -0.144425179360197E+002 -0.736208772130140E+003
  0.100000000000000E+001  0.147240861376696E+004 -0.192495250961941E+002  0.731900495941383E+002 -0.467042480154228E+000  0.413652989816172E+000 -0.351206383863570E+001 -0.144425179360197E+002 -0.736204306883482E+003
  0.100000000000000E+001  0.147240307661949E+004 -0.192465288618799E+002  0.728377427356186E+002 -0.380418821297608E+000  0.289187864449422E+000 -0.281045179972359E+001 -0.144425179360197E+002 -0.736201538309746E+003
  0.100000000000000E+001  0.147224079893361E+004 -0.192583333486176E+002  0.727084555112057E+002 -0.403863257715003E+000  0.477957166762446E+000 -0.272131538600043E+001 -0.144425179360197E+002 -0.736120399466807E+003
  0.100000000000000E+001  0.147402424466974E+004 -0.192277145453746E+002  0.733103659143197E+002 -0.303235678117469E+000 -0.388905742085285E+000 -0.609500386179087E+001 -0.144425179360197E+002 -0.737012122334868E+003
  0.100000000000000E+001  0.147393193261558E+004 -0.193089606999235E+002  0.711512911668311E+002 -0.387927374382787E+000 -0.233272889284315E-001 -0.433074308076564E+001 -0.144425179360197E+002 -0.736965966307789E+003
  0.100000000000000E+001  0.147384937430254E+004 -0.192190028506845E+002  0.738323667806803E+002 -0.391785709481496E+000  0.215999488549702E+000 -0.391648396282926E+001 -0.144425179360197E+002 -0.736924687151271E+003
  0.100000000000000E+001  0.147368396795035E+004 -0.192758697942736E+002  0.725971130591377E+002 -0.408812202602808E+000 -0.158050955405224E+000 -0.623770693810415E+001 -0.144425179360197E+002 -0.736841983975177E+003
  0.100000000000000E+001  0.147364738574470E+004 -0.192462977209180E+002  0.729678119638644E+002 -0.336597464476934E+000 -0.145074757971271E+000 -0.588887014800029E+001 -0.144425179360197E+002 -0.736823692872348E+003
  0.100000000000000E+001  0.147336004007923E+004 -0.192446542169314E+002  0.728421516916491E+002 -0.301694693218193E+000 -0.279229754941151E+000 -0.470299938793587E+001 -0.144425179360197E+002 -0.736680020039613E+003
  0.100000000000000E+001  0.147332637178739E+004 -0.192670035748424E+002  0.730076931880078E+002 -0.470726151128470E+000  0.467583639612705E-001 -0.653012849237752E+001 -0.144425179360197E+002 -0.736663185893693E+003
  0.100000000000000E+001  0.147325344253152E+004 -0.192452570479241E+002  0.727690710850319E+002 -0.330360179583145E+000 -0.316558280314711E+000 -0.621851373985644E+001 -0.144425179360197E+002 -0.736626721265760E+003
  0.100000000000000E+001  0.147308662227789E+004 -0.192247731231864E+002  0.738411035544314E+002 -0.395946878021642E+000 -0.159484838220886E+000 -0.558710958261915E+001 -0.144425179360197E+002 -0.736543311138943E+003
  0.100000000000000E+001  0.147308192667171E+004 -0.192088320266811E+002  0.746557602647767E+002 -0.387571882784049E+000 -0.211198143423911E+000 -0.577507107832899E+001 -0.144425179360197E+002 -0.736540963335855E+003
  0.100000000000000E+001  0.147306754581295E+004 -0.192413615925741E+002  0.733052547545433E+002 -0.432718502843991E+000  0.456602370931524E+000 -0.385974735265777E+001 -0.144425179360197E+002 -0.736533772906473E+003
  0.100000000000000E+001  0.147299676048873E+004 -0.192406123455880E+002  0.739215735566404E+002 -0.462132225627447E+000  0.135786283029177E+000 -0.500316910395081E+001 -0.144425179360197E+002 -0.736498380244363E+003
  0.100000000000000E+001  0.147295008680759E+004 -0.192277300538742E+002  0.734820176539347E+002 -0.337717684541408E+000 -0.375648812453347E+000 -0.596860100875494E+001 -0.144425179360197E+002 -0.736475043403796E+003
  0.100000000000000E+001  0.147270146137545E+004 -0.192461133467427E+002  0.736390062272823E+002 -0.471189573552288E+000  0.301323344970186E+000 -0.513113053854596E+001 -0.144425179360197E+002 -0.736350730687725E+003
  0.100000000000000E+001  0.147260025944449E+004 -0.192738471494564E+002  0.722882404384491E+002 -0.361642807681900E+000 -0.287510905062648E+000 -0.503152490787130E+001 -0.144425179360197E+002 -0.736300129722247E+003
  0.100000000000000E+001  0.147251360432784E+004 -0.192800154131389E+002  0.718545251484217E+002 -0.325274280007457E+000 -0.308899062543210E+000 -0.521160053070604E+001 -0.144425179360197E+002 -0.736256802163921E+003
  0.100000000000000E+001  0.147232283138178E+004 -0.192797347346074E+002  0.719408705847797E+002 -0.414486251352019E+000  0.225003309356861E+000 -0.369601584529161E+001 -0.144425179360197E+002 -0.736161415690892E+003
  0.100000000000000E+001  0.147227766254070E+004 -0.192475867667089E+002  0.732567955878316E+002 -0.440675717580216E+000  0.276739596589064E+000 -0.525796580860586E+001 -0.144425179360197E+002 -0.736138831270352E+003
  0.100000000000000E+001  0.147225104544629E+004 -0.192286497688307E+002  0.735605359569944E+002 -0.392651128493527E+000  0.258803181270531E+000 -0.381247761139413E+001 -0.144425179360197E+002 -0.736125522723147E+003
  0.100000000000000E+001  0.147389782337144E+004 -0.192432178448009E+002  0.733749324165598E+002 -0.373166998009126E+000 -0.536885710648012E+000 -0.971780535196663E+001 -0.144425179360197E+002 -0.736948911685721E+003
  0.100000000000000E+001  0.147378482677759E+004 -0.192402384960194E+002  0.737089597972871E+002 -0.419204857215469E+000 -0.541837354380055E+000 -0.924198817765589E+001 -0.144425179360197E+002 -0.736892413388797E+003
  0.100000000000000E+001  0.147373951210255E+004 -0.192381016621032E+002  0.732742470315507E+002 -0.380010720113472E+000 -0.356594835809981E+000 -0.803240396951403E+001 -0.144425179360197E+002 -0.736869756051277E+003
  0.100000000000000E+001  0.147348532043690E+004 -0.193006560398566E+002  0.712365490314043E+002 -0.341347707100097E+000 -0.695511192235067E+000 -0.977788610657776E+001 -0.144425179360197E+002 -0.736742660218450E+003
  0.100000000000000E+001  0.147334085110138E+004 -0.192738549825157E+002  0.725819072449373E+002 -0.400842863759117E+000 -0.375672285680798E+000 -0.848594294346417E+001 -0.144425179360197E+002 -0.736670425550690E+003
  0.100000000000000E+001  0.147320136579396E+004 -0.192825179905034E+002  0.719435109341697E+002 -0.365170966284256E+000 -0.273254120603821E+000 -0.762492234928601E+001 -0.144425179360197E+002 -0.736600682896982E+003
  0.100000000000000E+001  0.147303823243740E+004 -0.192828088344739E+002  0.720967088265564E+002 -0.402535518679198E+000 -0.423272152951244E+000 -0.923659357274521E+001 -0.144425179360197E+002 -0.736519116218701E+003
  0.100000000000000E+001  0.147279439360230E+004 -0.192268084506080E+002  0.736754065445154E+002 -0.352584301753976E+000 -0.671926001259466E+000 -0.913267318809983E+001 -0.144425179360197E+002 -0.736397196801150E+003
  0.100000000000000E+001  0.147265539348662E+004 -0.192885839772732E+002  0.719238087839848E+002 -0.351475355497660E+000 -0.694038715906506E+000 -0.890573595413851E+001 -0.144425179360197E+002 -0.736327696743310E+003
  0.100000000000000E+001  0.147238644741296E+004 -0.192519225468853E+002  0.733522735123975E+002 -0.423334109079630E+000 -0.335312111343089E+000 -0.727969283555000E+001 -0.144425179360197E+002 -0.736193223706480E+003
  0.100000000000000E+001  0.147231490504538E+004 -0.192244909040439E+002  0.738167204098982E+002 -0.371159209363686E+000 -0.429390264713756E+000 -0.724242340306903E+001 -0.144425179360197E+002 -0.736157452522690E+003
  0.100000000000000E+001  0.147382142938161E+004 -0.192279572676716E+002  0.744388315390756E+002 -0.497879033682396E+000  0.680941921781576E+000 -0.112774802334848E+001 -0.144425179360197E+002 -0.736910714690806E+003
  0.100000000000000E+001  0.147375740159547E+004 -0.193015945114742E+002  0.718853333893073E+002 -0.514089816731351E+000  0.772259854580183E+000 -0.107289017269314E+001 -0.144425179360197E+002 -0.736878700797736E+003
  0.100000000000000E+001  0.147295763410941E+004 -0.192332971190787E+002  0.741738615117344E+002 -0.479525882847869E+000  0.663895383197298E+000 -0.816499212474346E+000 -0.144425179360197E+002 -0.736478817054706E+003
  0.100000000000000E+001  0.147288583513819E+004 -0.192072027160772E+002  0.744365546221932E+002 -0.395086212138399E+000  0.377501490251730E+000 -0.111321466860403E+001 -0.144425179360197E+002 -0.736442917569095E+003
  0.100000000000000E+001  0.147277781426715E+004 -0.192736113943137E+002  0.728030359923350E+002 -0.532798586997667E+000  0.839212562151622E+000 -0.163375752167878E+001 -0.144425179360197E+002 -0.736388907133574E+003
  0.100000000000000E+001  0.147271903196979E+004 -0.192239051573751E+002  0.739627843276332E+002 -0.448981644294360E+000  0.733788470638030E+000 -0.983349278428333E+000 -0.144425179360197E+002 -0.736359515984895E+003
  0.100000000000000E+001  0.147271221890444E+004 -0.192981763260910E+002  0.717826439868507E+002 -0.489909297637240E+000  0.687589382825938E+000 -0.922255012671737E+000 -0.144425179360197E+002 -0.736356109452220E+003
  0.100000000000000E+001  0.147227021451955E+004 -0.192824615085379E+002  0.720677114165256E+002 -0.432972940824770E+000  0.651241386370583E+000 -0.157029761400528E+001 -0.144425179360197E+002 -0.736135107259776E+003
  0.100000000000000E+001  0.147187953081939E+004 -0.192872370640603E+002  0.716422040531941E+002 -0.378973447468764E+000  0.264013620677517E+000 -0.248725623849411E+001 -0.144425179360197E+002 -0.735939765409697E+003
  0.100000000000000E+001  0.147147440197889E+004 -0.192755327426099E+002  0.721894328713905E+002 -0.385681521110482E+000  0.210195329153952E+000 -0.237203903668313E+001 -0.144425179360197E+002 -0.735737200989447E+003
  0.100000000000000E+001  0.147223341139898E+004 -0.192707394178258E+002  0.722651280209087E+002 -0.380203222258689E+000 -0.769846196188775E-001 -0.422377355920180E+001 -0.144425179360197E+002 -0.736116705699489E+003
  0.100000000000000E+001  0.147215671313307E+004 -0.192866936147093E+002  0.717114309352356E+002 -0.366269068898186E+000 -0.202239996942221E+000 -0.515243432093939E+001 -0.144425179360197E+002 -0.736078356566537E+003
  0.100000000000000E+001  0.147211669201472E+004 -0.192317917867878E+002  0.739312988183938E+002 -0.411436464380845E+000  0.167829815495447E+000 -0.423970639724422E+001 -0.144425179360197E+002 -0.736058346007360E+003
  0.100000000000000E+001  0.147211399450396E+004 -0.192159582091306E+002  0.741803161604259E+002 -0.356633936085742E+000 -0.286889966003767E+000 -0.538586643418461E+001 -0.144425179360197E+002 -0.736056997251978E+003
  0.100000000000000E+001  0.147206094972587E+004 -0.192579383385276E+002  0.729164276236060E+002 -0.401435382517361E+000 -0.267293518961655E+000 -0.595993378917225E+001 -0.144425179360197E+002 -0.736030474862934E+003
  0.100000000000000E+001  0.147188717079473E+004 -0.192520899899014E+002  0.731365493350745E+002 -0.378664268052618E+000 -0.210456464602610E+000 -0.489201311831495E+001 -0.144425179360197E+002 -0.735943585397367E+003
  0.100000000000000E+001  0.147181959919926E+004 -0.192663898298033E+002  0.724190651694489E+002 -0.328506869799639E+000 -0.384119344617520E+000 -0.602248642204743E+001 -0.144425179360197E+002 -0.735909799599631E+003
  0.100000000000000E+001  0.147170818233937E+004 -0.192312588676662E+002  0.735301669460559E+002 -0.362224283674941E+000 -0.703501402613051E-001 -0.558850941802052E+001 -0.144425179360197E+002 -0.735854091169683E+003
  0.100000000000000E+001  0.147166463510117E+004 -0.192711417169545E+002  0.724039262472206E+002 -0.358883209264333E+000 -0.203500740184314E+000 -0.551209343563952E+001 -0.144425179360197E+002 -0.735832317550587E+003
  0.100000000000000E+001  0.147163691706381E+004 -0.192605948780057E+002  0.726090229787832E+002 -0.349675334192370E+000 -0.769175404919853E-001 -0.387825941894600E+001 -0.144425179360197E+002 -0.735818458531905E+003
  0.100000000000000E+001  0.147144438615994E+004 -0.192875569880729E+002  0.717839048941260E+002 -0.388319721135541E+000  0.206082337791419E+000 -0.372710270446447E+001 -0.144425179360197E+002 -0.735722193079970E+003
  0.100000000000000E+001  0.147136173496478E+004 -0.192814191437168E+002  0.721959825307138E+002 -0.448205166449285E+000  0.148326072182135E+000 -0.530784770894851E+001 -0.144425179360197E+002 -0.735680867482390E+003
  0.100000000000000E+001  0.147126285340582E+004 -0.192806328863170E+002  0.724053021559626E+002 -0.474024788569892E+000  0.342035455556909E+000 -0.420035493219295E+001 -0.144425179360197E+002 -0.735631426702912E+003
  0.100000000000000E+001  0.147121629846330E+004 -0.192595111745033E+002  0.727211814006264E+002 -0.427227976320034E+000  0.258004739737469E+000 -0.337778806682713E+001 -0.144425179360197E+002 -0.735608149231648E+003
  0.100000000000000E+001  0.147119710237656E+004 -0.192818221043205E+002  0.720310977096008E+002 -0.395605215373259E+000 -0.129871063417601E+000 -0.531777875952250E+001 -0.144425179360197E+002 -0.735598551188278E+003
  0.100000000000000E+001  0.147110365912258E+004 -0.192655531959876E+002  0.726464942693049E+002 -0.442541247052257E+000  0.210359371741315E+000 -0.530497349969744E+001 -0.144425179360197E+002 -0.735551829561291E+003
  0.100000000000000E+001  0.147189428601029E+004 -0.192382676287621E+002  0.735500762064742E+002 -0.461122164732489E+000  0.599449114409982E+000 -0.598142654332655E+000 -0.144425179360197E+002 -0.735947143005145E+003
  0.100000000000000E+001  0.147155424131862E+004 -0.192211288021440E+002  0.744084444032961E+002 -0.474232146862292E+000  0.711901550290616E+000 -0.256626492181255E+000 -0.144425179360197E+002 -0.735777120659308E+003
  0.100000000000000E+001  0.147154667557842E+004 -0.192365684020580E+002  0.739385224553151E+002 -0.485846730296588E+000  0.778378823432161E+000 -0.714709650312740E+000 -0.144425179360197E+002 -0.735773337789208E+003
  0.100000000000000E+001  0.147148645384184E+004 -0.192492613589774E+002  0.735558558379664E+002 -0.485027387190057E+000  0.761334071379547E+000 -0.651130680531722E+000 -0.144425179360197E+002 -0.735743226920922E+003
  0.100000000000000E+001  0.147132093034132E+004 -0.192772374580844E+002  0.725295387123035E+002 -0.506135922473030E+000  0.776920539168906E+000 -0.144824209303060E+000 -0.144425179360197E+002 -0.735660465170658E+003
  0.100000000000000E+001  0.147212896245904E+004 -0.192819368909587E+002  0.717370393197923E+002 -0.383403863924633E+000  0.366642512495421E+000 -0.195595653838288E+001 -0.144425179360197E+002 -0.736064481229521E+003
  0.100000000000000E+001  0.147152487159564E+004 -0.192459915192422E+002  0.733302589958505E+002 -0.481183827844200E+000  0.760616413934059E+000 -0.152419418999759E+001 -0.144425179360197E+002 -0.735762435797819E+003
  0.100000000000000E+001  0.147140687040912E+004 -0.192287874554701E+002  0.738032779953470E+002 -0.445873181797085E+000  0.521860958957967E+000 -0.159825054156068E+001 -0.144425179360197E+002 -0.735703435204559E+003
  0.100000000000000E+001  0.147125125321378E+004 -0.192196649135178E+002  0.740643763277203E+002 -0.399063110428098E+000  0.409951168134191E+000 -0.122115127605124E+001 -0.144425179360197E+002 -0.735625626606890E+003
  0.100000000000000E+001  0.147112123205655E+004 -0.192654604576840E+002  0.724684061830985E+002 -0.412135119755608E+000  0.608093183241504E+000 -0.104770457512953E+001 -0.144425179360197E+002 -0.735560616028273E+003
  0.100000000000000E+001  0.147178546952036E+004 -0.192822349853713E+002  0.717801086426907E+002 -0.351706495600321E+000 -0.476975932408170E+000 -0.745873606354629E+001 -0.144425179360197E+002 -0.735892734760182E+003
  0.100000000000000E+001  0.147164767485215E+004 -0.192171712477404E+002  0.742126860557500E+002 -0.359681526358353E+000 -0.485098787869668E+000 -0.726905978055468E+001 -0.144425179360197E+002 -0.735823837426074E+003
  0.100000000000000E+001  0.147219425145500E+004 -0.192236257415292E+002  0.740487335562167E+002 -0.352616918782579E+000 -0.741399459582404E+000 -0.852085972971009E+001 -0.144425179360197E+002 -0.736097125727502E+003
  0.100000000000000E+001  0.147186175652895E+004 -0.192346145581917E+002  0.734982407996877E+002 -0.306456964835731E+000 -0.926380978629791E+000 -0.983411148980642E+001 -0.144425179360197E+002 -0.735930878264474E+003
  0.100000000000000E+001  0.147116451668405E+004 -0.192855159079861E+002  0.717977036297234E+002 -0.329893124518441E+000 -0.806936165255587E+000 -0.937901056286843E+001 -0.144425179360197E+002 -0.735582258342026E+003
  0.100000000000000E+001  0.147102836622702E+004 -0.192479441255442E+002  0.735975352432046E+002 -0.476670906240618E+000  0.411875320378256E+000 -0.333359153809519E+001 -0.144425179360197E+002 -0.735514183113512E+003
  0.100000000000000E+001  0.147077764229332E+004 -0.192240264496463E+002  0.740180570699977E+002 -0.438749551035345E+000  0.455078402923280E+000 -0.292827982687276E+001 -0.144425179360197E+002 -0.735388821146659E+003
  0.100000000000000E+001  0.147042319559959E+004 -0.192516057940896E+002  0.730192261778991E+002 -0.406312194804509E+000  0.264141723831131E+000 -0.233406759952802E+001 -0.144425179360197E+002 -0.735211597799794E+003
  0.100000000000000E+001  0.147042054977070E+004 -0.192438016392290E+002  0.732164887111284E+002 -0.428721549305153E+000  0.422571066295907E+000 -0.244311498933166E+001 -0.144425179360197E+002 -0.735210274885352E+003
  0.100000000000000E+001  0.147032894623536E+004 -0.192521829256905E+002  0.729537526118976E+002 -0.425483580298445E+000  0.381615443680902E+000 -0.237197563609676E+001 -0.144425179360197E+002 -0.735164473117678E+003
  0.100000000000000E+001  0.147088049694293E+004 -0.192435013342480E+002  0.732914658726465E+002 -0.391747682685979E+000 -0.137241337070453E-001 -0.590933196182294E+001 -0.144425179360197E+002 -0.735440248471466E+003
  0.100000000000000E+001  0.147084630054525E+004 -0.192782760414535E+002  0.724140650186526E+002 -0.434088153393509E+000  0.178296287714460E+000 -0.477001157910565E+001 -0.144425179360197E+002 -0.735423150272625E+003
  0.100000000000000E+001  0.147073334055432E+004 -0.192614358364666E+002  0.724796571489156E+002 -0.363022910168489E+000 -0.290297675163285E+000 -0.635278933888449E+001 -0.144425179360197E+002 -0.735366670277160E+003
  0.100000000000000E+001  0.147072614465556E+004 -0.192527962905633E+002  0.728657869398040E+002 -0.418965521435881E+000  0.291621886158557E+000 -0.371733830539660E+001 -0.144425179360197E+002 -0.735363072327781E+003
  0.100000000000000E+001  0.147066128752392E+004 -0.192575410481555E+002  0.729329469736677E+002 -0.415251916862683E+000  0.311895291956423E-001 -0.431498589254131E+001 -0.144425179360197E+002 -0.735330643761959E+003
  0.100000000000000E+001  0.147045795528995E+004 -0.192723659124123E+002  0.724664913389205E+002 -0.401269100466779E+000 -0.175002947827704E+000 -0.576787750542795E+001 -0.144425179360197E+002 -0.735228977644973E+003
  0.100000000000000E+001  0.147042857431150E+004 -0.192683375911048E+002  0.725669549948907E+002 -0.375816455094397E+000 -0.329339326562989E+000 -0.636346764685369E+001 -0.144425179360197E+002 -0.735214287155749E+003
  0.100000000000000E+001  0.147041976338696E+004 -0.192701104366381E+002  0.726481813407660E+002 -0.468076217358285E+000  0.390178630871775E+000 -0.383826011300793E+001 -0.144425179360197E+002 -0.735209881693482E+003
  0.100000000000000E+001  0.147039535113045E+004 -0.192360973213315E+002  0.735144395476284E+002 -0.363020270630904E+000 -0.294430586389757E+000 -0.666969529556554E+001 -0.144425179360197E+002 -0.735197675565227E+003
  0.100000000000000E+001  0.147098808535274E+004 -0.192690812620878E+002  0.728638106114705E+002 -0.473623530456932E+000  0.642361762534142E+000 -0.279325760553473E-001 -0.144425179360197E+002 -0.735494042676368E+003
  0.100000000000000E+001  0.147094138499814E+004 -0.192474250516453E+002  0.731886392011809E+002 -0.462190444225311E+000  0.751814459018871E+000 -0.437791855419585E+000 -0.144425179360197E+002 -0.735470692499072E+003
  0.100000000000000E+001  0.147082352630587E+004 -0.192384537190713E+002  0.733499966879503E+002 -0.385518857500457E+000  0.422731857932796E+000 -0.140078011381011E+000 -0.144425179360197E+002 -0.735411763152934E+003
  0.100000000000000E+001  0.147057654638760E+004 -0.192886765119519E+002  0.720588670485032E+002 -0.471018908604264E+000  0.680246495678186E+000 -0.478371906933591E+000 -0.144425179360197E+002 -0.735288273193802E+003
  0.100000000000000E+001  0.147044892220864E+004 -0.192690585315286E+002  0.723138955172018E+002 -0.349414050842943E+000 -0.586428764648206E+000 -0.870454094033029E+001 -0.144425179360197E+002 -0.735224461104320E+003
  0.100000000000000E+001  0.147083578536239E+004 -0.192661050072965E+002  0.725291676268805E+002 -0.408885600177422E+000  0.529721919062521E+000 -0.155937895747357E+001 -0.144425179360197E+002 -0.735417892681193E+003
  0.100000000000000E+001  0.147061227565092E+004 -0.192471224781219E+002  0.733830207192489E+002 -0.427506549901951E+000  0.406244632532195E+000 -0.156818899559130E+001 -0.144425179360197E+002 -0.735306137825459E+003
  0.100000000000000E+001  0.147056073644625E+004 -0.192575749246977E+002  0.726101289222020E+002 -0.386023924971298E+000  0.366665781724129E+000 -0.171714181757846E+001 -0.144425179360197E+002 -0.735280368223124E+003
  0.100000000000000E+001  0.147051685468303E+004 -0.192528199064799E+002  0.730246501787780E+002 -0.399434206691902E+000  0.359911942498589E+000 -0.153888712980384E+001 -0.144425179360197E+002 -0.735258427341514E+003
  0.100000000000000E+001  0.147100324319489E+004 -0.192179298199832E+002  0.742613979702288E+002 -0.428999237116979E+000  0.558878122845190E+000 -0.112799788983780E+001 -0.144425179360197E+002 -0.735501621597444E+003
  0.100000000000000E+001  0.147066615035825E+004 -0.192603096012005E+002  0.728450468238719E+002 -0.473616057990220E+000  0.784708939826379E+000 -0.857576515475559E+000 -0.144425179360197E+002 -0.735333075179125E+003
