 -0.192500636225869E+002  0.729031641778765E+002 -0.381495222586627E+000 -0.434851547537605E-001  0.323305748228159E+002 -0.153588086678938E+002 -0.733037533723953E+003 -0.733037533723953E+003
 -0.192543307250761E+002  0.725879157618102E+002 -0.364474771398329E+000  0.130392184995909E-001  0.273169700732391E+002 -0.153588086678938E+002 -0.733443612224432E+003 -0.733443612224432E+003
 -0.192556065464273E+002  0.725908954472232E+002 -0.371886116904500E+000  0.927653324907851E-002  0.276856160666407E+002 -0.153588086678938E+002 -0.733474789450863E+003 -0.733474789450863E+003
 -0.192518599948080E+002  0.727247381835884E+002 -0.380189550170031E+000 -0.483252235515499E-001  0.327235682685366E+002 -0.153588086678938E+002 -0.733479363313557E+003 -0.733479363313557E+003
 -0.192297410509159E+002  0.735751637416797E+002 -0.378288699212399E+000 -0.388018810761945E-001  0.319164887576899E+002 -0.153588086678938E+002 -0.733453275039556E+003 -0.733453275039556E+003
 -0.192462639114477E+002  0.729541153056263E+002 -0.373403115466454E+000 -0.590602766780153E-001  0.335821240272427E+002 -0.153588086678938E+002 -0.733036516252778E+003 -0.733036516252778E+003
 -0.192573829866632E+002  0.725259523422437E+002 -0.359172778899869E+000 -0.311826636743984E-001  0.310545085359680E+002 -0.153588086678938E+002 -0.733317354172437E+003 -0.733317354172437E+003
 -0.192626179110889E+002  0.724739388542064E+002 -0.386451075542352E+000  0.306931145153833E-002  0.283986095091638E+002 -0.153588086678938E+002 -0.733441436814974E+003 -0.733441436814974E+003
 -0.192629945563968E+002  0.725339004003777E+002 -0.375805234033134E+000  0.918623274157051E-001  0.206621148504924E+002 -0.153588086678938E+002 -0.733503964256859E+003 -0.733503964256859E+003
 -0.192694536343700E+002  0.721794639828732E+002 -0.377044792585065E+000 -0.267709781065131E-001  0.308486192649385E+002 -0.153588086678938E+002 -0.733428164901267E+003 -0.733428164901267E+003
 -0.192278185928870E+002  0.737004222819421E+002 -0.375584155192297E+000 -0.339008185615466E-001  0.314507252964844E+002 -0.153588086678938E+002 -0.733507265365054E+003 -0.733507265365054E+003
 -0.192242110316267E+002  0.736525463247759E+002 -0.360893245518647E+000 -0.422750620923518E-001  0.320289609685254E+002 -0.153588086678938E+002 -0.733561277668171E+003 -0.733561277668171E+003
 -0.192643137906039E+002  0.722606369080482E+002 -0.369765224294709E+000 -0.159836561558020E-001  0.298409259254802E+002 -0.153588086678938E+002 -0.733509221091390E+003 -0.733509221091390E+003
 -0.192560567687519E+002  0.726989541375006E+002 -0.377195865641663E+000  0.308516283119094E-001  0.259016118111109E+002 -0.153588086678938E+002 -0.733141402144945E+003 -0.733141402144945E+003
 -0.192725761358291E+002  0.721788437428373E+002 -0.379898988737216E+000  0.680299240406281E-001  0.227476874066989E+002 -0.153588086678938E+002 -0.733563530173481E+003 -0.733563530173481E+003
 -0.192550728708129E+002  0.727454384428133E+002 -0.373589741291506E+000  0.128116009720753E+000  0.175307353041722E+002 -0.153588086678938E+002 -0.733324318474468E+003 -0.733324318474468E+003
 -0.192627383397569E+002  0.724750913295956E+002 -0.367023045928067E+000  0.184134672170666E-001  0.268651540737058E+002 -0.153588086678938E+002 -0.733433050027421E+003 -0.733433050027421E+003
 -0.192680749435951E+002  0.723090168081742E+002 -0.376213429687021E+000 -0.317903998371198E-001  0.312688683103824E+002 -0.153588086678938E+002 -0.733295403308387E+003 -0.733295403308387E+003
