  0.339865272360274E-001  0.188966904955063E+002 -0.192959802562426E+002  0.656139972919926E+002 -0.567402493139139E+000  0.293544020544680E+001  0.143796171553537E+002 -0.167451030290137E+002 -0.109430765780234E+002
  0.339865272360274E-001  0.915321164374722E+001 -0.192195405075933E+002  0.681142064281125E+002 -0.599170855865904E+000  0.307312433883648E+001  0.384645154714540E+002 -0.167451030290137E+002 -0.607133715214381E+001
  0.339865272360274E-001  0.929542260971217E+001 -0.192947129038772E+002  0.656442757132912E+002 -0.511968460486397E+000  0.309008606054981E+001  0.952154457555764E+002 -0.167451030290137E+002 -0.614244263512628E+001
  0.339865272360274E-001  0.473963685330231E+001 -0.192542647846298E+002  0.667100499781125E+002 -0.365830052996069E+000  0.103413522366526E+001  0.740537908855595E+002 -0.167451030290137E+002 -0.386454975692135E+001
  0.339865272360274E-001  0.107649685426484E+002 -0.192923545150624E+002  0.666635877265049E+002 -0.918981002228719E+000  0.732881412277020E+001  0.950508597628088E+002 -0.167451030290137E+002 -0.687721560159438E+001
  0.339865272360274E-001  0.110276245389998E+002 -0.191793165352228E+002  0.696571654160422E+002 -0.420817855660240E+000 -0.923791342824993E+000 -0.728269458934438E+002 -0.167451030290137E+002 -0.700854359977009E+001
  0.339865272360274E-001  0.133538682226408E+002 -0.192435889848810E+002  0.677405370212959E+002 -0.645194666569729E+000  0.418889278717806E+001  0.933408101040270E+002 -0.167451030290137E+002 -0.817166544159062E+001
  0.339865272360274E-001  0.113124337075149E+002 -0.193318651633763E+002  0.644181710618847E+002 -0.331560918276688E+000 -0.141433861429030E+001 -0.772180119660269E+002 -0.167451030290137E+002 -0.715094818402763E+001
  0.339865272360274E-001  0.121484639419711E+002 -0.193115783571487E+002  0.654974981981113E+002 -0.446647536573022E+000 -0.884151937365147E+000 -0.858775331056999E+002 -0.167451030290137E+002 -0.756896330125572E+001
  0.339865272360274E-001  0.912960398292381E+001 -0.191828025660075E+002  0.691427347721084E+002 -0.286132791471630E+000 -0.300813257174342E+001 -0.924229790016983E+002 -0.167451030290137E+002 -0.605953332173211E+001
  0.339865272360274E-001  0.902947401758698E+001 -0.192455259423799E+002  0.670719027365757E+002 -0.539051421791772E+000  0.298828796966516E+001  0.224957793024715E+002 -0.167451030290137E+002 -0.600946833906369E+001
  0.339865272360274E-001  0.854066818838931E+001 -0.192896570743595E+002  0.670154539507400E+002 -0.812180888711164E+000  0.348667081066696E+001  0.172097308597063E+002 -0.167451030290137E+002 -0.576506542446485E+001
  0.339865272360274E-001  0.846665499200845E+001 -0.192815305531532E+002  0.665598429110485E+002 -0.433766340643017E+000 -0.955578241485766E+000 -0.782294038266707E+002 -0.167451030290137E+002 -0.572805882627442E+001
  0.339865272360274E-001  0.476552172713976E+001 -0.192475038179720E+002  0.668275019995333E+002 -0.273249090668491E+000 -0.160493505276621E+001 -0.323512660157077E+002 -0.167451030290137E+002 -0.387749219384008E+001
  0.339865272360274E-001  0.820696751236403E+001 -0.192242383007575E+002  0.678486451002022E+002 -0.396868567533708E+000  0.184346807272735E+001  0.728123708317766E+002 -0.167451030290137E+002 -0.559821508645221E+001
  0.339865272360274E-001  0.817058554052901E+001 -0.191632913949161E+002  0.700131311847694E+002 -0.601554616604750E+000  0.328534245209757E+001  0.273951604148216E+002 -0.167451030290137E+002 -0.558002410053470E+001
  0.339865272360274E-001  0.478280896217589E+001 -0.192120352541265E+002  0.679441419221785E+002 -0.341606837905453E+000 -0.141424416142579E+001 -0.812231282378094E+002 -0.167451030290137E+002 -0.388613581135814E+001
  0.339865272360274E-001  0.799060253814056E+001 -0.192672198977528E+002  0.661193660757086E+002 -0.162372518345317E+000 -0.418889235004402E+001 -0.884639174942436E+002 -0.167451030290137E+002 -0.549003259934048E+001
  0.339865272360274E-001  0.788842146263388E+001 -0.193187345161935E+002  0.651765230757134E+002 -0.721663223604269E+000  0.633001933426026E+001  0.915499563042098E+002 -0.167451030290137E+002 -0.543894206158714E+001
  0.339865272360274E-001  0.783437020960288E+001 -0.192088424113254E+002  0.679776310302387E+002 -0.456903232446743E+000  0.349425858132954E+001  0.911853866214620E+002 -0.167451030290137E+002 -0.541191643507164E+001
  0.339865272360274E-001  0.777190559526504E+001 -0.193018728219723E+002  0.655643967117511E+002 -0.619575611435204E+000  0.511094397076590E+001  0.753901730321087E+002 -0.167451030290137E+002 -0.538068412790272E+001
  0.339865272360274E-001  0.758275619074747E+001 -0.193229263084437E+002  0.649519205240561E+002 -0.452817559438620E+000  0.227250572351984E+001  0.886755998616362E+002 -0.167451030290137E+002 -0.528610942564393E+001
  0.339865272360274E-001  0.756578154039360E+001 -0.192213355243934E+002  0.678371789915509E+002 -0.365348411230983E+000  0.130384910757863E+000  0.411794400186703E+002 -0.167451030290137E+002 -0.527762210046700E+001
  0.339865272360274E-001  0.478656802491465E+001 -0.192597550585576E+002  0.665244650164320E+002 -0.365238934409628E+000 -0.130866019531522E+001 -0.810530324871541E+002 -0.167451030290137E+002 -0.388801534272752E+001
  0.339865272360274E-001  0.735832013609319E+001 -0.193217898270587E+002  0.653367225016801E+002 -0.552098583012632E+000  0.257384834963233E+001  0.295277823607045E+002 -0.167451030290137E+002 -0.517389139831679E+001
  0.339865272360274E-001  0.735257220867944E+001 -0.192222413797236E+002  0.683351688200012E+002 -0.419612159540732E+000 -0.496497279015180E+000 -0.625218185468065E+002 -0.167451030290137E+002 -0.517101743460992E+001
  0.339865272360274E-001  0.729805856392137E+001 -0.192894566879420E+002  0.657645256290899E+002 -0.561851137195160E+000  0.438934754129428E+001  0.679480023782482E+002 -0.167451030290137E+002 -0.514376061223088E+001
  0.339865272360274E-001  0.725163731615338E+001 -0.192768568069280E+002  0.667904073905421E+002 -0.594614664137439E+000  0.226559098460212E+001  0.261452857430552E+002 -0.167451030290137E+002 -0.512054998834689E+001
  0.339865272360274E-001  0.710910634150688E+001 -0.192438605012784E+002  0.673723748102984E+002 -0.696403065453711E+000  0.532174185716364E+001  0.565862951006462E+002 -0.167451030290137E+002 -0.504928450102364E+001
  0.339865272360274E-001  0.709466454798296E+001 -0.192787485942704E+002  0.668076032401397E+002 -0.504532048479030E+000  0.905427023221016E+000  0.295599991808530E+000 -0.167451030290137E+002 -0.504206360426168E+001
  0.339865272360274E-001  0.705404717314547E+001 -0.192113836872607E+002  0.678822644975722E+002 -0.404705910065299E+000  0.117608465945381E+001  0.236392760493290E+002 -0.167451030290137E+002 -0.502175491684293E+001
  0.339865272360274E-001  0.705313082042084E+001 -0.192864776286663E+002  0.673493056346195E+002 -0.947797731706746E+000  0.712931930978707E+001  0.816069820994409E+002 -0.167451030290137E+002 -0.502129674048062E+001
  0.339865272360274E-001  0.696695682123871E+001 -0.192347351226876E+002  0.672062689437320E+002 -0.464026420919120E+000  0.164375744416150E+001  0.689574255487520E+001 -0.167451030290137E+002 -0.497820974088955E+001
  0.339865272360274E-001  0.696325738701493E+001 -0.193058389659702E+002  0.651858823824313E+002 -0.417841538543867E+000  0.143489129281711E+001  0.770243523654842E+002 -0.167451030290137E+002 -0.497636002377766E+001
  0.339865272360274E-001  0.695999235832953E+001 -0.193049041936084E+002  0.656137025248055E+002 -0.443275862920675E+000 -0.474344966045912E-001  0.301417764243144E+002 -0.167451030290137E+002 -0.497472750943496E+001
  0.339865272360274E-001  0.695585579206912E+001 -0.192865810034942E+002  0.664361782082185E+002 -0.838672942782456E+000  0.642937430292978E+001  0.664607406924623E+002 -0.167451030290137E+002 -0.497265922630476E+001
  0.339865272360274E-001  0.481682905768831E+001 -0.192209377635451E+002  0.679253222141800E+002 -0.376066128408806E+000  0.516516221164714E+000  0.525313941775218E+002 -0.167451030290137E+002 -0.390314585911435E+001
  0.339865272360274E-001  0.677704987276936E+001 -0.192010429359392E+002  0.692139990384520E+002 -0.741435777433898E+000  0.654188673194878E+001  0.944682654593155E+002 -0.167451030290137E+002 -0.488325626665488E+001
  0.339865272360274E-001  0.671405856925093E+001 -0.192852006678564E+002  0.661082662217633E+002 -0.382780375190419E+000 -0.401419780438058E+000 -0.810306926635684E+002 -0.167451030290137E+002 -0.485176061489566E+001
  0.339865272360274E-001  0.664939357123127E+001 -0.193066771706999E+002  0.660281572588485E+002 -0.679157573029613E+000  0.479313970453993E+001  0.913943084225918E+002 -0.167451030290137E+002 -0.481942811588583E+001
  0.339865272360274E-001  0.664662377024971E+001 -0.193075686879881E+002  0.655932661145349E+002 -0.472657403952455E+000  0.234638063226869E+001  0.812427541893187E+002 -0.167451030290137E+002 -0.481804321539505E+001
  0.339865272360274E-001  0.662064587782642E+001 -0.192657846398042E+002  0.661842524749031E+002 -0.303077295387153E+000 -0.147639071339086E+001 -0.883837734598814E+002 -0.167451030290137E+002 -0.480505426918340E+001
  0.339865272360274E-001  0.643887411715666E+001 -0.192761777526715E+002  0.663149833241473E+002 -0.435320381987551E+000 -0.112113292069221E+000 -0.476533386502503E+002 -0.167451030290137E+002 -0.471416838884853E+001
  0.339865272360274E-001  0.633274831393830E+001 -0.192565564903377E+002  0.663374555897976E+002 -0.258662563476509E+000 -0.272429433780268E+001 -0.973089707445717E+002 -0.167451030290137E+002 -0.466110548723935E+001
  0.339865272360274E-001  0.629930870270968E+001 -0.192164153677398E+002  0.679409463506276E+002 -0.342797792487172E+000 -0.125523983606378E+001 -0.321262181549871E+002 -0.167451030290137E+002 -0.464438568162504E+001
  0.339865272360274E-001  0.483091356153260E+001 -0.191756692632061E+002  0.697909678593794E+002 -0.571032467664103E+000  0.291962388499467E+001  0.356898424483147E+002 -0.167451030290137E+002 -0.391018811103650E+001
  0.339865272360274E-001  0.622064407978461E+001 -0.192837391355953E+002  0.656832945045344E+002 -0.406178402796584E+000  0.190779416418315E+001  0.799331997902627E+002 -0.167451030290137E+002 -0.460505337016250E+001
  0.339865272360274E-001  0.620768306777461E+001 -0.192183004224963E+002  0.676106425233390E+002 -0.341980897577820E+000 -0.594346967809795E+000 -0.803272072052988E+002 -0.167451030290137E+002 -0.459857286415750E+001
  0.339865272360274E-001  0.486324592448748E+001 -0.192262659369101E+002  0.678760084894818E+002 -0.536482697708628E+000  0.343357023453200E+001  0.955481463382131E+002 -0.167451030290137E+002 -0.392635429251394E+001
  0.339865272360274E-001  0.619482785883043E+001 -0.193091060277153E+002  0.654071578456969E+002 -0.455559064504105E+000  0.145979268657844E+001  0.549611169211784E+002 -0.167451030290137E+002 -0.459214525968541E+001
  0.339865272360274E-001  0.487402832930375E+001 -0.192149369235689E+002  0.681881746167850E+002 -0.320799345907531E+000 -0.241151829640857E+001 -0.998307726222948E+002 -0.167451030290137E+002 -0.393174549492207E+001
  0.339865272360274E-001  0.615650998739732E+001 -0.192634623929834E+002  0.662171840772012E+002 -0.365484153787485E+000  0.191549312207364E+000 -0.785202002198437E+002 -0.167451030290137E+002 -0.457298632396886E+001
  0.339865272360274E-001  0.489831510872277E+001 -0.192727518695264E+002  0.667424563492693E+002 -0.468835046057151E+000  0.165117084528695E+001  0.870476572008969E+002 -0.167451030290137E+002 -0.394388888463158E+001
  0.339865272360274E-001  0.610273837483387E+001 -0.192464822365109E+002  0.677453917032177E+002 -0.680674011855531E+000  0.571060111031814E+001  0.860856121465012E+002 -0.167451030290137E+002 -0.454610051768713E+001
  0.339865272360274E-001  0.609719226333032E+001 -0.192941305658454E+002  0.656073173690724E+002 -0.392774371525853E+000  0.114759950321515E+001  0.307071618720177E+002 -0.167451030290137E+002 -0.454332746193536E+001
  0.339865272360274E-001  0.609552731008803E+001 -0.192067953312269E+002  0.693433188169236E+002 -0.690575439804055E+000  0.448136499601769E+001  0.606891300926409E+002 -0.167451030290137E+002 -0.454249498531421E+001
  0.339865272360274E-001  0.608520353752937E+001 -0.192406943726486E+002  0.672563505880263E+002 -0.370699303518115E+000  0.710229227732997E+000  0.166127026622052E+002 -0.167451030290137E+002 -0.453733309903488E+001
  0.339865272360274E-001  0.606310749377323E+001 -0.192530588294440E+002  0.664618388618329E+002 -0.239588529830302E+000 -0.320173760282516E+001 -0.984298840611585E+002 -0.167451030290137E+002 -0.452628507715681E+001
  0.339865272360274E-001  0.604016631140106E+001 -0.192810324917276E+002  0.657596741587055E+002 -0.397164316034810E+000  0.160760675859892E+001  0.756727481601997E+002 -0.167451030290137E+002 -0.451481448597073E+001
  0.339865272360274E-001  0.598249376532116E+001 -0.192467856086005E+002  0.668445575750285E+002 -0.313941958590178E+000 -0.851920387480963E+000 -0.433561008153401E+002 -0.167451030290137E+002 -0.448597821293077E+001
  0.339865272360274E-001  0.590442222312850E+001 -0.192504431803306E+002  0.668170761413794E+002 -0.283913677296272E+000 -0.165489413536141E+001 -0.257276377115215E+002 -0.167451030290137E+002 -0.444694244183444E+001
  0.339865272360274E-001  0.590214182247982E+001 -0.192696362822915E+002  0.667559041316600E+002 -0.415836825829359E+000  0.224156764417287E+000  0.556028748695163E+002 -0.167451030290137E+002 -0.444580224151011E+001
  0.339865272360274E-001  0.588754517081169E+001 -0.191915866395468E+002  0.689081501339063E+002 -0.425855516124648E+000  0.724442170304002E+000  0.240620899664364E+002 -0.167451030290137E+002 -0.443850391567605E+001
  0.339865272360274E-001  0.492561579181274E+001 -0.192869647615330E+002  0.658071580406562E+002 -0.335442326576027E+000 -0.664305148463791E+000 -0.171909429490993E+002 -0.167451030290137E+002 -0.395753922617657E+001
  0.339865272360274E-001  0.579538860419075E+001 -0.193068031918441E+002  0.660798725505563E+002 -0.651554683637193E+000  0.398461606110873E+001  0.531320013860314E+002 -0.167451030290137E+002 -0.439242563236557E+001
  0.339865272360274E-001  0.495480787882653E+001 -0.192255774211450E+002  0.683422807113357E+002 -0.529965317695236E+000  0.294244104196473E+001  0.874089239531646E+002 -0.167451030290137E+002 -0.397213526968346E+001
  0.339865272360274E-001  0.497327214480868E+001 -0.192008068264654E+002  0.695795549051287E+002 -0.732511218483593E+000  0.426585907651793E+001  0.385727940596176E+002 -0.167451030290137E+002 -0.398136740267454E+001
  0.339865272360274E-001  0.497950900684440E+001 -0.192720601614900E+002  0.663080852460085E+002 -0.509087874118604E+000  0.180035013886839E+001  0.164422989450293E+002 -0.167451030290137E+002 -0.398448583369239E+001
  0.339865272360274E-001  0.566409520240445E+001 -0.192087406834445E+002  0.685358404438422E+002 -0.460590317198931E+000  0.250620274569429E+001  0.698742701906623E+002 -0.167451030290137E+002 -0.432677893147242E+001
  0.339865272360274E-001  0.498275145058298E+001 -0.192784830317918E+002  0.658484641037657E+002 -0.289657997229554E+000 -0.210318484793871E+001 -0.744585880646782E+002 -0.167451030290137E+002 -0.398610705556169E+001
  0.339865272360274E-001  0.558133113775814E+001 -0.192593899581549E+002  0.667412444248481E+002 -0.467179733197205E+000  0.147021561695895E+001  0.338289809454162E+002 -0.167451030290137E+002 -0.428539689914927E+001
  0.339865272360274E-001  0.499909156919868E+001 -0.192666841971485E+002  0.673523464328370E+002 -0.663590706236622E+000  0.444089091434304E+001  0.617443696463147E+002 -0.167451030290137E+002 -0.399427711486954E+001
  0.339865272360274E-001  0.546391723249561E+001 -0.192556762190899E+002  0.665022469428730E+002 -0.240277062346128E+000 -0.245890406852974E+001 -0.556030729771627E+002 -0.167451030290137E+002 -0.422668994651800E+001
  0.339865272360274E-001  0.545452859533148E+001 -0.192078522808784E+002  0.686173494692480E+002 -0.477631962089408E+000  0.143118858605715E+001  0.373919008154219E+002 -0.167451030290137E+002 -0.422199562793593E+001
  0.339865272360274E-001  0.542636874405186E+001 -0.192872389643646E+002  0.668710161039032E+002 -0.906226268661574E+000  0.697977855157508E+001  0.711224861061425E+002 -0.167451030290137E+002 -0.420791570229613E+001
  0.339865272360274E-001  0.542158855194707E+001 -0.192378064208349E+002  0.672257607545097E+002 -0.306709707523783E+000 -0.177664602292407E+001 -0.941995492225216E+002 -0.167451030290137E+002 -0.420552560624373E+001
  0.339865272360274E-001  0.541806684071100E+001 -0.192755737466427E+002  0.661108550353431E+002 -0.350062133351480E+000 -0.131712323991939E+001 -0.429556145951477E+002 -0.167451030290137E+002 -0.420376475062570E+001
  0.339865272360274E-001  0.501110530646878E+001 -0.192700426049050E+002  0.663611356220581E+002 -0.290887056123973E+000 -0.278676371084058E+001 -0.757703746683071E+002 -0.167451030290137E+002 -0.400028398350459E+001
  0.339865272360274E-001  0.535077530756094E+001 -0.192493857042796E+002  0.666501048984192E+002 -0.270714078634880E+000 -0.290632399777721E+001 -0.999332623204217E+002 -0.167451030290137E+002 -0.417011898405067E+001
  0.339865272360274E-001  0.528248046017810E+001 -0.193103244518668E+002  0.655042103716627E+002 -0.723059225064576E+000  0.548955157367727E+001  0.693759315162921E+002 -0.167451030290137E+002 -0.413597156035925E+001
  0.339865272360274E-001  0.525728969975124E+001 -0.192966766902415E+002  0.657032564225394E+002 -0.381198017158241E+000 -0.161022641231971E+001 -0.967124145402957E+002 -0.167451030290137E+002 -0.412337618014582E+001
  0.339865272360274E-001  0.524801573411398E+001 -0.192887840266750E+002  0.659980914016106E+002 -0.398922817329763E+000  0.419432616036106E+000  0.786221064682784E+002 -0.167451030290137E+002 -0.411873919732719E+001
  0.339865272360274E-001  0.502910167982225E+001 -0.192412443346024E+002  0.675875144380919E+002 -0.455518538961686E+000  0.774850348469178E+000  0.636859094112622E+002 -0.167451030290137E+002 -0.400928217018132E+001
  0.339865272360274E-001  0.510475993300522E+001 -0.192326733911574E+002  0.676910757687241E+002 -0.352015326073188E+000 -0.640886451907805E+000 -0.117471992820656E+002 -0.167451030290137E+002 -0.404711129677281E+001
  0.339865272360274E-001  0.510453028998255E+001 -0.192293415332251E+002  0.677450697910983E+002 -0.375183758099284E+000 -0.157155506089266E+000 -0.460396173717589E+002 -0.167451030290137E+002 -0.404699647526147E+001
  0.339865272360274E-001  0.473675458765994E+001 -0.192808975652189E+002  0.665693870085051E+002 -0.708751716958427E+000  0.495075440595054E+001  0.741985835945628E+002 -0.167451030290137E+002 -0.386310862410017E+001
  0.339865272360274E-001  0.473055762405874E+001 -0.193013634424555E+002  0.654571376531663E+002 -0.406453530182380E+000  0.610047321171795E+000  0.820784830904337E+002 -0.167451030290137E+002 -0.386001014229957E+001
  0.339865272360274E-001  0.465016053613093E+001 -0.191953161871750E+002  0.686736460432384E+002 -0.396917179169825E+000  0.701920654782777E+000  0.625099068509859E+002 -0.167451030290137E+002 -0.381981159833566E+001
  0.339865272360274E-001  0.462414946108854E+001 -0.192638585900366E+002  0.664505433212165E+002 -0.406547239708289E+000  0.243447210425815E+000 -0.609544896281158E+002 -0.167451030290137E+002 -0.380680606081447E+001
  0.339865272360274E-001  0.460456984372777E+001 -0.192413576620544E+002  0.675843642910908E+002 -0.442222522098964E+000 -0.114528756624555E+000 -0.365155441833273E+002 -0.167451030290137E+002 -0.379701625213408E+001
  0.339865272360274E-001  0.459983297261621E+001 -0.192880782403539E+002  0.657960743225053E+002 -0.553094603531531E+000  0.400176358140459E+001  0.641538757446079E+002 -0.167451030290137E+002 -0.379464781657830E+001
  0.339865272360274E-001  0.459045432396622E+001 -0.192298477689273E+002  0.677638910084759E+002 -0.431004238752857E+000  0.222699388752318E+001  0.776504427637592E+002 -0.167451030290137E+002 -0.378995849225331E+001
  0.339865272360274E-001  0.456388472685547E+001 -0.192803895178001E+002  0.672806787671320E+002 -0.886504614394167E+000  0.564189525268117E+001  0.461873928428487E+002 -0.167451030290137E+002 -0.377667369369793E+001
  0.339865272360274E-001  0.449542734810457E+001 -0.191996065492513E+002  0.685271916198856E+002 -0.361220334427657E+000 -0.111046182674787E+001 -0.990952873810854E+002 -0.167451030290137E+002 -0.374244500432249E+001
  0.339865272360274E-001  0.448635757477816E+001 -0.191928293039668E+002  0.688892687883460E+002 -0.581347883711639E+000  0.377565862298330E+001  0.578575990356444E+002 -0.167451030290137E+002 -0.373791011765928E+001
  0.339865272360274E-001  0.443435734378457E+001 -0.192469067029626E+002  0.671930864256473E+002 -0.660690321171743E+000  0.486739305061831E+001  0.650733262171795E+002 -0.167451030290137E+002 -0.371191000216248E+001
  0.339865272360274E-001  0.443308508333277E+001 -0.191992754347137E+002  0.696135020818817E+002 -0.751813177990921E+000  0.357276281778765E+001  0.237736201388774E+002 -0.167451030290137E+002 -0.371127387193658E+001
  0.339865272360274E-001  0.440697024807692E+001 -0.192838029305704E+002  0.657750010581399E+002 -0.386903149342394E+000  0.108995423088138E+001  0.987700009071520E+002 -0.167451030290137E+002 -0.369821645430866E+001
  0.339865272360274E-001  0.439896821838756E+001 -0.192244210747859E+002  0.675355799529985E+002 -0.278785742628356E+000 -0.244844727377842E+001 -0.740176751183947E+002 -0.167451030290137E+002 -0.369421543946398E+001
  0.339865272360274E-001  0.438330646254905E+001 -0.192980904967117E+002  0.664330493316643E+002 -0.826983801078895E+000  0.613796966294710E+001  0.799983401974241E+002 -0.167451030290137E+002 -0.368638456154472E+001
  0.339865272360274E-001  0.437674861007071E+001 -0.192243729468611E+002  0.678523121652833E+002 -0.361439251813666E+000 -0.507774264935007E+000 -0.370130382994048E+002 -0.167451030290137E+002 -0.368310563530555E+001
  0.339865272360274E-001  0.433912476231830E+001 -0.192478868025961E+002  0.670161904982597E+002 -0.532676679865337E+000  0.191120335946202E+001  0.105206669490001E+002 -0.167451030290137E+002 -0.366429371142934E+001
  0.339865272360274E-001  0.431088304832781E+001 -0.191773330407147E+002  0.699472335456636E+002 -0.672501101059458E+000  0.442759541899783E+001  0.542235669978017E+002 -0.167451030290137E+002 -0.365017285443410E+001
  0.339865272360274E-001  0.427449591237788E+001 -0.192127968785128E+002  0.682147251108881E+002 -0.506377119755404E+000  0.274196306468455E+001  0.652618237218227E+002 -0.167451030290137E+002 -0.363197928645914E+001
  0.339865272360274E-001  0.422898204205707E+001 -0.192357782796484E+002  0.671999815917351E+002 -0.403984887328451E+000  0.182251335038183E+001  0.503055248879870E+002 -0.167451030290137E+002 -0.360922235129873E+001
  0.339865272360274E-001  0.422370928460997E+001 -0.192239259950191E+002  0.677947360610466E+002 -0.349368277374184E+000 -0.605496579657800E+000 -0.335154702464372E+002 -0.167451030290137E+002 -0.360658597257518E+001
  0.339865272360274E-001  0.419973056687049E+001 -0.192287826212788E+002  0.684641250941470E+002 -0.632985894474654E+000  0.366755888957120E+001  0.615086557178730E+002 -0.167451030290137E+002 -0.359459661370544E+001
  0.339865272360274E-001  0.414783989976286E+001 -0.192555742706611E+002  0.673252223274290E+002 -0.748099751729630E+000  0.564265604556388E+001  0.814973150442015E+002 -0.167451030290137E+002 -0.356865128015163E+001
  0.339865272360274E-001  0.414688707669644E+001 -0.192478896335215E+002  0.670855179238392E+002 -0.438676866565799E+000  0.130244808668214E+001  0.740923695251258E+002 -0.167451030290137E+002 -0.356817486861842E+001
  0.339865272360274E-001  0.414431862008876E+001 -0.192490689903023E+002  0.671484131456774E+002 -0.431643422317450E+000 -0.412375919831012E+000  0.525933241587729E+002 -0.167451030290137E+002 -0.356689064031458E+001
  0.339865272360274E-001  0.405708103027650E+001 -0.192602242088567E+002  0.666761278737286E+002 -0.608311830145388E+000  0.439602689454693E+001  0.579621969533522E+002 -0.167451030290137E+002 -0.352327184540845E+001
  0.339865272360274E-001  0.405208807528048E+001 -0.192739069622029E+002  0.663308974210101E+002 -0.444483110692667E+000  0.512061053817574E+000  0.497363563844175E+000 -0.167451030290137E+002 -0.352077536791044E+001
  0.339865272360274E-001  0.404750603579192E+001 -0.191925979312470E+002  0.692789674550629E+002 -0.684504296718752E+000  0.426063979322694E+001  0.504068185479038E+002 -0.167451030290137E+002 -0.351848434816615E+001
  0.339865272360274E-001  0.403438097752579E+001 -0.192679343195515E+002  0.666787271946820E+002 -0.430704823208454E+000  0.189879329215037E+001  0.885893038194760E+002 -0.167451030290137E+002 -0.351192181903309E+001
  0.339865272360274E-001  0.401498808285564E+001 -0.192546865774152E+002  0.667359632351968E+002 -0.405434546508304E+000  0.309724302181218E+000  0.806555293357633E+002 -0.167451030290137E+002 -0.350222537169802E+001
  0.339865272360274E-001  0.399582694549692E+001 -0.192400386960636E+002  0.674306806471830E+002 -0.393550972602805E+000  0.108561741716048E+001  0.997967591000758E+002 -0.167451030290137E+002 -0.349264480301866E+001
  0.339865272360274E-001  0.399188589153551E+001 -0.192622058435808E+002  0.668293076926656E+002 -0.402255336650833E+000  0.102143251677234E-001  0.522243604500904E+002 -0.167451030290137E+002 -0.349067427603795E+001
  0.339865272360274E-001  0.398175507298951E+001 -0.192731060828117E+002  0.668395008503986E+002 -0.547616181688748E+000  0.311374515129116E+001  0.553201372045208E+002 -0.167451030290137E+002 -0.348560886676495E+001
  0.339865272360274E-001  0.398110959828058E+001 -0.192655643918934E+002  0.663864289910352E+002 -0.415259850928762E+000  0.872211289746311E+000  0.192639174546231E+002 -0.167451030290137E+002 -0.348528612941049E+001
  0.339865272360274E-001  0.394703486093178E+001 -0.192546957016965E+002  0.668663621346446E+002 -0.375921905439604E+000  0.557384182552973E+000  0.813942902927235E+002 -0.167451030290137E+002 -0.346824876073609E+001
  0.339865272360274E-001  0.393327252878597E+001 -0.192681958557577E+002  0.668431894666975E+002 -0.475489270940451E+000  0.248454854184917E+001  0.996193091521739E+002 -0.167451030290137E+002 -0.346136759466318E+001
  0.339865272360274E-001  0.389844393220040E+001 -0.192606868168259E+002  0.668340584147207E+002 -0.481195944531767E+000  0.310339726923778E+001  0.722879686478844E+002 -0.167451030290137E+002 -0.344395329637040E+001
  0.339865272360274E-001  0.389171023834777E+001 -0.192842164261659E+002  0.667682580466142E+002 -0.799646406266704E+000  0.557776665782397E+001  0.516475253069588E+002 -0.167451030290137E+002 -0.344058644944409E+001
  0.339865272360274E-001  0.386851756993638E+001 -0.192488727179885E+002  0.668414665544015E+002 -0.470312683549239E+000  0.340901320562471E+001  0.870308178563503E+002 -0.167451030290137E+002 -0.342899011523838E+001
  0.339865272360274E-001  0.386295974467102E+001 -0.193002351127507E+002  0.657292012211350E+002 -0.503056797922762E+000  0.239072564678140E+001  0.567292721269547E+002 -0.167451030290137E+002 -0.342621120260571E+001
  0.339865272360274E-001  0.385427477106731E+001 -0.192753021735836E+002  0.661238606879470E+002 -0.472412193155616E+000  0.333833470487744E+001  0.840879082537899E+002 -0.167451030290137E+002 -0.342186871580385E+001
  0.339865272360274E-001  0.385151185151880E+001 -0.192258985803948E+002  0.681387501104177E+002 -0.478055116251278E+000  0.169378733934836E+001  0.573539590517828E+002 -0.167451030290137E+002 -0.342048725602959E+001
  0.339865272360274E-001  0.384861789320789E+001 -0.192840955368059E+002  0.660628905863141E+002 -0.385870403604723E+000 -0.828926591497300E+000 -0.410776703590044E+002 -0.167451030290137E+002 -0.341904027687414E+001
  0.339865272360274E-001  0.383089944392898E+001 -0.192801969061080E+002  0.659159881603084E+002 -0.375068168057550E+000  0.256105391802365E+000 -0.614516124660396E+002 -0.167451030290137E+002 -0.341018105223469E+001
  0.339865272360274E-001  0.383044924545348E+001 -0.192289809711740E+002  0.685943341263614E+002 -0.648730600609480E+000  0.254010174910422E+001  0.187626382250905E+002 -0.167451030290137E+002 -0.340995595299693E+001
  0.339865272360274E-001  0.378966443943104E+001 -0.192122951976122E+002  0.686328546756097E+002 -0.704869950578550E+000  0.364988010799958E+001  0.255073308060647E+002 -0.167451030290137E+002 -0.338956354998572E+001
  0.339865272360274E-001  0.378270690788780E+001 -0.192683284231703E+002  0.662783169548367E+002 -0.362938149011728E+000  0.177257195205273E+000 -0.666865706892233E+001 -0.167451030290137E+002 -0.338608478421410E+001
  0.339865272360274E-001  0.377295034703657E+001 -0.192794847305167E+002  0.661543361263724E+002 -0.381790321372159E+000 -0.729227753894314E+000 -0.310439321681127E+002 -0.167451030290137E+002 -0.338120650378848E+001
  0.339865272360274E-001  0.376298247821415E+001 -0.191813278386556E+002  0.695472579862738E+002 -0.583116762534250E+000  0.367622073435212E+001  0.599710953889022E+002 -0.167451030290137E+002 -0.337622256937727E+001
  0.339865272360274E-001  0.375887208803990E+001 -0.192512114189884E+002  0.669477030278017E+002 -0.350057784353563E+000 -0.160662592934456E+001 -0.559350391704099E+002 -0.167451030290137E+002 -0.337416737429014E+001
  0.339865272360274E-001  0.367720137781714E+001 -0.192373537411411E+002  0.676647222249957E+002 -0.413959333100923E+000  0.844848031852708E+000  0.883643356047186E+002 -0.167451030290137E+002 -0.333333201917876E+001
  0.339865272360274E-001  0.359592505995976E+001 -0.192647514260374E+002  0.666326722218700E+002 -0.591060033135946E+000  0.343516929681679E+001  0.440545307192135E+002 -0.167451030290137E+002 -0.329269386025008E+001
  0.339865272360274E-001  0.358374284105268E+001 -0.192270965997951E+002  0.685180023801884E+002 -0.716021671844229E+000  0.536009978468037E+001  0.681505535045412E+002 -0.167451030290137E+002 -0.328660275079653E+001
  0.339865272360274E-001  0.356665550070833E+001 -0.192734078687369E+002  0.664310531892430E+002 -0.425326107970039E+000 -0.105794063962453E+000 -0.446386498491803E+002 -0.167451030290137E+002 -0.327805908062436E+001
  0.339865272360274E-001  0.355800818610262E+001 -0.192977993895459E+002  0.655482364284903E+002 -0.454268814884575E+000  0.166865131521477E+001  0.249126845443335E+002 -0.167451030290137E+002 -0.327373542332151E+001
  0.339865272360274E-001  0.354525085087857E+001 -0.192615962718571E+002  0.667086308815797E+002 -0.328277647720228E+000 -0.181343047904290E+001 -0.545765679912144E+002 -0.167451030290137E+002 -0.326735675570948E+001
  0.339865272360274E-001  0.353857149057767E+001 -0.192531626054912E+002  0.672155609020909E+002 -0.424524741956496E+000  0.656929928545171E+000  0.133722269730075E+002 -0.167451030290137E+002 -0.326401707555903E+001
  0.339865272360274E-001  0.347860315081852E+001 -0.192532511575626E+002  0.675570966970433E+002 -0.590921208672030E+000  0.424004252314492E+001  0.927726820919970E+002 -0.167451030290137E+002 -0.323403290567946E+001
  0.339865272360274E-001  0.346943377039278E+001 -0.192880467503561E+002  0.658015098396128E+002 -0.408158727805611E+000  0.120659619475132E+001  0.873919492991291E+002 -0.167451030290137E+002 -0.322944821546659E+001
  0.339865272360274E-001  0.345877155444236E+001 -0.192571362739186E+002  0.672594713135322E+002 -0.550712445622540E+000  0.184515830015170E+001  0.545421027146178E+001 -0.167451030290137E+002 -0.322411710749138E+001
  0.339865272360274E-001  0.344389624804429E+001 -0.192505348373501E+002  0.669744913142679E+002 -0.323368655338102E+000 -0.164687366930638E+001 -0.667518713468241E+002 -0.167451030290137E+002 -0.321667945429234E+001
  0.339865272360274E-001  0.342778777553461E+001 -0.192114699985218E+002  0.681142761879438E+002 -0.376589160166017E+000 -0.903470064726159E+000 -0.989967021844739E+002 -0.167451030290137E+002 -0.320862521803751E+001
  0.339865272360274E-001  0.342057371723730E+001 -0.192010245684161E+002  0.686268365716230E+002 -0.453129737395082E+000  0.210351399289693E+001  0.531158899783196E+002 -0.167451030290137E+002 -0.320501818888885E+001
  0.339865272360274E-001  0.340513556622943E+001 -0.193142042520078E+002  0.654293103535514E+002 -0.626632943800759E+000  0.370684392770761E+001  0.375876646911036E+002 -0.167451030290137E+002 -0.319729911338491E+001
  0.339865272360274E-001  0.336713932233681E+001 -0.192963613104103E+002  0.657239144097138E+002 -0.604445877363054E+000  0.481372948959356E+001  0.961848133879502E+002 -0.167451030290137E+002 -0.317830099143861E+001
  0.339865272360274E-001  0.336584904040305E+001 -0.192344906215585E+002  0.676819250945405E+002 -0.397692508750930E+000  0.109466146900466E+000 -0.134108497941266E+002 -0.167451030290137E+002 -0.317765585047172E+001
  0.339865272360274E-001  0.336483778615399E+001 -0.192324827585590E+002  0.673176664752228E+002 -0.370857705658811E+000  0.435532355000374E+000  0.475305596944837E+002 -0.167451030290137E+002 -0.317715022334719E+001
  0.339865272360274E-001  0.336085303028538E+001 -0.192706221237623E+002  0.662994279937454E+002 -0.428544721530311E+000  0.120249668038028E+001  0.333582452235935E+002 -0.167451030290137E+002 -0.317515784541289E+001
  0.339865272360274E-001  0.334473153438383E+001 -0.192665766345622E+002  0.666950732758052E+002 -0.435423879253831E+000  0.319158990169491E+000 -0.639285505556162E+002 -0.167451030290137E+002 -0.316709709746211E+001
  0.339865272360274E-001  0.325811358683157E+001 -0.192279034138465E+002  0.687367457831107E+002 -0.723621898031074E+000  0.454555007891876E+001  0.557586385774321E+002 -0.167451030290137E+002 -0.312378812368598E+001
  0.339865272360274E-001  0.324432636325362E+001 -0.192947291112378E+002  0.656843823581932E+002 -0.477433579929767E+000  0.275319423243605E+001  0.797540078218493E+002 -0.167451030290137E+002 -0.311689451189701E+001
  0.339865272360274E-001  0.324214214858935E+001 -0.192121267145748E+002  0.681944571199505E+002 -0.388643006584135E+000  0.275431091871109E+000 -0.120172225629894E+002 -0.167451030290137E+002 -0.311580240456487E+001
  0.339865272360274E-001  0.322828813019711E+001 -0.192519779512540E+002  0.682760440905773E+002 -0.953366754719710E+000  0.766503695164850E+001  0.929565716283797E+002 -0.167451030290137E+002 -0.310887539536875E+001
  0.339865272360274E-001  0.320787624303740E+001 -0.192302477456196E+002  0.677297420891241E+002 -0.423714101538123E+000 -0.132588407463034E+000 -0.823387811968246E+002 -0.167451030290137E+002 -0.309866945178890E+001
  0.339865272360274E-001  0.320570701255450E+001 -0.192571546907582E+002  0.670172117639193E+002 -0.436545118902278E+000  0.281788757837926E-001 -0.961273657120038E+002 -0.167451030290137E+002 -0.309758483654745E+001
  0.339865272360274E-001  0.319315743131991E+001 -0.192606575098241E+002  0.672672664359224E+002 -0.770431391321849E+000  0.700414262540793E+001  0.995176011910097E+002 -0.167451030290137E+002 -0.309131004593015E+001
  0.339865272360274E-001  0.319178611155066E+001 -0.192378457646896E+002  0.685162390713802E+002 -0.935716564163879E+000  0.735117892033294E+001  0.855192031041449E+002 -0.167451030290137E+002 -0.309062438604553E+001
  0.339865272360274E-001  0.318514275463753E+001 -0.191963158497641E+002  0.695568448132548E+002 -0.799329979096252E+000  0.501897335234115E+001  0.427040067766787E+002 -0.167451030290137E+002 -0.308730270758896E+001
  0.339865272360274E-001  0.317211397324926E+001 -0.192861929432373E+002  0.667399472390630E+002 -0.687205354765700E+000  0.494939939669130E+001  0.766363383486524E+002 -0.167451030290137E+002 -0.308078831689483E+001
  0.339865272360274E-001  0.316645970807255E+001 -0.192606798570521E+002  0.669912005350324E+002 -0.428317734473386E+000  0.504577045830253E+000  0.644333631354711E+002 -0.167451030290137E+002 -0.307796118430647E+001
  0.339865272360274E-001  0.313665793868210E+001 -0.192453319195182E+002  0.672818082081147E+002 -0.436062392455348E+000  0.154461322194493E+001  0.244974351718003E+002 -0.167451030290137E+002 -0.306306029961125E+001
  0.339865272360274E-001  0.311946196812071E+001 -0.192551324783495E+002  0.667082331350374E+002 -0.369172149416114E+000  0.375533108892794E+000 -0.806220506551950E+002 -0.167451030290137E+002 -0.305446231433055E+001
  0.339865272360274E-001  0.311192926712929E+001 -0.192346772347294E+002  0.672889580214749E+002 -0.383536613187613E+000 -0.861876535547701E-002 -0.620427241791602E+002 -0.167451030290137E+002 -0.305069596383485E+001
  0.339865272360274E-001  0.310829382662677E+001 -0.192132092339319E+002  0.684324547921375E+002 -0.656071649299584E+000  0.481321880833015E+001  0.778871846667434E+002 -0.167451030290137E+002 -0.304887824358358E+001
  0.339865272360274E-001  0.310048379415079E+001 -0.192351823733070E+002  0.678655148533672E+002 -0.589272718850340E+000  0.395435096821384E+001  0.530565429648899E+002 -0.167451030290137E+002 -0.304497322734559E+001
  0.339865272360274E-001  0.309815511398292E+001 -0.192746726299273E+002  0.661983197078507E+002 -0.443467106587231E+000  0.207582516845877E+001  0.845320525782731E+002 -0.167451030290137E+002 -0.304380888726165E+001
  0.339865272360274E-001  0.308299524650297E+001 -0.192727216258090E+002  0.665243144944304E+002 -0.431880842867542E+000  0.461377752027921E+000  0.769645546101323E+002 -0.167451030290137E+002 -0.303622895352168E+001
  0.339865272360274E-001  0.307380288465803E+001 -0.192155175447082E+002  0.681752835117965E+002 -0.403152485148411E+000  0.971639759112460E+000  0.850810575675366E+002 -0.167451030290137E+002 -0.303163277259921E+001
  0.339865272360274E-001  0.306963674271718E+001 -0.192186320139617E+002  0.680625555315433E+002 -0.419082591931183E+000  0.212795081982728E+000  0.696035657510243E+002 -0.167451030290137E+002 -0.302954970162878E+001
  0.339865272360274E-001  0.306036703852128E+001 -0.192642897227801E+002  0.670394397957403E+002 -0.532223926111244E+000  0.228011055193206E+001  0.456002670218376E+002 -0.167451030290137E+002 -0.302491484953084E+001
  0.339865272360274E-001  0.299775553594778E+001 -0.192367256324730E+002  0.674180026467472E+002 -0.390803972497686E+000 -0.591315230885661E+000 -0.370204032746817E+002 -0.167451030290137E+002 -0.299360909824409E+001
  0.339865272360274E-001  0.299412124205500E+001 -0.192376408462532E+002  0.676996383482349E+002 -0.655086583898743E+000  0.555184984938922E+001  0.830679426333879E+002 -0.167451030290137E+002 -0.299179195129770E+001
  0.339865272360274E-001  0.296457423489380E+001 -0.192770790433284E+002  0.669107148400532E+002 -0.840110637120404E+000  0.594483957998526E+001  0.578046611490220E+002 -0.167451030290137E+002 -0.297701844771710E+001
  0.339865272360274E-001  0.295393437411343E+001 -0.191970779345311E+002  0.694414926146409E+002 -0.661317267093051E+000  0.388548139800896E+001  0.444892273014757E+002 -0.167451030290137E+002 -0.297169851732691E+001
  0.339865272360274E-001  0.295352433195212E+001 -0.192413558258278E+002  0.684568380452721E+002 -0.860368967448668E+000  0.661650695554071E+001  0.901257883293036E+002 -0.167451030290137E+002 -0.297149349624626E+001
  0.339865272360274E-001  0.293706150324214E+001 -0.192898309375360E+002  0.658798445419470E+002 -0.469087878114817E+000  0.219176054209444E+001  0.386543860519103E+002 -0.167451030290137E+002 -0.296326208189127E+001
  0.339865272360274E-001  0.292008862554615E+001 -0.192639736948801E+002  0.665554346452955E+002 -0.503758119975437E+000  0.354383729724417E+001  0.698757782470480E+002 -0.167451030290137E+002 -0.295477564304327E+001
  0.339865272360274E-001  0.289586508661063E+001 -0.192455014827668E+002  0.669735291757674E+002 -0.316739281035944E+000 -0.174711181015378E+001 -0.602564125904070E+002 -0.167451030290137E+002 -0.294266387357551E+001
  0.339865272360274E-001  0.288999763477044E+001 -0.192290872579517E+002  0.676717338057672E+002 -0.419262220044443E+000  0.205477896405967E+001  0.832215488883151E+002 -0.167451030290137E+002 -0.293973014765542E+001
  0.339865272360274E-001  0.288203741711181E+001 -0.192126068615440E+002  0.687159857953196E+002 -0.577375762062066E+000  0.358123099218320E+001  0.779797705264785E+002 -0.167451030290137E+002 -0.293575003882611E+001
  0.339865272360274E-001  0.287638949173605E+001 -0.192363344013101E+002  0.673710290153682E+002 -0.519337716149188E+000  0.202111480374428E+001  0.970124680035916E+001 -0.167451030290137E+002 -0.293292607613822E+001
  0.339865272360274E-001  0.286869538285608E+001 -0.192647617016419E+002  0.663853337102716E+002 -0.396793976594120E+000  0.154301700178520E+001  0.926904949777544E+002 -0.167451030290137E+002 -0.292907902169824E+001
  0.339865272360274E-001  0.286720409160773E+001 -0.192277364506996E+002  0.678826309927813E+002 -0.387999343414896E+000 -0.724527683092882E+000 -0.481335770235428E+002 -0.167451030290137E+002 -0.292833337607406E+001
  0.339865272360274E-001  0.284069287827404E+001 -0.192764192314315E+002  0.662586384869800E+002 -0.426563133445149E+000  0.116209921431729E+001  0.829193181196744E+002 -0.167451030290137E+002 -0.291507776940722E+001
  0.339865272360274E-001  0.279924664805075E+001 -0.192806414251193E+002  0.660552553009147E+002 -0.391787188412209E+000  0.442748731801345E+000 -0.706552110314462E+002 -0.167451030290137E+002 -0.289435465429557E+001
  0.339865272360274E-001  0.277692300950602E+001 -0.192387911341759E+002  0.675748251011072E+002 -0.411267776828369E+000  0.535440160257759E+000  0.240194548273259E+002 -0.167451030290137E+002 -0.288319283502321E+001
  0.339865272360274E-001  0.277378015229850E+001 -0.192263267050575E+002  0.687971150863730E+002 -0.879720040549170E+000  0.607236003120731E+001  0.596958461004205E+002 -0.167451030290137E+002 -0.288162140641945E+001
  0.339865272360274E-001  0.276958871381585E+001 -0.192178773151319E+002  0.679499274892940E+002 -0.396748519196116E+000  0.199094872952180E+000 -0.138861788142258E+002 -0.167451030290137E+002 -0.287952568717813E+001
  0.339865272360274E-001  0.276625179443865E+001 -0.192587355071975E+002  0.677386174378705E+002 -0.868091343792641E+000  0.564657531812075E+001  0.468596985339617E+002 -0.167451030290137E+002 -0.287785722748952E+001
  0.339865272360274E-001  0.274105148662125E+001 -0.192726855885798E+002  0.662270645680628E+002 -0.350900149918888E+000 -0.106426026206373E+001 -0.508970954205405E+002 -0.167451030290137E+002 -0.286525707358082E+001
  0.339865272360274E-001  0.273327352537637E+001 -0.192693971074175E+002  0.666802754383335E+002 -0.709284103929406E+000  0.595709823599506E+001  0.805501322743312E+002 -0.167451030290137E+002 -0.286136809295838E+001
  0.339865272360274E-001  0.272970170027091E+001 -0.192609386255828E+002  0.668144895598416E+002 -0.467180558288274E+000  0.208490602081932E+001  0.303199367958186E+002 -0.167451030290137E+002 -0.285958218040565E+001
  0.339865272360274E-001  0.272282301728417E+001 -0.192159819596320E+002  0.680798625345267E+002 -0.528962220572819E+000  0.378284732223691E+001  0.689734121882290E+002 -0.167451030290137E+002 -0.285614283891228E+001
  0.339865272360274E-001  0.271920647433652E+001 -0.192504444071434E+002  0.671817708461591E+002 -0.417930796273649E+000 -0.179250542471799E+000  0.519049380641910E+002 -0.167451030290137E+002 -0.285433456743846E+001
  0.339865272360274E-001  0.270663446237520E+001 -0.192712192066023E+002  0.667408130390756E+002 -0.558340933156923E+000  0.195637615451685E+001  0.586842222802007E+001 -0.167451030290137E+002 -0.284804856145779E+001
  0.339865272360274E-001  0.270112191523429E+001 -0.192345513907564E+002  0.674058165108644E+002 -0.417808214543047E+000  0.101472366695286E+001  0.326607236072820E+002 -0.167451030290137E+002 -0.284529228788734E+001
  0.339865272360274E-001  0.265265672436236E+001 -0.192722993036252E+002  0.664706071123932E+002 -0.394555248699664E+000 -0.841385201353660E+000 -0.621228961337526E+002 -0.167451030290137E+002 -0.282105969245137E+001
  0.339865272360274E-001  0.264002781953801E+001 -0.192462959970865E+002  0.669796807031811E+002 -0.407486191418536E+000  0.199814465399400E+001  0.864661492359712E+002 -0.167451030290137E+002 -0.281474524003920E+001
  0.339865272360274E-001  0.259944622469234E+001 -0.192432834230939E+002  0.672623075342540E+002 -0.581011120789361E+000  0.398738418532367E+001  0.690035761397707E+002 -0.167451030290137E+002 -0.279445444261637E+001
  0.339865272360274E-001  0.259129656455100E+001 -0.192022114404689E+002  0.690001519344214E+002 -0.603280412187655E+000  0.449401619795136E+001  0.843790626922811E+002 -0.167451030290137E+002 -0.279037961254570E+001
  0.339865272360274E-001  0.258576417340734E+001 -0.193163321954376E+002  0.654631454743640E+002 -0.613602431295787E+000  0.233222406324124E+001  0.990468090067378E+001 -0.167451030290137E+002 -0.278761341697387E+001
  0.339865272360274E-001  0.257272681509801E+001 -0.192281862085594E+002  0.678738389562260E+002 -0.409926140024188E+000  0.354417101544291E+000  0.268386484446858E+002 -0.167451030290137E+002 -0.278109473781920E+001
  0.339865272360274E-001  0.256512399016065E+001 -0.192198276755138E+002  0.679243228122251E+002 -0.423325623929342E+000  0.137400526043006E+001  0.600297516534491E+002 -0.167451030290137E+002 -0.277729332535052E+001
  0.339865272360274E-001  0.256296208218926E+001 -0.191916607349090E+002  0.692140194461168E+002 -0.630933817451595E+000  0.492097737653585E+001  0.963828075161382E+002 -0.167451030290137E+002 -0.277621237136482E+001
  0.339865272360274E-001  0.256255353392152E+001 -0.192363876655762E+002  0.674473439925121E+002 -0.374341765398863E+000 -0.299303606240018E+000 -0.410337004844628E+002 -0.167451030290137E+002 -0.277600809723096E+001
  0.339865272360274E-001  0.255896028298132E+001 -0.192255231701175E+002  0.677082095512255E+002 -0.358702132210231E+000 -0.115364167319468E+001 -0.587217512425450E+002 -0.167451030290137E+002 -0.277421147176086E+001
  0.339865272360274E-001  0.254928985472481E+001 -0.192780724604129E+002  0.669518696794576E+002 -0.841802797364128E+000  0.575912392231578E+001  0.529241809063834E+002 -0.167451030290137E+002 -0.276937625763260E+001
  0.339865272360274E-001  0.254678237099089E+001 -0.192496756262711E+002  0.672729759252580E+002 -0.661624467785661E+000  0.566603268997217E+001  0.845109995005102E+002 -0.167451030290137E+002 -0.276812251576564E+001
  0.339865272360274E-001  0.252607642941311E+001 -0.192738126664495E+002  0.664094464232439E+002 -0.649861470183049E+000  0.539577121733715E+001  0.936375487668642E+002 -0.167451030290137E+002 -0.275776954497675E+001
  0.339865272360274E-001  0.252314826902093E+001 -0.193025452835557E+002  0.657917628000642E+002 -0.646936815983632E+000  0.408488589313985E+001  0.550653235345725E+002 -0.167451030290137E+002 -0.275630546478066E+001
  0.339865272360274E-001  0.249255924217011E+001 -0.192215147552577E+002  0.685979748219325E+002 -0.833514679789713E+000  0.620831649701372E+001  0.665110863911070E+002 -0.167451030290137E+002 -0.274101095135525E+001
  0.339865272360274E-001  0.247470035329649E+001 -0.192714020945330E+002  0.665484368330509E+002 -0.608932316248581E+000  0.268664815993209E+001  0.125278236486560E+002 -0.167451030290137E+002 -0.273208150691844E+001
  0.339865272360274E-001  0.242777661264708E+001 -0.192745996723755E+002  0.668813101291420E+002 -0.713239293599834E+000  0.534830800338113E+001  0.640774564544736E+002 -0.167451030290137E+002 -0.270861963659374E+001
  0.339865272360274E-001  0.242326142655929E+001 -0.192894957205740E+002  0.658833552098895E+002 -0.581086521596405E+000  0.461327337434145E+001  0.872235215137709E+002 -0.167451030290137E+002 -0.270636204354984E+001
  0.339865272360274E-001  0.242186671546939E+001 -0.193034020184085E+002  0.658773518310651E+002 -0.693003621730851E+000  0.469554059201414E+001  0.502338514966487E+002 -0.167451030290137E+002 -0.270566468800489E+001
  0.339865272360274E-001  0.241819990831736E+001 -0.192544116014292E+002  0.673448830210131E+002 -0.645337762134111E+000  0.389441483409638E+001  0.580299074100152E+002 -0.167451030290137E+002 -0.270383128442888E+001
  0.339865272360274E-001  0.240143480086759E+001 -0.192772934601213E+002  0.664779600969558E+002 -0.648448721606818E+000  0.540984989849890E+001  0.834972758276469E+002 -0.167451030290137E+002 -0.269544873070399E+001
  0.339865272360274E-001  0.236578102547752E+001 -0.192727716750735E+002  0.662494180311273E+002 -0.509650706844543E+000  0.258163945434963E+001  0.299936959110320E+002 -0.167451030290137E+002 -0.267762184300896E+001
  0.339865272360274E-001  0.236354449758675E+001 -0.192547163758869E+002  0.671126972445087E+002 -0.423848182044656E+000  0.744297969878833E+000  0.796544794310237E+002 -0.167451030290137E+002 -0.267650357906357E+001
  0.339865272360274E-001  0.531718204251230E+001 -0.192431780606253E+002  0.670862529622361E+002 -0.387548680452994E+000 -0.152351759309619E+000 -0.715921886863517E+002 -0.167451030290137E+002 -0.265859102125615E+001
  0.339865272360274E-001  0.500340217290573E+001 -0.192276770956961E+002  0.678043199132274E+002 -0.403279498779622E+000  0.554622304490383E+000 -0.964413014906502E+002 -0.167451030290137E+002 -0.250170108645286E+001
  0.339865272360274E-001  0.493523478587470E+001 -0.192531141443596E+002  0.668188619681149E+002 -0.379359825110320E+000 -0.666218469972097E-001 -0.508617475156807E+002 -0.167451030290137E+002 -0.246761739293735E+001
  0.339865272360274E-001  0.492115421917732E+001 -0.192453076226535E+002  0.670719613203258E+002 -0.343775812480184E+000 -0.174458184494714E+001 -0.996189556040098E+002 -0.167451030290137E+002 -0.246057710958866E+001
  0.339865272360274E-001  0.485583091247302E+001 -0.192424178527266E+002  0.672583410584332E+002 -0.377452665531387E+000 -0.625926890286497E+000 -0.334497670924724E+002 -0.167451030290137E+002 -0.242791545623651E+001
  0.339865272360274E-001  0.477133307523067E+001 -0.192664901319661E+002  0.665377144599958E+002 -0.398633559587063E+000  0.515367361476603E+000 -0.707085543076136E+002 -0.167451030290137E+002 -0.238566653761533E+001
  0.339865272360274E-001  0.458419953404039E+001 -0.192524998268616E+002  0.668898994092221E+002 -0.380241342853098E+000 -0.357961917479576E+000 -0.413377394719324E+002 -0.167451030290137E+002 -0.229209976702020E+001
