  0.801936990390997E+000  0.148078370515073E+004 -0.191714931010503E+002  0.762733171927631E+002  0.319099500395923E+000 -0.706475902779180E+001 -0.740502583307933E+003
  0.801936990390997E+000  0.147558839343938E+004 -0.192227001948923E+002  0.747404728543030E+002  0.307748954491048E+000 -0.706475902779180E+001 -0.737904927452255E+003
  0.801936990390997E+000  0.148177154843132E+004 -0.193456522302547E+002  0.705710714970890E+002  0.297684415026611E+000 -0.706475902779180E+001 -0.740996504948226E+003
  0.801936990390997E+000  0.148215123953115E+004 -0.192168849807904E+002  0.738745792446283E+002  0.357171462752660E+000 -0.706475902779180E+001 -0.741186350498142E+003
  0.801936990390997E+000  0.147559555778998E+004 -0.191988539652315E+002  0.751254808426113E+002  0.331850300881448E+000 -0.706475902779180E+001 -0.737908509627554E+003
  0.801936990390997E+000  0.148274565568369E+004 -0.191600491370373E+002  0.765170785186215E+002  0.318096030467085E+000 -0.706475902779180E+001 -0.741483558574413E+003
  0.801936990390997E+000  0.148416317403354E+004 -0.193661143390060E+002  0.695373423938181E+002  0.323635188897655E+000 -0.706475902779180E+001 -0.742192317749335E+003
  0.801936990390997E+000  0.148012461770450E+004 -0.192443675902218E+002  0.730718452129702E+002  0.336034385130944E+000 -0.706475902779180E+001 -0.740173039584816E+003
  0.801936990390997E+000  0.147987744365436E+004 -0.191903430455969E+002  0.756361494501323E+002  0.327822934740370E+000 -0.706475902779180E+001 -0.740049452559743E+003
  0.801936990390997E+000  0.147580236232290E+004 -0.192406849071347E+002  0.738076827866614E+002  0.338721383210654E+000 -0.706475902779180E+001 -0.738011911894017E+003
  0.801936990390997E+000  0.147580360004857E+004 -0.192453973767048E+002  0.731620525083432E+002  0.360048023708499E+000 -0.706475902779180E+001 -0.738012530756848E+003
  0.801936990390997E+000  0.147580424175419E+004 -0.191948593936271E+002  0.754455565840416E+002  0.308040552813359E+000 -0.706475902779180E+001 -0.738012851609663E+003
  0.801936990390997E+000  0.147899985705294E+004 -0.192282018105675E+002  0.737770246069337E+002  0.324068282830290E+000 -0.706475902779180E+001 -0.739610659259035E+003
  0.801936990390997E+000  0.147893851895911E+004 -0.193142079167596E+002  0.709325874800357E+002  0.360321481401018E+000 -0.706475902779180E+001 -0.739579990212119E+003
  0.801936990390997E+000  0.147880148950913E+004 -0.192664102164145E+002  0.730533332099281E+002  0.284233555288269E+000 -0.706475902779180E+001 -0.739511475487133E+003
  0.801936990390997E+000  0.147865633563240E+004 -0.192870190825848E+002  0.717962101794312E+002  0.325054746490197E+000 -0.706475902779180E+001 -0.739438898548763E+003
  0.801936990390997E+000  0.147592990323241E+004 -0.192174303734225E+002  0.748940152992718E+002  0.310282506715452E+000 -0.706475902779180E+001 -0.738075682348769E+003
  0.801936990390997E+000  0.147594890286845E+004 -0.192330491135841E+002  0.736219462552635E+002  0.330227777859410E+000 -0.706475902779180E+001 -0.738085182166790E+003
  0.801936990390997E+000  0.147818443748122E+004 -0.192768239026567E+002  0.720433096887292E+002  0.368595026182197E+000 -0.706475902779180E+001 -0.739202949473173E+003
  0.801936990390997E+000  0.147596350083291E+004 -0.191960204788925E+002  0.751617616485456E+002  0.320328206918785E+000 -0.706475902779180E+001 -0.738092481149018E+003
  0.801936990390997E+000  0.147803411333042E+004 -0.192770902916791E+002  0.728806845649744E+002  0.279351130774837E+000 -0.706475902779180E+001 -0.739127787397778E+003
  0.801936990390997E+000  0.147598514460930E+004 -0.192470019613779E+002  0.732660682062515E+002  0.357047248917069E+000 -0.706475902779180E+001 -0.738103303037216E+003
  0.801936990390997E+000  0.147793990117054E+004 -0.192130463453767E+002  0.746428957746720E+002  0.302029778544853E+000 -0.706475902779180E+001 -0.739080681317834E+003
  0.801936990390997E+000  0.147790431389939E+004 -0.191904803754602E+002  0.755693753927568E+002  0.302179567168374E+000 -0.706475902779180E+001 -0.739062887682261E+003
  0.801936990390997E+000  0.147783752703293E+004 -0.193103563442166E+002  0.715805248432079E+002  0.292774688444303E+000 -0.706475902779180E+001 -0.739029494249028E+003
  0.801936990390997E+000  0.147760827448735E+004 -0.192677284770434E+002  0.729745465673461E+002  0.337627740100042E+000 -0.706475902779180E+001 -0.738914867976241E+003
  0.801936990390997E+000  0.147599067514097E+004 -0.192803791128579E+002  0.720500034874186E+002  0.327173428488437E+000 -0.706475902779180E+001 -0.738106068303050E+003
  0.801936990390997E+000  0.147604673852057E+004 -0.193143440208773E+002  0.714696402979886E+002  0.298486391355731E+000 -0.706475902779180E+001 -0.738134099992848E+003
  0.801936990390997E+000  0.147739543043599E+004 -0.192535541287982E+002  0.739070173392227E+002  0.284547823679489E+000 -0.706475902779180E+001 -0.738808445950559E+003
  0.801936990390997E+000  0.147733511188460E+004 -0.191876014782108E+002  0.755088825698638E+002  0.330965246530491E+000 -0.706475902779180E+001 -0.738778286674865E+003
  0.801936990390997E+000  0.147728690091007E+004 -0.192062976402596E+002  0.750659661367680E+002  0.294995885483001E+000 -0.706475902779180E+001 -0.738754181187603E+003
  0.801936990390997E+000  0.147705933902845E+004 -0.192640246546985E+002  0.729578886495681E+002  0.346226833364716E+000 -0.706475902779180E+001 -0.738640400246792E+003
  0.801936990390997E+000  0.147604676619701E+004 -0.192549456412222E+002  0.729647952957699E+002  0.359012876505465E+000 -0.706475902779180E+001 -0.738134113831071E+003
  0.801936990390997E+000  0.147607034039128E+004 -0.192214353250512E+002  0.746272691404460E+002  0.290560449333557E+000 -0.706475902779180E+001 -0.738145900928206E+003
  0.801936990390997E+000  0.147608130057467E+004 -0.192507064012604E+002  0.739459552746043E+002  0.287363811066030E+000 -0.706475902779180E+001 -0.738151381019903E+003
  0.801936990390997E+000  0.147686924190993E+004 -0.193040316794501E+002  0.720326412496777E+002  0.288818524744515E+000 -0.706475902779180E+001 -0.738545351687533E+003
  0.801936990390997E+000  0.147611026421634E+004 -0.192330862933320E+002  0.741968531212794E+002  0.329084724559270E+000 -0.706475902779180E+001 -0.738165862840736E+003
  0.801936990390997E+000  0.147615540923417E+004 -0.192359475636143E+002  0.733921072825113E+002  0.353653710881248E+000 -0.706475902779180E+001 -0.738188435349650E+003
  0.801936990390997E+000  0.147623072340174E+004 -0.192399129103040E+002  0.736227339259993E+002  0.308030726142089E+000 -0.706475902779180E+001 -0.738226092433435E+003
  0.801936990390997E+000  0.147624874072214E+004 -0.193054417853081E+002  0.711698010925004E+002  0.353035486916908E+000 -0.706475902779180E+001 -0.738235101093633E+003
  0.801936990390997E+000  0.147662133402017E+004 -0.192450119519687E+002  0.739329721646724E+002  0.282487382402621E+000 -0.706475902779180E+001 -0.738421397742650E+003
  0.801936990390997E+000  0.147655054538040E+004 -0.193096536240670E+002  0.712143110759478E+002  0.320408520137727E+000 -0.706475902779180E+001 -0.738386003422768E+003
  0.801936990390997E+000  0.147637321521214E+004 -0.192198694712370E+002  0.746715631252355E+002  0.290521361308155E+000 -0.706475902779180E+001 -0.738297338338637E+003
  0.801936990390997E+000  0.147654234122352E+004 -0.193143299413378E+002  0.712532287327029E+002  0.339790888472427E+000 -0.706475902779180E+001 -0.738381901344325E+003
  0.801936990390997E+000  0.147540558090607E+004 -0.192360339900137E+002  0.735800415480250E+002  0.325021675682503E+000 -0.706475902779180E+001 -0.737813521185601E+003
  0.801936990390997E+000  0.147538358321776E+004 -0.191966085967755E+002  0.751826772645429E+002  0.320393105634623E+000 -0.706475902779180E+001 -0.737802522341445E+003
  0.801936990390997E+000  0.147528679435844E+004 -0.192823084646302E+002  0.726967867256393E+002  0.313176227453069E+000 -0.706475902779180E+001 -0.737754127911784E+003
  0.801936990390997E+000  0.147519238971945E+004 -0.192718726640423E+002  0.725644957397681E+002  0.308462122559374E+000 -0.706475902779180E+001 -0.737706925592289E+003
  0.801936990390997E+000  0.147511610972740E+004 -0.192171766818278E+002  0.742356713858866E+002  0.347586015893568E+000 -0.706475902779180E+001 -0.737668785596265E+003
  0.801936990390997E+000  0.147509533056884E+004 -0.193233212672711E+002  0.708893757072396E+002  0.328132523495155E+000 -0.706475902779180E+001 -0.737658396016987E+003
  0.801936990390997E+000  0.147506894280318E+004 -0.192863254312947E+002  0.725858313585911E+002  0.288705930011922E+000 -0.706475902779180E+001 -0.737645202134157E+003
  0.801936990390997E+000  0.147506525883998E+004 -0.192716149421765E+002  0.723187069960218E+002  0.358434911889359E+000 -0.706475902779180E+001 -0.737643360152556E+003
  0.801936990390997E+000  0.147505920804612E+004 -0.192387599565455E+002  0.737682229600366E+002  0.303401713608514E+000 -0.706475902779180E+001 -0.737640334755624E+003
  0.801936990390997E+000  0.147504466353227E+004 -0.192906831925301E+002  0.724429177261877E+002  0.290377585369360E+000 -0.706475902779180E+001 -0.737633062498700E+003
  0.801936990390997E+000  0.147503652528728E+004 -0.192191046330948E+002  0.747977834948575E+002  0.311630868056898E+000 -0.706475902779180E+001 -0.737628993376204E+003
  0.801936990390997E+000  0.147501425397078E+004 -0.193014904575914E+002  0.720685879955562E+002  0.299921846570115E+000 -0.706475902779180E+001 -0.737617857717953E+003
  0.801936990390997E+000  0.147498855537885E+004 -0.192642084222633E+002  0.733547011996073E+002  0.285439974520023E+000 -0.706475902779180E+001 -0.737605008421992E+003
  0.801936990390997E+000  0.147498037411198E+004 -0.192737792527334E+002  0.728201247296010E+002  0.291132581353061E+000 -0.706475902779180E+001 -0.737600917788557E+003
  0.801936990390997E+000  0.147495873733707E+004 -0.192332830505761E+002  0.740226844445742E+002  0.300235846266575E+000 -0.706475902779180E+001 -0.737590099401102E+003
  0.801936990390997E+000  0.147487423378994E+004 -0.192272046309844E+002  0.743942889936729E+002  0.325214032642705E+000 -0.706475902779180E+001 -0.737547847627537E+003
  0.801936990390997E+000  0.147485832115162E+004 -0.193098448771520E+002  0.712915806579876E+002  0.341914925794772E+000 -0.706475902779180E+001 -0.737539891308377E+003
  0.801936990390997E+000  0.147477340372761E+004 -0.192984887279186E+002  0.721467055593170E+002  0.306637188356307E+000 -0.706475902779180E+001 -0.737497432596372E+003
  0.801936990390997E+000  0.147474013619302E+004 -0.193187733370822E+002  0.712764848592733E+002  0.314421771180959E+000 -0.706475902779180E+001 -0.737480798829078E+003
  0.801936990390997E+000  0.147473914438969E+004 -0.192638917404662E+002  0.727011960252988E+002  0.354725944349722E+000 -0.706475902779180E+001 -0.737480302927410E+003
  0.801936990390997E+000  0.147473887624071E+004 -0.192311135028901E+002  0.738885593846225E+002  0.348156840920847E+000 -0.706475902779180E+001 -0.737480168852921E+003
  0.801936990390997E+000  0.147468900440988E+004 -0.192160200027136E+002  0.743045725691817E+002  0.330066226277981E+000 -0.706475902779180E+001 -0.737455232937505E+003
  0.801936990390997E+000  0.147462654471228E+004 -0.192952147854954E+002  0.715437104211196E+002  0.350386293484090E+000 -0.706475902779180E+001 -0.737424003088706E+003
  0.801936990390997E+000  0.147462160561302E+004 -0.192854723882372E+002  0.720562080784324E+002  0.315562025207803E+000 -0.706475902779180E+001 -0.737421533539076E+003
  0.801936990390997E+000  0.147461540453636E+004 -0.192746782094516E+002  0.722614084441140E+002  0.356052095093626E+000 -0.706475902779180E+001 -0.737418433000743E+003
  0.801936990390997E+000  0.147459799184140E+004 -0.192797594442699E+002  0.719778914654785E+002  0.350134566216995E+000 -0.706475902779180E+001 -0.737409726653264E+003
  0.801936990390997E+000  0.147445211026233E+004 -0.192769817516328E+002  0.722536910116503E+002  0.322095970551597E+000 -0.706475902779180E+001 -0.737336785863732E+003
  0.801936990390997E+000  0.147439743451065E+004 -0.192604157763414E+002  0.735321936373608E+002  0.290334640792903E+000 -0.706475902779180E+001 -0.737309447987892E+003
  0.801936990390997E+000  0.147437915656104E+004 -0.192928850439103E+002  0.723607197367305E+002  0.296173559168407E+000 -0.706475902779180E+001 -0.737300309013086E+003
  0.801936990390997E+000  0.147437834843081E+004 -0.192072502492922E+002  0.749863536975929E+002  0.322809361488588E+000 -0.706475902779180E+001 -0.737299904947970E+003
  0.801936990390997E+000  0.147431544295816E+004 -0.192543265765141E+002  0.736678794384710E+002  0.287710624533057E+000 -0.706475902779180E+001 -0.737268452211648E+003
  0.801936990390997E+000  0.147426897340284E+004 -0.192326293013291E+002  0.738314889989127E+002  0.316588490828339E+000 -0.706475902779180E+001 -0.737245217433986E+003
  0.801936990390997E+000  0.147425504968729E+004 -0.192697615828180E+002  0.724253907115418E+002  0.355195652122373E+000 -0.706475902779180E+001 -0.737238255576208E+003
  0.801936990390997E+000  0.147423498804963E+004 -0.192476149167914E+002  0.736263848775213E+002  0.332233205517908E+000 -0.706475902779180E+001 -0.737228224757379E+003
  0.801936990390997E+000  0.147423487530557E+004 -0.192392161328195E+002  0.739233406719767E+002  0.295906805619676E+000 -0.706475902779180E+001 -0.737228168385350E+003
  0.801936990390997E+000  0.147415251326207E+004 -0.192880437424716E+002  0.718376637459558E+002  0.330344857149758E+000 -0.706475902779180E+001 -0.737186987363601E+003
  0.801936990390997E+000  0.147413129281498E+004 -0.192704945934866E+002  0.727029873346115E+002  0.342393555840656E+000 -0.706475902779180E+001 -0.737176377140056E+003
  0.801936990390997E+000  0.147412416851723E+004 -0.192375190812935E+002  0.742684660476012E+002  0.299310226639839E+000 -0.706475902779180E+001 -0.737172814991179E+003
  0.801936990390997E+000  0.147412160520634E+004 -0.192374828325943E+002  0.738594984643962E+002  0.302785151982305E+000 -0.706475902779180E+001 -0.737171533335733E+003
  0.801936990390997E+000  0.147411526410301E+004 -0.192343013262432E+002  0.743736670292306E+002  0.296462564281501E+000 -0.706475902779180E+001 -0.737168362784069E+003
  0.801936990390997E+000  0.147409938352702E+004 -0.192056873439567E+002  0.750575568566989E+002  0.309087833871481E+000 -0.706475902779180E+001 -0.737160422496077E+003
  0.801936990390997E+000  0.147407034729562E+004 -0.192219788036827E+002  0.741349626184786E+002  0.325946495963970E+000 -0.706475902779180E+001 -0.737145904380374E+003
  0.801936990390997E+000  0.147406466821536E+004 -0.192838416972067E+002  0.722402475860136E+002  0.341995517947266E+000 -0.706475902779180E+001 -0.737143064840244E+003
  0.801936990390997E+000  0.147404954987523E+004 -0.192082053562553E+002  0.748497044399164E+002  0.312780509014567E+000 -0.706475902779180E+001 -0.737135505670182E+003
  0.801936990390997E+000  0.147392593706722E+004 -0.193143183344826E+002  0.713824344296789E+002  0.313046534634820E+000 -0.706475902779180E+001 -0.737073699266176E+003
  0.801936990390997E+000  0.147387265313042E+004 -0.192193379829827E+002  0.743089534136220E+002  0.319751136921508E+000 -0.706475902779180E+001 -0.737047057297776E+003
  0.801936990390997E+000  0.147379859622290E+004 -0.192864505263201E+002  0.725566187457380E+002  0.295008095737921E+000 -0.706475902779180E+001 -0.737010028844017E+003
  0.801936990390997E+000  0.147377884059577E+004 -0.192287350773059E+002  0.745085101257799E+002  0.303140357781361E+000 -0.706475902779180E+001 -0.737000151030451E+003
  0.801936990390997E+000  0.147374301287200E+004 -0.192689721090689E+002  0.727878286393003E+002  0.339475328117287E+000 -0.706475902779180E+001 -0.736982237168565E+003
  0.801936990390997E+000  0.147373595514918E+004 -0.193007496928072E+002  0.718969408977623E+002  0.321132759631103E+000 -0.706475902779180E+001 -0.736978708307155E+003
  0.801936990390997E+000  0.147371159255642E+004 -0.192975853195051E+002  0.715667742818803E+002  0.345553125890611E+000 -0.706475902779180E+001 -0.736966527010776E+003
  0.801936990390997E+000  0.147367437379268E+004 -0.192785966134018E+002  0.725314777932434E+002  0.300612873447523E+000 -0.706475902779180E+001 -0.736947917628906E+003
  0.801936990390997E+000  0.147367259848944E+004 -0.192448619271994E+002  0.735616139939395E+002  0.340768380040118E+000 -0.706475902779180E+001 -0.736947029977285E+003
  0.801936990390997E+000  0.147365311619861E+004 -0.192559084786126E+002  0.736073526642263E+002  0.306514274399281E+000 -0.706475902779180E+001 -0.736937288831871E+003
  0.801936990390997E+000  0.147362621089436E+004 -0.192710079977839E+002  0.730507296404322E+002  0.311716235685539E+000 -0.706475902779180E+001 -0.736923836179747E+003
  0.801936990390997E+000  0.147361621420886E+004 -0.192451367746174E+002  0.735015823272400E+002  0.309486225300407E+000 -0.706475902779180E+001 -0.736918837836997E+003
  0.801936990390997E+000  0.147360129611518E+004 -0.192870858925471E+002  0.720266547299401E+002  0.345519893734376E+000 -0.706475902779180E+001 -0.736911378790158E+003
  0.801936990390997E+000  0.147357734471640E+004 -0.192141077483802E+002  0.745559451527801E+002  0.318009185582693E+000 -0.706475902779180E+001 -0.736899403090764E+003
  0.801936990390997E+000  0.147355888599133E+004 -0.192500239824443E+002  0.737781609204530E+002  0.290912040719678E+000 -0.706475902779180E+001 -0.736890173728232E+003
  0.801936990390997E+000  0.147351765241325E+004 -0.192314047474270E+002  0.740719262100500E+002  0.305035572745620E+000 -0.706475902779180E+001 -0.736869556939191E+003
  0.801936990390997E+000  0.147348232314879E+004 -0.192974035846284E+002  0.717280186769951E+002  0.316646801554580E+000 -0.706475902779180E+001 -0.736851892306961E+003
  0.801936990390997E+000  0.147346786867144E+004 -0.192658431857613E+002  0.726685176479343E+002  0.320063371284227E+000 -0.706475902779180E+001 -0.736844665068287E+003
  0.801936990390997E+000  0.147344432168002E+004 -0.193001139906517E+002  0.718270135331263E+002  0.327909344579765E+000 -0.706475902779180E+001 -0.736832891572576E+003
  0.801936990390997E+000  0.147337517164173E+004 -0.192570200197417E+002  0.729155635293242E+002  0.324845910860894E+000 -0.706475902779180E+001 -0.736798316553428E+003
  0.801936990390997E+000  0.147335980035389E+004 -0.192679366387769E+002  0.724596695180043E+002  0.351251363695289E+000 -0.706475902779180E+001 -0.736790630909508E+003
  0.801936990390997E+000  0.147335063267588E+004 -0.192309981374258E+002  0.739941930051850E+002  0.311471667717593E+000 -0.706475902779180E+001 -0.736786047070504E+003
  0.801936990390997E+000  0.147332172938697E+004 -0.192916625561817E+002  0.720088598853309E+002  0.309076358174831E+000 -0.706475902779180E+001 -0.736771595426050E+003
  0.801936990390997E+000  0.147331358027344E+004 -0.192377007999661E+002  0.742036926503295E+002  0.295293356920095E+000 -0.706475902779180E+001 -0.736767520869284E+003
  0.801936990390997E+000  0.147331093916468E+004 -0.192634656555864E+002  0.732106206331569E+002  0.293205616811185E+000 -0.706475902779180E+001 -0.736766200314904E+003
  0.801936990390997E+000  0.147325228146283E+004 -0.193014853191815E+002  0.718908876100346E+002  0.316113699763737E+000 -0.706475902779180E+001 -0.736736871463982E+003
  0.801936990390997E+000  0.147324493742571E+004 -0.192722092905749E+002  0.727934802584293E+002  0.298637880649244E+000 -0.706475902779180E+001 -0.736733199445418E+003
  0.801936990390997E+000  0.147322230160112E+004 -0.192525575604798E+002  0.736056775740428E+002  0.317699014017228E+000 -0.706475902779180E+001 -0.736721881533127E+003
  0.801936990390997E+000  0.147318657999160E+004 -0.192277727547761E+002  0.739996066504926E+002  0.342043988163803E+000 -0.706475902779180E+001 -0.736704020728365E+003
  0.801936990390997E+000  0.147317807849183E+004 -0.192626728853450E+002  0.733871602549196E+002  0.301506788744081E+000 -0.706475902779180E+001 -0.736699769978482E+003
  0.801936990390997E+000  0.147315966885678E+004 -0.192306202973784E+002  0.738744154200129E+002  0.343673183190448E+000 -0.706475902779180E+001 -0.736690565160955E+003
  0.801936990390997E+000  0.147313605985335E+004 -0.192363963347699E+002  0.736225545384803E+002  0.327425636158660E+000 -0.706475902779180E+001 -0.736678760659242E+003
  0.801936990390997E+000  0.147313354552165E+004 -0.192355840896313E+002  0.737414486769869E+002  0.343996346285179E+000 -0.706475902779180E+001 -0.736677503493392E+003
  0.801936990390997E+000  0.147312747818770E+004 -0.192924892024993E+002  0.717311368339360E+002  0.344389234377656E+000 -0.706475902779180E+001 -0.736674469826415E+003
  0.801936990390997E+000  0.147309790397248E+004 -0.192739337359910E+002  0.729801276522909E+002  0.304129444347494E+000 -0.706475902779180E+001 -0.736659682718804E+003
  0.801936990390997E+000  0.147309225923666E+004 -0.192928368439501E+002  0.722799030279292E+002  0.303429619869156E+000 -0.706475902779180E+001 -0.736656860350894E+003
  0.801936990390997E+000  0.147305765014477E+004 -0.192796021495467E+002  0.722705132085021E+002  0.345246762714446E+000 -0.706475902779180E+001 -0.736639555804952E+003
  0.801936990390997E+000  0.147301616665019E+004 -0.192475991414259E+002  0.733508337463224E+002  0.345108578248704E+000 -0.706475902779180E+001 -0.736618814057659E+003
  0.801936990390997E+000  0.147298363633354E+004 -0.192471940634615E+002  0.731773455091262E+002  0.336255677130905E+000 -0.706475902779180E+001 -0.736602548899334E+003
  0.801936990390997E+000  0.147294885220300E+004 -0.192411905393298E+002  0.735495134874046E+002  0.318457003274237E+000 -0.706475902779180E+001 -0.736585156834064E+003
  0.801936990390997E+000  0.147287891775925E+004 -0.192274307108231E+002  0.743833630936302E+002  0.300453076366668E+000 -0.706475902779180E+001 -0.736550189612191E+003
  0.801936990390997E+000  0.147286688603045E+004 -0.192212327436402E+002  0.745205857598550E+002  0.322306928450540E+000 -0.706475902779180E+001 -0.736544173747792E+003
  0.801936990390997E+000  0.147286418916798E+004 -0.192208194177308E+002  0.744058506459416E+002  0.312184941555676E+000 -0.706475902779180E+001 -0.736542825316557E+003
  0.801936990390997E+000  0.147281829306745E+004 -0.192285866682471E+002  0.743676422489241E+002  0.316459563825121E+000 -0.706475902779180E+001 -0.736519877266289E+003
  0.801936990390997E+000  0.147281400758329E+004 -0.192255902679633E+002  0.741915824023342E+002  0.335193258133608E+000 -0.706475902779180E+001 -0.736517734524209E+003
  0.801936990390997E+000  0.147279945897693E+004 -0.192843454037663E+002  0.725641423780416E+002  0.298588798540697E+000 -0.706475902779180E+001 -0.736510460221032E+003
  0.801936990390997E+000  0.147279334907600E+004 -0.192633052776431E+002  0.729649546264327E+002  0.337928348438928E+000 -0.706475902779180E+001 -0.736507405270565E+003
  0.801936990390997E+000  0.147279171114101E+004 -0.192234994482181E+002  0.745606943218159E+002  0.302890009975004E+000 -0.706475902779180E+001 -0.736506586303073E+003
  0.801936990390997E+000  0.147277112654339E+004 -0.192872521251528E+002  0.718713437604449E+002  0.339768457322924E+000 -0.706475902779180E+001 -0.736496294004260E+003
  0.801936990390997E+000  0.147273789984612E+004 -0.192316016145087E+002  0.738963680452191E+002  0.319519685274939E+000 -0.706475902779180E+001 -0.736479680655627E+003
  0.801936990390997E+000  0.147272718726793E+004 -0.192922221107188E+002  0.720746108438933E+002  0.328879198844019E+000 -0.706475902779180E+001 -0.736474324366531E+003
  0.801936990390997E+000  0.147272206252440E+004 -0.192185168991385E+002  0.743637816907091E+002  0.324665942084918E+000 -0.706475902779180E+001 -0.736471761994766E+003
  0.801936990390997E+000  0.147271493223102E+004 -0.192208981517607E+002  0.743557711128831E+002  0.316169405881193E+000 -0.706475902779180E+001 -0.736468196848074E+003
  0.801936990390997E+000  0.147268099419551E+004 -0.192425732146002E+002  0.738453955726476E+002  0.298386950064586E+000 -0.706475902779180E+001 -0.736451227830321E+003
  0.801936990390997E+000  0.147266316654294E+004 -0.192478310310932E+002  0.737873011198688E+002  0.295109081543073E+000 -0.706475902779180E+001 -0.736442314004038E+003
  0.801936990390997E+000  0.147265042812401E+004 -0.192313542125460E+002  0.737810139157562E+002  0.338303962344824E+000 -0.706475902779180E+001 -0.736435944794572E+003
  0.801936990390997E+000  0.147263173633639E+004 -0.192343936351846E+002  0.736923273233619E+002  0.342552334629918E+000 -0.706475902779180E+001 -0.736426598900759E+003
  0.801936990390997E+000  0.147262787056662E+004 -0.192823756858170E+002  0.720260367674906E+002  0.338490515072414E+000 -0.706475902779180E+001 -0.736424666015876E+003
  0.801936990390997E+000  0.147261512887285E+004 -0.192245127446300E+002  0.745210837321415E+002  0.310879857954923E+000 -0.706475902779180E+001 -0.736418295168989E+003
  0.801936990390997E+000  0.147256657450633E+004 -0.192929996202436E+002  0.721710389164785E+002  0.317011793524733E+000 -0.706475902779180E+001 -0.736394017985732E+003
  0.801936990390997E+000  0.147255004844172E+004 -0.192450575747804E+002  0.732648514684331E+002  0.343214301943179E+000 -0.706475902779180E+001 -0.736385754953426E+003
  0.801936990390997E+000  0.147253145033114E+004 -0.192298645689570E+002  0.743649000420492E+002  0.310343707457608E+000 -0.706475902779180E+001 -0.736376455898135E+003
  0.801936990390997E+000  0.147253087192007E+004 -0.192339723147695E+002  0.741849926528173E+002  0.316848058177348E+000 -0.706475902779180E+001 -0.736376166692598E+003
  0.801936990390997E+000  0.147252690278118E+004 -0.192950862994508E+002  0.721240861353864E+002  0.305660232123969E+000 -0.706475902779180E+001 -0.736374182123155E+003
  0.801936990390997E+000  0.147251196426489E+004 -0.192188423013650E+002  0.744313939446603E+002  0.329428665258404E+000 -0.706475902779180E+001 -0.736366712865008E+003
  0.801936990390997E+000  0.147248014302279E+004 -0.192866185612582E+002  0.719150047523293E+002  0.340822870860998E+000 -0.706475902779180E+001 -0.736350802243958E+003
  0.801936990390997E+000  0.147246676369763E+004 -0.192906970959374E+002  0.722663005182382E+002  0.315384349109428E+000 -0.706475902779180E+001 -0.736344112581379E+003
  0.801936990390997E+000  0.147245646371605E+004 -0.192604167176907E+002  0.727267813335318E+002  0.342988615524375E+000 -0.706475902779180E+001 -0.736338962590592E+003
  0.801936990390997E+000  0.147244137984896E+004 -0.192412350706311E+002  0.738379962694367E+002  0.301481650780115E+000 -0.706475902779180E+001 -0.736331420657044E+003
  0.801936990390997E+000  0.147243710488298E+004 -0.192263397200117E+002  0.741786284689758E+002  0.333209720940347E+000 -0.706475902779180E+001 -0.736329283174054E+003
  0.801936990390997E+000  0.147242914008890E+004 -0.192695921732685E+002  0.724973193887339E+002  0.346869072646505E+000 -0.706475902779180E+001 -0.736325300777014E+003
  0.801936990390997E+000  0.147239932698090E+004 -0.192338753569946E+002  0.742180954677802E+002  0.299929848938128E+000 -0.706475902779180E+001 -0.736310394223014E+003
  0.801936990390997E+000  0.147233379766990E+004 -0.192999189732757E+002  0.716146181653813E+002  0.328519571199621E+000 -0.706475902779180E+001 -0.736277629567514E+003
  0.801936990390997E+000  0.147230459552823E+004 -0.192778534087748E+002  0.721878487559249E+002  0.337026214270324E+000 -0.706475902779180E+001 -0.736263028496680E+003
  0.801936990390997E+000  0.147227893493721E+004 -0.192275315393750E+002  0.744118341090858E+002  0.310850709055030E+000 -0.706475902779180E+001 -0.736250198201171E+003
  0.801936990390997E+000  0.147226856075609E+004 -0.192879277740441E+002  0.718979053189955E+002  0.339156388003272E+000 -0.706475902779180E+001 -0.736245011110611E+003
  0.801936990390997E+000  0.147223249175887E+004 -0.192810837484995E+002  0.721307169400347E+002  0.330467522035099E+000 -0.706475902779180E+001 -0.736226976611998E+003
  0.801936990390997E+000  0.147223138562849E+004 -0.192261214965496E+002  0.743620763869905E+002  0.320564068005062E+000 -0.706475902779180E+001 -0.736226423546813E+003
  0.801936990390997E+000  0.147221902127181E+004 -0.192302620785589E+002  0.740843846953739E+002  0.331640405074221E+000 -0.706475902779180E+001 -0.736220241368471E+003
  0.801936990390997E+000  0.147221866298230E+004 -0.192360095276947E+002  0.741865904889702E+002  0.303314915240492E+000 -0.706475902779180E+001 -0.736220062223717E+003
  0.801936990390997E+000  0.147221375657766E+004 -0.192494040699964E+002  0.735107661677120E+002  0.330673876620739E+000 -0.706475902779180E+001 -0.736217609021397E+003
  0.801936990390997E+000  0.147216724840907E+004 -0.192905924435707E+002  0.719978079286090E+002  0.335187292221752E+000 -0.706475902779180E+001 -0.736194354937101E+003
  0.801936990390997E+000  0.147214908061042E+004 -0.192932857701342E+002  0.717744015737180E+002  0.335743279157867E+000 -0.706475902779180E+001 -0.736185271037776E+003
  0.801936990390997E+000  0.147213177444628E+004 -0.192242227972524E+002  0.744702886791470E+002  0.313746535579536E+000 -0.706475902779180E+001 -0.736176617955703E+003
  0.801936990390997E+000  0.147208362106250E+004 -0.192710075321479E+002  0.729378565570216E+002  0.317462020098709E+000 -0.706475902779180E+001 -0.736152541263813E+003
  0.801936990390997E+000  0.147206637954679E+004 -0.192212436017124E+002  0.743110658769934E+002  0.327167886899687E+000 -0.706475902779180E+001 -0.736143920505962E+003
  0.801936990390997E+000  0.147203757968626E+004 -0.192431236415479E+002  0.734701775988634E+002  0.322983751073732E+000 -0.706475902779180E+001 -0.736129520575696E+003
  0.801936990390997E+000  0.147203272602610E+004 -0.192797580899086E+002  0.721652433010859E+002  0.342060541192777E+000 -0.706475902779180E+001 -0.736127093745615E+003
  0.801936990390997E+000  0.147202988917415E+004 -0.192463216347819E+002  0.733508658321736E+002  0.342643909982577E+000 -0.706475902779180E+001 -0.736125675319643E+003
  0.801936990390997E+000  0.147202319948902E+004 -0.192527958021134E+002  0.734382129245390E+002  0.302102193299156E+000 -0.706475902779180E+001 -0.736122330477074E+003
  0.801936990390997E+000  0.147200523544866E+004 -0.192626290941086E+002  0.732093000125986E+002  0.318763057191800E+000 -0.706475902779180E+001 -0.736113348456896E+003
  0.801936990390997E+000  0.147197463543632E+004 -0.192902457820571E+002  0.720010915656692E+002  0.317659623105495E+000 -0.706475902779180E+001 -0.736098048450725E+003
  0.801936990390997E+000  0.147197207952400E+004 -0.192227193366315E+002  0.743260169345958E+002  0.317596369429000E+000 -0.706475902779180E+001 -0.736096770494565E+003
  0.801936990390997E+000  0.147196892740616E+004 -0.192895399874785E+002  0.718832382162566E+002  0.334226823321776E+000 -0.706475902779180E+001 -0.736095194435644E+003
  0.801936990390997E+000  0.147195434321111E+004 -0.192824536224881E+002  0.725927116936355E+002  0.305134814734934E+000 -0.706475902779180E+001 -0.736087902338121E+003
  0.801936990390997E+000  0.147195429638268E+004 -0.192342986763903E+002  0.740384346195028E+002  0.306334613178671E+000 -0.706475902779180E+001 -0.736087878923904E+003
  0.801936990390997E+000  0.147191922109985E+004 -0.192249386793935E+002  0.742652562990251E+002  0.327592335013168E+000 -0.706475902779180E+001 -0.736070341282492E+003
  0.801936990390997E+000  0.147189303862915E+004 -0.192369841006087E+002  0.739359407357325E+002  0.327145207070189E+000 -0.706475902779180E+001 -0.736057250047140E+003
  0.801936990390997E+000  0.147188674555064E+004 -0.192452435742585E+002  0.733344101141219E+002  0.330894601905508E+000 -0.706475902779180E+001 -0.736054103507887E+003
  0.801936990390997E+000  0.147187177534651E+004 -0.192706412435799E+002  0.725539752309610E+002  0.342429160999998E+000 -0.706475902779180E+001 -0.736046618405822E+003
  0.801936990390997E+000  0.147186006120341E+004 -0.192511009829421E+002  0.736413173503690E+002  0.313031232624733E+000 -0.706475902779180E+001 -0.736040761334270E+003
  0.801936990390997E+000  0.147185272764241E+004 -0.192916275881643E+002  0.720115512834820E+002  0.314885783553894E+000 -0.706475902779180E+001 -0.736037094553772E+003
  0.801936990390997E+000  0.147183968322778E+004 -0.192752522734530E+002  0.727674735394215E+002  0.318483785375656E+000 -0.706475902779180E+001 -0.736030572346457E+003
  0.801936990390997E+000  0.147183434080995E+004 -0.192470986634502E+002  0.734013718304856E+002  0.339495110048743E+000 -0.706475902779180E+001 -0.736027901137542E+003
  0.801936990390997E+000  0.147182570926735E+004 -0.192979418053424E+002  0.718521722040183E+002  0.316771184268625E+000 -0.706475902779180E+001 -0.736023585366242E+003
  0.801936990390997E+000  0.147180933012823E+004 -0.192460350804156E+002  0.738494185924311E+002  0.303462185004248E+000 -0.706475902779180E+001 -0.736015395796680E+003
  0.801936990390997E+000  0.147179339952198E+004 -0.192284529259292E+002  0.743430920903623E+002  0.309703995714493E+000 -0.706475902779180E+001 -0.736007430493558E+003
  0.801936990390997E+000  0.147174635986923E+004 -0.192723949268107E+002  0.726061202326860E+002  0.337152861376350E+000 -0.706475902779180E+001 -0.735983910667179E+003
  0.801936990390997E+000  0.147174001958830E+004 -0.192257637215354E+002  0.743775016440625E+002  0.315506987587041E+000 -0.706475902779180E+001 -0.735980740526717E+003
  0.801936990390997E+000  0.147173176586648E+004 -0.192318769427370E+002  0.741051665334382E+002  0.325089041748723E+000 -0.706475902779180E+001 -0.735976613665807E+003
  0.801936990390997E+000  0.147172725586325E+004 -0.192337805491723E+002  0.737948185796396E+002  0.327543868339650E+000 -0.706475902779180E+001 -0.735974358664189E+003
  0.801936990390997E+000  0.147170313866471E+004 -0.192452675479317E+002  0.738383366650690E+002  0.301159279975315E+000 -0.706475902779180E+001 -0.735962300064920E+003
  0.801936990390997E+000  0.147169930924314E+004 -0.192633242029254E+002  0.727808426410161E+002  0.342520645183818E+000 -0.706475902779180E+001 -0.735960385354135E+003
  0.801936990390997E+000  0.147167176872344E+004 -0.192859867709939E+002  0.723014793816586E+002  0.324605507523298E+000 -0.706475902779180E+001 -0.735946615094284E+003
  0.801936990390997E+000  0.147167173660434E+004 -0.192384440828499E+002  0.735870126863208E+002  0.334420872236419E+000 -0.706475902779180E+001 -0.735946599034736E+003
  0.801936990390997E+000  0.147165960418205E+004 -0.192853274624375E+002  0.723235718451544E+002  0.308025694738001E+000 -0.706475902779180E+001 -0.735940532823591E+003
  0.801936990390997E+000  0.147165352895697E+004 -0.192352536782749E+002  0.741525271995659E+002  0.307315902262908E+000 -0.706475902779180E+001 -0.735937495211051E+003
  0.801936990390997E+000  0.147163996253074E+004 -0.192826867754820E+002  0.724585831699748E+002  0.321439960099489E+000 -0.706475902779180E+001 -0.735930711997934E+003
  0.801936990390997E+000  0.147163478390888E+004 -0.192407819603320E+002  0.736890791739430E+002  0.334116562731485E+000 -0.706475902779180E+001 -0.735928122687006E+003
  0.801936990390997E+000  0.147162528105478E+004 -0.192366671949274E+002  0.739955006495707E+002  0.322083871890148E+000 -0.706475902779180E+001 -0.735923371259955E+003
  0.801936990390997E+000  0.147162392003739E+004 -0.192478244051150E+002  0.735809092264138E+002  0.305090761313706E+000 -0.706475902779180E+001 -0.735922690751261E+003
  0.801936990390997E+000  0.147161912231000E+004 -0.192257418534830E+002  0.742885281192565E+002  0.322607810471084E+000 -0.706475902779180E+001 -0.735920291887567E+003
  0.801936990390997E+000  0.147159574968579E+004 -0.192403300539423E+002  0.737847684046857E+002  0.329211687958576E+000 -0.706475902779180E+001 -0.735908605575463E+003
  0.801936990390997E+000  0.147158063801900E+004 -0.192900217492340E+002  0.721736110284128E+002  0.310353311045323E+000 -0.706475902779180E+001 -0.735901049742066E+003
  0.801936990390997E+000  0.147156928160615E+004 -0.192530190583404E+002  0.735965430379690E+002  0.307870345676974E+000 -0.706475902779180E+001 -0.735895371535643E+003
  0.801936990390997E+000  0.147153878873461E+004 -0.192246020121833E+002  0.743205006415013E+002  0.320270626745854E+000 -0.706475902779180E+001 -0.735880125099868E+003
  0.801936990390997E+000  0.147150512508344E+004 -0.192708919897580E+002  0.729624767773094E+002  0.302204914857382E+000 -0.706475902779180E+001 -0.735863293274288E+003
  0.801936990390997E+000  0.147147518951394E+004 -0.192940903187196E+002  0.719892148970763E+002  0.321751661977023E+000 -0.706475902779180E+001 -0.735848325489534E+003
  0.801936990390997E+000  0.147146231434727E+004 -0.192261385524161E+002  0.742993948039233E+002  0.318820673803997E+000 -0.706475902779180E+001 -0.735841887906199E+003
  0.801936990390997E+000  0.147146226199617E+004 -0.192745481804644E+002  0.723533887074911E+002  0.335146256927863E+000 -0.706475902779180E+001 -0.735841861730649E+003
  0.801936990390997E+000  0.147143384406079E+004 -0.192544083784917E+002  0.734363190874261E+002  0.320762613758093E+000 -0.706475902779180E+001 -0.735827652762959E+003
  0.801936990390997E+000  0.147139982660344E+004 -0.192474315538788E+002  0.737595869573458E+002  0.309129579666221E+000 -0.706475902779180E+001 -0.735810644034288E+003
  0.801936990390997E+000  0.147137682237821E+004 -0.192626528666071E+002  0.728184760470898E+002  0.323916279076318E+000 -0.706475902779180E+001 -0.735799141921672E+003
  0.801936990390997E+000  0.147136314190383E+004 -0.192618183445139E+002  0.727680994557679E+002  0.338726833878525E+000 -0.706475902779180E+001 -0.735792301684481E+003
  0.801936990390997E+000  0.147133880919171E+004 -0.192775011107193E+002  0.726446365648674E+002  0.319982584629496E+000 -0.706475902779180E+001 -0.735780135328420E+003
  0.801936990390997E+000  0.147133115255163E+004 -0.192270167371168E+002  0.742499219594244E+002  0.317088321525020E+000 -0.706475902779180E+001 -0.735776307008380E+003
  0.801936990390997E+000  0.147130573861754E+004 -0.192591316090952E+002  0.728659312898385E+002  0.338682761467202E+000 -0.706475902779180E+001 -0.735763600041338E+003
  0.801936990390997E+000  0.147130100125223E+004 -0.192399240545363E+002  0.739719010240944E+002  0.306039613751060E+000 -0.706475902779180E+001 -0.735761231358681E+003
  0.801936990390997E+000  0.147129364407162E+004 -0.192866210620760E+002  0.722863577276690E+002  0.321384131357857E+000 -0.706475902779180E+001 -0.735757552768377E+003
  0.801936990390997E+000  0.147126704857208E+004 -0.192402821091936E+002  0.736926253181234E+002  0.316471580777977E+000 -0.706475902779180E+001 -0.735744255018604E+003
  0.801936990390997E+000  0.147123782792605E+004 -0.192380287581911E+002  0.737899005245668E+002  0.331006487321897E+000 -0.706475902779180E+001 -0.735729644695593E+003
  0.801936990390997E+000  0.147122493617375E+004 -0.192397257523555E+002  0.736646091241873E+002  0.320759299305713E+000 -0.706475902779180E+001 -0.735723198819442E+003
  0.801936990390997E+000  0.147121989551773E+004 -0.192326188363046E+002  0.741576772668684E+002  0.312368054484414E+000 -0.706475902779180E+001 -0.735720678491431E+003
  0.801936990390997E+000  0.147121834213864E+004 -0.192913617953843E+002  0.720871056175138E+002  0.320337611959800E+000 -0.706475902779180E+001 -0.735719901801887E+003
  0.801936990390997E+000  0.147121510734193E+004 -0.192845849021107E+002  0.723360649563020E+002  0.323353329698184E+000 -0.706475902779180E+001 -0.735718284403529E+003
  0.801936990390997E+000  0.147120745909687E+004 -0.192917244995929E+002  0.720709176535696E+002  0.318316784597316E+000 -0.706475902779180E+001 -0.735714460280998E+003
  0.801936990390997E+000  0.147120532987707E+004 -0.192758237950781E+002  0.725389937468537E+002  0.331813045788294E+000 -0.706475902779180E+001 -0.735713395671098E+003
  0.801936990390997E+000  0.147119131887099E+004 -0.192785175095670E+002  0.726549894235807E+002  0.306900881759035E+000 -0.706475902779180E+001 -0.735706390168058E+003
  0.801936990390997E+000  0.147118377674896E+004 -0.192342645716031E+002  0.740388724864892E+002  0.321461437035780E+000 -0.706475902779180E+001 -0.735702619107047E+003
  0.801936990390997E+000  0.147116657066039E+004 -0.192844883615514E+002  0.722601269742075E+002  0.328702675788080E+000 -0.706475902779180E+001 -0.735694016062762E+003
  0.801936990390997E+000  0.147116520167494E+004 -0.192396827820007E+002  0.735963244233685E+002  0.332664692511811E+000 -0.706475902779180E+001 -0.735693331570036E+003
  0.801936990390997E+000  0.147115336061716E+004 -0.192659449094657E+002  0.729215170178602E+002  0.309046455638379E+000 -0.706475902779180E+001 -0.735687411041144E+003
  0.801936990390997E+000  0.147115135732264E+004 -0.192405078404921E+002  0.738332403659461E+002  0.308382623720694E+000 -0.706475902779180E+001 -0.735686409393886E+003
  0.801936990390997E+000  0.147113467952837E+004 -0.192574606137088E+002  0.733813131794726E+002  0.314225284986760E+000 -0.706475902779180E+001 -0.735678070496750E+003
  0.801936990390997E+000  0.147112908001426E+004 -0.192540965869956E+002  0.732738952641690E+002  0.332059059561746E+000 -0.706475902779180E+001 -0.735675270739698E+003
  0.801936990390997E+000  0.147111324928116E+004 -0.192420785390416E+002  0.737451468339932E+002  0.325987837223414E+000 -0.706475902779180E+001 -0.735667355373145E+003
  0.801936990390997E+000  0.147107620840947E+004 -0.192369390603473E+002  0.739895177880150E+002  0.318139246282063E+000 -0.706475902779180E+001 -0.735648834937301E+003
  0.801936990390997E+000  0.147107053884772E+004 -0.192366582760041E+002  0.739152971405753E+002  0.312383317690073E+000 -0.706475902779180E+001 -0.735646000156424E+003
  0.801936990390997E+000  0.147104087868484E+004 -0.192665909445825E+002  0.729276065666115E+002  0.326952544162040E+000 -0.706475902779180E+001 -0.735631170074986E+003
  0.801936990390997E+000  0.147103578842671E+004 -0.192597345415536E+002  0.729354853701655E+002  0.338138818370339E+000 -0.706475902779180E+001 -0.735628624945923E+003
  0.801936990390997E+000  0.147100900806374E+004 -0.192410916640160E+002  0.736061263437751E+002  0.333394953130289E+000 -0.706475902779180E+001 -0.735615234764436E+003
  0.801936990390997E+000  0.147100670812229E+004 -0.192431129920254E+002  0.735134404909741E+002  0.324954302052246E+000 -0.706475902779180E+001 -0.735614084793712E+003
  0.801936990390997E+000  0.147098516553965E+004 -0.192652994022171E+002  0.730585028782893E+002  0.305085033883277E+000 -0.706475902779180E+001 -0.735603313502389E+003
  0.801936990390997E+000  0.147098395874851E+004 -0.192406453386421E+002  0.737656191487713E+002  0.312347799599413E+000 -0.706475902779180E+001 -0.735602710106819E+003
  0.801936990390997E+000  0.147098360589378E+004 -0.192770797157834E+002  0.725628940232290E+002  0.310807705729430E+000 -0.706475902779180E+001 -0.735602533679456E+003
  0.801936990390997E+000  0.147097686800312E+004 -0.192476083254616E+002  0.733774585173449E+002  0.335454471695883E+000 -0.706475902779180E+001 -0.735599164734128E+003
  0.801936990390997E+000  0.147096434392253E+004 -0.192430079738018E+002  0.736983858133100E+002  0.326439641486998E+000 -0.706475902779180E+001 -0.735592902693831E+003
  0.801936990390997E+000  0.147096249161383E+004 -0.192398021542463E+002  0.736495871820692E+002  0.324146559860089E+000 -0.706475902779180E+001 -0.735591976539483E+003
  0.801936990390997E+000  0.147095610463676E+004 -0.192610432733736E+002  0.729814889572543E+002  0.316420599547070E+000 -0.706475902779180E+001 -0.735588783050946E+003
  0.801936990390997E+000  0.147095595167733E+004 -0.192374965333805E+002  0.739984219938460E+002  0.311923579018341E+000 -0.706475902779180E+001 -0.735588706571229E+003
  0.801936990390997E+000  0.147095548651991E+004 -0.192589981848230E+002  0.729361128106033E+002  0.327225260786773E+000 -0.706475902779180E+001 -0.735588473992522E+003
  0.801936990390997E+000  0.147095244472820E+004 -0.192683257824762E+002  0.727233959826268E+002  0.317969507356504E+000 -0.706475902779180E+001 -0.735586953096667E+003
  0.801936990390997E+000  0.147094376396691E+004 -0.192840847260455E+002  0.723012379709267E+002  0.315015668860797E+000 -0.706475902779180E+001 -0.735582612716021E+003
  0.801936990390997E+000  0.147093166662428E+004 -0.192347974186753E+002  0.739017041252570E+002  0.319439484678348E+000 -0.706475902779180E+001 -0.735576564044704E+003
  0.801936990390997E+000  0.147087827448979E+004 -0.192440083143394E+002  0.735321257478932E+002  0.320637303329858E+000 -0.706475902779180E+001 -0.735549867977462E+003
  0.801936990390997E+000  0.147087820484779E+004 -0.192651301705937E+002  0.727725709707015E+002  0.336677484143375E+000 -0.706475902779180E+001 -0.735549833156463E+003
  0.801936990390997E+000  0.147086735891890E+004 -0.192579945325547E+002  0.729568744352660E+002  0.330160670827787E+000 -0.706475902779180E+001 -0.735544410192015E+003
  0.801936990390997E+000  0.147086243921499E+004 -0.192680304730784E+002  0.729583664197951E+002  0.319217013210669E+000 -0.706475902779180E+001 -0.735541950340063E+003
  0.801936990390997E+000  0.147085295195319E+004 -0.192391882829193E+002  0.737726066322859E+002  0.316322181227227E+000 -0.706475902779180E+001 -0.735537206709161E+003
  0.801936990390997E+000  0.147084016854528E+004 -0.192799998469424E+002  0.723778655465444E+002  0.329863936512760E+000 -0.706475902779180E+001 -0.735530815005204E+003
  0.801936990390997E+000  0.147083302892423E+004 -0.192566559784192E+002  0.730553747885742E+002  0.323612841683672E+000 -0.706475902779180E+001 -0.735527245194681E+003
  0.801936990390997E+000  0.147079418219453E+004 -0.192375664403343E+002  0.737987316979582E+002  0.319847195679493E+000 -0.706475902779180E+001 -0.735507821829829E+003
  0.801936990390997E+000  0.147079063949155E+004 -0.192353855767363E+002  0.739871076858069E+002  0.314979116922479E+000 -0.706475902779180E+001 -0.735506050478340E+003
  0.801936990390997E+000  0.147077008914230E+004 -0.192778296645977E+002  0.723571149896204E+002  0.332595575769056E+000 -0.706475902779180E+001 -0.735495775303715E+003
  0.801936990390997E+000  0.147076831627886E+004 -0.192768733914177E+002  0.725881519448796E+002  0.311283589073749E+000 -0.706475902779180E+001 -0.735494888871994E+003
  0.801936990390997E+000  0.147071985625054E+004 -0.192584215858442E+002  0.730670749082849E+002  0.317844097667528E+000 -0.706475902779180E+001 -0.735470658857834E+003
  0.801936990390997E+000  0.147070854826579E+004 -0.192538152119432E+002  0.732935436758717E+002  0.313147674853982E+000 -0.706475902779180E+001 -0.735465004865462E+003
  0.801936990390997E+000  0.147067896838113E+004 -0.192824263186799E+002  0.722644121171457E+002  0.327878765657720E+000 -0.706475902779180E+001 -0.735450214923131E+003
  0.801936990390997E+000  0.147067654754143E+004 -0.192621150096962E+002  0.731270022676117E+002  0.321311786850068E+000 -0.706475902779180E+001 -0.735449004503281E+003
  0.801936990390997E+000  0.147066721377290E+004 -0.192371015064726E+002  0.738406754000008E+002  0.319750336500035E+000 -0.706475902779180E+001 -0.735444337619017E+003
  0.801936990390997E+000  0.147065059758664E+004 -0.192750478682159E+002  0.727187395074620E+002  0.315754438552669E+000 -0.706475902779180E+001 -0.735436029525887E+003
  0.801936990390997E+000  0.147061633575441E+004 -0.192757534675741E+002  0.726389174102025E+002  0.321400320557088E+000 -0.706475902779180E+001 -0.735418898609771E+003
  0.801936990390997E+000  0.147060818234641E+004 -0.192674958552905E+002  0.728902877423689E+002  0.310856355287801E+000 -0.706475902779180E+001 -0.735414821905768E+003
  0.801936990390997E+000  0.147057678179878E+004 -0.192629760267296E+002  0.728190643664947E+002  0.333614842604274E+000 -0.706475902779180E+001 -0.735399121631957E+003
  0.801936990390997E+000  0.147057102453447E+004 -0.192799255946643E+002  0.723907900407488E+002  0.326941106750932E+000 -0.706475902779180E+001 -0.735396242999799E+003
  0.801936990390997E+000  0.147056457504524E+004 -0.192465649262703E+002  0.736880465098615E+002  0.310795163869252E+000 -0.706475902779180E+001 -0.735393018255184E+003
  0.801936990390997E+000  0.147054686652759E+004 -0.192777358021988E+002  0.724212389127180E+002  0.329395760819372E+000 -0.706475902779180E+001 -0.735384163996359E+003
  0.801936990390997E+000  0.147054523938506E+004 -0.192513641421636E+002  0.734151781589891E+002  0.325659667557995E+000 -0.706475902779180E+001 -0.735383350425097E+003
  0.801936990390997E+000  0.147054260257921E+004 -0.192773680368059E+002  0.723973999260895E+002  0.326572552606782E+000 -0.706475902779180E+001 -0.735382032022173E+003
  0.801936990390997E+000  0.147053379295513E+004 -0.192529273917795E+002  0.734567301440188E+002  0.308714572433836E+000 -0.706475902779180E+001 -0.735377627210132E+003
  0.801936990390997E+000  0.147052896258142E+004 -0.192464838799844E+002  0.734150499324180E+002  0.329492163914306E+000 -0.706475902779180E+001 -0.735375212023273E+003
  0.801936990390997E+000  0.147046094716216E+004 -0.192500279612181E+002  0.732966822941934E+002  0.331022147408926E+000 -0.706475902779180E+001 -0.735341204313645E+003
  0.801936990390997E+000  0.147043855900275E+004 -0.192784066844664E+002  0.723964115081292E+002  0.325518266982885E+000 -0.706475902779180E+001 -0.735330010233938E+003
  0.801936990390997E+000  0.147043697076617E+004 -0.192681234565589E+002  0.729594116626422E+002  0.311008913994859E+000 -0.706475902779180E+001 -0.735329216115652E+003
  0.801936990390997E+000  0.147043632231737E+004 -0.192428621499155E+002  0.736900151980497E+002  0.323154124681013E+000 -0.706475902779180E+001 -0.735328891891249E+003
  0.801936990390997E+000  0.147038944063255E+004 -0.192703992531704E+002  0.727997336810468E+002  0.312639111526602E+000 -0.706475902779180E+001 -0.735305451048843E+003
  0.801936990390997E+000  0.147038496150501E+004 -0.192732700386651E+002  0.727554174009801E+002  0.314409019464151E+000 -0.706475902779180E+001 -0.735303211485072E+003
  0.801936990390997E+000  0.147038466330998E+004 -0.192658805428845E+002  0.728231010781596E+002  0.330807973525092E+000 -0.706475902779180E+001 -0.735303062387553E+003
  0.801936990390997E+000  0.147037682275828E+004 -0.192592942719676E+002  0.729772377435857E+002  0.331920599050747E+000 -0.706475902779180E+001 -0.735299142111705E+003
  0.801936990390997E+000  0.147037414984317E+004 -0.192477145895280E+002  0.734805142947474E+002  0.327081484623797E+000 -0.706475902779180E+001 -0.735297805654150E+003
  0.801936990390997E+000  0.147055486352496E+004 -0.192642760819914E+002  0.728942201444985E+002  0.318665877126927E+000 -0.706475902779180E+001 -0.735277431762481E+003
  0.801936990390997E+000  0.147055428891208E+004 -0.192683507918880E+002  0.726952613142936E+002  0.325509381259161E+000 -0.706475902779180E+001 -0.735277144456039E+003
  0.801936990390997E+000  0.147054346616413E+004 -0.192684168111530E+002  0.727487284921892E+002  0.329518041341580E+000 -0.706475902779180E+001 -0.735271733082063E+003
  0.801936990390997E+000  0.147054252902241E+004 -0.192505957493081E+002  0.733018821282264E+002  0.329483116645234E+000 -0.706475902779180E+001 -0.735271264511207E+003
  0.801936990390997E+000  0.147051566563466E+004 -0.192680742529599E+002  0.727472841062737E+002  0.329761172009727E+000 -0.706475902779180E+001 -0.735257832817332E+003
  0.801936990390997E+000  0.147049513047607E+004 -0.192767269330004E+002  0.724978566943951E+002  0.323967858436363E+000 -0.706475902779180E+001 -0.735247565238036E+003
  0.801936990390997E+000  0.147037491480339E+004 -0.192612037863280E+002  0.729975226513176E+002  0.328288991189511E+000 -0.706475902779180E+001 -0.735187457401697E+003
  0.801936990390997E+000  0.147036303419920E+004 -0.192510048708661E+002  0.734306294376003E+002  0.321740762582399E+000 -0.706475902779180E+001 -0.735181517099599E+003
  0.801936990390997E+000  0.147035879680290E+004 -0.192737104959218E+002  0.726333286590991E+002  0.320446254450192E+000 -0.706475902779180E+001 -0.735179398401450E+003
  0.801936990390997E+000  0.147034651767239E+004 -0.192715070032430E+002  0.726949926848458E+002  0.323964274423197E+000 -0.706475902779180E+001 -0.735173258836196E+003
  0.801936990390997E+000  0.147034008673532E+004 -0.192713313633483E+002  0.727603814799846E+002  0.318491549236272E+000 -0.706475902779180E+001 -0.735170043367661E+003
  0.801936990390997E+000  0.147033306161202E+004 -0.192683182547425E+002  0.727650487276862E+002  0.326589710911454E+000 -0.706475902779180E+001 -0.735166530806011E+003
  0.801936990390997E+000  0.147031369021027E+004 -0.192670096007524E+002  0.727756210599523E+002  0.325617238929314E+000 -0.706475902779180E+001 -0.735156845105134E+003
  0.801936990390997E+000  0.147030984117105E+004 -0.192567685695612E+002  0.731779279387454E+002  0.325985865735066E+000 -0.706475902779180E+001 -0.735154920585526E+003
  0.801936990390997E+000  0.147029136502503E+004 -0.192663038667212E+002  0.729432858116032E+002  0.318779653800572E+000 -0.706475902779180E+001 -0.735145682512516E+003
  0.801936990390997E+000  0.147027013704372E+004 -0.192667731564542E+002  0.728079122499588E+002  0.326012831303003E+000 -0.706475902779180E+001 -0.735135068521862E+003
  0.801936990390997E+000  0.147023719279155E+004 -0.192673371262483E+002  0.728859447236630E+002  0.317599440932897E+000 -0.706475902779180E+001 -0.735118596395773E+003
  0.801936990390997E+000  0.147020349540604E+004 -0.192678222428483E+002  0.728119054063461E+002  0.321788306744988E+000 -0.706475902779180E+001 -0.735101747703022E+003
