  0.100000000000000E+001  0.148107241439189E+004 -0.192463291158249E+002  0.738848469972733E+002 -0.543041339379061E+000  0.619497962971068E+000 -0.107536384819057E+002 -0.740536207195945E+003
  0.100000000000000E+001  0.148618674565532E+004 -0.193513932233562E+002  0.701807799215399E+002 -0.484641272537677E+000  0.614190722362559E+000 -0.107536384819057E+002 -0.743093372827662E+003
  0.100000000000000E+001  0.147688810595532E+004 -0.193123945709460E+002  0.712081948628164E+002 -0.478636159387632E+000  0.587891051076688E+000 -0.107536384819057E+002 -0.738444052977661E+003
  0.100000000000000E+001  0.147692183080890E+004 -0.192714126100990E+002  0.720180723791083E+002 -0.412458506734351E+000  0.525395228496213E+000 -0.107536384819057E+002 -0.738460915404451E+003
  0.100000000000000E+001  0.147697714037051E+004 -0.192927600430474E+002  0.722805263365393E+002 -0.497758400540298E+000  0.610863678763293E+000 -0.107536384819057E+002 -0.738488570185255E+003
  0.100000000000000E+001  0.147375673851070E+004 -0.192745426318490E+002  0.723905220004055E+002 -0.418662776891121E+000  0.509990499687535E+000 -0.107536384819057E+002 -0.736878369255348E+003
  0.100000000000000E+001  0.148194253371237E+004 -0.192966253399338E+002  0.723804769050230E+002 -0.541418727004956E+000  0.637357412072969E+000 -0.107536384819057E+002 -0.740971266856184E+003
  0.100000000000000E+001  0.148211869352873E+004 -0.191444055479279E+002  0.770800023595220E+002 -0.468576850478496E+000  0.568900462059628E+000 -0.107536384819057E+002 -0.741059346764364E+003
  0.100000000000000E+001  0.147708235834781E+004 -0.192342203206815E+002  0.731675696010864E+002 -0.373056309472600E+000  0.506696762169696E+000 -0.107536384819057E+002 -0.738541179173907E+003
  0.100000000000000E+001  0.147714056551605E+004 -0.192418934455937E+002  0.730702087063198E+002 -0.428285977695768E+000  0.521658849828293E+000 -0.107536384819057E+002 -0.738570282758027E+003
  0.100000000000000E+001  0.147715351512049E+004 -0.193096757633383E+002  0.712540564560229E+002 -0.449244240530175E+000  0.588468673887272E+000 -0.107536384819057E+002 -0.738576757560245E+003
  0.100000000000000E+001  0.148104206662350E+004 -0.191570061488286E+002  0.761182552052960E+002 -0.418328729932049E+000  0.505480339152084E+000 -0.107536384819057E+002 -0.740521033311750E+003
  0.100000000000000E+001  0.147715797652374E+004 -0.192798855822647E+002  0.718810340362141E+002 -0.392810071331717E+000  0.540029706661391E+000 -0.107536384819057E+002 -0.738578988261872E+003
  0.100000000000000E+001  0.148094566094992E+004 -0.192998554142333E+002  0.715612169205543E+002 -0.469219980166073E+000  0.629789871645618E+000 -0.107536384819057E+002 -0.740472830474962E+003
  0.100000000000000E+001  0.148091697231679E+004 -0.193163741472456E+002  0.715863232971178E+002 -0.508009824265555E+000  0.604141195884830E+000 -0.107536384819057E+002 -0.740458486158393E+003
  0.100000000000000E+001  0.148081085341004E+004 -0.192778059426181E+002  0.728782053115519E+002 -0.544796156301365E+000  0.630346863084884E+000 -0.107536384819057E+002 -0.740405426705021E+003
  0.100000000000000E+001  0.148061057278382E+004 -0.193340026464783E+002  0.703933664484586E+002 -0.438812483309250E+000  0.515817932026411E+000 -0.107536384819057E+002 -0.740305286391912E+003
  0.100000000000000E+001  0.147715914898173E+004 -0.192380007249898E+002  0.733484891742382E+002 -0.446445986465145E+000  0.600876691005880E+000 -0.107536384819057E+002 -0.738579574490863E+003
  0.100000000000000E+001  0.148048573702820E+004 -0.192328129012002E+002  0.732434152806238E+002 -0.358417156303543E+000  0.402478757034896E+000 -0.107536384819057E+002 -0.740242868514100E+003
  0.100000000000000E+001  0.148047268739495E+004 -0.191495079818193E+002  0.766521512020976E+002 -0.446641495553535E+000  0.564300039149707E+000 -0.107536384819057E+002 -0.740236343697477E+003
  0.100000000000000E+001  0.147729702439284E+004 -0.192008758071642E+002  0.748816420886277E+002 -0.456643686691408E+000  0.510788799807488E+000 -0.107536384819057E+002 -0.738648512196420E+003
  0.100000000000000E+001  0.147730779917267E+004 -0.192208127775422E+002  0.742920291978466E+002 -0.485812306659654E+000  0.633467524721985E+000 -0.107536384819057E+002 -0.738653899586337E+003
  0.100000000000000E+001  0.147738037970345E+004 -0.191959484883375E+002  0.746672085170566E+002 -0.396026022715092E+000  0.464584331357204E+000 -0.107536384819057E+002 -0.738690189851726E+003
  0.100000000000000E+001  0.148028540951609E+004 -0.191679009557673E+002  0.763032693699080E+002 -0.454512468596293E+000  0.523610799219750E+000 -0.107536384819057E+002 -0.740142704758047E+003
  0.100000000000000E+001  0.147742442414553E+004 -0.192690342851370E+002  0.727460482284353E+002 -0.500798504360641E+000  0.575505006671487E+000 -0.107536384819057E+002 -0.738712212072766E+003
  0.100000000000000E+001  0.147991762515583E+004 -0.192246343307784E+002  0.737364341403144E+002 -0.358733731097526E+000  0.429271911645206E+000 -0.107536384819057E+002 -0.739958812577916E+003
  0.100000000000000E+001  0.147987577891088E+004 -0.192080082766427E+002  0.750567782600469E+002 -0.531288408560921E+000  0.630708601048312E+000 -0.107536384819057E+002 -0.739937889455440E+003
  0.100000000000000E+001  0.147981602272599E+004 -0.192638305528587E+002  0.722126531695811E+002 -0.349548864071418E+000  0.460270962577967E+000 -0.107536384819057E+002 -0.739908011362995E+003
  0.100000000000000E+001  0.147750941638795E+004 -0.192006948995381E+002  0.745176834946996E+002 -0.391592705390964E+000  0.540815548247956E+000 -0.107536384819057E+002 -0.738754708193973E+003
  0.100000000000000E+001  0.147755359587415E+004 -0.192313115361966E+002  0.740174230583308E+002 -0.426467284173421E+000  0.476361930533428E+000 -0.107536384819057E+002 -0.738776797937073E+003
  0.100000000000000E+001  0.147942168329225E+004 -0.192470225998706E+002  0.736079649309666E+002 -0.435634610510514E+000  0.485266134623949E+000 -0.107536384819057E+002 -0.739710841646127E+003
  0.100000000000000E+001  0.147935816834855E+004 -0.193030235841053E+002  0.719685021277459E+002 -0.489771557163176E+000  0.598008769453518E+000 -0.107536384819057E+002 -0.739679084174276E+003
  0.100000000000000E+001  0.147911755643057E+004 -0.191816179409141E+002  0.758204817103301E+002 -0.457374696784523E+000  0.513921602908046E+000 -0.107536384819057E+002 -0.739558778215285E+003
  0.100000000000000E+001  0.147897353386915E+004 -0.192509448415102E+002  0.728701325197406E+002 -0.399565235742976E+000  0.572635610181166E+000 -0.107536384819057E+002 -0.739486766934575E+003
  0.100000000000000E+001  0.147760133212299E+004 -0.192246518187919E+002  0.739968150549588E+002 -0.395226529898634E+000  0.449228577219101E+000 -0.107536384819057E+002 -0.738800666061497E+003
  0.100000000000000E+001  0.147871361000195E+004 -0.191810960481667E+002  0.752295027889041E+002 -0.403117396469472E+000  0.470705009582808E+000 -0.107536384819057E+002 -0.739356805000976E+003
  0.100000000000000E+001  0.147865491604708E+004 -0.191905475037540E+002  0.756085991173290E+002 -0.481410128806277E+000  0.618632374193428E+000 -0.107536384819057E+002 -0.739327458023539E+003
  0.100000000000000E+001  0.147853570723181E+004 -0.193159928498155E+002  0.710527998674643E+002 -0.426133602159208E+000  0.541107585537169E+000 -0.107536384819057E+002 -0.739267853615907E+003
  0.100000000000000E+001  0.147849236359503E+004 -0.191812583411907E+002  0.754043734930248E+002 -0.431036241752293E+000  0.585117329479779E+000 -0.107536384819057E+002 -0.739246181797513E+003
  0.100000000000000E+001  0.147375999154922E+004 -0.191954411143677E+002  0.749920945133185E+002 -0.440026192209194E+000  0.523834311698025E+000 -0.107536384819057E+002 -0.736879995774608E+003
  0.100000000000000E+001  0.147834852102330E+004 -0.192361722514055E+002  0.739380025329393E+002 -0.434944615645515E+000  0.484423172201398E+000 -0.107536384819057E+002 -0.739174260511650E+003
  0.100000000000000E+001  0.147824793497480E+004 -0.192915203066805E+002  0.719964693675878E+002 -0.427673812496401E+000  0.500690574853180E+000 -0.107536384819057E+002 -0.739123967487399E+003
  0.100000000000000E+001  0.147816925977614E+004 -0.192381864497239E+002  0.730393888905347E+002 -0.357282254077304E+000  0.481481300467198E+000 -0.107536384819057E+002 -0.739084629888068E+003
  0.100000000000000E+001  0.147800180234635E+004 -0.192879611496178E+002  0.724220262727735E+002 -0.505747352595256E+000  0.634092831052618E+000 -0.107536384819057E+002 -0.739000901173175E+003
  0.100000000000000E+001  0.147779597807179E+004 -0.192398928956385E+002  0.735409212174692E+002 -0.426997885883313E+000  0.590474907263683E+000 -0.107536384819057E+002 -0.738897989035897E+003
  0.100000000000000E+001  0.147786234910425E+004 -0.193169614573312E+002  0.713128318636070E+002 -0.488814270117499E+000  0.605157234543697E+000 -0.107536384819057E+002 -0.738931174552125E+003
  0.100000000000000E+001  0.147779782519048E+004 -0.192556459284007E+002  0.727138600763129E+002 -0.375080836232777E+000  0.508009600654442E+000 -0.107536384819057E+002 -0.738898912595238E+003
  0.100000000000000E+001  0.147781653420695E+004 -0.191978988335703E+002  0.751364012402383E+002 -0.500257981411953E+000  0.600391091784798E+000 -0.107536384819057E+002 -0.738908267103473E+003
  0.100000000000000E+001  0.147680263237687E+004 -0.192947039184123E+002  0.717240094262820E+002 -0.462170630977421E+000  0.609883532756156E+000 -0.107536384819057E+002 -0.738401316188437E+003
  0.100000000000000E+001  0.147671888741801E+004 -0.191777350446577E+002  0.754907817509882E+002 -0.435871335954841E+000  0.529204902383250E+000 -0.107536384819057E+002 -0.738359443709007E+003
  0.100000000000000E+001  0.147669038394394E+004 -0.192879443888245E+002  0.716908051973400E+002 -0.405635537696081E+000  0.465637903934808E+000 -0.107536384819057E+002 -0.738345191971969E+003
  0.100000000000000E+001  0.147653831819813E+004 -0.192851527576931E+002  0.723321160620447E+002 -0.454197513263584E+000  0.573229978727885E+000 -0.107536384819057E+002 -0.738269159099067E+003
  0.100000000000000E+001  0.147653247345771E+004 -0.192211552171870E+002  0.744042578256117E+002 -0.430770688768254E+000  0.535741049294253E+000 -0.107536384819057E+002 -0.738266236728856E+003
  0.100000000000000E+001  0.147644076896833E+004 -0.192454144646601E+002  0.733902881200764E+002 -0.425662733353507E+000  0.577196504989486E+000 -0.107536384819057E+002 -0.738220384484164E+003
  0.100000000000000E+001  0.147641908954372E+004 -0.191992633560427E+002  0.750515744041336E+002 -0.464731929638492E+000  0.522576462157504E+000 -0.107536384819057E+002 -0.738209544771861E+003
  0.100000000000000E+001  0.147640279054928E+004 -0.192251846431932E+002  0.736621696639879E+002 -0.370601720517853E+000  0.453581138614433E+000 -0.107536384819057E+002 -0.738201395274638E+003
  0.100000000000000E+001  0.147639736457292E+004 -0.192468968652718E+002  0.728990957854132E+002 -0.402291528085849E+000  0.466734667359997E+000 -0.107536384819057E+002 -0.738198682286460E+003
  0.100000000000000E+001  0.147631889085842E+004 -0.192622771425843E+002  0.734165287481268E+002 -0.509386024307046E+000  0.597164785451571E+000 -0.107536384819057E+002 -0.738159445429210E+003
  0.100000000000000E+001  0.147619614392665E+004 -0.191869960837039E+002  0.754351843026016E+002 -0.439636005546125E+000  0.573164149094642E+000 -0.107536384819057E+002 -0.738098071963324E+003
  0.100000000000000E+001  0.147618114828739E+004 -0.192394530187907E+002  0.730944787243227E+002 -0.377447050025960E+000  0.450373745331206E+000 -0.107536384819057E+002 -0.738090574143693E+003
  0.100000000000000E+001  0.147377038464493E+004 -0.192808032655905E+002  0.722262678898434E+002 -0.461946932001818E+000  0.600145157598565E+000 -0.107536384819057E+002 -0.736885192322464E+003
  0.100000000000000E+001  0.147613325996664E+004 -0.192101991973463E+002  0.748535462902778E+002 -0.461269870472889E+000  0.516981637799676E+000 -0.107536384819057E+002 -0.738066629983318E+003
  0.100000000000000E+001  0.147609725765744E+004 -0.192516296072919E+002  0.728970207060451E+002 -0.403457195150146E+000  0.560790798992683E+000 -0.107536384819057E+002 -0.738048628828721E+003
  0.100000000000000E+001  0.147378321652389E+004 -0.192383399002109E+002  0.736171005082864E+002 -0.481654145379899E+000  0.587237147770927E+000 -0.107536384819057E+002 -0.736891608261943E+003
  0.100000000000000E+001  0.147603843556880E+004 -0.192991438524495E+002  0.716109533462699E+002 -0.430541290954072E+000  0.555111919749248E+000 -0.107536384819057E+002 -0.738019217784399E+003
  0.100000000000000E+001  0.147603705698994E+004 -0.193127640869227E+002  0.712427651482719E+002 -0.475873775766167E+000  0.585649434352651E+000 -0.107536384819057E+002 -0.738018528494972E+003
  0.100000000000000E+001  0.147601210091443E+004 -0.192590744533241E+002  0.725294560719005E+002 -0.382254566229124E+000  0.519287204711498E+000 -0.107536384819057E+002 -0.738006050457214E+003
  0.100000000000000E+001  0.147588974729353E+004 -0.191878809237431E+002  0.749987146392537E+002 -0.401510490300070E+000  0.499973159010104E+000 -0.107536384819057E+002 -0.737944873646766E+003
  0.100000000000000E+001  0.147584778591048E+004 -0.192484884927712E+002  0.736250819680678E+002 -0.520857545754456E+000  0.625464430942669E+000 -0.107536384819057E+002 -0.737923892955239E+003
  0.100000000000000E+001  0.147582407251743E+004 -0.191786031421430E+002  0.758840573361890E+002 -0.462110616554752E+000  0.561660000581764E+000 -0.107536384819057E+002 -0.737912036258713E+003
  0.100000000000000E+001  0.147568704439703E+004 -0.193029338966715E+002  0.718176794739328E+002 -0.494416287087652E+000  0.595484442398889E+000 -0.107536384819057E+002 -0.737843522198517E+003
  0.100000000000000E+001  0.147554007621587E+004 -0.192375314206852E+002  0.732854562025765E+002 -0.422598297186407E+000  0.575665014994363E+000 -0.107536384819057E+002 -0.737770038107933E+003
  0.100000000000000E+001  0.147551080055287E+004 -0.192404137213966E+002  0.737729460910407E+002 -0.510238718969401E+000  0.611322874028027E+000 -0.107536384819057E+002 -0.737755400276434E+003
  0.100000000000000E+001  0.147542273282051E+004 -0.192531799158470E+002  0.726283227958539E+002 -0.384296903815128E+000  0.470614131486130E+000 -0.107536384819057E+002 -0.737711366410255E+003
  0.100000000000000E+001  0.147541801006626E+004 -0.192318265752637E+002  0.739225120978025E+002 -0.493294522884141E+000  0.621413414592034E+000 -0.107536384819057E+002 -0.737709005033128E+003
  0.100000000000000E+001  0.147530317033909E+004 -0.191817150795976E+002  0.756209146471516E+002 -0.447178893583543E+000  0.569970487765628E+000 -0.107536384819057E+002 -0.737651585169546E+003
  0.100000000000000E+001  0.147524712008191E+004 -0.192246006574020E+002  0.743074660630029E+002 -0.440820338495454E+000  0.556237934493605E+000 -0.107536384819057E+002 -0.737623560040953E+003
  0.100000000000000E+001  0.147522137820451E+004 -0.192518976342620E+002  0.733800045296321E+002 -0.509256299119233E+000  0.614933609967169E+000 -0.107536384819057E+002 -0.737610689102254E+003
  0.100000000000000E+001  0.147520484124468E+004 -0.192433262745488E+002  0.730767278791336E+002 -0.380578639296831E+000  0.506201114912317E+000 -0.107536384819057E+002 -0.737602420622339E+003
  0.100000000000000E+001  0.147518649244470E+004 -0.192142953035154E+002  0.740274393713739E+002 -0.393810492567549E+000  0.531068388420454E+000 -0.107536384819057E+002 -0.737593246222350E+003
  0.100000000000000E+001  0.147516902587669E+004 -0.192379493487279E+002  0.737110532116201E+002 -0.434658638419980E+000  0.481245034914489E+000 -0.107536384819057E+002 -0.737584512938346E+003
  0.100000000000000E+001  0.147511204243800E+004 -0.192105508060243E+002  0.745180683048655E+002 -0.459276407178181E+000  0.606590015445152E+000 -0.107536384819057E+002 -0.737556021219001E+003
  0.100000000000000E+001  0.147500984087378E+004 -0.192668244628716E+002  0.725813572853925E+002 -0.448139665465843E+000  0.602399364461910E+000 -0.107536384819057E+002 -0.737504920436889E+003
  0.100000000000000E+001  0.147500758333039E+004 -0.191925082866714E+002  0.755443910329503E+002 -0.485039387641903E+000  0.583995432660659E+000 -0.107536384819057E+002 -0.737503791665197E+003
  0.100000000000000E+001  0.147499036929033E+004 -0.191975668981700E+002  0.747811455889649E+002 -0.399055919242377E+000  0.505288908529117E+000 -0.107536384819057E+002 -0.737495184645163E+003
  0.100000000000000E+001  0.147495068649037E+004 -0.192635951157352E+002  0.727408420381336E+002 -0.423674454112072E+000  0.566020591257340E+000 -0.107536384819057E+002 -0.737475343245186E+003
  0.100000000000000E+001  0.147493344761686E+004 -0.192690510644487E+002  0.726675532503278E+002 -0.486697317261054E+000  0.568927077479464E+000 -0.107536384819057E+002 -0.737466723808428E+003
  0.100000000000000E+001  0.147492450918119E+004 -0.192460697081187E+002  0.730850747340956E+002 -0.425410779754787E+000  0.488722164223384E+000 -0.107536384819057E+002 -0.737462254590594E+003
  0.100000000000000E+001  0.147488474563652E+004 -0.192567345417735E+002  0.731724263365638E+002 -0.436398513311340E+000  0.555280204842368E+000 -0.107536384819057E+002 -0.737442372818259E+003
  0.100000000000000E+001  0.147487951227834E+004 -0.192824206277633E+002  0.724872146970076E+002 -0.496064766177626E+000  0.619933240978373E+000 -0.107536384819057E+002 -0.737439756139168E+003
  0.100000000000000E+001  0.147474711395537E+004 -0.192017283336097E+002  0.749485875185242E+002 -0.431298067568211E+000  0.548035317081899E+000 -0.107536384819057E+002 -0.737373556977683E+003
  0.100000000000000E+001  0.147472501107235E+004 -0.191980508002769E+002  0.747235622359281E+002 -0.428382716241173E+000  0.520622900446194E+000 -0.107536384819057E+002 -0.737362505536174E+003
  0.100000000000000E+001  0.147470297337925E+004 -0.192830701424762E+002  0.720551536417328E+002 -0.461830343800240E+000  0.600014506567199E+000 -0.107536384819057E+002 -0.737351486689627E+003
  0.100000000000000E+001  0.147469466661963E+004 -0.191917870883529E+002  0.753011964152643E+002 -0.436738610661200E+000  0.544084089992967E+000 -0.107536384819057E+002 -0.737347333309813E+003
  0.100000000000000E+001  0.147467881660713E+004 -0.191916352143272E+002  0.751970521253232E+002 -0.437141665618435E+000  0.569010116527834E+000 -0.107536384819057E+002 -0.737339408303566E+003
  0.100000000000000E+001  0.147461555698106E+004 -0.191980071649429E+002  0.747830601754138E+002 -0.417647071321884E+000  0.493313209619687E+000 -0.107536384819057E+002 -0.737307778490530E+003
  0.100000000000000E+001  0.147460349276681E+004 -0.192490690735498E+002  0.732190135054653E+002 -0.421868055425526E+000  0.472046653938994E+000 -0.107536384819057E+002 -0.737301746383404E+003
  0.100000000000000E+001  0.147456564127809E+004 -0.192749762164859E+002  0.720925025434370E+002 -0.435294844706561E+000  0.536726642486549E+000 -0.107536384819057E+002 -0.737282820639044E+003
  0.100000000000000E+001  0.147454701800731E+004 -0.192303698117310E+002  0.741092352194515E+002 -0.494612583609472E+000  0.569815122815696E+000 -0.107536384819057E+002 -0.737273509003656E+003
  0.100000000000000E+001  0.147453638763812E+004 -0.192422246628922E+002  0.733084613577713E+002 -0.458230006586936E+000  0.595172366061165E+000 -0.107536384819057E+002 -0.737268193819058E+003
  0.100000000000000E+001  0.147440965737047E+004 -0.192571843698324E+002  0.730470766507209E+002 -0.424393160919484E+000  0.490015789303183E+000 -0.107536384819057E+002 -0.737204828685235E+003
  0.100000000000000E+001  0.147434977588789E+004 -0.192301166123655E+002  0.735511216002509E+002 -0.391338896687528E+000  0.523659991672548E+000 -0.107536384819057E+002 -0.737174887943944E+003
  0.100000000000000E+001  0.147431336917372E+004 -0.191988698374782E+002  0.751168417710905E+002 -0.446412220617376E+000  0.523907223686089E+000 -0.107536384819057E+002 -0.737156684586858E+003
  0.100000000000000E+001  0.147425776577288E+004 -0.192522441983880E+002  0.729132071987963E+002 -0.445938633646114E+000  0.586157490901014E+000 -0.107536384819057E+002 -0.737128882886441E+003
  0.100000000000000E+001  0.147424283822714E+004 -0.192004804822248E+002  0.748978052744827E+002 -0.470007781252868E+000  0.570260787994533E+000 -0.107536384819057E+002 -0.737121419113570E+003
  0.100000000000000E+001  0.147421269928780E+004 -0.192468405118006E+002  0.736346324370448E+002 -0.475542248939007E+000  0.535394769271672E+000 -0.107536384819057E+002 -0.737106349643900E+003
  0.100000000000000E+001  0.147420068656443E+004 -0.192562966794458E+002  0.727232618313290E+002 -0.441034853899527E+000  0.570303842021589E+000 -0.107536384819057E+002 -0.737100343282215E+003
  0.100000000000000E+001  0.147407193700985E+004 -0.192465679699723E+002  0.731418531792137E+002 -0.456559108634081E+000  0.560042529295735E+000 -0.107536384819057E+002 -0.737035968504925E+003
  0.100000000000000E+001  0.147403155012925E+004 -0.192093293221453E+002  0.744466348559429E+002 -0.434471619284883E+000  0.505783572033229E+000 -0.107536384819057E+002 -0.737015775064626E+003
  0.100000000000000E+001  0.147400694509555E+004 -0.192721179070055E+002  0.723324441949449E+002 -0.448078983097930E+000  0.589927187715629E+000 -0.107536384819057E+002 -0.737003472547777E+003
  0.100000000000000E+001  0.147399974495853E+004 -0.192286394513055E+002  0.736575620444679E+002 -0.405253253199848E+000  0.472426334072918E+000 -0.107536384819057E+002 -0.736999872479263E+003
  0.100000000000000E+001  0.147398158346858E+004 -0.192425904560810E+002  0.738751559267444E+002 -0.502940174432268E+000  0.580374646695686E+000 -0.107536384819057E+002 -0.736990791734291E+003
  0.100000000000000E+001  0.147396770240954E+004 -0.192295954830143E+002  0.736297633327588E+002 -0.396645143617012E+000  0.528402097405850E+000 -0.107536384819057E+002 -0.736983851204768E+003
  0.100000000000000E+001  0.147396222272076E+004 -0.192617777478799E+002  0.727714671826685E+002 -0.413061277347305E+000  0.482986365958469E+000 -0.107536384819057E+002 -0.736981111360381E+003
  0.100000000000000E+001  0.147395605110725E+004 -0.192313811653727E+002  0.740498225842869E+002 -0.455369814990956E+000  0.513356313356291E+000 -0.107536384819057E+002 -0.736978025553623E+003
  0.100000000000000E+001  0.147388222736442E+004 -0.192901864993049E+002  0.718056310615739E+002 -0.447957077652290E+000  0.580708123948137E+000 -0.107536384819057E+002 -0.736941113682209E+003
  0.100000000000000E+001  0.147388200367747E+004 -0.192077071897124E+002  0.747745315257666E+002 -0.474436705873681E+000  0.607487629038307E+000 -0.107536384819057E+002 -0.736941001838734E+003
  0.100000000000000E+001  0.147385979375323E+004 -0.192466782886948E+002  0.733834742403151E+002 -0.449506459623401E+000  0.597883095431611E+000 -0.107536384819057E+002 -0.736929896876613E+003
  0.100000000000000E+001  0.147385299830497E+004 -0.191902016160694E+002  0.751647817292736E+002 -0.446591940990835E+000  0.552430546405854E+000 -0.107536384819057E+002 -0.736926499152483E+003
  0.100000000000000E+001  0.147382980868906E+004 -0.192880723074062E+002  0.719220332531173E+002 -0.462201528946686E+000  0.551382015613644E+000 -0.107536384819057E+002 -0.736914904344528E+003
  0.100000000000000E+001  0.147372609635374E+004 -0.192803081245551E+002  0.722210204341233E+002 -0.429971589970351E+000  0.502846620059739E+000 -0.107536384819057E+002 -0.736863048176872E+003
  0.100000000000000E+001  0.147367598197036E+004 -0.192615719262372E+002  0.726579866948978E+002 -0.405740247489555E+000  0.476267340410159E+000 -0.107536384819057E+002 -0.736837990985179E+003
  0.100000000000000E+001  0.147362175437300E+004 -0.192736675348141E+002  0.723274761361544E+002 -0.447286253080535E+000  0.521218619511039E+000 -0.107536384819057E+002 -0.736810877186499E+003
  0.100000000000000E+001  0.147361399153115E+004 -0.192706245851750E+002  0.722266708639446E+002 -0.401043316851415E+000  0.522878298039730E+000 -0.107536384819057E+002 -0.736806995765573E+003
  0.100000000000000E+001  0.147361137328827E+004 -0.192713817466382E+002  0.723699794735572E+002 -0.458575276782039E+000  0.583064200040919E+000 -0.107536384819057E+002 -0.736805686644135E+003
  0.100000000000000E+001  0.147361060934240E+004 -0.192503899757305E+002  0.732778330908630E+002 -0.482352309881164E+000  0.566573779635453E+000 -0.107536384819057E+002 -0.736805304671202E+003
  0.100000000000000E+001  0.147360601959001E+004 -0.192428335844123E+002  0.737494301389501E+002 -0.485179205090071E+000  0.618702182593511E+000 -0.107536384819057E+002 -0.736803009795006E+003
  0.100000000000000E+001  0.147357767769508E+004 -0.192105401880886E+002  0.742490189622347E+002 -0.412732937708495E+000  0.542063706716346E+000 -0.107536384819057E+002 -0.736788838847541E+003
  0.100000000000000E+001  0.147347013714086E+004 -0.192245302452763E+002  0.741506255108977E+002 -0.428876142406192E+000  0.548565278035494E+000 -0.107536384819057E+002 -0.736735068570428E+003
  0.100000000000000E+001  0.147346698375806E+004 -0.192694344671518E+002  0.728184319249483E+002 -0.481283218344050E+000  0.612383520988832E+000 -0.107536384819057E+002 -0.736733491879029E+003
  0.100000000000000E+001  0.147346282476637E+004 -0.192531830948172E+002  0.728116089421041E+002 -0.408086267297149E+000  0.547629422597610E+000 -0.107536384819057E+002 -0.736731412383184E+003
  0.100000000000000E+001  0.147346221134228E+004 -0.192519888459177E+002  0.734949775291812E+002 -0.488620259546469E+000  0.559473997890327E+000 -0.107536384819057E+002 -0.736731105671138E+003
  0.100000000000000E+001  0.147344263845139E+004 -0.192103314221376E+002  0.747284419376337E+002 -0.483656059559073E+000  0.606952844657666E+000 -0.107536384819057E+002 -0.736721319225694E+003
  0.100000000000000E+001  0.147340962719962E+004 -0.192661269317525E+002  0.729969672481365E+002 -0.469367175796676E+000  0.586214196633152E+000 -0.107536384819057E+002 -0.736704813599811E+003
  0.100000000000000E+001  0.147340860533360E+004 -0.192930174098819E+002  0.717056610393638E+002 -0.451977700084838E+000  0.562021962838709E+000 -0.107536384819057E+002 -0.736704302666802E+003
  0.100000000000000E+001  0.147339009946171E+004 -0.192038332962167E+002  0.745224141383968E+002 -0.410063261000188E+000  0.509630915343628E+000 -0.107536384819057E+002 -0.736695049730853E+003
  0.100000000000000E+001  0.147336498201876E+004 -0.191931970346883E+002  0.751903030190573E+002 -0.459733047029202E+000  0.557614172286991E+000 -0.107536384819057E+002 -0.736682491009378E+003
  0.100000000000000E+001  0.147336434670366E+004 -0.192663584011148E+002  0.730258768576518E+002 -0.482309044914304E+000  0.601664777189122E+000 -0.107536384819057E+002 -0.736682173351829E+003
  0.100000000000000E+001  0.147335543907222E+004 -0.192303224386121E+002  0.734990990594193E+002 -0.410644420991335E+000  0.513426075135857E+000 -0.107536384819057E+002 -0.736677719536111E+003
  0.100000000000000E+001  0.147331220496462E+004 -0.192268151982469E+002  0.738369469120194E+002 -0.448301064021957E+000  0.534870636596723E+000 -0.107536384819057E+002 -0.736656102482308E+003
  0.100000000000000E+001  0.147330875473724E+004 -0.192360048838722E+002  0.736811341139607E+002 -0.421328181896544E+000  0.487616077047881E+000 -0.107536384819057E+002 -0.736654377368622E+003
  0.100000000000000E+001  0.147329962659625E+004 -0.192739848997409E+002  0.722717919716557E+002 -0.452686546597600E+000  0.579455393184785E+000 -0.107536384819057E+002 -0.736649813298123E+003
  0.100000000000000E+001  0.147328866297167E+004 -0.192456487639245E+002  0.734959694865836E+002 -0.436211335324602E+000  0.506267593224657E+000 -0.107536384819057E+002 -0.736644331485833E+003
  0.100000000000000E+001  0.147326808638564E+004 -0.192321502346160E+002  0.737448535636447E+002 -0.409531185418702E+000  0.520522709525981E+000 -0.107536384819057E+002 -0.736634043192818E+003
  0.100000000000000E+001  0.147326153739933E+004 -0.192618042335896E+002  0.726145546618694E+002 -0.442631458926429E+000  0.578041003701274E+000 -0.107536384819057E+002 -0.736630768699666E+003
  0.100000000000000E+001  0.147323742685491E+004 -0.192503828139734E+002  0.730742870386939E+002 -0.405753305201307E+000  0.483318974985317E+000 -0.107536384819057E+002 -0.736618713427453E+003
  0.100000000000000E+001  0.147323387063122E+004 -0.192780752002858E+002  0.723078358341186E+002 -0.433751551931052E+000  0.557118781716736E+000 -0.107536384819057E+002 -0.736616935315608E+003
  0.100000000000000E+001  0.147322624785010E+004 -0.192197873664781E+002  0.743965888848065E+002 -0.439413287025624E+000  0.548848973078298E+000 -0.107536384819057E+002 -0.736613123925049E+003
  0.100000000000000E+001  0.147320750683046E+004 -0.192190620836213E+002  0.741251769410956E+002 -0.410599185228467E+000  0.486634079338234E+000 -0.107536384819057E+002 -0.736603753415228E+003
  0.100000000000000E+001  0.147320166638685E+004 -0.192282629572963E+002  0.738626949014551E+002 -0.408416328861287E+000  0.493880906305168E+000 -0.107536384819057E+002 -0.736600833193424E+003
  0.100000000000000E+001  0.147319231701588E+004 -0.192205380603466E+002  0.742483371973192E+002 -0.427876571074700E+000  0.550459729705942E+000 -0.107536384819057E+002 -0.736596158507939E+003
  0.100000000000000E+001  0.147318432987705E+004 -0.192724828809987E+002  0.726315661600559E+002 -0.485606146709199E+000  0.570671440271991E+000 -0.107536384819057E+002 -0.736592164938526E+003
  0.100000000000000E+001  0.147316527838017E+004 -0.192472437129291E+002  0.733789049632435E+002 -0.484698747169155E+000  0.581965926984297E+000 -0.107536384819057E+002 -0.736582639190086E+003
  0.100000000000000E+001  0.147315442299738E+004 -0.192569364315814E+002  0.732790332860056E+002 -0.457338332444064E+000  0.553002208695517E+000 -0.107536384819057E+002 -0.736577211498692E+003
  0.100000000000000E+001  0.147312411635861E+004 -0.192671949453988E+002  0.730624983327907E+002 -0.497529413120124E+000  0.594659694959266E+000 -0.107536384819057E+002 -0.736562058179303E+003
  0.100000000000000E+001  0.147311541877412E+004 -0.192428345411201E+002  0.735237507946199E+002 -0.432305125134267E+000  0.496911624471885E+000 -0.107536384819057E+002 -0.736557709387062E+003
  0.100000000000000E+001  0.147308230138631E+004 -0.192920008227680E+002  0.717056309548084E+002 -0.439385797961517E+000  0.542338278371547E+000 -0.107536384819057E+002 -0.736541150693154E+003
  0.100000000000000E+001  0.147307378915751E+004 -0.192622711268621E+002  0.727498047617532E+002 -0.417749500960589E+000  0.539346423423002E+000 -0.107536384819057E+002 -0.736536894578757E+003
  0.100000000000000E+001  0.147307353061769E+004 -0.192490312011859E+002  0.736254353215031E+002 -0.478424912826521E+000  0.593418716675112E+000 -0.107536384819057E+002 -0.736536765308847E+003
  0.100000000000000E+001  0.147306619508992E+004 -0.192857909230201E+002  0.718568243899540E+002 -0.435344500279799E+000  0.532298757807625E+000 -0.107536384819057E+002 -0.736533097544959E+003
  0.100000000000000E+001  0.147306522760055E+004 -0.192405773511708E+002  0.735511136473543E+002 -0.476544046292761E+000  0.569049725234262E+000 -0.107536384819057E+002 -0.736532613800274E+003
  0.100000000000000E+001  0.147306123750187E+004 -0.192803945062652E+002  0.722536999942394E+002 -0.434279750717586E+000  0.546244037227477E+000 -0.107536384819057E+002 -0.736530618750935E+003
  0.100000000000000E+001  0.147305335418166E+004 -0.192147910644415E+002  0.742613447776812E+002 -0.450509943318349E+000  0.575816992689649E+000 -0.107536384819057E+002 -0.736526677090831E+003
  0.100000000000000E+001  0.147304335410444E+004 -0.192676564647537E+002  0.727568548655794E+002 -0.442416042769542E+000  0.514989908126404E+000 -0.107536384819057E+002 -0.736521677052222E+003
  0.100000000000000E+001  0.147302917815975E+004 -0.192201015668536E+002  0.740773115049459E+002 -0.413307025708508E+000  0.542501851852624E+000 -0.107536384819057E+002 -0.736514589079876E+003
  0.100000000000000E+001  0.147301453540203E+004 -0.192180931076262E+002  0.739979706408668E+002 -0.416054998110600E+000  0.508524664279967E+000 -0.107536384819057E+002 -0.736507267701017E+003
  0.100000000000000E+001  0.147301272708907E+004 -0.192538992204218E+002  0.734049135555649E+002 -0.504310623370078E+000  0.603614324942386E+000 -0.107536384819057E+002 -0.736506363544537E+003
  0.100000000000000E+001  0.147300427925700E+004 -0.192004968423788E+002  0.749612211443539E+002 -0.441185450817074E+000  0.526888202105354E+000 -0.107536384819057E+002 -0.736502139628499E+003
  0.100000000000000E+001  0.147297706109138E+004 -0.192319973548656E+002  0.741309235159022E+002 -0.472443279990977E+000  0.596278078807286E+000 -0.107536384819057E+002 -0.736488530545692E+003
  0.100000000000000E+001  0.147296052172553E+004 -0.192895203849889E+002  0.720798187015637E+002 -0.473865523734331E+000  0.564627182081054E+000 -0.107536384819057E+002 -0.736480260862763E+003
  0.100000000000000E+001  0.147294595772643E+004 -0.192651134089729E+002  0.724235958487574E+002 -0.415302941306219E+000  0.503408412528662E+000 -0.107536384819057E+002 -0.736472978863216E+003
  0.100000000000000E+001  0.147293276056200E+004 -0.192601030400330E+002  0.731731182049568E+002 -0.495404261374673E+000  0.579034074602598E+000 -0.107536384819057E+002 -0.736466380280999E+003
  0.100000000000000E+001  0.147290842901132E+004 -0.191978237629074E+002  0.751399722327061E+002 -0.466726726065831E+000  0.561053582909993E+000 -0.107536384819057E+002 -0.736454214505659E+003
  0.100000000000000E+001  0.147290383593738E+004 -0.192015643834595E+002  0.750214130895899E+002 -0.454620076809518E+000  0.568352363555826E+000 -0.107536384819057E+002 -0.736451917968692E+003
  0.100000000000000E+001  0.147288311558995E+004 -0.192454322979276E+002  0.734421579722314E+002 -0.483769475780026E+000  0.603936107688366E+000 -0.107536384819057E+002 -0.736441557794973E+003
  0.100000000000000E+001  0.147279362677924E+004 -0.192154005224376E+002  0.741559300627203E+002 -0.430667006898692E+000  0.525468170762634E+000 -0.107536384819057E+002 -0.736396813389619E+003
  0.100000000000000E+001  0.147277572415844E+004 -0.192459057533227E+002  0.734060590180391E+002 -0.469732653866803E+000  0.545455318094020E+000 -0.107536384819057E+002 -0.736387862079220E+003
  0.100000000000000E+001  0.147277003722870E+004 -0.192267733522259E+002  0.739208231272031E+002 -0.464296518256490E+000  0.572360503350025E+000 -0.107536384819057E+002 -0.736385018614352E+003
  0.100000000000000E+001  0.147275950800022E+004 -0.192513442272987E+002  0.729528854063570E+002 -0.408486848243707E+000  0.539300292910335E+000 -0.107536384819057E+002 -0.736379754000111E+003
  0.100000000000000E+001  0.147275465317618E+004 -0.192403409928680E+002  0.734929664397119E+002 -0.447803022644887E+000  0.515218199447000E+000 -0.107536384819057E+002 -0.736377326588090E+003
  0.100000000000000E+001  0.147275289615393E+004 -0.192420685312706E+002  0.738952677430819E+002 -0.500820285562420E+000  0.593474189636519E+000 -0.107536384819057E+002 -0.736376448076966E+003
  0.100000000000000E+001  0.147274319489164E+004 -0.192181651979746E+002  0.743096238243851E+002 -0.459367283892103E+000  0.536578674302523E+000 -0.107536384819057E+002 -0.736371597445820E+003
  0.100000000000000E+001  0.147273841498300E+004 -0.192229370745394E+002  0.738786747030930E+002 -0.401764525391039E+000  0.495819495514778E+000 -0.107536384819057E+002 -0.736369207491498E+003
  0.100000000000000E+001  0.147272556799057E+004 -0.192729118525366E+002  0.726443021059936E+002 -0.449661087463512E+000  0.543241326856635E+000 -0.107536384819057E+002 -0.736362783995285E+003
  0.100000000000000E+001  0.147271707598889E+004 -0.192322096376376E+002  0.736485498644987E+002 -0.446744237878545E+000  0.580949624104786E+000 -0.107536384819057E+002 -0.736358537994443E+003
  0.100000000000000E+001  0.147269258352445E+004 -0.192583227798810E+002  0.732203156624152E+002 -0.484154528016837E+000  0.559342513049302E+000 -0.107536384819057E+002 -0.736346291762227E+003
  0.100000000000000E+001  0.147268214956072E+004 -0.192240590033250E+002  0.738944720913729E+002 -0.427373854682177E+000  0.565984032970180E+000 -0.107536384819057E+002 -0.736341074780359E+003
  0.100000000000000E+001  0.147266961542970E+004 -0.192434182407599E+002  0.732908911404026E+002 -0.413645686315632E+000  0.545074725922130E+000 -0.107536384819057E+002 -0.736334807714851E+003
  0.100000000000000E+001  0.147265914152068E+004 -0.192311420823600E+002  0.741564077433657E+002 -0.461802538040446E+000  0.563630532711442E+000 -0.107536384819057E+002 -0.736329570760340E+003
  0.100000000000000E+001  0.147265378106773E+004 -0.192212761847911E+002  0.739709986516515E+002 -0.436158654130244E+000  0.531026954410924E+000 -0.107536384819057E+002 -0.736326890533867E+003
  0.100000000000000E+001  0.147264608698765E+004 -0.192289794837253E+002  0.737770661200670E+002 -0.431184046453498E+000  0.572964180388408E+000 -0.107536384819057E+002 -0.736323043493825E+003
  0.100000000000000E+001  0.147261435008977E+004 -0.192838569829040E+002  0.722979277521009E+002 -0.479165258868261E+000  0.593081194390217E+000 -0.107536384819057E+002 -0.736307175044883E+003
  0.100000000000000E+001  0.147260245748907E+004 -0.192439827369729E+002  0.736930118633376E+002 -0.471986652312856E+000  0.542532483613880E+000 -0.107536384819057E+002 -0.736301228744535E+003
  0.100000000000000E+001  0.147260128190898E+004 -0.192332296458216E+002  0.741294493509071E+002 -0.473198113183176E+000  0.557611113896050E+000 -0.107536384819057E+002 -0.736300640954492E+003
  0.100000000000000E+001  0.147257312650492E+004 -0.192320357920508E+002  0.740414916934464E+002 -0.490215636007081E+000  0.611858716526969E+000 -0.107536384819057E+002 -0.736286563252459E+003
  0.100000000000000E+001  0.147256283948987E+004 -0.192854746993154E+002  0.721394117939164E+002 -0.466346566143872E+000  0.554237275037642E+000 -0.107536384819057E+002 -0.736281419744934E+003
  0.100000000000000E+001  0.147254930313073E+004 -0.192224560766684E+002  0.738700357281153E+002 -0.403106311497852E+000  0.504550506550084E+000 -0.107536384819057E+002 -0.736274651565366E+003
  0.100000000000000E+001  0.147254742589490E+004 -0.192334716377799E+002  0.737559676861425E+002 -0.440359823447443E+000  0.581419749933430E+000 -0.107536384819057E+002 -0.736273712947449E+003
  0.100000000000000E+001  0.147252981604612E+004 -0.191983049106013E+002  0.749471058755540E+002 -0.449601211575425E+000  0.559001445175122E+000 -0.107536384819057E+002 -0.736264908023059E+003
  0.100000000000000E+001  0.147252842751906E+004 -0.192413146966669E+002  0.736251699439464E+002 -0.487489743235993E+000  0.595501623100948E+000 -0.107536384819057E+002 -0.736264213759529E+003
  0.100000000000000E+001  0.147252743954381E+004 -0.192530489316883E+002  0.733649793186762E+002 -0.485875211780893E+000  0.612962209860744E+000 -0.107536384819057E+002 -0.736263719771905E+003
  0.100000000000000E+001  0.147252331947875E+004 -0.192041087262555E+002  0.746763722415208E+002 -0.425790379773915E+000  0.541286145745270E+000 -0.107536384819057E+002 -0.736261659739374E+003
  0.100000000000000E+001  0.147251664215965E+004 -0.192637169798760E+002  0.725262340295868E+002 -0.431054436767685E+000  0.522970033048290E+000 -0.107536384819057E+002 -0.736258321079824E+003
  0.100000000000000E+001  0.147246080480316E+004 -0.192262171677569E+002  0.739592414635028E+002 -0.444739389525413E+000  0.585070649420346E+000 -0.107536384819057E+002 -0.736230402401577E+003
  0.100000000000000E+001  0.147245155284026E+004 -0.192484244676278E+002  0.733474907660470E+002 -0.434560546162743E+000  0.507070483344410E+000 -0.107536384819057E+002 -0.736225776420128E+003
  0.100000000000000E+001  0.147244384910846E+004 -0.192234313180377E+002  0.742729442042686E+002 -0.464199511397176E+000  0.535775157365687E+000 -0.107536384819057E+002 -0.736221924554229E+003
  0.100000000000000E+001  0.147243848278036E+004 -0.192448444979152E+002  0.730922033066152E+002 -0.411189838177758E+000  0.540715948314755E+000 -0.107536384819057E+002 -0.736219241390180E+003
  0.100000000000000E+001  0.147241748120822E+004 -0.192348595463786E+002  0.734413783949664E+002 -0.428991374268792E+000  0.538327565062734E+000 -0.107536384819057E+002 -0.736208740604110E+003
  0.100000000000000E+001  0.147239133628424E+004 -0.192392283803090E+002  0.737729456325667E+002 -0.452188554999252E+000  0.574356369016583E+000 -0.107536384819057E+002 -0.736195668142121E+003
  0.100000000000000E+001  0.147238488733855E+004 -0.192277112263409E+002  0.738333431625379E+002 -0.434315398892075E+000  0.509330813396373E+000 -0.107536384819057E+002 -0.736192443669275E+003
  0.100000000000000E+001  0.147236908386629E+004 -0.192588532514023E+002  0.728026727348244E+002 -0.410992224772093E+000  0.506724279260590E+000 -0.107536384819057E+002 -0.736184541933143E+003
  0.100000000000000E+001  0.147235301701871E+004 -0.192199660629503E+002  0.740776353515709E+002 -0.421422013601672E+000  0.500158728223090E+000 -0.107536384819057E+002 -0.736176508509356E+003
  0.100000000000000E+001  0.147233143692812E+004 -0.192885939571435E+002  0.719034260810664E+002 -0.449081698455912E+000  0.552549885636084E+000 -0.107536384819057E+002 -0.736165718464060E+003
  0.100000000000000E+001  0.147233106467841E+004 -0.192853471578450E+002  0.719372640961788E+002 -0.439037945016930E+000  0.539864019459787E+000 -0.107536384819057E+002 -0.736165532339206E+003
  0.100000000000000E+001  0.147229341124228E+004 -0.192152738306551E+002  0.746257372382546E+002 -0.458325695749828E+000  0.560617214564514E+000 -0.107536384819057E+002 -0.736146705621141E+003
  0.100000000000000E+001  0.147226914594380E+004 -0.192230923200967E+002  0.738513331331511E+002 -0.407290640647180E+000  0.508697752725306E+000 -0.107536384819057E+002 -0.736134572971899E+003
  0.100000000000000E+001  0.147223732703292E+004 -0.192646225572487E+002  0.726518870788381E+002 -0.423492388952000E+000  0.547411609409504E+000 -0.107536384819057E+002 -0.736118663516461E+003
  0.100000000000000E+001  0.147221955231328E+004 -0.192280920089473E+002  0.740667690935367E+002 -0.440795358159069E+000  0.517070809929969E+000 -0.107536384819057E+002 -0.736109776156639E+003
  0.100000000000000E+001  0.147213669228218E+004 -0.192468971520364E+002  0.732472467101674E+002 -0.463930864471526E+000  0.579547759014135E+000 -0.107536384819057E+002 -0.736068346141089E+003
  0.100000000000000E+001  0.147213502902636E+004 -0.192383467294569E+002  0.739226814877588E+002 -0.466664276751400E+000  0.564722606860986E+000 -0.107536384819057E+002 -0.736067514513178E+003
  0.100000000000000E+001  0.147213456585040E+004 -0.192224052711144E+002  0.740700577579314E+002 -0.452243740512293E+000  0.583101817781286E+000 -0.107536384819057E+002 -0.736067282925198E+003
  0.100000000000000E+001  0.147212983859509E+004 -0.192213838158889E+002  0.743914262788590E+002 -0.462644289477461E+000  0.584627629541975E+000 -0.107536384819057E+002 -0.736064919297544E+003
  0.100000000000000E+001  0.147212564152978E+004 -0.192728720246557E+002  0.723270772463622E+002 -0.422652876265383E+000  0.510710128095292E+000 -0.107536384819057E+002 -0.736062820764889E+003
  0.100000000000000E+001  0.147212341120777E+004 -0.192337548745138E+002  0.734747666023555E+002 -0.411626217254239E+000  0.534759672627214E+000 -0.107536384819057E+002 -0.736061705603885E+003
  0.100000000000000E+001  0.147212252471182E+004 -0.192617856312631E+002  0.726058169374405E+002 -0.429371812795270E+000  0.520027908806656E+000 -0.107536384819057E+002 -0.736061262355911E+003
  0.100000000000000E+001  0.147212149890476E+004 -0.192667380973788E+002  0.727697802374908E+002 -0.461242704001487E+000  0.535180600564170E+000 -0.107536384819057E+002 -0.736060749452382E+003
  0.100000000000000E+001  0.147211428078821E+004 -0.192537373813689E+002  0.734241443913554E+002 -0.488017414928035E+000  0.572872796993460E+000 -0.107536384819057E+002 -0.736057140394106E+003
  0.100000000000000E+001  0.147205356272242E+004 -0.192809452408556E+002  0.722305774976384E+002 -0.441009499375867E+000  0.538778868315310E+000 -0.107536384819057E+002 -0.736026781361209E+003
  0.100000000000000E+001  0.147204728379046E+004 -0.192380655714456E+002  0.739664542180009E+002 -0.475701977151226E+000  0.576723578508549E+000 -0.107536384819057E+002 -0.736023641895228E+003
  0.100000000000000E+001  0.147202846534012E+004 -0.192586460483774E+002  0.729119121719825E+002 -0.461080093294333E+000  0.545267828782626E+000 -0.107536384819057E+002 -0.736014232670059E+003
  0.100000000000000E+001  0.147201754310146E+004 -0.192347463908156E+002  0.740403489063663E+002 -0.491515067223939E+000  0.605228091408263E+000 -0.107536384819057E+002 -0.736008771550731E+003
  0.100000000000000E+001  0.147200862077031E+004 -0.192557080123953E+002  0.730443837445918E+002 -0.428152639699586E+000  0.541861207235963E+000 -0.107536384819057E+002 -0.736004310385157E+003
  0.100000000000000E+001  0.147198160125033E+004 -0.192686891750241E+002  0.725320992929639E+002 -0.422721376106076E+000  0.528647141305434E+000 -0.107536384819057E+002 -0.735990800625166E+003
  0.100000000000000E+001  0.147195266266580E+004 -0.192342557444430E+002  0.736756797288045E+002 -0.458322615506426E+000  0.585890116182770E+000 -0.107536384819057E+002 -0.735976331332899E+003
  0.100000000000000E+001  0.147195009540592E+004 -0.192219326598002E+002  0.742119278775604E+002 -0.459322524800292E+000  0.538931211582784E+000 -0.107536384819057E+002 -0.735975047702958E+003
  0.100000000000000E+001  0.147193160566439E+004 -0.192463479418197E+002  0.731537842067048E+002 -0.407237935533850E+000  0.508091901697413E+000 -0.107536384819057E+002 -0.735965802832197E+003
  0.100000000000000E+001  0.147193003905032E+004 -0.192514674450461E+002  0.730468539996109E+002 -0.413363980601136E+000  0.502565138947510E+000 -0.107536384819057E+002 -0.735965019525158E+003
  0.100000000000000E+001  0.147190054693444E+004 -0.192791217960109E+002  0.723701680306148E+002 -0.462048513499529E+000  0.580333850122140E+000 -0.107536384819057E+002 -0.735950273467221E+003
  0.100000000000000E+001  0.147189712763570E+004 -0.192334418635674E+002  0.736981449485396E+002 -0.440686496824379E+000  0.578205102097425E+000 -0.107536384819057E+002 -0.735948563817849E+003
  0.100000000000000E+001  0.147187149486066E+004 -0.192327560286713E+002  0.738911343119529E+002 -0.461310206107365E+000  0.535158819082272E+000 -0.107536384819057E+002 -0.735935747430330E+003
  0.100000000000000E+001  0.147186926192462E+004 -0.192670848580305E+002  0.728660016802950E+002 -0.486418899250961E+000  0.599096151250094E+000 -0.107536384819057E+002 -0.735934630962311E+003
  0.100000000000000E+001  0.147186244733818E+004 -0.192402372842604E+002  0.735911219098588E+002 -0.440083990721229E+000  0.569956650560295E+000 -0.107536384819057E+002 -0.735931223669089E+003
  0.100000000000000E+001  0.147183649889928E+004 -0.192143144296143E+002  0.744426175696719E+002 -0.463881196533566E+000  0.564908277494183E+000 -0.107536384819057E+002 -0.735918249449639E+003
  0.100000000000000E+001  0.147178207625759E+004 -0.192321332841515E+002  0.735632103404002E+002 -0.421794647022707E+000  0.544706877892245E+000 -0.107536384819057E+002 -0.735891038128795E+003
  0.100000000000000E+001  0.147176757753214E+004 -0.192382472953232E+002  0.735345679148945E+002 -0.454394554339310E+000  0.543771858082664E+000 -0.107536384819057E+002 -0.735883788766071E+003
  0.100000000000000E+001  0.147175799169658E+004 -0.192210518469744E+002  0.741203070924829E+002 -0.423697587086407E+000  0.510442379439863E+000 -0.107536384819057E+002 -0.735878995848292E+003
  0.100000000000000E+001  0.147175430208504E+004 -0.192446546150564E+002  0.731242058003301E+002 -0.414493029977458E+000  0.534849267562874E+000 -0.107536384819057E+002 -0.735877151042518E+003
  0.100000000000000E+001  0.147175167413437E+004 -0.192633771455066E+002  0.727436681090223E+002 -0.465563496924096E+000  0.575749256167270E+000 -0.107536384819057E+002 -0.735875837067184E+003
  0.100000000000000E+001  0.147170933157621E+004 -0.192246983747138E+002  0.739279445604022E+002 -0.425281971295568E+000  0.508671698594167E+000 -0.107536384819057E+002 -0.735854665788106E+003
  0.100000000000000E+001  0.147170608331254E+004 -0.192760988013640E+002  0.725269500526066E+002 -0.462913713436357E+000  0.555130917094102E+000 -0.107536384819057E+002 -0.735853041656268E+003
  0.100000000000000E+001  0.147170597138356E+004 -0.192324070159413E+002  0.737570339244756E+002 -0.440386879824070E+000  0.515308619805237E+000 -0.107536384819057E+002 -0.735852985691780E+003
  0.100000000000000E+001  0.147169612008874E+004 -0.192287868142292E+002  0.739031895526390E+002 -0.464225829841065E+000  0.568708543612741E+000 -0.107536384819057E+002 -0.735848060044371E+003
  0.100000000000000E+001  0.147167820681866E+004 -0.192538274027214E+002  0.734096964331454E+002 -0.475531528882117E+000  0.575497059551914E+000 -0.107536384819057E+002 -0.735839103409332E+003
  0.100000000000000E+001  0.147167736757577E+004 -0.192703994004125E+002  0.725956171660530E+002 -0.457664432480822E+000  0.539212694915737E+000 -0.107536384819057E+002 -0.735838683787885E+003
  0.100000000000000E+001  0.147165165481567E+004 -0.192391880766511E+002  0.735382282239750E+002 -0.438932489333570E+000  0.511998270197831E+000 -0.107536384819057E+002 -0.735825827407837E+003
  0.100000000000000E+001  0.147164381057689E+004 -0.192289223380066E+002  0.738140990783387E+002 -0.430107354819407E+000  0.509536031985278E+000 -0.107536384819057E+002 -0.735821905288444E+003
  0.100000000000000E+001  0.147163419716160E+004 -0.192600145805385E+002  0.730786071877809E+002 -0.487017992135358E+000  0.595379903232747E+000 -0.107536384819057E+002 -0.735817098580802E+003
  0.100000000000000E+001  0.147161508517639E+004 -0.192462031952275E+002  0.731511361007669E+002 -0.409905798666144E+000  0.514869419608420E+000 -0.107536384819057E+002 -0.735807542588196E+003
  0.100000000000000E+001  0.147159673170720E+004 -0.192570768044493E+002  0.729381498644962E+002 -0.422796664398391E+000  0.518908392771809E+000 -0.107536384819057E+002 -0.735798365853598E+003
  0.100000000000000E+001  0.147149561071857E+004 -0.192146016354008E+002  0.745570926803180E+002 -0.471721312460372E+000  0.572191242928465E+000 -0.107536384819057E+002 -0.735747805359287E+003
  0.100000000000000E+001  0.147147234987388E+004 -0.192478167398169E+002  0.733783864943626E+002 -0.461382340595665E+000  0.537670186699390E+000 -0.107536384819057E+002 -0.735736174936939E+003
  0.100000000000000E+001  0.147146874296819E+004 -0.192390640603097E+002  0.733430182096218E+002 -0.426638593299511E+000  0.531346788571042E+000 -0.107536384819057E+002 -0.735734371484095E+003
  0.100000000000000E+001  0.147146724676689E+004 -0.192119349124175E+002  0.745718599518954E+002 -0.458091476468542E+000  0.551749014194875E+000 -0.107536384819057E+002 -0.735733623383445E+003
  0.100000000000000E+001  0.147144909128349E+004 -0.192787599221801E+002  0.722178618309991E+002 -0.441373914059937E+000  0.546434790871854E+000 -0.107536384819057E+002 -0.735724545641747E+003
  0.100000000000000E+001  0.147144394123818E+004 -0.192650363563087E+002  0.729407540411098E+002 -0.476798911009247E+000  0.565327651255314E+000 -0.107536384819057E+002 -0.735721970619089E+003
  0.100000000000000E+001  0.147140981321539E+004 -0.192326823049388E+002  0.737116070202855E+002 -0.418824765378770E+000  0.520240293921601E+000 -0.107536384819057E+002 -0.735704906607695E+003
  0.100000000000000E+001  0.147136059225000E+004 -0.192272216930126E+002  0.740729689249054E+002 -0.462604052137359E+000  0.545328046138441E+000 -0.107536384819057E+002 -0.735680296125000E+003
  0.100000000000000E+001  0.147134635526040E+004 -0.192326459084973E+002  0.736381741906623E+002 -0.432595433936381E+000  0.560225882233030E+000 -0.107536384819057E+002 -0.735673177630202E+003
  0.100000000000000E+001  0.147133827956303E+004 -0.192732830400099E+002  0.723741967648735E+002 -0.433798226107572E+000  0.543983823155566E+000 -0.107536384819057E+002 -0.735669139781513E+003
  0.100000000000000E+001  0.147133532636035E+004 -0.192633933677280E+002  0.727903339018739E+002 -0.440006125059242E+000  0.522219407645762E+000 -0.107536384819057E+002 -0.735667663180173E+003
  0.100000000000000E+001  0.147131391060505E+004 -0.192447492269150E+002  0.734557154324281E+002 -0.472139274431815E+000  0.593067384735384E+000 -0.107536384819057E+002 -0.735656955302527E+003
  0.100000000000000E+001  0.147130466924112E+004 -0.192309336854311E+002  0.740335004197017E+002 -0.465112965534716E+000  0.546238781357222E+000 -0.107536384819057E+002 -0.735652334620561E+003
  0.100000000000000E+001  0.147127615882917E+004 -0.192238127824791E+002  0.740604596731930E+002 -0.431968268333086E+000  0.518071971339749E+000 -0.107536384819057E+002 -0.735638079414586E+003
  0.100000000000000E+001  0.147127432788471E+004 -0.192465717485282E+002  0.731569312895641E+002 -0.439129371035079E+000  0.560301146776895E+000 -0.107536384819057E+002 -0.735637163942353E+003
  0.100000000000000E+001  0.147126948875865E+004 -0.192354729454250E+002  0.736903491326380E+002 -0.427262236557664E+000  0.536672910437222E+000 -0.107536384819057E+002 -0.735634744379325E+003
  0.100000000000000E+001  0.147126823457306E+004 -0.192464486823437E+002  0.734948107532592E+002 -0.447555329288919E+000  0.546399916392446E+000 -0.107536384819057E+002 -0.735634117286530E+003
  0.100000000000000E+001  0.147120396342864E+004 -0.192612832148651E+002  0.729722133401806E+002 -0.477977005364794E+000  0.589151943877132E+000 -0.107536384819057E+002 -0.735601981714318E+003
  0.100000000000000E+001  0.147119254154457E+004 -0.192186794934690E+002  0.743977906710284E+002 -0.450466684535513E+000  0.556571383721401E+000 -0.107536384819057E+002 -0.735596270772283E+003
  0.100000000000000E+001  0.147112915769873E+004 -0.192415146409693E+002  0.732744601423890E+002 -0.422336058369587E+000  0.529801685657835E+000 -0.107536384819057E+002 -0.735564578849363E+003
  0.100000000000000E+001  0.147111612068434E+004 -0.192683927421168E+002  0.728114483370478E+002 -0.470505025257113E+000  0.570318954897938E+000 -0.107536384819057E+002 -0.735558060342170E+003
  0.100000000000000E+001  0.147110899404159E+004 -0.192358714884426E+002  0.735298199162409E+002 -0.421236051186587E+000  0.513468097697045E+000 -0.107536384819057E+002 -0.735554497020793E+003
  0.100000000000000E+001  0.147109794487044E+004 -0.192345696653939E+002  0.736893763882372E+002 -0.458229106831519E+000  0.575307778489932E+000 -0.107536384819057E+002 -0.735548972435219E+003
  0.100000000000000E+001  0.147109004657624E+004 -0.192353299672393E+002  0.739787993354821E+002 -0.471065894259109E+000  0.572215376718600E+000 -0.107536384819057E+002 -0.735545023288122E+003
  0.100000000000000E+001  0.147105766602488E+004 -0.192694913302539E+002  0.725149713454271E+002 -0.443330606997030E+000  0.561561941164493E+000 -0.107536384819057E+002 -0.735528833012438E+003
  0.100000000000000E+001  0.147104981167279E+004 -0.192202696451612E+002  0.743018952081098E+002 -0.463748334157122E+000  0.580061556422775E+000 -0.107536384819057E+002 -0.735524905836395E+003
  0.100000000000000E+001  0.147102710426902E+004 -0.192372916589464E+002  0.737913723492754E+002 -0.448176815686210E+000  0.544613971926240E+000 -0.107536384819057E+002 -0.735513552134511E+003
  0.100000000000000E+001  0.147101999043184E+004 -0.192523281735131E+002  0.734045259595286E+002 -0.476871494314080E+000  0.570696731972527E+000 -0.107536384819057E+002 -0.735509995215921E+003
  0.100000000000000E+001  0.147099203649777E+004 -0.192382206000590E+002  0.736332157998626E+002 -0.467253038373017E+000  0.576500500501628E+000 -0.107536384819057E+002 -0.735496018248886E+003
  0.100000000000000E+001  0.147098080744472E+004 -0.192408591663744E+002  0.735941340574952E+002 -0.458645732316859E+000  0.586179608601627E+000 -0.107536384819057E+002 -0.735490403722360E+003
  0.100000000000000E+001  0.147097957098503E+004 -0.192716762409699E+002  0.724826176242993E+002 -0.448836340249347E+000  0.563291605975218E+000 -0.107536384819057E+002 -0.735489785492515E+003
  0.100000000000000E+001  0.147095997334220E+004 -0.192222203122253E+002  0.741897368505529E+002 -0.462444867806100E+000  0.573578048669292E+000 -0.107536384819057E+002 -0.735479986671100E+003
  0.100000000000000E+001  0.147095779466049E+004 -0.192394497097396E+002  0.733974494084711E+002 -0.431013969655358E+000  0.551884396195104E+000 -0.107536384819057E+002 -0.735478897330247E+003
  0.100000000000000E+001  0.147095281594791E+004 -0.192716005076798E+002  0.725073816883624E+002 -0.456752623211582E+000  0.562244792098651E+000 -0.107536384819057E+002 -0.735476407973957E+003
  0.100000000000000E+001  0.147094582549148E+004 -0.192645494480961E+002  0.726387840821317E+002 -0.445911265492554E+000  0.559497740410730E+000 -0.107536384819057E+002 -0.735472912745739E+003
  0.100000000000000E+001  0.147094034930657E+004 -0.192398531792755E+002  0.737296464701170E+002 -0.453580366522879E+000  0.545592753888462E+000 -0.107536384819057E+002 -0.735470174653282E+003
  0.100000000000000E+001  0.147090864467324E+004 -0.192532159474633E+002  0.731420316668632E+002 -0.458019082722156E+000  0.584097380676956E+000 -0.107536384819057E+002 -0.735454322336622E+003
  0.100000000000000E+001  0.147090025412444E+004 -0.192405884720250E+002  0.737765053690613E+002 -0.481212435800624E+000  0.588890602285357E+000 -0.107536384819057E+002 -0.735450127062220E+003
  0.100000000000000E+001  0.147083078796778E+004 -0.192298368881335E+002  0.738956695445245E+002 -0.440001091776876E+000  0.526062678218821E+000 -0.107536384819057E+002 -0.735415393983891E+003
  0.100000000000000E+001  0.147079680562963E+004 -0.192219638693501E+002  0.741756962841798E+002 -0.455921646700822E+000  0.555858042504228E+000 -0.107536384819057E+002 -0.735398402814815E+003
  0.100000000000000E+001  0.147078803079118E+004 -0.192491752114945E+002  0.730815120647759E+002 -0.430745118840098E+000  0.529839245925761E+000 -0.107536384819057E+002 -0.735394015395592E+003
  0.100000000000000E+001  0.147077379981300E+004 -0.192386482314618E+002  0.738189890473859E+002 -0.478619809785144E+000  0.576485651810659E+000 -0.107536384819057E+002 -0.735386899906500E+003
  0.100000000000000E+001  0.147074899407180E+004 -0.192313326632559E+002  0.739992239111857E+002 -0.462705794420425E+000  0.579201584265670E+000 -0.107536384819057E+002 -0.735374497035901E+003
  0.100000000000000E+001  0.147070619516497E+004 -0.192426310812880E+002  0.735082478502036E+002 -0.467000680952019E+000  0.581125140135405E+000 -0.107536384819057E+002 -0.735353097582483E+003
  0.100000000000000E+001  0.147067973598007E+004 -0.192375869491910E+002  0.735793791157486E+002 -0.454113811072929E+000  0.559965734584833E+000 -0.107536384819057E+002 -0.735339867990033E+003
  0.100000000000000E+001  0.147067707283536E+004 -0.192218207729298E+002  0.741365976887051E+002 -0.440041754048628E+000  0.538961847644832E+000 -0.107536384819057E+002 -0.735338536417682E+003
  0.100000000000000E+001  0.147066644841259E+004 -0.192349243081977E+002  0.738841073193343E+002 -0.475325865611286E+000  0.582603897263562E+000 -0.107536384819057E+002 -0.735333224206293E+003
  0.100000000000000E+001  0.147066437288532E+004 -0.192674114758108E+002  0.727530976376901E+002 -0.463780111975563E+000  0.567906978614086E+000 -0.107536384819057E+002 -0.735332186442662E+003
  0.100000000000000E+001  0.147063252082804E+004 -0.192578739840451E+002  0.728671405213245E+002 -0.438901947211015E+000  0.534106001981799E+000 -0.107536384819057E+002 -0.735316260414021E+003
  0.100000000000000E+001  0.147056879529300E+004 -0.192585466242775E+002  0.729773035921830E+002 -0.442989203629583E+000  0.549500635050011E+000 -0.107536384819057E+002 -0.735284397646498E+003
  0.100000000000000E+001  0.147056763433825E+004 -0.192554850683406E+002  0.729791806542858E+002 -0.433736997163373E+000  0.546388969237094E+000 -0.107536384819057E+002 -0.735283817169127E+003
  0.100000000000000E+001  0.147056059315728E+004 -0.192355957113384E+002  0.736973357703522E+002 -0.435766906801784E+000  0.529459569306444E+000 -0.107536384819057E+002 -0.735280296578641E+003
  0.100000000000000E+001  0.147050684353206E+004 -0.192523106895333E+002  0.731401747795917E+002 -0.438503979905798E+000  0.530507180404473E+000 -0.107536384819057E+002 -0.735253421766029E+003
  0.100000000000000E+001  0.147044409569010E+004 -0.192489411267618E+002  0.733221617121718E+002 -0.466622824848025E+000  0.567119154015594E+000 -0.107536384819057E+002 -0.735222047845052E+003
  0.100000000000000E+001  0.147044296563847E+004 -0.192337650197073E+002  0.738003236256468E+002 -0.448075067240138E+000  0.566133388414913E+000 -0.107536384819057E+002 -0.735221482819237E+003
  0.100000000000000E+001  0.147043600170161E+004 -0.192363155748723E+002  0.736626550246255E+002 -0.435446070118090E+000  0.532803914376355E+000 -0.107536384819057E+002 -0.735218000850803E+003
  0.100000000000000E+001  0.147040724530173E+004 -0.192536178243322E+002  0.730771711374049E+002 -0.439432534364345E+000  0.532611445899533E+000 -0.107536384819057E+002 -0.735203622650864E+003
  0.100000000000000E+001  0.147040691579019E+004 -0.192405534360432E+002  0.735677797912424E+002 -0.440573020765261E+000  0.549572031425768E+000 -0.107536384819057E+002 -0.735203457895094E+003
  0.100000000000000E+001  0.147033771462550E+004 -0.192559704909894E+002  0.731702997180378E+002 -0.466357506351998E+000  0.571977122893022E+000 -0.107536384819057E+002 -0.735168857312750E+003
  0.100000000000000E+001  0.147020756432894E+004 -0.192445671542562E+002  0.733263733997294E+002 -0.442917000442755E+000  0.546044704928218E+000 -0.107536384819057E+002 -0.735103782164469E+003
  0.100000000000000E+001  0.147005857977819E+004 -0.192432326902338E+002  0.735604376299140E+002 -0.459628894223421E+000  0.560913784115165E+000 -0.107536384819057E+002 -0.735029289889093E+003
