 -0.192637400066277E+002  0.723052523014990E+002 -0.368093994133601E+000 -0.141953429549613E-002  0.285835212211492E+002 -0.153588086678938E+002 -0.733384127579013E+003 -0.733384127579013E+003
 -0.192534387484511E+002  0.727179185093138E+002 -0.361278298819089E+000  0.430538607772597E-001  0.247017938118443E+002 -0.153588086678938E+002 -0.733322227426109E+003 -0.733322227426109E+003
 -0.192514062005477E+002  0.728948582213040E+002 -0.384630187198567E+000  0.311491261146060E-001  0.260009064275333E+002 -0.153588086678938E+002 -0.733609197527052E+003 -0.733609197527052E+003
 -0.192509086852792E+002  0.727795747565539E+002 -0.362513118559032E+000  0.467959457645941E-001  0.243884809185692E+002 -0.153588086678938E+002 -0.733253444306732E+003 -0.733253444306732E+003
 -0.192547036569404E+002  0.725870840891259E+002 -0.348178372326637E+000  0.454671820536525E-001  0.244187471015141E+002 -0.153588086678938E+002 -0.733733555340984E+003 -0.733733555340984E+003
 -0.192378390071841E+002  0.732708428196307E+002 -0.366226026423376E+000  0.469781309069273E-001  0.244152852375203E+002 -0.153588086678938E+002 -0.733335853742481E+003 -0.733335853742481E+003
 -0.192728054556621E+002  0.721105705724746E+002 -0.370191039967541E+000  0.311192139977932E-001  0.258327861450134E+002 -0.153588086678938E+002 -0.733880084432439E+003 -0.733880084432439E+003
 -0.192604698612180E+002  0.724769402852588E+002 -0.364999892319978E+000  0.461047965406225E-001  0.244766515784345E+002 -0.153588086678938E+002 -0.733280910332957E+003 -0.733280910332957E+003
 -0.192401352198454E+002  0.732000960347335E+002 -0.373268099270155E+000  0.460071055016353E-001  0.245663734064935E+002 -0.153588086678938E+002 -0.733185672202510E+003 -0.733185672202510E+003
 -0.192234162908866E+002  0.737550056913888E+002 -0.372758448391982E+000  0.431218986633546E-001  0.247902514605724E+002 -0.153588086678938E+002 -0.734097809037243E+003 -0.734097809037243E+003
 -0.192300080489970E+002  0.734919905627204E+002 -0.366631677339736E+000  0.480225208706599E-001  0.243612579106930E+002 -0.153588086678938E+002 -0.734066447488508E+003 -0.734066447488508E+003
 -0.192191078102711E+002  0.738784455577120E+002 -0.365974599402874E+000  0.345192551804701E-001  0.254949303447905E+002 -0.153588086678938E+002 -0.733986669622286E+003 -0.733986669622286E+003
 -0.192444234266113E+002  0.730426291381149E+002 -0.361490374002486E+000  0.372007556314706E-001  0.252504149162998E+002 -0.153588086678938E+002 -0.734069066847308E+003 -0.734069066847308E+003
 -0.192661847518988E+002  0.721917224560788E+002 -0.369792788199247E+000  0.222967393955660E-001  0.265610520783263E+002 -0.153588086678938E+002 -0.733678571105906E+003 -0.733678571105906E+003
 -0.192759278043244E+002  0.718509891286062E+002 -0.365103396525001E+000  0.463134966267020E-002  0.280362423523212E+002 -0.153588086678938E+002 -0.733885400193465E+003 -0.733885400193465E+003
 -0.192667356688215E+002  0.723361546506850E+002 -0.378387815102696E+000  0.224725236260159E-001  0.266442535555485E+002 -0.153588086678938E+002 -0.733363503654849E+003 -0.733363503654849E+003
 -0.192398975100935E+002  0.731337739902833E+002 -0.365840949521014E+000  0.300860566227481E-001  0.258873694774046E+002 -0.153588086678938E+002 -0.733737683053721E+003 -0.733737683053721E+003
 -0.192562083481197E+002  0.726055982192677E+002 -0.373619263623822E+000  0.325105205895051E-001  0.257620724418061E+002 -0.153588086678938E+002 -0.733896198517691E+003 -0.733896198517691E+003
 -0.192353774206409E+002  0.732672067814236E+002 -0.361975239582293E+000  0.442112233877880E-001  0.246374977394451E+002 -0.153588086678938E+002 -0.733819174260654E+003 -0.733819174260654E+003
 -0.192567491495122E+002  0.725492224799264E+002 -0.361613649897191E+000 -0.326603692967531E-002  0.286922016081308E+002 -0.153588086678938E+002 -0.733295336878401E+003 -0.733295336878401E+003
 -0.192390129763848E+002  0.731820638901645E+002 -0.364585962793517E+000  0.231043000384208E-001  0.264975485117454E+002 -0.153588086678938E+002 -0.734045987718545E+003 -0.734045987718545E+003
 -0.192575394181246E+002  0.725828357867864E+002 -0.373705863966779E+000  0.170178179595197E-001  0.271128892018475E+002 -0.153588086678938E+002 -0.734045071458645E+003 -0.734045071458645E+003
 -0.192267509692123E+002  0.735393720020381E+002 -0.374607171131293E+000  0.345735002324563E-001  0.255611842970706E+002 -0.153588086678938E+002 -0.733885360012982E+003 -0.733885360012982E+003
 -0.192576861889434E+002  0.724886046280501E+002 -0.351641247996798E+000  0.384941310196822E-001  0.250339475269047E+002 -0.153588086678938E+002 -0.733563537815951E+003 -0.733563537815951E+003
