  0.319929686109565E+000  0.250598563571925E+002 -0.793663699763029E+001  0.804563186518056E+002 -0.376152310857222E+000  0.288856937308953E+000 -0.107536384819057E+002 -0.131088502922502E+002
  0.319929686109565E+000  0.252780907745221E+002 -0.285465404287278E+001  0.791219834656082E+002 -0.355420085320267E+000  0.201692357757740E+000 -0.107536384819057E+002 -0.132179675009150E+002
  0.319929686109565E+000  0.242689277029801E+002 -0.962556044112059E+001  0.566960697409835E+002 -0.413554795568377E+000  0.492446122449028E+000 -0.107536384819057E+002 -0.126911891089073E+002
  0.319929686109565E+000  0.241365053229467E+002 -0.664391232540869E+001  0.732848750979143E+002 -0.168697507974846E+000 -0.507355780756296E-001 -0.107536384819057E+002 -0.126249779188906E+002
  0.319929686109565E+000  0.234476162395542E+002  0.285326821845624E+001  0.653304173446600E+002 -0.258535514153566E+000  0.110788176774270E+000 -0.107536384819057E+002 -0.122805333771943E+002
  0.319929686109565E+000  0.229042748728014E+002 -0.176357648990537E+002  0.618254562485333E+002 -0.957343871952137E-001  0.481359686448060E+000 -0.107536384819057E+002 -0.120088626938179E+002
  0.319929686109565E+000  0.227619444586008E+002  0.848392623044607E+001  0.736123236527876E+002 -0.458144585434287E+000  0.335432232502368E+000 -0.107536384819057E+002 -0.119376974867176E+002
  0.319929686109565E+000  0.223285512667197E+002  0.745210949449466E+001  0.606388368050725E+002 -0.179233851262104E+000  0.136063177694608E+000 -0.107536384819057E+002 -0.117210008907770E+002
  0.319929686109565E+000  0.221726171941277E+002 -0.971262560461892E+001  0.534169234483239E+002 -0.266513267168960E+000  0.496856223830870E+000 -0.107536384819057E+002 -0.116430338544811E+002
  0.319929686109565E+000  0.220657454502839E+002 -0.171296720906818E+002  0.783449060560864E+002 -0.399138718743503E+000  0.313327231966019E+000 -0.107536384819057E+002 -0.115895979825591E+002
  0.319929686109565E+000  0.220043524717241E+002 -0.193420574305097E+002  0.641186287818276E+002 -0.110082039621890E+000 -0.179405211528820E-001 -0.107536384819057E+002 -0.115589014932793E+002
  0.319929686109565E+000  0.185988171929480E+002 -0.126662611993133E+002  0.657748314718232E+002 -0.433893047622634E+000  0.416274924758957E+000 -0.107536384819057E+002 -0.985613385389117E+001
  0.319929686109565E+000  0.215994133860284E+002 -0.133882667801466E+002  0.597939161656251E+002 -0.308544538015694E+000  0.322817196212524E+000 -0.107536384819057E+002 -0.113564319504314E+002
  0.319929686109565E+000  0.215471279287971E+002 -0.780495155618439E+001  0.759459003410034E+002 -0.344655326750305E+000  0.395689144843640E+000 -0.107536384819057E+002 -0.113302892218157E+002
  0.319929686109565E+000  0.171491448522341E+002  0.204711631704921E+001  0.606138152705383E+002 -0.372079241330246E+000  0.525533918855939E+000 -0.107536384819057E+002 -0.913129768353426E+001
  0.319929686109565E+000  0.171583843258792E+002 -0.113399003647659E+002  0.677477490078527E+002 -0.117506055845550E+000  0.131044573283072E+000 -0.107536384819057E+002 -0.913591742035679E+001
  0.319929686109565E+000  0.186169828390792E+002 -0.154506690637789E+002  0.601226896049318E+002 -0.253335458457705E+000  0.304381357298469E+000 -0.107536384819057E+002 -0.986521667695679E+001
  0.319929686109565E+000  0.207846960076589E+002 -0.147037938413195E+002  0.536638530924954E+002 -0.474128143255768E-001  0.313900966811268E+000 -0.107536384819057E+002 -0.109490732612466E+002
  0.319929686109565E+000  0.207824097709209E+002  0.453402934241268E+001  0.726913051178782E+002 -0.616885225192124E+000  0.600185669500192E+000 -0.107536384819057E+002 -0.109479301428776E+002
  0.319929686109565E+000  0.207202212733369E+002  0.555289932656074E+001  0.770456464932067E+002 -0.384436025845425E+000  0.309767343944580E+000 -0.107536384819057E+002 -0.109168358940856E+002
  0.319929686109565E+000  0.205654138822048E+002  0.135658016793214E+002  0.662414277348626E+002 -0.610787477904973E+000  0.646685884573480E+000 -0.107536384819057E+002 -0.108394321985196E+002
  0.319929686109565E+000  0.186974652203931E+002 -0.121687697419450E+002  0.682956118945436E+002 -0.407915761504183E-001  0.728936329194614E-001 -0.107536384819057E+002 -0.990545786761373E+001
  0.319929686109565E+000  0.187083831361906E+002 -0.881897964006939E+001  0.564706870437892E+002 -0.610505965382571E-001  0.478844180603618E+000 -0.107536384819057E+002 -0.991091682551248E+001
  0.319929686109565E+000  0.201596791165052E+002  0.710393959440431E+001  0.536286218689444E+002 -0.104521426707822E+000  0.378146989016673E+000 -0.107536384819057E+002 -0.106365648156698E+002
  0.319929686109565E+000  0.199097131214191E+002 -0.150991394742295E+002  0.711599817034867E+002 -0.104590477920320E+000  0.114726310471576E+000 -0.107536384819057E+002 -0.105115818181267E+002
  0.319929686109565E+000  0.187322532789914E+002 -0.252308116741971E+001  0.632680063378361E+002 -0.631261025849146E-001  0.391858639015613E+000 -0.107536384819057E+002 -0.992285189691286E+001
  0.319929686109565E+000  0.198353323118870E+002 -0.126397460051633E+002  0.688201964340767E+002 -0.149998129847636E+000  0.367891990904212E-001 -0.107536384819057E+002 -0.104743914133607E+002
  0.319929686109565E+000  0.187694664354707E+002 -0.147995842319910E+002  0.640937435964585E+002 -0.123808321088465E+000  0.848594723627061E-001 -0.107536384819057E+002 -0.994145847515255E+001
  0.319929686109565E+000  0.198056772251258E+002 -0.495284487518340E+001  0.647622507451253E+002 -0.331023719235712E+000  0.278474326402472E+000 -0.107536384819057E+002 -0.104595638699801E+002
  0.319929686109565E+000  0.197689301428925E+002  0.106262608117799E+002  0.528639190479706E+002 -0.528531267903884E-001  0.417333238175858E+000 -0.107536384819057E+002 -0.104411903288634E+002
  0.319929686109565E+000  0.197625486498453E+002  0.158483524914543E+002  0.602380198954949E+002 -0.476751532438052E+000  0.575191766851900E+000 -0.107536384819057E+002 -0.104379995823398E+002
  0.319929686109565E+000  0.171687169388426E+002 -0.115346854366081E+002  0.604106298182228E+002 -0.399316293648198E+000  0.511162943946069E+000 -0.107536384819057E+002 -0.914108372683848E+001
  0.319929686109565E+000  0.197029872367902E+002 -0.184590167257579E+002  0.560590354917226E+002 -0.801828089276757E-003  0.203525918400668E+000 -0.107536384819057E+002 -0.104082188758123E+002
  0.319929686109565E+000  0.196435417383186E+002  0.677961606794564E+001  0.707391689044593E+002 -0.109189093060345E+000  0.780779667302980E-001 -0.107536384819057E+002 -0.103784961265765E+002
  0.319929686109565E+000  0.195950980888673E+002 -0.162550458582593E+001  0.740235272458287E+002 -0.272001631033492E+000  0.307249252626823E+000 -0.107536384819057E+002 -0.103542743018508E+002
  0.319929686109565E+000  0.195920887465512E+002  0.601794252992899E+001  0.628945120213540E+002 -0.470364749210204E+000  0.592778130040163E+000 -0.107536384819057E+002 -0.103527696306928E+002
  0.319929686109565E+000  0.193479747080644E+002 -0.423079242024243E+001  0.609813826315995E+002 -0.353974594615258E-001  0.432804197786147E+000 -0.107536384819057E+002 -0.102307126114494E+002
  0.319929686109565E+000  0.193444104535949E+002 -0.157094275346223E+002  0.549443055543004E+002 -0.119134875847664E+000  0.494425775951308E+000 -0.107536384819057E+002 -0.102289304842146E+002
  0.319929686109565E+000  0.193023154348388E+002  0.870091783594176E+001  0.697843290784565E+002 -0.868894733113208E-001  0.632532487091115E-001 -0.107536384819057E+002 -0.102078829748366E+002
  0.319929686109565E+000  0.171835838517482E+002  0.142945665678193E+002  0.644110666511121E+002 -0.313984754156019E+000  0.493582315379366E+000 -0.107536384819057E+002 -0.914851718329128E+001
  0.319929686109565E+000  0.191715065698534E+002  0.186077691928202E+002  0.705859675562839E+002 -0.278080237495884E+000  0.412264809315834E+000 -0.107536384819057E+002 -0.101424785423439E+002
  0.319929686109565E+000  0.191274028715858E+002  0.127906486338858E+002  0.661657748008788E+002 -0.225874627570756E+000  0.145485159425678E+000 -0.107536384819057E+002 -0.101204266932101E+002
  0.319929686109565E+000  0.190981910257223E+002  0.322832698053607E+001  0.693375465828095E+002 -0.613603282018653E-001  0.142381437044399E+000 -0.107536384819057E+002 -0.101058207702783E+002
  0.319929686109565E+000  0.190055324636823E+002 -0.114704601333805E+002  0.592529662486331E+002 -0.276943191965146E+000  0.519636883463672E+000 -0.107536384819057E+002 -0.100594914892583E+002
  0.319929686109565E+000  0.188425971645376E+002 -0.162487202342066E+001  0.714056642814030E+002 -0.190659210015875E+000  0.136705988190345E+000 -0.107536384819057E+002 -0.997802383968599E+001
  0.319929686109565E+000  0.188119115352078E+002  0.165905377047557E+002  0.546855301551847E+002 -0.101975741076907E+000  0.368780839534252E+000 -0.107536384819057E+002 -0.996268102502109E+001
  0.319929686109565E+000  0.183692725797599E+002  0.566778532098574E+001  0.673250587354730E+002 -0.243955766077796E+000  0.430700906130764E+000 -0.107536384819057E+002 -0.974136154729714E+001
  0.319929686109565E+000  0.182518057653269E+002  0.411156244618866E+001  0.586451207662011E+002 -0.361060899444527E-001  0.171668060704039E+000 -0.107536384819057E+002 -0.968262814008065E+001
  0.319929686109565E+000  0.181084978013318E+002 -0.116757963173962E+002  0.612535610080607E+002 -0.197837527450595E+000  0.230404051708368E+000 -0.107536384819057E+002 -0.961097415808309E+001
  0.319929686109565E+000  0.171876767798102E+002 -0.908283643917020E+001  0.596652343534140E+002 -0.211945312123500E+000  0.308913577493938E+000 -0.107536384819057E+002 -0.915056364732231E+001
  0.319929686109565E+000  0.180840492497642E+002 -0.302789812350907E+001  0.556478770188872E+002 -0.348903870696651E-001  0.303201480959064E+000 -0.107536384819057E+002 -0.959874988229927E+001
  0.319929686109565E+000  0.171983547790551E+002 -0.123223696673836E+002  0.663380342404323E+002 -0.285601973180956E+000  0.252025916027753E+000 -0.107536384819057E+002 -0.915590264694475E+001
  0.319929686109565E+000  0.179423105226165E+002 -0.820429750432606E+001  0.699530949473324E+002 -0.302787228421604E+000  0.229738310860208E+000 -0.107536384819057E+002 -0.952788051872542E+001
  0.319929686109565E+000  0.179290113577909E+002  0.527260343248149E+001  0.557121991529107E+002 -0.435311279578867E-001  0.311785633565128E+000 -0.107536384819057E+002 -0.952123093631263E+001
  0.319929686109565E+000  0.179035067579613E+002 -0.105305955580338E+002  0.691599553615151E+002 -0.564924177563890E+000  0.626107887180019E+000 -0.107536384819057E+002 -0.950847863639783E+001
  0.319929686109565E+000  0.179013209896652E+002 -0.450827913479273E+001  0.702664151602030E+002 -0.316947522012343E+000  0.245189036374878E+000 -0.107536384819057E+002 -0.950738575224979E+001
  0.319929686109565E+000  0.178744586167005E+002  0.187682779205143E+002  0.621269627246629E+002 -0.865414064697148E-001  0.120544590627057E+000 -0.107536384819057E+002 -0.949395456576743E+001
  0.319929686109565E+000  0.178306402177004E+002 -0.189572620358562E+002  0.597164236864303E+002 -0.676789286821073E-001  0.437415448989292E+000 -0.107536384819057E+002 -0.947204536626740E+001
  0.319929686109565E+000  0.178025949648441E+002 -0.855234949856454E+001  0.555914810392152E+002 -0.845654826666133E-001  0.454138685512878E+000 -0.107536384819057E+002 -0.945802273983922E+001
  0.319929686109565E+000  0.177933930954987E+002 -0.137289813685447E+002  0.725313667783064E+002 -0.553206124344724E+000  0.539854872767839E+000 -0.107536384819057E+002 -0.945342180516654E+001
  0.319929686109565E+000  0.177461735363195E+002 -0.545341855868950E+001  0.739103604895394E+002 -0.332972047684314E+000  0.329375384850819E+000 -0.107536384819057E+002 -0.942981202557691E+001
  0.319929686109565E+000  0.177407503837671E+002 -0.168844316849150E+002  0.604952044666978E+002 -0.406602362549180E+000  0.541905541696538E+000 -0.107536384819057E+002 -0.942710044930075E+001
  0.319929686109565E+000  0.177203288813682E+002 -0.557832235880317E+001  0.553826362283579E+002 -0.119533725742040E+000  0.440262030617377E+000 -0.107536384819057E+002 -0.941688969810127E+001
  0.319929686109565E+000  0.176866261696815E+002  0.185747324856062E+002  0.635357412964893E+002 -0.232455105015441E+000  0.226236241072268E+000 -0.107536384819057E+002 -0.940003834225791E+001
  0.319929686109565E+000  0.176445807566043E+002  0.128216875780925E+001  0.733709462932231E+002 -0.589947947960352E+000  0.596081765826083E+000 -0.107536384819057E+002 -0.937901563571934E+001
  0.319929686109565E+000  0.175848191162515E+002 -0.245223411535417E+001  0.610827419141783E+002 -0.379014795992114E+000  0.536578051319031E+000 -0.107536384819057E+002 -0.934913481554292E+001
  0.319929686109565E+000  0.175730399632934E+002  0.166237084243995E+002  0.614460471619627E+002 -0.228727705310055E+000  0.268837147576535E+000 -0.107536384819057E+002 -0.934324523906390E+001
  0.319929686109565E+000  0.175655630802349E+002  0.710570727705577E+001  0.738334767031777E+002 -0.363454581337585E+000  0.329763659675109E+000 -0.107536384819057E+002 -0.933950679753462E+001
  0.319929686109565E+000  0.175095855809582E+002  0.190578675996246E+002  0.669304928569773E+002 -0.553054264498990E+000  0.613437358353405E+000 -0.107536384819057E+002 -0.931151804789631E+001
  0.319929686109565E+000  0.175058867448408E+002  0.480903574026876E+001  0.585926349703333E+002 -0.336839159017812E+000  0.498262790588373E+000 -0.107536384819057E+002 -0.930966862983757E+001
  0.319929686109565E+000  0.175000834374136E+002  0.109170574883927E+002  0.672188408227022E+002 -0.326027040134009E+000  0.479762447013373E+000 -0.107536384819057E+002 -0.930676697612397E+001
  0.319929686109565E+000  0.174238269107244E+002  0.137561495612010E+002  0.671572070110065E+002 -0.199969859282764E+000  0.156890576926120E+000 -0.107536384819057E+002 -0.926863871277938E+001
  0.319929686109565E+000  0.173450142706858E+002  0.165387583354130E+001  0.661910274451803E+002 -0.615664364271020E-001  0.266299442980886E+000 -0.107536384819057E+002 -0.922923239276006E+001
  0.319929686109565E+000  0.172932971734338E+002 -0.900358635007435E+001  0.563275014708269E+002 -0.154369641922488E+000  0.447831004257916E+000 -0.107536384819057E+002 -0.920337384413411E+001
  0.319929686109565E+000  0.172344264079696E+002 -0.184419538011905E+002  0.626876480069263E+002 -0.199538336469375E+000  0.221430805984484E+000 -0.107536384819057E+002 -0.917393846140201E+001
  0.319929686109565E+000  0.172121994162033E+002 -0.754022070225154E+001  0.753866578854721E+002 -0.496805675315853E+000  0.511263517199802E+000 -0.107536384819057E+002 -0.916282496551884E+001
  0.319929686109565E+000  0.171324714493527E+002 -0.838218882326102E+001  0.732901695536727E+002 -0.523188424770423E+000  0.507872976111670E+000 -0.107536384819057E+002 -0.912296098209355E+001
  0.319929686109565E+000  0.171107391568675E+002  0.149397679725878E+002  0.606914596959266E+002 -0.171034817911546E+000  0.454009566491721E+000 -0.107536384819057E+002 -0.911209483585094E+001
  0.319929686109565E+000  0.170735591426138E+002 -0.973940609023222E+001  0.613577869802518E+002 -0.215866538411745E+000  0.270520522386506E+000 -0.107536384819057E+002 -0.909350482872408E+001
  0.319929686109565E+000  0.170706739516922E+002  0.121386588627240E+002  0.666186716872535E+002 -0.537531084944802E-001  0.136586661713848E+000 -0.107536384819057E+002 -0.909206223326328E+001
  0.319929686109565E+000  0.170547758607097E+002 -0.193673269883500E+002  0.633913382104477E+002 -0.421351091363145E+000  0.459738430354727E+000 -0.107536384819057E+002 -0.908411318777203E+001
  0.319929686109565E+000  0.169696397403627E+002 -0.130203510269135E+002  0.654977202906976E+002 -0.900379419361388E-001  0.114331989049522E+000 -0.107536384819057E+002 -0.904154512759852E+001
  0.319929686109565E+000  0.169440375105633E+002  0.221226325085428E+001  0.743056841738623E+002 -0.418491258341196E+000  0.409171694564465E+000 -0.107536384819057E+002 -0.902874401269884E+001
  0.319929686109565E+000  0.169373011197126E+002  0.109918545946746E+002  0.656140989844650E+002 -0.396608217817183E-001  0.118851260537807E+000 -0.107536384819057E+002 -0.902537581727348E+001
  0.319929686109565E+000  0.169288869601197E+002 -0.427661956712128E+001  0.691892533964148E+002 -0.166465616340216E+000  0.186478269115659E+000 -0.107536384819057E+002 -0.902116873747704E+001
  0.319929686109565E+000  0.168558587500286E+002 -0.667989547853525E+001  0.607892990989591E+002 -0.368954101488496E+000  0.456586118784211E+000 -0.107536384819057E+002 -0.898465463243150E+001
  0.319929686109565E+000  0.167848760137977E+002 -0.292769824372687E+000  0.668443886735076E+002 -0.231656172303530E+000  0.204933141521549E+000 -0.107536384819057E+002 -0.894916326431602E+001
  0.319929686109565E+000  0.167845641311068E+002  0.175223650579121E+002  0.633774173009872E+002 -0.449382361902244E+000  0.556283348293966E+000 -0.107536384819057E+002 -0.894900732297057E+001
  0.319929686109565E+000  0.167334590584573E+002  0.730589771564015E+001  0.666315868666295E+002 -0.165143296119267E+000  0.351204607085269E+000 -0.107536384819057E+002 -0.892345478664582E+001
  0.319929686109565E+000  0.167306413855826E+002  0.137150706440707E+002  0.588298700805573E+002 -0.254550949321110E+000  0.390997434154645E+000 -0.107536384819057E+002 -0.892204595020851E+001
  0.319929686109565E+000  0.166893850080287E+002  0.477572903392554E+001  0.605969742186898E+002 -0.105023502400629E+000  0.210956997601061E+000 -0.107536384819057E+002 -0.890141776143156E+001
  0.319929686109565E+000  0.166858931299625E+002  0.102954625021883E+002  0.658709362315368E+002 -0.387067860326908E+000  0.385084388415770E+000 -0.107536384819057E+002 -0.889967182239843E+001
  0.319929686109565E+000  0.166746332666286E+002 -0.153378650705963E+002  0.576094078063977E+002 -0.715033661173201E-001  0.424957712443749E+000 -0.107536384819057E+002 -0.889404189073150E+001
  0.319929686109565E+000  0.166692621188261E+002  0.114145222287193E+002  0.712688065607501E+002 -0.285154955989378E+000  0.347741294514281E+000 -0.107536384819057E+002 -0.889135631683025E+001
  0.319929686109565E+000  0.166478648299645E+002  0.520779287530273E+001  0.715074438321849E+002 -0.424770634644712E+000  0.499545833707172E+000 -0.107536384819057E+002 -0.888065767239941E+001
  0.319929686109565E+000  0.166414792763848E+002 -0.172811261720453E+002  0.623990402335240E+002 -0.201300340095599E+000  0.244932455155665E+000 -0.107536384819057E+002 -0.887746489560959E+001
  0.319929686109565E+000  0.166264555720954E+002  0.134456119731025E+002  0.679351992841922E+002 -0.125682220784676E+000  0.226764733112857E+000 -0.107536384819057E+002 -0.886995304346489E+001
  0.319929686109565E+000  0.165941909792213E+002  0.428667811231483E+001  0.567120703651464E+002 -0.355898804546277E-001  0.400487184402452E+000 -0.107536384819057E+002 -0.885382074702786E+001
  0.319929686109565E+000  0.165920666235897E+002  0.122460974437539E+002  0.570110078492304E+002 -0.961441526708517E-003  0.392375981146875E+000 -0.107536384819057E+002 -0.885275856921205E+001
  0.319929686109565E+000  0.165436173229587E+002 -0.546127056026662E+001  0.659321262465284E+002 -0.324235366352720E+000  0.313530128241844E+000 -0.107536384819057E+002 -0.882853391889654E+001
  0.319929686109565E+000  0.165132234611945E+002 -0.361841370165352E+001  0.577787481801281E+002 -0.189383373705680E+000  0.446426071273550E+000 -0.107536384819057E+002 -0.881333698801445E+001
  0.319929686109565E+000  0.165067951754363E+002  0.175245507284847E+002  0.644634684013415E+002 -0.236047527859315E-001  0.141981214215480E+000 -0.107536384819057E+002 -0.881012284513534E+001
  0.319929686109565E+000  0.165052984205701E+002  0.534375256805913E+001  0.608909514534573E+002 -0.630452068186207E-001  0.185896816617817E+000 -0.107536384819057E+002 -0.880937446770224E+001
  0.319929686109565E+000  0.164508281315479E+002 -0.492823024304317E+001  0.619568115068604E+002 -0.342767680093010E-001  0.153860009476713E+000 -0.107536384819057E+002 -0.878213932319115E+001
  0.319929686109565E+000  0.164496497668995E+002 -0.627566855223638E+000  0.568228349286886E+002 -0.339711643825771E-001  0.389124879408856E+000 -0.107536384819057E+002 -0.878155014086693E+001
  0.319929686109565E+000  0.164182844101224E+002  0.206923988652112E+001  0.626061164240600E+002 -0.824604250763501E-001  0.367204859949421E+000 -0.107536384819057E+002 -0.876586746247839E+001
  0.319929686109565E+000  0.164042194366106E+002  0.194530971035403E+002  0.670274728874414E+002 -0.101518599714326E+000  0.212269461123759E+000 -0.107536384819057E+002 -0.875883497572248E+001
  0.319929686109565E+000  0.163889003366268E+002  0.181524338926336E+002  0.659104044811616E+002 -0.817598663547523E-001  0.258650045457214E+000 -0.107536384819057E+002 -0.875117542573058E+001
  0.319929686109565E+000  0.163027173969453E+002 -0.155707421214908E+001  0.586228845268821E+002 -0.279378463147586E-001  0.390152462388961E+000 -0.107536384819057E+002 -0.870808395588982E+001
  0.319929686109565E+000  0.162669788995034E+002 -0.997717458785482E+001  0.644484393739246E+002 -0.437197237711792E+000  0.546626846361066E+000 -0.107536384819057E+002 -0.869021470716891E+001
  0.319929686109565E+000  0.162541053536407E+002 -0.293323597420038E+000  0.717083300272519E+002 -0.402967977475825E+000  0.379078739819933E+000 -0.107536384819057E+002 -0.868377793423755E+001
  0.319929686109565E+000  0.162433540017126E+002  0.501052535192020E+000  0.657139632732334E+002 -0.838952568288813E-001  0.263067631882478E+000 -0.107536384819057E+002 -0.867840225827350E+001
  0.319929686109565E+000  0.162387447266001E+002 -0.562840428519581E+001  0.678070623789395E+002 -0.163341330249717E+000  0.192064803942086E+000 -0.107536384819057E+002 -0.867609762071725E+001
  0.319929686109565E+000  0.161690380960573E+002 -0.167401006183201E+000  0.702328930940412E+002 -0.344796633104159E+000  0.436405634788343E+000 -0.107536384819057E+002 -0.864124430544582E+001
  0.319929686109565E+000  0.161292823778001E+002 -0.101069209167046E+001  0.594237088225224E+002 -0.873473055214833E-001  0.406605621997199E+000 -0.107536384819057E+002 -0.862136644631722E+001
  0.319929686109565E+000  0.161159820736773E+002  0.414056575482227E+001  0.684742387893626E+002 -0.216009057970971E+000  0.219802449860383E+000 -0.107536384819057E+002 -0.861471629425584E+001
  0.319929686109565E+000  0.160701156628314E+002  0.129327242335729E+002  0.610560504567636E+002 -0.216010079039679E-001  0.190652720206885E+000 -0.107536384819057E+002 -0.859178308883287E+001
  0.319929686109565E+000  0.160666426221263E+002  0.136956637911217E+002  0.676672064164374E+002 -0.145485731136280E+000  0.231151103626636E+000 -0.107536384819057E+002 -0.859004656848036E+001
  0.319929686109565E+000  0.160541673222787E+002  0.158530645109053E+002  0.644634723666937E+002 -0.513431550350016E-001  0.170471080091984E+000 -0.107536384819057E+002 -0.858380891855655E+001
  0.319929686109565E+000  0.160286394176229E+002  0.318969399057593E+001  0.627797771304479E+002 -0.190632574201743E+000  0.424211095013395E+000 -0.107536384819057E+002 -0.857104496622862E+001
  0.319929686109565E+000  0.160200044974933E+002 -0.242511084669999E+000  0.599437692469895E+002 -0.726524417504122E-001  0.390969573846279E+000 -0.107536384819057E+002 -0.856672750616383E+001
  0.319929686109565E+000  0.160122421316446E+002 -0.350894991130897E+001  0.640626036789121E+002 -0.136806386190431E+000  0.188117718797188E+000 -0.107536384819057E+002 -0.856284632323949E+001
  0.319929686109565E+000  0.160028861340674E+002 -0.184192202958990E+002  0.591828593964033E+002 -0.724761956979560E-001  0.396241608710883E+000 -0.107536384819057E+002 -0.855816832445087E+001
  0.319929686109565E+000  0.160005417974796E+002 -0.102877467132758E+002  0.684664167233959E+002 -0.527801182052713E+000  0.580585645288942E+000 -0.107536384819057E+002 -0.855699615615700E+001
  0.319929686109565E+000  0.159893103041078E+002  0.139103307099185E+002  0.626783730893888E+002 -0.177246459764205E+000  0.416806966550709E+000 -0.107536384819057E+002 -0.855138040947108E+001
  0.319929686109565E+000  0.159783351406967E+002 -0.416824575924227E+001  0.598105929522744E+002 -0.673965989166954E-001  0.243406487258218E+000 -0.107536384819057E+002 -0.854589282776555E+001
  0.319929686109565E+000  0.159678215314380E+002 -0.176512003747478E+002  0.621092823919952E+002 -0.275071707911305E+000  0.339671603178052E+000 -0.107536384819057E+002 -0.854063602313618E+001
  0.319929686109565E+000  0.159669195076073E+002  0.214783127405495E+001  0.593116531342916E+002 -0.280217141524548E+000  0.444083132020517E+000 -0.107536384819057E+002 -0.854018501122081E+001
  0.319929686109565E+000  0.159553194441096E+002 -0.191135070404777E+002  0.717405183365941E+002 -0.470372696391380E+000  0.463730229839108E+000 -0.107536384819057E+002 -0.853438497947197E+001
  0.319929686109565E+000  0.159458297794078E+002  0.723620183017326E+001  0.577547727421325E+002 -0.883050479907665E-001  0.347956392718633E+000 -0.107536384819057E+002 -0.852964014712110E+001
  0.319929686109565E+000  0.159404376181385E+002 -0.117722207376491E+002  0.650900744467657E+002 -0.148872401547248E+000  0.352554654263738E+000 -0.107536384819057E+002 -0.852694406648644E+001
  0.319929686109565E+000  0.159384684083133E+002 -0.160638367144556E+002  0.581591143996012E+002 -0.517915376920586E-002  0.346701068740598E+000 -0.107536384819057E+002 -0.852595946157385E+001
  0.319929686109565E+000  0.159191657701278E+002  0.861575018136703E+001  0.703861718569522E+002 -0.366300988486780E+000  0.347088572148669E+000 -0.107536384819057E+002 -0.851630814248107E+001
  0.319929686109565E+000  0.158811970823174E+002 -0.500119881979695E+001  0.680661599894512E+002 -0.296774792192910E+000  0.424158376024798E+000 -0.107536384819057E+002 -0.849732379857591E+001
  0.319929686109565E+000  0.158766761895681E+002  0.178300372432774E+002  0.583785309451852E+002 -0.193408609177873E+000  0.397416076995047E+000 -0.107536384819057E+002 -0.849506335220122E+001
  0.319929686109565E+000  0.158732620540686E+002  0.828362346257216E+001  0.637344956511939E+002 -0.435460724608909E+000  0.535250655834428E+000 -0.107536384819057E+002 -0.849335628445148E+001
  0.319929686109565E+000  0.158437070618867E+002 -0.254298274482850E+001  0.588535635071107E+002 -0.639887680711186E-001  0.385224574407528E+000 -0.107536384819057E+002 -0.847857878836055E+001
  0.319929686109565E+000  0.158288261643532E+002  0.550138265589631E+001  0.661496884453466E+002 -0.386702978400305E+000  0.397901362532029E+000 -0.107536384819057E+002 -0.847113833959378E+001
  0.319929686109565E+000  0.158248087272919E+002 -0.488178524002982E+001  0.626225575928231E+002 -0.897741525237694E-001  0.193957420855510E+000 -0.107536384819057E+002 -0.846912962106312E+001
  0.319929686109565E+000  0.158126666063179E+002  0.101128612148699E+002  0.703028899344913E+002 -0.456455445632792E+000  0.451337817170359E+000 -0.107536384819057E+002 -0.846305856057616E+001
  0.319929686109565E+000  0.158125490919146E+002  0.132076792644643E+001  0.608927531849070E+002 -0.118760030876950E+000  0.246246188009468E+000 -0.107536384819057E+002 -0.846299980337447E+001
  0.319929686109565E+000  0.158104230936985E+002 -0.184740005199261E+002  0.705967643279340E+002 -0.395452126396729E+000  0.380278660516811E+000 -0.107536384819057E+002 -0.846193680426646E+001
  0.319929686109565E+000  0.157853225340446E+002 -0.124503443980147E+002  0.646432695441428E+002 -0.253835126946725E+000  0.277297418893070E+000 -0.107536384819057E+002 -0.844938652443951E+001
  0.319929686109565E+000  0.157722620238778E+002 -0.427141689360332E+001  0.582238108818214E+002 -0.576749000530403E-001  0.369981525846179E+000 -0.107536384819057E+002 -0.844285626935607E+001
  0.319929686109565E+000  0.157652026050404E+002 -0.152867642927670E+002  0.703538763125216E+002 -0.489598186910805E+000  0.495292040841631E+000 -0.107536384819057E+002 -0.843932655993740E+001
  0.319929686109565E+000  0.157581394394265E+002  0.552348589962670E+001  0.606549431306004E+002 -0.218334076276405E-001  0.331518642426632E+000 -0.107536384819057E+002 -0.843579497713044E+001
  0.319929686109565E+000  0.157558997367669E+002 -0.905935059301810E+001  0.715436491189516E+002 -0.339920529569522E+000  0.364837480089530E+000 -0.107536384819057E+002 -0.843467512580066E+001
  0.319929686109565E+000  0.157552477983450E+002 -0.426072649569502E+001  0.599591801794466E+002 -0.723836112214706E-001  0.253136006097280E+000 -0.107536384819057E+002 -0.843434915658970E+001
  0.319929686109565E+000  0.157524656502961E+002  0.146595549278596E+002  0.680872514560174E+002 -0.413679903211934E+000  0.412407520898533E+000 -0.107536384819057E+002 -0.843295808256521E+001
  0.319929686109565E+000  0.157502816452608E+002  0.190284223155861E+002  0.634583458403797E+002 -0.150402874368798E+000  0.215067814050800E+000 -0.107536384819057E+002 -0.843186608004758E+001
  0.319929686109565E+000  0.157468702475849E+002  0.346420705997580E+001  0.621018009683460E+002 -0.302401326574160E-001  0.302935157086790E+000 -0.107536384819057E+002 -0.843016038120962E+001
  0.319929686109565E+000  0.157298783770345E+002 -0.170889486576063E+002  0.647565908677726E+002 -0.718646603131641E-001  0.246237752449730E+000 -0.107536384819057E+002 -0.842166444593445E+001
  0.319929686109565E+000  0.157283785006171E+002 -0.715129825916384E+001  0.655188849014637E+002 -0.179106262489990E+000  0.211627042083538E+000 -0.107536384819057E+002 -0.842091450772575E+001
  0.319929686109565E+000  0.157052591645064E+002 -0.135053334502956E+002  0.625131910879142E+002 -0.668347762582815E-001  0.329967174754096E+000 -0.107536384819057E+002 -0.840935483967040E+001
  0.319929686109565E+000  0.156860827912995E+002 -0.732202155930098E+001  0.631194394312151E+002 -0.123023862355677E+000  0.207709910770236E+000 -0.107536384819057E+002 -0.839976665306694E+001
  0.319929686109565E+000  0.156679565848458E+002 -0.154286818767532E+002  0.699836275257953E+002 -0.400843216302411E+000  0.389971241116661E+000 -0.107536384819057E+002 -0.839070354984008E+001
  0.319929686109565E+000  0.156592546323127E+002 -0.378533784093673E+000  0.582158517470013E+002 -0.759609484390646E-001  0.359094773117520E+000 -0.107536384819057E+002 -0.838635257357354E+001
  0.319929686109565E+000  0.156591012170785E+002  0.112488463735465E+002  0.647342673844251E+002 -0.281957483980871E+000  0.452190957812709E+000 -0.107536384819057E+002 -0.838627586595642E+001
  0.319929686109565E+000  0.156536142663506E+002 -0.189003232362655E+002  0.721538559046019E+002 -0.390874342381906E+000  0.418226365871663E+000 -0.107536384819057E+002 -0.838353239059247E+001
  0.319929686109565E+000  0.156223133413449E+002  0.335311930507043E+001  0.641166861243550E+002 -0.951345350532142E-001  0.193360198419131E+000 -0.107536384819057E+002 -0.836788192808962E+001
  0.319929686109565E+000  0.155998682287250E+002 -0.505060688590971E+001  0.667406530812326E+002 -0.318929349903386E+000  0.455460592509816E+000 -0.107536384819057E+002 -0.835665937177967E+001
  0.319929686109565E+000  0.155935302122095E+002  0.945025171649872E+001  0.597371078010628E+002 -0.567618539621857E-001  0.266557467917280E+000 -0.107536384819057E+002 -0.835349036352192E+001
  0.319929686109565E+000  0.155789744382814E+002  0.218899575120454E+001  0.703133926538706E+002 -0.351364727680178E+000  0.344548065941837E+000 -0.107536384819057E+002 -0.834621247655789E+001
  0.319929686109565E+000  0.155739020334201E+002 -0.330551240968283E+001  0.643664352682790E+002 -0.742704049532910E-001  0.259896724655552E+000 -0.107536384819057E+002 -0.834367627412722E+001
  0.319929686109565E+000  0.155712235993854E+002  0.311832296284985E+001  0.667166379517882E+002 -0.296635572710465E+000  0.300444878936776E+000 -0.107536384819057E+002 -0.834233705710988E+001
  0.319929686109565E+000  0.155631782530465E+002  0.236191231016191E+001  0.707781683001425E+002 -0.328500020327002E+000  0.338330681186847E+000 -0.107536384819057E+002 -0.833831438394042E+001
  0.319929686109565E+000  0.155593504073774E+002 -0.196653113729269E+001  0.613580799344410E+002 -0.253624896990554E-001  0.302825974462589E+000 -0.107536384819057E+002 -0.833640046110587E+001
  0.319929686109565E+000  0.155473573406060E+002  0.176474535566063E+002  0.619356123927848E+002 -0.197334803008500E+000  0.285758602937264E+000 -0.107536384819057E+002 -0.833040392772019E+001
  0.319929686109565E+000  0.155298433144120E+002 -0.166315240361927E+002  0.597367365612598E+002 -0.173333140637637E-001  0.315229909978369E+000 -0.107536384819057E+002 -0.832164691462318E+001
  0.319929686109565E+000  0.155292916855699E+002  0.418776185780338E+001  0.634242104070488E+002 -0.585852746510751E-001  0.275641603420588E+000 -0.107536384819057E+002 -0.832137110020211E+001
  0.319929686109565E+000  0.155156054013487E+002 -0.809461079321931E+001  0.625353201882814E+002 -0.941111399337951E-001  0.213781306902900E+000 -0.107536384819057E+002 -0.831452795809156E+001
  0.319929686109565E+000  0.154998385713513E+002  0.140959824900605E+002  0.603411888508144E+002 -0.130213006764990E+000  0.283485195698518E+000 -0.107536384819057E+002 -0.830664454309284E+001
  0.319929686109565E+000  0.154926049077262E+002 -0.782091205668172E+001  0.603851440619343E+002 -0.107802184302065E+000  0.270408588076709E+000 -0.107536384819057E+002 -0.830302771128027E+001
  0.319929686109565E+000  0.154785168351728E+002  0.974398685437263E+001  0.612634295354615E+002 -0.223095126946220E+000  0.326509029814447E+000 -0.107536384819057E+002 -0.829598367500361E+001
  0.319929686109565E+000  0.154397492427529E+002 -0.975658456891309E+001  0.669655918674918E+002 -0.183790226794106E+000  0.232609440164950E+000 -0.107536384819057E+002 -0.827659987879364E+001
  0.319929686109565E+000  0.154354720980443E+002  0.708523234931125E+001  0.645450338917680E+002 -0.134331165289530E+000  0.333463991493073E+000 -0.107536384819057E+002 -0.827446130643935E+001
  0.319929686109565E+000  0.154283794231444E+002  0.754352431230256E+001  0.615131634875180E+002 -0.123202706346776E+000  0.251019120655943E+000 -0.107536384819057E+002 -0.827091496898937E+001
  0.319929686109565E+000  0.154172106009683E+002  0.842912511852234E+001  0.610698081891596E+002 -0.187317797805169E+000  0.422592264953165E+000 -0.107536384819057E+002 -0.826533055790133E+001
  0.319929686109565E+000  0.154071397701620E+002 -0.712603472043085E+001  0.629561703341792E+002 -0.994896728734402E-001  0.336955330433948E+000 -0.107536384819057E+002 -0.826029514249820E+001
  0.319929686109565E+000  0.153944843939892E+002 -0.101840248323318E+002  0.721764629879681E+002 -0.444908740235425E+000  0.469086942105638E+000 -0.107536384819057E+002 -0.825396745441180E+001
  0.319929686109565E+000  0.153931658991212E+002 -0.984562061047340E+001  0.718593260349137E+002 -0.440686153067271E+000  0.450363221991548E+000 -0.107536384819057E+002 -0.825330820697776E+001
  0.319929686109565E+000  0.153928429113961E+002 -0.109567379770787E+002  0.669589542978581E+002 -0.465933915626304E+000  0.544599895931138E+000 -0.107536384819057E+002 -0.825314671311522E+001
  0.319929686109565E+000  0.153718575419325E+002  0.758888552463397E+001  0.607685309752315E+002 -0.261359170803284E-001  0.270682369201829E+000 -0.107536384819057E+002 -0.824265402838343E+001
  0.319929686109565E+000  0.153542152326874E+002 -0.943138319893903E+001  0.641956979242006E+002 -0.156578476215540E+000  0.226741488322906E+000 -0.107536384819057E+002 -0.823383287376090E+001
  0.319929686109565E+000  0.153503698242268E+002  0.660489217453984E+001  0.599393981659587E+002 -0.189222921482857E+000  0.421372216728624E+000 -0.107536384819057E+002 -0.823191016953059E+001
  0.319929686109565E+000  0.153437859791731E+002  0.186586194973875E+002  0.612118112584485E+002 -0.295600265287437E-001  0.274683445685526E+000 -0.107536384819057E+002 -0.822861824700373E+001
  0.319929686109565E+000  0.153416983551111E+002 -0.135985668563691E+001  0.671957291649574E+002 -0.442493223582325E+000  0.530811730634467E+000 -0.107536384819057E+002 -0.822757443497272E+001
  0.319929686109565E+000  0.153414970752933E+002 -0.174806904046211E+002  0.703210473772403E+002 -0.319159590683608E+000  0.374224566055146E+000 -0.107536384819057E+002 -0.822747379506382E+001
  0.319929686109565E+000  0.153280369713217E+002 -0.430431043131681E+001  0.661331754921102E+002 -0.155063518715972E+000  0.229774032296882E+000 -0.107536384819057E+002 -0.822074374307803E+001
  0.319929686109565E+000  0.152940903234376E+002  0.550639770832444E+001  0.699281812525800E+002 -0.463123443597754E+000  0.474071596733739E+000 -0.107536384819057E+002 -0.820377041913599E+001
  0.319929686109565E+000  0.152930148689937E+002 -0.225875912792530E+001  0.712105094135278E+002 -0.366466920381963E+000  0.396226883499907E+000 -0.107536384819057E+002 -0.820323269191402E+001
  0.319929686109565E+000  0.152664894120947E+002  0.711218595163598E+001  0.626941970238791E+002 -0.267819317570155E+000  0.340311576454630E+000 -0.107536384819057E+002 -0.818996996346452E+001
  0.319929686109565E+000  0.152629890768678E+002  0.168938928460971E+002  0.654233708384490E+002 -0.128889729898581E+000  0.233132311223228E+000 -0.107536384819057E+002 -0.818821979585107E+001
  0.319929686109565E+000  0.152544311067037E+002  0.567653375431367E+001  0.599259161802846E+002 -0.519589568206216E-001  0.303452388925992E+000 -0.107536384819057E+002 -0.818394081076904E+001
  0.319929686109565E+000  0.152276501740712E+002  0.484774464545978E+000  0.639675882792298E+002 -0.887088019304363E-001  0.236224792175919E+000 -0.107536384819057E+002 -0.817055034445279E+001
  0.319929686109565E+000  0.151952396625718E+002  0.677649960419731E+001  0.674978043795202E+002 -0.473692883609052E+000  0.510486094658046E+000 -0.107536384819057E+002 -0.815434508870308E+001
  0.319929686109565E+000  0.151929386494799E+002 -0.174979541331112E+002  0.618322392828189E+002 -0.246502151356209E+000  0.343132726610738E+000 -0.107536384819057E+002 -0.815319458215714E+001
  0.319929686109565E+000  0.151695733805969E+002 -0.311220042095622E+001  0.647873853662487E+002 -0.227875131016880E+000  0.273427779631531E+000 -0.107536384819057E+002 -0.814151194771564E+001
  0.319929686109565E+000  0.151642127059418E+002 -0.181546194069896E+002  0.595016361898325E+002 -0.107058834819838E+000  0.334439505067307E+000 -0.107536384819057E+002 -0.813883161038810E+001
  0.319929686109565E+000  0.151586442974194E+002  0.104889490419947E+002  0.612124155003801E+002 -0.202623683851978E+000  0.323825803788137E+000 -0.107536384819057E+002 -0.813604740612690E+001
  0.319929686109565E+000  0.156422182599571E+002 -0.120575001214025E+001  0.675177381743638E+002 -0.254809344766992E+000  0.282253327775556E+000 -0.107536384819057E+002 -0.809860755101811E+001
  0.319929686109565E+000  0.156395917437806E+002 -0.817616731443778E+000  0.653155507464517E+002 -0.185883583464773E+000  0.246993578330591E+000 -0.107536384819057E+002 -0.809729429292988E+001
  0.319929686109565E+000  0.156340003303809E+002  0.192542910663892E+002  0.644748918687726E+002 -0.153183639870003E+000  0.339112799461365E+000 -0.107536384819057E+002 -0.809449858623002E+001
  0.319929686109565E+000  0.156077565878229E+002  0.182729870096143E+002  0.603457124881017E+002 -0.240368352298727E+000  0.423201573067994E+000 -0.107536384819057E+002 -0.808137671495099E+001
  0.319929686109565E+000  0.156061551347075E+002 -0.307606070669775E+001  0.665101011562340E+002 -0.264400142238574E+000  0.291294412840344E+000 -0.107536384819057E+002 -0.808057598839333E+001
  0.319929686109565E+000  0.155864272326273E+002 -0.179605023368141E+001  0.685760562499132E+002 -0.262619597163681E+000  0.340821787788115E+000 -0.107536384819057E+002 -0.807071203735322E+001
  0.319929686109565E+000  0.155820063973461E+002  0.175559916272202E+002  0.603592957649765E+002 -0.197263062594121E+000  0.410694518362757E+000 -0.107536384819057E+002 -0.806850161971259E+001
  0.319929686109565E+000  0.155659635323060E+002  0.779934603012014E+001  0.631860267069100E+002 -0.110145722297262E+000  0.245430608426255E+000 -0.107536384819057E+002 -0.806048018719257E+001
  0.319929686109565E+000  0.154501062987223E+002  0.157704950434850E+002  0.618780463396588E+002 -0.193192035323019E+000  0.403639510727476E+000 -0.107536384819057E+002 -0.800255157040072E+001
  0.319929686109565E+000  0.154338188277142E+002  0.993786083379614E+001  0.617492092513972E+002 -0.123076282406097E+000  0.351883934246120E+000 -0.107536384819057E+002 -0.799440783489669E+001
  0.319929686109565E+000  0.154299529105795E+002  0.184058442206830E+002  0.628160767725695E+002 -0.202311097706164E+000  0.297747681694305E+000 -0.107536384819057E+002 -0.799247487632931E+001
  0.319929686109565E+000  0.154250436461138E+002  0.372310109200039E+001  0.665252218975912E+002 -0.208177088201863E+000  0.272302946856533E+000 -0.107536384819057E+002 -0.799002024409649E+001
  0.319929686109565E+000  0.153782616674711E+002  0.135515020091696E+002  0.632245928088283E+002 -0.189585761609753E+000  0.284351367773300E+000 -0.107536384819057E+002 -0.796662925477509E+001
  0.319929686109565E+000  0.153751472055419E+002  0.730676837802294E+001  0.607059364736697E+002 -0.229033622632068E+000  0.388551263227463E+000 -0.107536384819057E+002 -0.796507202381050E+001
  0.319929686109565E+000  0.153615067522049E+002  0.986663999528511E+001  0.635447471519647E+002 -0.153934941283729E+000  0.264164854150595E+000 -0.107536384819057E+002 -0.795825179714200E+001
  0.319929686109565E+000  0.153583372182552E+002  0.876375215988950E+001  0.607496793545673E+002 -0.237783714447892E+000  0.403592240692650E+000 -0.107536384819057E+002 -0.795666703016714E+001
  0.319929686109565E+000  0.153348668037523E+002  0.103514139508140E+002  0.637654050122069E+002 -0.125606264028419E+000  0.271862821806130E+000 -0.107536384819057E+002 -0.794493182291571E+001
  0.319929686109565E+000  0.152742439771397E+002  0.109313438790086E+002  0.630926132652792E+002 -0.196868146681694E+000  0.388548090336474E+000 -0.107536384819057E+002 -0.791462040960943E+001
  0.319929686109565E+000  0.152625225504749E+002  0.116269581764070E+002  0.638512135304660E+002 -0.370733720077412E+000  0.482171302793775E+000 -0.107536384819057E+002 -0.790875969627699E+001
  0.319929686109565E+000  0.152564211250642E+002  0.127664891621442E+002  0.684882919290317E+002 -0.337541511935565E+000  0.360935303064930E+000 -0.107536384819057E+002 -0.790570898357169E+001
  0.319929686109565E+000  0.151852311914121E+002  0.277379892914997E+000  0.638276766362057E+002 -0.372750466075177E+000  0.476455425515088E+000 -0.107536384819057E+002 -0.787011401674562E+001
  0.319929686109565E+000  0.151671399937273E+002  0.664555972444877E+001  0.621712670334428E+002 -0.133993458847558E+000  0.302107171605610E+000 -0.107536384819057E+002 -0.786106841790323E+001
  0.319929686109565E+000  0.151472538052535E+002  0.127145185034469E+002  0.639179452554545E+002 -0.162200674882109E+000  0.281285865148387E+000 -0.107536384819057E+002 -0.785112532366631E+001
  0.319929686109565E+000  0.151323360968116E+002 -0.444670490828234E+001  0.689108242278959E+002 -0.407566267055189E+000  0.434811895199266E+000 -0.107536384819057E+002 -0.784366646944538E+001
  0.319929686109565E+000  0.151260911415712E+002  0.669862616299268E+001  0.657381289454294E+002 -0.283792460672333E+000  0.331693342710184E+000 -0.107536384819057E+002 -0.784054399182518E+001
  0.319929686109565E+000  0.150644509726836E+002  0.158140464968819E+002  0.696295908985116E+002 -0.411272083992027E+000  0.457703037260416E+000 -0.107536384819057E+002 -0.780972390738136E+001
  0.319929686109565E+000  0.150526951197761E+002  0.907985169878866E+001  0.639460838013347E+002 -0.242385719005495E+000  0.404448928429286E+000 -0.107536384819057E+002 -0.780384598092763E+001
  0.319929686109565E+000  0.150525377963574E+002  0.945214433125904E+001  0.639403562333669E+002 -0.166492216079729E+000  0.327695748586047E+000 -0.107536384819057E+002 -0.780376731921828E+001
  0.319929686109565E+000  0.150121087064937E+002 -0.291093074749117E+000  0.647140648287293E+002 -0.183158749502758E+000  0.298643288717251E+000 -0.107536384819057E+002 -0.778355277428641E+001
  0.319929686109565E+000  0.149528019096927E+002  0.153622427264772E+002  0.623999473921909E+002 -0.281907784011694E+000  0.407845259400887E+000 -0.107536384819057E+002 -0.775389937588593E+001
  0.319929686109565E+000  0.149092427992722E+002  0.182880232023984E+002  0.624208775631992E+002 -0.225276065308597E+000  0.392897086250112E+000 -0.107536384819057E+002 -0.773211982067567E+001
  0.319929686109565E+000  0.148096150530551E+002  0.139854128634927E+002  0.626134869350073E+002 -0.246408618660634E+000  0.376965221392310E+000 -0.107536384819057E+002 -0.768230594756712E+001
  0.319929686109565E+000  0.147702663788243E+002 -0.148708858964050E+001  0.681659715148316E+002 -0.394611214639502E+000  0.454318520014574E+000 -0.107536384819057E+002 -0.766263161045170E+001
  0.319929686109565E+000  0.147280631898258E+002  0.462478413147204E+001  0.657857469239048E+002 -0.250058203541199E+000  0.357886200227860E+000 -0.107536384819057E+002 -0.764153001595247E+001
  0.319929686109565E+000  0.146894545271325E+002  0.139940882833235E+002  0.637446878336965E+002 -0.249470990266290E+000  0.390460193068529E+000 -0.107536384819057E+002 -0.762222568460582E+001
  0.319929686109565E+000  0.146652472304791E+002  0.501151010125165E+001  0.634372094311009E+002 -0.275578657100653E+000  0.393577423767680E+000 -0.107536384819057E+002 -0.761012203627911E+001
  0.319929686109565E+000  0.146305154366099E+002 -0.299110243101415E+001  0.635632616459300E+002 -0.264364346937900E+000  0.391085409127029E+000 -0.107536384819057E+002 -0.759275613934451E+001
  0.319929686109565E+000  0.146087231382344E+002  0.225394908780457E+001  0.666578702506153E+002 -0.304623184372085E+000  0.379597801015535E+000 -0.107536384819057E+002 -0.758185999015674E+001
  0.319929686109565E+000  0.145913811110085E+002  0.963643575068961E+001  0.644231665222371E+002 -0.284042060445549E+000  0.404839743476554E+000 -0.107536384819057E+002 -0.757318897654379E+001
  0.319929686109565E+000  0.145866524316883E+002  0.498878098353685E+001  0.654737909663762E+002 -0.345934599592261E+000  0.437435739467707E+000 -0.107536384819057E+002 -0.757082463688372E+001
  0.319929686109565E+000  0.145499794502880E+002  0.595620728765907E+001  0.654161439232578E+002 -0.334798396637286E+000  0.418480668460824E+000 -0.107536384819057E+002 -0.755248814618356E+001
