  0.239134642109296E-001  0.989765915254707E+005 -0.193134413929916E+002  0.700062738329691E+002 -0.100032246521448E+001  0.100023006465126E+001 -0.107536384819057E+002 -0.494887236324191E+005
  0.239134642109296E-001  0.989677560334928E+005 -0.193105669843010E+002  0.698991803849932E+002 -0.100015756975719E+001  0.100011233941564E+001 -0.107536384819057E+002 -0.494842455724362E+005
  0.239134642109296E-001  0.989729683039805E+005 -0.193139580932808E+002  0.699141412363919E+002 -0.100021824768038E+001  0.100015564888164E+001 -0.107536384819057E+002 -0.494869120216740E+005
  0.239134642109296E-001  0.989738819866536E+005 -0.193147999319689E+002  0.697627810069311E+002 -0.100016991807387E+001  0.100012115935296E+001 -0.107536384819057E+002 -0.494873688630105E+005
  0.239134642109296E-001  0.989693097587886E+005 -0.193029940626566E+002  0.699613942247157E+002 -0.100017573321537E+001  0.100012529924568E+001 -0.107536384819057E+002 -0.494850827490780E+005
  0.239134642109296E-001  0.989771412413330E+005 -0.192971067327297E+002  0.703817819210461E+002 -0.100050389097361E+001  0.100035980709272E+001 -0.107536384819057E+002 -0.494899758898985E+005
  0.239134642109296E-001  0.989771152365788E+005 -0.193071054812465E+002  0.702578372812228E+002 -0.100028988604538E+001  0.100020680750012E+001 -0.107536384819057E+002 -0.494899628875214E+005
  0.239134642109296E-001  0.989742997348167E+005 -0.193041315869317E+002  0.699769204079177E+002 -0.100035101536299E+001  0.100025042574146E+001 -0.107536384819057E+002 -0.494875777370921E+005
  0.239134642109296E-001  0.989752947033259E+005 -0.193062047753255E+002  0.699916388225011E+002 -0.100034788317938E+001  0.100024817807515E+001 -0.107536384819057E+002 -0.494880752213467E+005
  0.239134642109296E-001  0.989752940100241E+005 -0.193089865760459E+002  0.701073736339885E+002 -0.100039090705959E+001  0.100027897702570E+001 -0.107536384819057E+002 -0.494890522742440E+005
  0.239134642109296E-001  0.989756732701243E+005 -0.193030605096837E+002  0.703621378948969E+002 -0.100015321922391E+001  0.100010924460069E+001 -0.107536384819057E+002 -0.494892419042941E+005
  0.239134642109296E-001  0.989689656188033E+005 -0.193100874325674E+002  0.698910195581526E+002 -0.100018415973133E+001  0.100013131051118E+001 -0.107536384819057E+002 -0.494848503650915E+005
  0.239134642109296E-001  0.989687548563905E+005 -0.193050389183794E+002  0.699594732655948E+002 -0.100010463486943E+001  0.100007457366643E+001 -0.107536384819057E+002 -0.494847449838851E+005
  0.239134642109296E-001  0.989684947140554E+005 -0.193024569895029E+002  0.700154933385351E+002 -0.100016870400802E+001  0.100012027108402E+001 -0.107536384819057E+002 -0.494846149127175E+005
  0.239134642109296E-001  0.989682992888338E+005 -0.193082073748109E+002  0.699583573369136E+002 -0.100016486533404E+001  0.100011754797707E+001 -0.107536384819057E+002 -0.494845172001067E+005
  0.239134642109296E-001  0.989682156879265E+005 -0.193059335256397E+002  0.698383077728319E+002 -0.100010652988671E+001  0.100007593492947E+001 -0.107536384819057E+002 -0.494844753996530E+005
  0.239134642109296E-001  0.989678581599075E+005 -0.193043772351527E+002  0.699069260309603E+002 -0.100011913091202E+001  0.100008492053920E+001 -0.107536384819057E+002 -0.494842966356436E+005
  0.239134642109296E-001  0.989678297613749E+005 -0.193001063788381E+002  0.699990733745778E+002 -0.100008811380035E+001  0.100006279743250E+001 -0.107536384819057E+002 -0.494842824363773E+005
  0.239134642109296E-001  0.989670366527998E+005 -0.193097283092653E+002  0.699080296159225E+002 -0.100013745120159E+001  0.100009797784499E+001 -0.107536384819057E+002 -0.494838858820897E+005
  0.239134642109296E-001  0.989663315628146E+005 -0.193064107011595E+002  0.699516746263384E+002 -0.100010760411623E+001  0.100007669920337E+001 -0.107536384819057E+002 -0.494835333370971E+005
  0.239134642109296E-001  0.989658849041513E+005 -0.193067833570284E+002  0.699884385741569E+002 -0.100011041270268E+001  0.100007869644334E+001 -0.107536384819057E+002 -0.494833100077655E+005
  0.239134642109296E-001  0.989658213850582E+005 -0.193175032796360E+002  0.696845206949461E+002 -0.100006024102772E+001  0.100004293136384E+001 -0.107536384819057E+002 -0.494832782482189E+005
  0.239134642109296E-001  0.989657880113592E+005 -0.193075505853432E+002  0.699434125022203E+002 -0.100009833969668E+001  0.100007009432848E+001 -0.107536384819057E+002 -0.494832615613694E+005
  0.239134642109296E-001  0.989648771978061E+005 -0.193214044665035E+002  0.695945352478684E+002 -0.100003152865352E+001  0.100002246500252E+001 -0.107536384819057E+002 -0.494828061545929E+005
  0.239134642109296E-001  0.989647125374081E+005 -0.193053663842255E+002  0.699741281310898E+002 -0.100006047741183E+001  0.100004309615892E+001 -0.107536384819057E+002 -0.494827238243939E+005
  0.239134642109296E-001  0.989653276504904E+005 -0.193122771106228E+002  0.696994270753169E+002 -0.100003056706669E+001  0.100002178070405E+001 -0.107536384819057E+002 -0.494826638252452E+005
  0.239134642109296E-001  0.989646014640230E+005 -0.193124663219725E+002  0.697551702923695E+002 -0.100002991835530E+001  0.100002131841120E+001 -0.107536384819057E+002 -0.494823007320115E+005
  0.239134642109296E-001  0.989645450032393E+005 -0.193123854932301E+002  0.697584528257047E+002 -0.100002780590343E+001  0.100001981292427E+001 -0.107536384819057E+002 -0.494822725016197E+005
