  0.468165692178266E-001  0.989733495170951E+005 -0.192859238154524E+002  0.705884372887138E+002 -0.100032763369094E+001  0.100023372491695E+001 -0.107536384819057E+002 -0.494866747585476E+005
  0.468165692178266E-001  0.989736152856354E+005 -0.192930730674155E+002  0.705629387229431E+002 -0.100031385123651E+001  0.100022391643311E+001 -0.107536384819057E+002 -0.494868076428177E+005
  0.468165692178266E-001  0.989815794533081E+005 -0.192874230139515E+002  0.703765874132381E+002 -0.100051743081865E+001  0.100036946318862E+001 -0.107536384819057E+002 -0.494920775806972E+005
  0.468165692178266E-001  0.989731217576752E+005 -0.192868498378842E+002  0.704776411733691E+002 -0.100020353207385E+001  0.100014514912028E+001 -0.107536384819057E+002 -0.494877723944606E+005
  0.468165692178266E-001  0.989775122821276E+005 -0.193002040986459E+002  0.699532003965936E+002 -0.100039596187005E+001  0.100028255350400E+001 -0.107536384819057E+002 -0.494900439951070E+005
  0.468165692178266E-001  0.989723824830863E+005 -0.192909759088001E+002  0.705980083803134E+002 -0.100035189580413E+001  0.100025109082033E+001 -0.107536384819057E+002 -0.494874027571662E+005
  0.468165692178266E-001  0.989773500669565E+005 -0.193071054812465E+002  0.702578372812228E+002 -0.100028988604538E+001  0.100020680750012E+001 -0.107536384819057E+002 -0.494899628875214E+005
  0.468165692178266E-001  0.989771035168101E+005 -0.192777429227740E+002  0.706433653610521E+002 -0.100035717769887E+001  0.100025483538464E+001 -0.107536384819057E+002 -0.494898396124482E+005
  0.468165692178266E-001  0.989737606464611E+005 -0.192921264161622E+002  0.705848919986053E+002 -0.100031192798172E+001  0.100022254573325E+001 -0.107536384819057E+002 -0.494868803232306E+005
  0.468165692178266E-001  0.989725948848288E+005 -0.193060378036859E+002  0.700449985284580E+002 -0.100036679671620E+001  0.100026174259842E+001 -0.107536384819057E+002 -0.494875089580374E+005
  0.468165692178266E-001  0.989760267251445E+005 -0.193085993702726E+002  0.702779845722678E+002 -0.100023036695236E+001  0.100016427134319E+001 -0.107536384819057E+002 -0.494893012166154E+005
  0.468165692178266E-001  0.989732815861675E+005 -0.192956101151183E+002  0.702456969632595E+002 -0.100037999045227E+001  0.100027118205701E+001 -0.107536384819057E+002 -0.494878523087068E+005
  0.468165692178266E-001  0.989723361496790E+005 -0.192971056943174E+002  0.703557637510703E+002 -0.100035733750492E+001  0.100025497965364E+001 -0.107536384819057E+002 -0.494873795904625E+005
  0.468165692178266E-001  0.989754589211306E+005 -0.193113501977901E+002  0.698713525810293E+002 -0.100045519371756E+001  0.100032489361567E+001 -0.107536384819057E+002 -0.494890173146084E+005
  0.468165692178266E-001  0.989748917424601E+005 -0.192919326776193E+002  0.702446925051589E+002 -0.100029941166879E+001  0.100021360956329E+001 -0.107536384819057E+002 -0.494886573868531E+005
  0.468165692178266E-001  0.989748336119698E+005 -0.192922605299266E+002  0.705532883675627E+002 -0.100044312280673E+001  0.100031625927733E+001 -0.107536384819057E+002 -0.494886283216079E+005
  0.468165692178266E-001  0.989733087039862E+005 -0.192928915046338E+002  0.703199980970897E+002 -0.100038109758879E+001  0.100027196999648E+001 -0.107536384819057E+002 -0.494878658676161E+005
  0.468165692178266E-001  0.989723652132159E+005 -0.192815388228169E+002  0.706195373488721E+002 -0.100030050612001E+001  0.100021435411058E+001 -0.107536384819057E+002 -0.494873941222310E+005
  0.468165692178266E-001  0.989742363433127E+005 -0.192964630257004E+002  0.701035866425191E+002 -0.100032924241935E+001  0.100023487691957E+001 -0.107536384819057E+002 -0.494883296872794E+005
  0.468165692178266E-001  0.989735318305580E+005 -0.192847989467040E+002  0.706003149371493E+002 -0.100039949043798E+001  0.100028507067012E+001 -0.107536384819057E+002 -0.494879774309020E+005
  0.468165692178266E-001  0.989736694998734E+005 -0.192995620382316E+002  0.701857838184260E+002 -0.100041445209022E+001  0.100029581569344E+001 -0.107536384819057E+002 -0.494880462655597E+005
  0.468165692178266E-001  0.989736020578720E+005 -0.192905477590501E+002  0.705255155503102E+002 -0.100037379498526E+001  0.100026673739636E+001 -0.107536384819057E+002 -0.494880125445590E+005
  0.468165692178266E-001  0.989691489018327E+005 -0.192862988258820E+002  0.705807572028528E+002 -0.100014056714733E+001  0.100010019729645E+001 -0.107536384819057E+002 -0.494845744509163E+005
  0.468165692178266E-001  0.989690537791002E+005 -0.192876740787433E+002  0.705770245461483E+002 -0.100019122024084E+001  0.100013635447734E+001 -0.107536384819057E+002 -0.494845268895501E+005
  0.468165692178266E-001  0.989689431494550E+005 -0.192912586145146E+002  0.705756770727441E+002 -0.100015215744761E+001  0.100010846474881E+001 -0.107536384819057E+002 -0.494844715747275E+005
  0.468165692178266E-001  0.989688909865314E+005 -0.192935045394449E+002  0.705685595138889E+002 -0.100014104260931E+001  0.100010054826383E+001 -0.107536384819057E+002 -0.494844454932657E+005
  0.468165692178266E-001  0.989687654824448E+005 -0.192912612551927E+002  0.705718322371194E+002 -0.100018040288124E+001  0.100012863058101E+001 -0.107536384819057E+002 -0.494843827412224E+005
  0.468165692178266E-001  0.989685703004541E+005 -0.192836860690078E+002  0.706243307835527E+002 -0.100016103400552E+001  0.100011479873931E+001 -0.107536384819057E+002 -0.494842851502271E+005
  0.468165692178266E-001  0.989684539251796E+005 -0.192931405491969E+002  0.705477530692684E+002 -0.100015166542995E+001  0.100010812655036E+001 -0.107536384819057E+002 -0.494842269625898E+005
  0.468165692178266E-001  0.989683951733096E+005 -0.192892446613087E+002  0.705435608412098E+002 -0.100016008108063E+001  0.100011413495049E+001 -0.107536384819057E+002 -0.494841975866548E+005
  0.468165692178266E-001  0.989683431563121E+005 -0.192873422591243E+002  0.705953031794507E+002 -0.100017235649597E+001  0.100012289278367E+001 -0.107536384819057E+002 -0.494841715781560E+005
  0.468165692178266E-001  0.989682776431406E+005 -0.192907153800860E+002  0.705787749112561E+002 -0.100015061316131E+001  0.100010737979392E+001 -0.107536384819057E+002 -0.494841388215703E+005
  0.468165692178266E-001  0.989682015057771E+005 -0.192844652727088E+002  0.705978651360552E+002 -0.100015325555257E+001  0.100010925155678E+001 -0.107536384819057E+002 -0.494841007528886E+005
  0.468165692178266E-001  0.989680851071673E+005 -0.192870976675510E+002  0.705769498274941E+002 -0.100017174438939E+001  0.100012245301103E+001 -0.107536384819057E+002 -0.494840425535836E+005
  0.468165692178266E-001  0.989680364786424E+005 -0.192867945165229E+002  0.706180102121924E+002 -0.100017446013477E+001  0.100012437728564E+001 -0.107536384819057E+002 -0.494840182393212E+005
  0.468165692178266E-001  0.989679390986920E+005 -0.192898470291617E+002  0.705784657133312E+002 -0.100016786680732E+001  0.100011968602911E+001 -0.107536384819057E+002 -0.494839695493460E+005
  0.468165692178266E-001  0.989679115189017E+005 -0.192937444542864E+002  0.705654275948467E+002 -0.100012270338512E+001  0.100008746874458E+001 -0.107536384819057E+002 -0.494839557594509E+005
  0.468165692178266E-001  0.989672834677381E+005 -0.192861998199301E+002  0.706159540369023E+002 -0.100014071596326E+001  0.100010030837338E+001 -0.107536384819057E+002 -0.494836417338691E+005
  0.468165692178266E-001  0.989660827353001E+005 -0.192867944706313E+002  0.706197888792467E+002 -0.100010786765139E+001  0.100007688233764E+001 -0.107536384819057E+002 -0.494830413676500E+005
  0.468165692178266E-001  0.989651415976518E+005 -0.192850184101282E+002  0.706106061016967E+002 -0.100007173188193E+001  0.100005111867907E+001 -0.107536384819057E+002 -0.494825707988259E+005
  0.468165692178266E-001  0.989648736381796E+005 -0.192853288718565E+002  0.706366424219593E+002 -0.100007393685021E+001  0.100005269066066E+001 -0.107536384819057E+002 -0.494824368190898E+005
