  0.119847634617771E-001  0.989783739441874E+005 -0.192942464048878E+002  0.705547937279734E+002 -0.100056246029184E+001  0.100040163107884E+001 -0.107536384819057E+002 -0.494910445432784E+005
  0.119847634617771E-001  0.989729720470845E+005 -0.192978746845269E+002  0.702839126991271E+002 -0.100041265229741E+001  0.100029453901920E+001 -0.107536384819057E+002 -0.494882672563069E+005
  0.119847634617771E-001  0.989804400190249E+005 -0.192874230139515E+002  0.703765874132381E+002 -0.100051743081865E+001  0.100036946318862E+001 -0.107536384819057E+002 -0.494920775806972E+005
  0.119847634617771E-001  0.989739635170451E+005 -0.193039926453130E+002  0.704109947865049E+002 -0.100014611635054E+001  0.100010417414080E+001 -0.107536384819057E+002 -0.494888393297073E+005
  0.119847634617771E-001  0.989763728478445E+005 -0.193002040986459E+002  0.699532003965936E+002 -0.100039596187005E+001  0.100028255350400E+001 -0.107536384819057E+002 -0.494900439951070E+005
  0.119847634617771E-001  0.989762366374275E+005 -0.192971067327297E+002  0.703817819210461E+002 -0.100050389097361E+001  0.100035980709272E+001 -0.107536384819057E+002 -0.494899758898985E+005
  0.119847634617771E-001  0.989762106326733E+005 -0.193071054812465E+002  0.702578372812228E+002 -0.100028988604538E+001  0.100020680750012E+001 -0.107536384819057E+002 -0.494899628875214E+005
  0.119847634617771E-001  0.989759640825269E+005 -0.192777429227740E+002  0.706433653610521E+002 -0.100035717769887E+001  0.100025483538464E+001 -0.107536384819057E+002 -0.494898396124482E+005
  0.119847634617771E-001  0.989757125031182E+005 -0.192947112171847E+002  0.704874233412610E+002 -0.100049035334630E+001  0.100035002842841E+001 -0.107536384819057E+002 -0.494897138227438E+005
  0.119847634617771E-001  0.989730962083067E+005 -0.192923298139351E+002  0.707048037958320E+002 -0.100026817695410E+001  0.100019125562279E+001 -0.107536384819057E+002 -0.494883293369180E+005
  0.119847634617771E-001  0.989748872908613E+005 -0.193085993702726E+002  0.702779845722678E+002 -0.100023036695236E+001  0.100016427134319E+001 -0.107536384819057E+002 -0.494893012166154E+005
  0.119847634617771E-001  0.989747686662188E+005 -0.193030605096837E+002  0.703621378948969E+002 -0.100015321922391E+001  0.100010924460069E+001 -0.107536384819057E+002 -0.494892419042941E+005
  0.119847634617771E-001  0.989743894061185E+005 -0.193089865760459E+002  0.701073736339885E+002 -0.100039090705959E+001  0.100027897702570E+001 -0.107536384819057E+002 -0.494890522742440E+005
  0.119847634617771E-001  0.989743194868474E+005 -0.193113501977901E+002  0.698713525810293E+002 -0.100045519371756E+001  0.100032489361567E+001 -0.107536384819057E+002 -0.494890173146084E+005
  0.119847634617771E-001  0.989737523081769E+005 -0.192919326776193E+002  0.702446925051589E+002 -0.100029941166879E+001  0.100021360956329E+001 -0.107536384819057E+002 -0.494886573868531E+005
  0.119847634617771E-001  0.989736941776866E+005 -0.192922605299266E+002  0.705532883675627E+002 -0.100044312280673E+001  0.100031625927733E+001 -0.107536384819057E+002 -0.494886283216079E+005
  0.119847634617771E-001  0.989733745324571E+005 -0.192976593041584E+002  0.702735604995762E+002 -0.100029262327134E+001  0.100020876833994E+001 -0.107536384819057E+002 -0.494884684989932E+005
  0.119847634617771E-001  0.989732200880903E+005 -0.192970968150560E+002  0.702180419952456E+002 -0.100030539539472E+001  0.100021782507546E+001 -0.107536384819057E+002 -0.494883912768098E+005
  0.119847634617771E-001  0.989730969090295E+005 -0.192964630257004E+002  0.701035866425191E+002 -0.100032924241935E+001  0.100023487691957E+001 -0.107536384819057E+002 -0.494883296872794E+005
  0.119847634617771E-001  0.989726950205482E+005 -0.192934835478884E+002  0.704107085902031E+002 -0.100040925530638E+001  0.100029204089929E+001 -0.107536384819057E+002 -0.494881287430387E+005
  0.119847634617771E-001  0.989725300655902E+005 -0.192995620382316E+002  0.701857838184260E+002 -0.100041445209022E+001  0.100029581569344E+001 -0.107536384819057E+002 -0.494880462655597E+005
  0.119847634617771E-001  0.989724626235888E+005 -0.192905477590501E+002  0.705255155503102E+002 -0.100037379498526E+001  0.100026673739636E+001 -0.107536384819057E+002 -0.494880125445590E+005
  0.119847634617771E-001  0.989723923962748E+005 -0.192847989467040E+002  0.706003149371493E+002 -0.100039949043798E+001  0.100028507067012E+001 -0.107536384819057E+002 -0.494879774309020E+005
  0.119847634617771E-001  0.989722696458177E+005 -0.192995930314953E+002  0.702282674116854E+002 -0.100037496765877E+001  0.100026753320841E+001 -0.107536384819057E+002 -0.494879160556735E+005
  0.119847634617771E-001  0.989721692697030E+005 -0.192928915046338E+002  0.703199980970897E+002 -0.100038109758879E+001  0.100027196999648E+001 -0.107536384819057E+002 -0.494878658676161E+005
  0.119847634617771E-001  0.989721421518843E+005 -0.192956101151183E+002  0.702456969632595E+002 -0.100037999045227E+001  0.100027118205701E+001 -0.107536384819057E+002 -0.494878523087068E+005
  0.119847634617771E-001  0.989719823233920E+005 -0.192868498378842E+002  0.704776411733691E+002 -0.100020353207385E+001  0.100014514912028E+001 -0.107536384819057E+002 -0.494877723944606E+005
  0.119847634617771E-001  0.989719407466505E+005 -0.192894269791877E+002  0.705251412583356E+002 -0.100037958750355E+001  0.100027088032950E+001 -0.107536384819057E+002 -0.494877516060899E+005
  0.119847634617771E-001  0.989718095450764E+005 -0.193017363609113E+002  0.701201591174406E+002 -0.100037347911056E+001  0.100026648797468E+001 -0.107536384819057E+002 -0.494876860053028E+005
  0.119847634617771E-001  0.989714554505456E+005 -0.193060378036859E+002  0.700449985284580E+002 -0.100036679671620E+001  0.100026174259842E+001 -0.107536384819057E+002 -0.494875089580374E+005
  0.119847634617771E-001  0.989712430488031E+005 -0.192909759088001E+002  0.705980083803134E+002 -0.100035189580413E+001  0.100025109082033E+001 -0.107536384819057E+002 -0.494874027571662E+005
  0.119847634617771E-001  0.989712257789327E+005 -0.192815388228169E+002  0.706195373488721E+002 -0.100030050612001E+001  0.100021435411058E+001 -0.107536384819057E+002 -0.494873941222310E+005
  0.119847634617771E-001  0.989711967153958E+005 -0.192971056943174E+002  0.703557637510703E+002 -0.100035733750492E+001  0.100025497965364E+001 -0.107536384819057E+002 -0.494873795904625E+005
  0.119847634617771E-001  0.989728394117199E+005 -0.192819535318287E+002  0.707108966111254E+002 -0.100028286577104E+001  0.100020175884747E+001 -0.107536384819057E+002 -0.494864197058600E+005
  0.119847634617771E-001  0.989699893200892E+005 -0.192824441758793E+002  0.707293532544629E+002 -0.100022969745258E+001  0.100016381376139E+001 -0.107536384819057E+002 -0.494849946600446E+005
  0.119847634617771E-001  0.989697732918096E+005 -0.192825710805798E+002  0.707114074001115E+002 -0.100019386035904E+001  0.100013823225674E+001 -0.107536384819057E+002 -0.494848866459048E+005
  0.119847634617771E-001  0.989692442647548E+005 -0.192884092597196E+002  0.706902601973477E+002 -0.100014752220301E+001  0.100010517564204E+001 -0.107536384819057E+002 -0.494846221323774E+005
  0.119847634617771E-001  0.989691383895858E+005 -0.192853481633752E+002  0.707358090373206E+002 -0.100020369157430E+001  0.100014525403601E+001 -0.107536384819057E+002 -0.494845691947929E+005
  0.119847634617771E-001  0.989691109662241E+005 -0.192844102687410E+002  0.707497334029201E+002 -0.100017580913823E+001  0.100012533670596E+001 -0.107536384819057E+002 -0.494845554831121E+005
  0.119847634617771E-001  0.989690448822539E+005 -0.192910102665206E+002  0.706616831410124E+002 -0.100015577702047E+001  0.100011106130292E+001 -0.107536384819057E+002 -0.494845224411270E+005
  0.119847634617771E-001  0.989689295551480E+005 -0.192836751671221E+002  0.706984120717344E+002 -0.100019667942394E+001  0.100014024949974E+001 -0.107536384819057E+002 -0.494844647775740E+005
  0.119847634617771E-001  0.989689229117375E+005 -0.192798933179875E+002  0.707714024507590E+002 -0.100018741874944E+001  0.100013363922359E+001 -0.107536384819057E+002 -0.494844614558687E+005
  0.119847634617771E-001  0.989679035898980E+005 -0.192837530162420E+002  0.707048768443978E+002 -0.100017212209949E+001  0.100012272349292E+001 -0.107536384819057E+002 -0.494839517949490E+005
  0.119847634617771E-001  0.989677266619969E+005 -0.192853442836636E+002  0.706958665188042E+002 -0.100016222882833E+001  0.100011566579318E+001 -0.107536384819057E+002 -0.494838633309984E+005
