 -0.192962667558330E+002  0.703609045528061E+002 -0.100012028318571E+001  0.100008573625020E+001 -0.107536384819057E+002 -0.494835368222599E+005 -0.494835368222599E+005
 -0.192958215764848E+002  0.703980852640057E+002 -0.100012520176234E+001  0.100008924856231E+001 -0.107536384819057E+002 -0.494840338005959E+005 -0.494840338005959E+005
 -0.192972354626316E+002  0.703474814562428E+002 -0.100013645629450E+001  0.100009727009449E+001 -0.107536384819057E+002 -0.494836813230790E+005 -0.494836813230790E+005
 -0.192924438027118E+002  0.703268782357411E+002 -0.100011941118699E+001  0.100008511239158E+001 -0.107536384819057E+002 -0.494837702184020E+005 -0.494837702184020E+005
 -0.192991709975550E+002  0.703136220564932E+002 -0.100010026155654E+001  0.100007145709093E+001 -0.107536384819057E+002 -0.494833944873208E+005 -0.494833944873208E+005
 -0.193013058305939E+002  0.703308251153688E+002 -0.100011418632740E+001  0.100008139381879E+001 -0.107536384819057E+002 -0.494841168872455E+005 -0.494841168872455E+005
 -0.192948064079608E+002  0.704380033557514E+002 -0.100014254325662E+001  0.100010161903441E+001 -0.107536384819057E+002 -0.494838009071328E+005 -0.494838009071328E+005
 -0.192951620344881E+002  0.703819878301270E+002 -0.100010811250570E+001  0.100007706349327E+001 -0.107536384819057E+002 -0.494830988236423E+005 -0.494830988236423E+005
 -0.192982064368699E+002  0.704038527925723E+002 -0.100011565927313E+001  0.100008243731749E+001 -0.107536384819057E+002 -0.494837785983724E+005 -0.494837785983724E+005
 -0.192973893291459E+002  0.704095139910123E+002 -0.100012224113628E+001  0.100008713267652E+001 -0.107536384819057E+002 -0.494840505079345E+005 -0.494840505079345E+005
 -0.192962934233734E+002  0.703809057742342E+002 -0.100013166081490E+001  0.100009384931816E+001 -0.107536384819057E+002 -0.494834970140047E+005 -0.494834970140047E+005
 -0.193024999604550E+002  0.702930792244766E+002 -0.100011539243643E+001  0.100008225403366E+001 -0.107536384819057E+002 -0.494841675119361E+005 -0.494841675119361E+005
