 -0.192759704219338E+002  0.709890382166650E+002 -0.100003234972569E+001  0.100002305116004E+001 -0.107536384819057E+002 -0.494816884291878E+005 -0.494816884291878E+005
 -0.192769537565369E+002  0.709965943790195E+002 -0.100002367221778E+001  0.100001686653682E+001 -0.107536384819057E+002 -0.494815803205557E+005 -0.494815803205557E+005
 -0.192751612472274E+002  0.709894318929733E+002 -0.100002753917770E+001  0.100001962209755E+001 -0.107536384819057E+002 -0.494816792475517E+005 -0.494816792475517E+005
 -0.192766818790560E+002  0.709950597566915E+002 -0.100002345147710E+001  0.100001670929098E+001 -0.107536384819057E+002 -0.494816111887236E+005 -0.494816111887236E+005
 -0.192760934215065E+002  0.709965201619261E+002 -0.100002256191113E+001  0.100001607542343E+001 -0.107536384819057E+002 -0.494815993600918E+005 -0.494815993600918E+005
 -0.192762476565296E+002  0.709920069713455E+002 -0.100002971585052E+001  0.100002117416965E+001 -0.107536384819057E+002 -0.494817161931641E+005 -0.494817161931641E+005
 -0.192768805990951E+002  0.709904507719804E+002 -0.100001587144937E+001  0.100001130805359E+001 -0.107536384819057E+002 -0.494817215447722E+005 -0.494817215447722E+005
 -0.192764157211900E+002  0.709985868623580E+002 -0.100002544001078E+001  0.100001812622284E+001 -0.107536384819057E+002 -0.494815844568027E+005 -0.494815844568027E+005
 -0.192758445346576E+002  0.709839886540561E+002 -0.100003282871369E+001  0.100002339241740E+001 -0.107536384819057E+002 -0.494817193182249E+005 -0.494817193182249E+005
 -0.192773397827850E+002  0.709836504202581E+002 -0.100003268025141E+001  0.100002328659105E+001 -0.107536384819057E+002 -0.494817684615893E+005 -0.494817684615893E+005
 -0.192760972328255E+002  0.709903554570591E+002 -0.100003061183019E+001  0.100002181160319E+001 -0.107536384819057E+002 -0.494816538489524E+005 -0.494816538489524E+005
 -0.192761954536406E+002  0.709946909692654E+002 -0.100002740387436E+001  0.100001952560915E+001 -0.107536384819057E+002 -0.494816067627475E+005 -0.494816067627475E+005
