  0.988131291682493E-323  0.100502547385716E+006 -0.190636725137868E+002  0.795115620465254E+002 -0.106662033340714E+001  0.106088355801328E+001 -0.107536384819057E+002 -0.502506462970552E+005
  0.197626258336499E-322  0.100500929187244E+006 -0.189433213259674E+002  0.811881395366891E+002 -0.104387458381807E+001  0.103689621378801E+001 -0.107536384819057E+002 -0.502498371978192E+005
  0.348810345963920E-320  0.100490718664079E+006 -0.190935192885283E+002  0.788539622063800E+002 -0.106513324936743E+001  0.105925186542988E+001 -0.107536384819057E+002 -0.502447319362366E+005
  0.720100678813617E-319  0.100484665014717E+006 -0.189860541097227E+002  0.836849739938003E+002 -0.104385093832124E+001  0.103683452014447E+001 -0.107536384819057E+002 -0.502417051115553E+005
  0.527123578204484E-318  0.100480683730842E+006 -0.190379191938173E+002  0.805146133674309E+002 -0.105711089018673E+001  0.105088962900383E+001 -0.107536384819057E+002 -0.502397144696178E+005
  0.165338080249481E-317  0.100478299874840E+006 -0.188686677620101E+002  0.857387897521644E+002 -0.105483399035056E+001  0.104806283557485E+001 -0.107536384819057E+002 -0.502385225416169E+005
  0.432189259608605E-316  0.100471677704960E+006 -0.190034398580579E+002  0.804318864212038E+002 -0.105209422589237E+001  0.104566234647907E+001 -0.107536384819057E+002 -0.502352114566769E+005
  0.181810495677277E-315  0.100468804332016E+006 -0.190096661635639E+002  0.814662825968298E+002 -0.106206642689306E+001  0.105581013478735E+001 -0.107536384819057E+002 -0.502337747702052E+005
  0.653750058795520E-315  0.100466244811640E+006 -0.190824859565600E+002  0.787260341499203E+002 -0.106493961020691E+001  0.105917797319774E+001 -0.107536384819057E+002 -0.502324950100168E+005
  0.136315857897633E-314  0.100464775142313E+006 -0.190531459626151E+002  0.803580273353278E+002 -0.106122197716882E+001  0.105512541531024E+001 -0.107536384819057E+002 -0.502317601753535E+005
  0.593690789190734E-314  0.100461832374415E+006 -0.190743149994677E+002  0.774655029190674E+002 -0.105887299549209E+001  0.105230672604531E+001 -0.107536384819057E+002 -0.502302887914046E+005
  0.266807613737418E-313  0.100458774914809E+006 -0.189725509334246E+002  0.808417926311030E+002 -0.104114326331922E+001  0.103416310511190E+001 -0.107536384819057E+002 -0.502287600616014E+005
  0.446237446145753E-313  0.100457694317136E+006 -0.189834922528032E+002  0.798928693818580E+002 -0.104941592627542E+001  0.104252486831683E+001 -0.107536384819057E+002 -0.502282197627651E+005
  0.420053183684241E-311  0.100448604916504E+006 -0.188819101814427E+002  0.841433322606176E+002 -0.104849881433460E+001  0.104158917819640E+001 -0.107536384819057E+002 -0.502236750624488E+005
  0.510513945236636E-311  0.100448214843258E+006 -0.189834911082000E+002  0.817165868467112E+002 -0.105820364755714E+001  0.105155575440293E+001 -0.107536384819057E+002 -0.502234800258258E+005
  0.683122045290026E-311  0.100447632332098E+006 -0.190788024899009E+002  0.784730109619399E+002 -0.106070343659391E+001  0.105467915785265E+001 -0.107536384819057E+002 -0.502231887702462E+005
  0.589695944509719E-310  0.100443264953114E+006 -0.191541929199387E+002  0.772183237495291E+002 -0.105178055640293E+001  0.104477062785196E+001 -0.107536384819057E+002 -0.502210050807541E+005
  0.342314405811903E-308  0.100435086025840E+006 -0.190624287842148E+002  0.818635355848263E+002 -0.103669859791086E+001  0.103027762798322E+001 -0.107536384819057E+002 -0.502169156171170E+005
  0.580032922603394E-308  0.100434031315370E+006 -0.191690967025719E+002  0.772203047029454E+002 -0.105172629877666E+001  0.104505003204927E+001 -0.107536384819057E+002 -0.502163882618819E+005
  0.117024727442743E-307  0.100432627544398E+006 -0.190897254522087E+002  0.771069275007771E+002 -0.104050416936659E+001  0.103350689422419E+001 -0.107536384819057E+002 -0.502156863763958E+005
  0.721734692115885E-306  0.100424324123584E+006 -0.191203180179125E+002  0.778080614742499E+002 -0.104318682366478E+001  0.103610222551413E+001 -0.107536384819057E+002 -0.502115346659889E+005
  0.152752376582340E-304  0.100418219462117E+006 -0.190761533573958E+002  0.778119735625587E+002 -0.105810371271930E+001  0.105145056092954E+001 -0.107536384819057E+002 -0.502084823352553E+005
  0.170055378212093E-302  0.100408732966464E+006 -0.189401168102313E+002  0.823312346157927E+002 -0.105131519981382E+001  0.104445873987348E+001 -0.107536384819057E+002 -0.502037390874290E+005
  0.343127084603022E-302  0.100407329012965E+006 -0.191190583856572E+002  0.778316140463113E+002 -0.105779087511520E+001  0.105110752905133E+001 -0.107536384819057E+002 -0.502030371106796E+005
  0.155608660482701E-301  0.100404305356017E+006 -0.190163111788416E+002  0.789207842847974E+002 -0.104162915662151E+001  0.103467085843946E+001 -0.107536384819057E+002 -0.502015252822054E+005
  0.543493679281355E-301  0.100401738428755E+006 -0.189626343691086E+002  0.845614402779893E+002 -0.104343937301447E+001  0.103650594442080E+001 -0.107536384819057E+002 -0.502002418185745E+005
  0.139269315636088E-300  0.100399790895915E+006 -0.190683942593554E+002  0.794148419710541E+002 -0.105507669376319E+001  0.104869391504917E+001 -0.107536384819057E+002 -0.501992680521544E+005
  0.109734721702080E-299  0.100395662413227E+006 -0.189267720383555E+002  0.841792234467206E+002 -0.105430514036070E+001  0.104752843745103E+001 -0.107536384819057E+002 -0.501972038108103E+005
  0.451245335145459E-298  0.100388229352361E+006 -0.190360822838535E+002  0.795074903909246E+002 -0.105903986575567E+001  0.105268881250534E+001 -0.107536384819057E+002 -0.501934872803776E+005
  0.166074250827708E-296  0.100380814598980E+006 -0.190511858752451E+002  0.785624105181850E+002 -0.104446917778866E+001  0.103738247909818E+001 -0.107536384819057E+002 -0.501897799036868E+005
  0.739861345209919E-295  0.100373221373164E+006 -0.191296329082972E+002  0.775371087532209E+002 -0.104160205121920E+001  0.103459376713522E+001 -0.107536384819057E+002 -0.501859832907790E+005
  0.291441093463592E-292  0.100361135729642E+006 -0.191311230426629E+002  0.771615096132217E+002 -0.105514075613023E+001  0.104828655396730E+001 -0.107536384819057E+002 -0.501799404690182E+005
  0.385205194785411E-291  0.100355843605892E+006 -0.191507780143080E+002  0.768507749980817E+002 -0.104199144355510E+001  0.103554670224263E+001 -0.107536384819057E+002 -0.501772944071429E+005
  0.908304944628276E-291  0.100354064500498E+006 -0.189417504163890E+002  0.830572331490918E+002 -0.104619692233991E+001  0.103914834011864E+001 -0.107536384819057E+002 -0.501764048544460E+005
  0.299982303605756E-286  0.100332847165016E+006 -0.190453511057374E+002  0.797010543375605E+002 -0.105038633011567E+001  0.104384704724928E+001 -0.107536384819057E+002 -0.501657961867052E+005
  0.179110449754916E-282  0.100315302002853E+006 -0.188774511759767E+002  0.847718633160571E+002 -0.104600928182033E+001  0.103919780593262E+001 -0.107536384819057E+002 -0.501570236056234E+005
  0.461129201056873E-282  0.100313410651627E+006 -0.191431475986772E+002  0.770215101711372E+002 -0.105227810823630E+001  0.104535609435558E+001 -0.107536384819057E+002 -0.501560779300104E+005
  0.720723132111027E-282  0.100312517498043E+006 -0.191343919101555E+002  0.776452319625536E+002 -0.105325850787662E+001  0.104659997034300E+001 -0.107536384819057E+002 -0.501556313532185E+005
  0.108317422478480E-280  0.100306992248294E+006 -0.190178275634221E+002  0.809231622469701E+002 -0.105161787955132E+001  0.104469569788398E+001 -0.107536384819057E+002 -0.501528687283438E+005
  0.150497708369286E-280  0.100306282533633E+006 -0.190268465078298E+002  0.818109338263218E+002 -0.104717833804101E+001  0.104044892361326E+001 -0.107536384819057E+002 -0.501525138710135E+005
  0.589138354418790E-280  0.100303501156268E+006 -0.189962342634814E+002  0.815821693914479E+002 -0.103389806585789E+001  0.102787522201719E+001 -0.107536384819057E+002 -0.501511231823312E+005
  0.114102468112878E-279  0.100302127163440E+006 -0.190775715241134E+002  0.786249243411434E+002 -0.105105826320293E+001  0.104406794153040E+001 -0.107536384819057E+002 -0.501504361859172E+005
  0.290370095118668E-278  0.100295501902617E+006 -0.190691354552734E+002  0.802367440136502E+002 -0.104701693312237E+001  0.104009597899847E+001 -0.107536384819057E+002 -0.501471235555056E+005
  0.103949283004837E-275  0.100283643318096E+006 -0.189083843182118E+002  0.845549842372670E+002 -0.104736537079668E+001  0.104066592551422E+001 -0.107536384819057E+002 -0.501411942632451E+005
  0.221758755633041E-275  0.100282127944120E+006 -0.190373693383934E+002  0.791031618083307E+002 -0.104500409124937E+001  0.103843242975737E+001 -0.107536384819057E+002 -0.501404365762572E+005
  0.229780793012792E-275  0.100282056872769E+006 -0.190079778746723E+002  0.826918054335849E+002 -0.104282492200218E+001  0.103598509404014E+001 -0.107536384819057E+002 -0.501404010405813E+005
  0.133999324594724E-274  0.100278479649009E+006 -0.188777120208051E+002  0.861646462072829E+002 -0.104710231472934E+001  0.104028580844477E+001 -0.107536384819057E+002 -0.501386124287013E+005
  0.104643049977084E-273  0.100274318402657E+006 -0.189815759734214E+002  0.820643590650965E+002 -0.104965746962433E+001  0.104299395938297E+001 -0.107536384819057E+002 -0.501365318055253E+005
  0.167593823568611E-273  0.100273376426056E+006 -0.188668515334113E+002  0.841238798377072E+002 -0.103538561378775E+001  0.102894706436822E+001 -0.107536384819057E+002 -0.501360608172248E+005
  0.564949143263598E-273  0.100270946041296E+006 -0.189272165730415E+002  0.856200498233432E+002 -0.103884710352530E+001  0.103213004861667E+001 -0.107536384819057E+002 -0.501348456248448E+005
  0.123204776312668E-271  0.100264676189249E+006 -0.189212232863402E+002  0.848470517275973E+002 -0.103200114276385E+001  0.102570060812067E+001 -0.107536384819057E+002 -0.501317106988213E+005
  0.498102435426818E-271  0.100261830322415E+006 -0.189447813939672E+002  0.833056827732909E+002 -0.104072797705140E+001  0.103425824055420E+001 -0.107536384819057E+002 -0.501302877654046E+005
  0.121976198894196E-269  0.100255381990700E+006 -0.189961143811125E+002  0.816953659695046E+002 -0.102951280064765E+001  0.102345433113529E+001 -0.107536384819057E+002 -0.501270635995470E+005
  0.451382228920613E-268  0.100248007871580E+006 -0.190990291590710E+002  0.770886448206606E+002 -0.104558304841657E+001  0.103900680759534E+001 -0.107536384819057E+002 -0.501233765399869E+005
  0.277307671460447E-267  0.100244377075149E+006 -0.189824630190885E+002  0.807737314560007E+002 -0.104651687482306E+001  0.103975893952411E+001 -0.107536384819057E+002 -0.501215611417716E+005
  0.707699264496234E-266  0.100237847486110E+006 -0.191202778233187E+002  0.787198406334431E+002 -0.104216091051524E+001  0.103538374959996E+001 -0.107536384819057E+002 -0.501182963472519E+005
  0.217227833521809E-263  0.100226245904626E+006 -0.189887220542841E+002  0.815336930079990E+002 -0.104689923931874E+001  0.103995193331379E+001 -0.107536384819057E+002 -0.501124955565098E+005
  0.241248660620477E-261  0.100216730545232E+006 -0.189785802030571E+002  0.811746725238786E+002 -0.104472533742963E+001  0.103781970346830E+001 -0.107536384819057E+002 -0.501077378768132E+005
  0.264613671555324E-261  0.100216545659771E+006 -0.190494347809707E+002  0.815422397077229E+002 -0.103695792899834E+001  0.103049280624346E+001 -0.107536384819057E+002 -0.501076454340825E+005
  0.476007921496619E-260  0.100210766162431E+006 -0.190877130944871E+002  0.806244966250370E+002 -0.102989869168699E+001  0.102403551364368E+001 -0.107536384819057E+002 -0.501047556854127E+005
  0.331651802910450E-259  0.100206786109645E+006 -0.189374030665793E+002  0.812401916082086E+002 -0.103384280641143E+001  0.102762938261024E+001 -0.107536384819057E+002 -0.501027656590193E+005
  0.108964209460110E-258  0.100204311815675E+006 -0.189899891474713E+002  0.833572109003199E+002 -0.103935180071623E+001  0.103275499011312E+001 -0.107536384819057E+002 -0.501015285120347E+005
  0.194657903047352E-257  0.100198499136095E+006 -0.191152083860300E+002  0.783085909147439E+002 -0.104413971736169E+001  0.103723703855260E+001 -0.107536384819057E+002 -0.500986221722445E+005
  0.114433349649138E-256  0.100194863428118E+006 -0.189501980665539E+002  0.819547474258464E+002 -0.104234161774173E+001  0.103555275847611E+001 -0.107536384819057E+002 -0.500968043182561E+005
  0.115117177801779E-256  0.100194851512133E+006 -0.189256084689806E+002  0.827082263459693E+002 -0.102709411462981E+001  0.102136400005752E+001 -0.107536384819057E+002 -0.500967983602634E+005
  0.197011451218730E-256  0.100193729828522E+006 -0.189480825345473E+002  0.834084584806173E+002 -0.103524581564175E+001  0.102906579050554E+001 -0.107536384819057E+002 -0.500962375184580E+005
  0.262407804648357E-256  0.100193156552632E+006 -0.190967997896855E+002  0.776443594907180E+002 -0.105036526965637E+001  0.104353329642107E+001 -0.107536384819057E+002 -0.500959508805131E+005
  0.625360424020721E-256  0.100191371500805E+006 -0.189678568681221E+002  0.824286374561716E+002 -0.103219695995848E+001  0.102627577182754E+001 -0.107536384819057E+002 -0.500950583545995E+005
  0.103024728501364E-255  0.100190373048859E+006 -0.189624830352059E+002  0.824801328969816E+002 -0.104625009593314E+001  0.103947438031189E+001 -0.107536384819057E+002 -0.500945591286265E+005
  0.134815912078445E-254  0.100185229996290E+006 -0.190992183669005E+002  0.777552177286610E+002 -0.103452608194363E+001  0.102843446099557E+001 -0.107536384819057E+002 -0.500919876023418E+005
  0.303176604147141E-254  0.100183558550166E+006 -0.191432155115052E+002  0.775432484835765E+002 -0.103254758149814E+001  0.102622486706701E+001 -0.107536384819057E+002 -0.500911518792798E+005
  0.856587224374439E-253  0.100176876098653E+006 -0.189189651273719E+002  0.829377642514048E+002 -0.103993084425501E+001  0.103328185074841E+001 -0.107536384819057E+002 -0.500878106535237E+005
  0.184311609863145E-252  0.100175291634082E+006 -0.189502689753294E+002  0.840242496096892E+002 -0.104078639549843E+001  0.103420307746003E+001 -0.107536384819057E+002 -0.500870184212380E+005
  0.582557717887182E-252  0.100172938082289E+006 -0.189844214114122E+002  0.804834192388562E+002 -0.103881957450297E+001  0.103235618722939E+001 -0.107536384819057E+002 -0.500858416453416E+005
  0.210192584767083E-249  0.100161058793315E+006 -0.189725036011259E+002  0.825881064939717E+002 -0.103617020132373E+001  0.102991354058863E+001 -0.107536384819057E+002 -0.500799020008545E+005
  0.107351886232560E-248  0.100157746811685E+006 -0.189737641440251E+002  0.802998343636889E+002 -0.102671908354019E+001  0.102105776526440E+001 -0.107536384819057E+002 -0.500782460100393E+005
  0.118535385465947E-248  0.100157548612820E+006 -0.190027183266809E+002  0.818601302390365E+002 -0.103209601587280E+001  0.102580635726760E+001 -0.107536384819057E+002 -0.500781469106068E+005
  0.559740134875819E-248  0.100154392139640E+006 -0.189078542995786E+002  0.838511478313091E+002 -0.103692045226569E+001  0.103056321096571E+001 -0.107536384819057E+002 -0.500765686740168E+005
  0.948792914282396E-248  0.100153336703782E+006 -0.191540161466127E+002  0.765864061744427E+002 -0.103286217502926E+001  0.102687847488512E+001 -0.107536384819057E+002 -0.500760409560878E+005
  0.102518794975166E-246  0.100148523315741E+006 -0.190005957466276E+002  0.812858065180141E+002 -0.103880215780086E+001  0.103203099683381E+001 -0.107536384819057E+002 -0.500736342620675E+005
  0.115462777188953E-246  0.100148285511630E+006 -0.191246798290353E+002  0.772657274748240E+002 -0.104497963353371E+001  0.103804106346214E+001 -0.107536384819057E+002 -0.500735153600123E+005
  0.170103808728136E-246  0.100147510590255E+006 -0.189570084239516E+002  0.834114778658563E+002 -0.104300281454000E+001  0.103624649076955E+001 -0.107536384819057E+002 -0.500731278993246E+005
  0.370001335774097E-245  0.100141294882864E+006 -0.189627297022517E+002  0.822360951565497E+002 -0.104340218516483E+001  0.103667279760530E+001 -0.107536384819057E+002 -0.500700200456291E+005
  0.383548898136216E-245  0.100141222961861E+006 -0.189787757948039E+002  0.831279038720829E+002 -0.104089827561637E+001  0.103420473708815E+001 -0.107536384819057E+002 -0.500699840851273E+005
  0.265649575518640E-244  0.100137238052972E+006 -0.190231215724724E+002  0.818852308853194E+002 -0.103395731559983E+001  0.102780701920347E+001 -0.107536384819057E+002 -0.500679916306831E+005
  0.263740908736186E-244  0.100137196132898E+006 -0.191800239316491E+002  0.764763774465650E+002 -0.103383701561204E+001  0.102770108578365E+001 -0.107536384819057E+002 -0.500679706706461E+005
  0.956634619568125E-243  0.100130014054101E+006 -0.191140864454546E+002  0.775672257620710E+002 -0.103855864918390E+001  0.103216858333604E+001 -0.107536384819057E+002 -0.500643796312473E+005
  0.214108755128831E-242  0.100128402758781E+006 -0.190152969345435E+002  0.790343902107907E+002 -0.103645880120248E+001  0.102989798490946E+001 -0.107536384819057E+002 -0.500635739835876E+005
  0.374203980526675E-242  0.100127286124854E+006 -0.189313581738654E+002  0.825046148212238E+002 -0.103594367262826E+001  0.102942249545734E+001 -0.107536384819057E+002 -0.500630156666239E+005
  0.468421049974914E-242  0.100126836991814E+006 -0.190054995252075E+002  0.813018633164603E+002 -0.104438288600443E+001  0.103759450722556E+001 -0.107536384819057E+002 -0.500627911001042E+005
  0.227218152081688E-241  0.100123678735613E+006 -0.189683611974098E+002  0.823933320184525E+002 -0.103400634864489E+001  0.102755878821008E+001 -0.107536384819057E+002 -0.500612119720037E+005
  0.233248340680014E-241  0.100123626349319E+006 -0.191230087829638E+002  0.783033122537250E+002 -0.103857445929628E+001  0.103206860613037E+001 -0.107536384819057E+002 -0.500611857788563E+005
  0.120131393090003E-240  0.100120280411309E+006 -0.188944335150187E+002  0.852961760923445E+002 -0.103885444504618E+001  0.103220590415806E+001 -0.107536384819057E+002 -0.500595128098513E+005
  0.238827202732486E-239  0.100114233129613E+006 -0.190915446589280E+002  0.781378807172215E+002 -0.104613237435412E+001  0.103935232391807E+001 -0.107536384819057E+002 -0.500564891690034E+005
  0.683999872811196E-239  0.100112060891625E+006 -0.189329534512519E+002  0.823045868029143E+002 -0.103608857448047E+001  0.102961159271347E+001 -0.107536384819057E+002 -0.500554030500094E+005
  0.750309450936057E-239  0.100111875835643E+006 -0.189092597472284E+002  0.830784516049086E+002 -0.103444338134988E+001  0.102809343548632E+001 -0.107536384819057E+002 -0.500553105220184E+005
  0.218487923460326E-238  0.100109667992777E+006 -0.188716060075399E+002  0.848029563733224E+002 -0.103263270489509E+001  0.102656416721787E+001 -0.107536384819057E+002 -0.500542066005855E+005
  0.635734481930680E-237  0.100102598115984E+006 -0.189405115450314E+002  0.851288695932468E+002 -0.102733935565569E+001  0.102163995722335E+001 -0.107536384819057E+002 -0.500506716621891E+005
  0.642374805398320E-237  0.100102456084846E+006 -0.191033596143919E+002  0.790829308177753E+002 -0.103647531792647E+001  0.102995967224947E+001 -0.107536384819057E+002 -0.500506006466198E+005
  0.176380771503290E-235  0.100095771092167E+006 -0.189052014081990E+002  0.842905688225396E+002 -0.103293394413264E+001  0.102688273173732E+001 -0.107536384819057E+002 -0.500472581502805E+005
  0.160029111817189E-234  0.100091300794825E+006 -0.190787493556867E+002  0.770707818924888E+002 -0.103533921505654E+001  0.102910978776836E+001 -0.107536384819057E+002 -0.500450230016094E+005
  0.992332682930298E-234  0.100087591683560E+006 -0.189684073370569E+002  0.823705852342332E+002 -0.103966109287647E+001  0.103293473795153E+001 -0.107536384819057E+002 -0.500431684459768E+005
  0.246751516154163E-232  0.100081164696376E+006 -0.189474735630138E+002  0.826762980375777E+002 -0.103735319087442E+001  0.103073772103018E+001 -0.107536384819057E+002 -0.500399549523850E+005
  0.278402493060509E-226  0.100052846016036E+006 -0.189635627861308E+002  0.812284420794430E+002 -0.103334018280888E+001  0.102721207461105E+001 -0.107536384819057E+002 -0.500257956122151E+005
  0.114989312816272E-225  0.100050009303233E+006 -0.190617251286610E+002  0.795312691443463E+002 -0.103929057757530E+001  0.103257776556964E+001 -0.107536384819057E+002 -0.500243772558135E+005
  0.142744351698203E-225  0.100049576871057E+006 -0.188019304381569E+002  0.879362664651541E+002 -0.102691797393106E+001  0.102128702809680E+001 -0.107536384819057E+002 -0.500241610397255E+005
  0.283017223594345E-225  0.100048154629610E+006 -0.191762408203269E+002  0.765502551895921E+002 -0.103476577574326E+001  0.102846428349594E+001 -0.107536384819057E+002 -0.500234499190019E+005
  0.121049318027349E-224  0.100045194742344E+006 -0.190616047308822E+002  0.788020611703051E+002 -0.103878164834499E+001  0.103206257718621E+001 -0.107536384819057E+002 -0.500219699753688E+005
  0.201844697977845E-221  0.100030303294231E+006 -0.189515054292007E+002  0.822855201341089E+002 -0.103673881964661E+001  0.103025139466732E+001 -0.107536384819057E+002 -0.500145242513125E+005
  0.278473585140135E-221  0.100029606308480E+006 -0.189318441891866E+002  0.833452294184079E+002 -0.102981694440694E+001  0.102380628967111E+001 -0.107536384819057E+002 -0.500141757584372E+005
  0.415437699972896E-221  0.100028806289570E+006 -0.190021821045630E+002  0.787770412910051E+002 -0.102823921717356E+001  0.102253286123379E+001 -0.107536384819057E+002 -0.500137757489820E+005
  0.791365396835079E-219  0.100018147009501E+006 -0.188236536568279E+002  0.886362552007250E+002 -0.103029094005538E+001  0.102435949257057E+001 -0.107536384819057E+002 -0.500084461089475E+005
  0.140548146603523E-218  0.100016946307729E+006 -0.190321699347746E+002  0.798334058348868E+002 -0.102877620328374E+001  0.102285683662500E+001 -0.107536384819057E+002 -0.500078457580616E+005
  0.320014390780102E-217  0.100010695505832E+006 -0.190237083335006E+002  0.799373428369282E+002 -0.103823305753742E+001  0.103173571100047E+001 -0.107536384819057E+002 -0.500047203571132E+005
  0.908207764050939E-217  0.100008609291429E+006 -0.188077632072477E+002  0.880971132044915E+002 -0.102986070229557E+001  0.102399133350465E+001 -0.107536384819057E+002 -0.500036772499117E+005
  0.282146865593151E-216  0.100006234077665E+006 -0.187731941598094E+002  0.899722054755208E+002 -0.102415862990029E+001  0.101905117643407E+001 -0.107536384819057E+002 -0.500024896430295E+005
  0.165040070772513E-215  0.100002648049860E+006 -0.191328311130426E+002  0.776318373839638E+002 -0.103187204774672E+001  0.102567514550790E+001 -0.107536384819057E+002 -0.500006966291272E+005
  0.270590796970068E-215  0.100001605874551E+006 -0.188646857868151E+002  0.873256127992120E+002 -0.102941346663111E+001  0.102353736805575E+001 -0.107536384819057E+002 -0.500001755414723E+005
  0.645280675219807E-215  0.999998677192064E+005 -0.188468938349329E+002  0.870613076813424E+002 -0.103040879273236E+001  0.102440548409930E+001 -0.107536384819057E+002 -0.499993064638002E+005
  0.315264909050909E-214  0.999966402952940E+005 -0.189375123446472E+002  0.843809016262105E+002 -0.103100165245571E+001  0.102491710242518E+001 -0.107536384819057E+002 -0.499976927518440E+005
  0.858508557442073E-214  0.999945819305823E+005 -0.190047298008762E+002  0.816786953120022E+002 -0.103307241315513E+001  0.102677382419760E+001 -0.107536384819057E+002 -0.499966635694882E+005
  0.126418531917325E-211  0.999844894827097E+005 -0.190303955253151E+002  0.792579626700013E+002 -0.103216924685913E+001  0.102593323524381E+001 -0.107536384819057E+002 -0.499916173455519E+005
  0.425872364731062E-211  0.999820603995021E+005 -0.190321892313724E+002  0.811354592888941E+002 -0.103109193968584E+001  0.102516502420151E+001 -0.107536384819057E+002 -0.499904028039480E+005
  0.660105456669613E-211  0.999811290817196E+005 -0.189386211338944E+002  0.835121554985485E+002 -0.102216379981968E+001  0.101716323481312E+001 -0.107536384819057E+002 -0.499899371450568E+005
  0.192274305091683E-210  0.999789908646942E+005 -0.190996627680709E+002  0.763728514182181E+002 -0.102881108157779E+001  0.102316954391552E+001 -0.107536384819057E+002 -0.499888680365441E+005
  0.216251641037499E-208  0.999694891431491E+005 -0.189915749549780E+002  0.813378103234627E+002 -0.103353031552090E+001  0.102719903255231E+001 -0.107536384819057E+002 -0.499841171757716E+005
  0.804779123194702E-208  0.999668045511467E+005 -0.187938172281953E+002  0.896901578738597E+002 -0.102655253833894E+001  0.102104109037752E+001 -0.107536384819057E+002 -0.499827748797703E+005
  0.167151959311984E-207  0.999653427100086E+005 -0.190384923892322E+002  0.805029905813515E+002 -0.103476606806232E+001  0.102839080655189E+001 -0.107536384819057E+002 -0.499820439592013E+005
  0.267806231340128E-207  0.999643999892748E+005 -0.189163025467062E+002  0.848052938596233E+002 -0.102915287813490E+001  0.102342769883589E+001 -0.107536384819057E+002 -0.499815725988344E+005
  0.281223048688887E-207  0.999643022204339E+005 -0.190550638999879E+002  0.786749394134388E+002 -0.103204292369211E+001  0.102606379010265E+001 -0.107536384819057E+002 -0.499815237144140E+005
  0.309482554198003E-206  0.999595055430463E+005 -0.190195749863095E+002  0.812177037184436E+002 -0.103071900950338E+001  0.102484180062612E+001 -0.107536384819057E+002 -0.499791253757202E+005
  0.270510873661817E-204  0.999503796348880E+005 -0.190643420583561E+002  0.775794857039488E+002 -0.103336441666846E+001  0.102719750918995E+001 -0.107536384819057E+002 -0.499745624216410E+005
  0.257652775597910E-203  0.999458121576726E+005 -0.190713772460710E+002  0.785547307259955E+002 -0.103480997188403E+001  0.102837503574667E+001 -0.107536384819057E+002 -0.499722786830333E+005
  0.429243836210637E-203  0.999447316271607E+005 -0.190281173085752E+002  0.784879710282034E+002 -0.102656581349551E+001  0.102115003154632E+001 -0.107536384819057E+002 -0.499717384177773E+005
  0.782400034774447E-203  0.999434712391885E+005 -0.189695061912303E+002  0.812672877002507E+002 -0.103228643629884E+001  0.102616597649678E+001 -0.107536384819057E+002 -0.499711082237913E+005
  0.185679282639521E-202  0.999416830536055E+005 -0.190001524597844E+002  0.809771302686910E+002 -0.103235797416778E+001  0.102631667615724E+001 -0.107536384819057E+002 -0.499702141309998E+005
  0.311796143070571E-202  0.999406463962293E+005 -0.189342834679693E+002  0.829823149243273E+002 -0.102984648806335E+001  0.102403753828640E+001 -0.107536384819057E+002 -0.499696958023116E+005
  0.931057238592651E-202  0.999382792295729E+005 -0.190556898596522E+002  0.785084927598424E+002 -0.103401575069775E+001  0.102782266803413E+001 -0.107536384819057E+002 -0.499685122189835E+005
  0.501289122027395E-201  0.999348543597765E+005 -0.191012910663973E+002  0.775823483241078E+002 -0.103740294584701E+001  0.103090527623167E+001 -0.107536384819057E+002 -0.499667997840852E+005
  0.623093044338771E-201  0.999344193341125E+005 -0.190476693631549E+002  0.787578323266928E+002 -0.103286564400868E+001  0.102677798165037E+001 -0.107536384819057E+002 -0.499665822712532E+005
  0.207538426773288E-200  0.999319532166896E+005 -0.190084320444035E+002  0.807449777248019E+002 -0.103453974823560E+001  0.102819575553475E+001 -0.107536384819057E+002 -0.499653492125418E+005
  0.278278242113385E-200  0.999313666067451E+005 -0.189473769200807E+002  0.818568139662824E+002 -0.102058621127294E+001  0.101585633336618E+001 -0.107536384819057E+002 -0.499650559075695E+005
  0.413690335759744E-200  0.999305736142878E+005 -0.189205029773671E+002  0.844474872416183E+002 -0.103100583170877E+001  0.102503818529713E+001 -0.107536384819057E+002 -0.499646594113409E+005
  0.119714715224601E-199  0.999282057347348E+005 -0.189878599088508E+002  0.792444449199417E+002 -0.101442435409291E+001  0.101084845160063E+001 -0.107536384819057E+002 -0.499634754715644E+005
  0.143571403407159E-199  0.999278422928209E+005 -0.191331787095875E+002  0.771299952948002E+002 -0.103563082155854E+001  0.102924610309657E+001 -0.107536384819057E+002 -0.499632937506074E+005
  0.251265448861401E-199  0.999266632319959E+005 -0.190370633292088E+002  0.812370344392117E+002 -0.102914585792105E+001  0.102332895207377E+001 -0.107536384819057E+002 -0.499627042201950E+005
  0.313920466594542E-198  0.999214951213754E+005 -0.190037223520351E+002  0.810944274140913E+002 -0.103338618847700E+001  0.102711329004997E+001 -0.107536384819057E+002 -0.499601201648847E+005
  0.399082000229191E-197  0.999163519216209E+005 -0.191468679234802E+002  0.763343684773444E+002 -0.103547443025400E+001  0.102902634321169E+001 -0.107536384819057E+002 -0.499575485650074E+005
  0.152655839121610E-196  0.999136107382411E+005 -0.189119382313694E+002  0.861454627094107E+002 -0.102279548525207E+001  0.101783899262575E+001 -0.107536384819057E+002 -0.499561779733175E+005
  0.326459815345492E-196  0.999119761796255E+005 -0.189545057716786E+002  0.839954419923899E+002 -0.102296782929536E+001  0.101788073744537E+001 -0.107536384819057E+002 -0.499553606940098E+005
  0.599857013353892E-196  0.999107030689683E+005 -0.190975916316418E+002  0.778825330129902E+002 -0.103402755307186E+001  0.102783051944251E+001 -0.107536384819057E+002 -0.499547241386812E+005
  0.102390662880007E-195  0.999096336903625E+005 -0.189186884675444E+002  0.855627637137965E+002 -0.102429890512558E+001  0.101905178820173E+001 -0.107536384819057E+002 -0.499541894493783E+005
  0.116005505757427E-195  0.999093840061070E+005 -0.190726860230212E+002  0.794071707035006E+002 -0.103074401684234E+001  0.102469183182210E+001 -0.107536384819057E+002 -0.499540646072505E+005
  0.181405985138317E-195  0.999084898063512E+005 -0.190734402252537E+002  0.783362947638295E+002 -0.103555372370852E+001  0.102918121551302E+001 -0.107536384819057E+002 -0.499536175073726E+005
  0.385521048698107E-195  0.999068608405851E+005 -0.190771451695506E+002  0.775745018447980E+002 -0.103441404454956E+001  0.102812646682939E+001 -0.107536384819057E+002 -0.499528030244895E+005
  0.502362552093074E-195  0.999063313880215E+005 -0.189452282949660E+002  0.826311630690899E+002 -0.102393365027966E+001  0.101868636752832E+001 -0.107536384819057E+002 -0.499525382982077E+005
  0.615568927538366E-195  0.999058633950016E+005 -0.189257629521407E+002  0.859634344230791E+002 -0.102005244541856E+001  0.101551648451573E+001 -0.107536384819057E+002 -0.499523043016978E+005
  0.563017378797489E-194  0.999014366976751E+005 -0.191396329440049E+002  0.762023077666594E+002 -0.103638470583076E+001  0.102992088641921E+001 -0.107536384819057E+002 -0.499500909530346E+005
  0.260799615669017E-193  0.998981858971278E+005 -0.189942349024930E+002  0.818555272174616E+002 -0.103097820144786E+001  0.102494876924982E+001 -0.107536384819057E+002 -0.499484655527609E+005
  0.273608297397935E-193  0.998980900068165E+005 -0.189210131753111E+002  0.854192546247708E+002 -0.102216020610088E+001  0.101721239156463E+001 -0.107536384819057E+002 -0.499484176076053E+005
  0.336888974635522E-191  0.998884020113034E+005 -0.191041270952913E+002  0.764350628153089E+002 -0.102866371460085E+001  0.102280438129791E+001 -0.107536384819057E+002 -0.499435736098487E+005
  0.721948188015501E-191  0.998868160680848E+005 -0.188530034852153E+002  0.862539501476707E+002 -0.102429281038649E+001  0.101915023523872E+001 -0.107536384819057E+002 -0.499427806382394E+005
  0.937750720523359E-187  0.998677510765317E+005 -0.190488753132099E+002  0.800741806889643E+002 -0.102920127965267E+001  0.102331826419351E+001 -0.107536384819057E+002 -0.499332481424629E+005
  0.289806024797900E-186  0.998653204282680E+005 -0.190630496351847E+002  0.774366467655739E+002 -0.102456304223082E+001  0.101923973221413E+001 -0.107536384819057E+002 -0.499320328183310E+005
  0.136187129506549E-185  0.998621692801820E+005 -0.189225656790216E+002  0.834826825559894E+002 -0.102488642842470E+001  0.101967556439172E+001 -0.107536384819057E+002 -0.499304572442880E+005
  0.101542464261722E-184  0.998580400759220E+005 -0.190314453580493E+002  0.793416021961750E+002 -0.102484823846862E+001  0.101947188529089E+001 -0.107536384819057E+002 -0.499283926421580E+005
  0.835513521681743E-184  0.998537168025719E+005 -0.189867740194057E+002  0.806695057572205E+002 -0.102730812011523E+001  0.102165296289096E+001 -0.107536384819057E+002 -0.499262310054830E+005
  0.105529882758083E-183  0.998532497371262E+005 -0.187387181814770E+002  0.918028012759419E+002 -0.101688670735632E+001  0.101292565853568E+001 -0.107536384819057E+002 -0.499259974727601E+005
  0.491894409089839E-183  0.998500630628515E+005 -0.189003805801927E+002  0.845577404438672E+002 -0.102613338879662E+001  0.102064200842664E+001 -0.107536384819057E+002 -0.499244041356228E+005
  0.187324886881787E-182  0.998473353953822E+005 -0.190843326868417E+002  0.766143131289688E+002 -0.101944121249091E+001  0.101490884930611E+001 -0.107536384819057E+002 -0.499230403018881E+005
  0.109059122643525E-180  0.998391536271713E+005 -0.190575242735514E+002  0.793361025273979E+002 -0.102686354870365E+001  0.102123241173036E+001 -0.107536384819057E+002 -0.499189494177826E+005
  0.148698238667588E-180  0.998385335694438E+005 -0.190251126738090E+002  0.795213075932434E+002 -0.102992246412840E+001  0.102406281510758E+001 -0.107536384819057E+002 -0.499186393889189E+005
  0.679794300828383E-177  0.998216235184472E+005 -0.190935042321599E+002  0.774247708576387E+002 -0.103085229265020E+001  0.102481345467398E+001 -0.107536384819057E+002 -0.499101843634206E+005
  0.151983028130326E-174  0.998105439444248E+005 -0.189984893497061E+002  0.814822113363504E+002 -0.102853470011144E+001  0.102280166958317E+001 -0.107536384819057E+002 -0.499046445764094E+005
  0.877027289532112E-172  0.997975924994791E+005 -0.189072236702296E+002  0.854306130699303E+002 -0.102326361112114E+001  0.101821435352960E+001 -0.107536384819057E+002 -0.498981688539366E+005
  0.186828990024225E-171  0.997960800180975E+005 -0.188915629599831E+002  0.853320494872368E+002 -0.102180279048594E+001  0.101691818446566E+001 -0.107536384819057E+002 -0.498974126132458E+005
  0.512228999919974E-170  0.997893667669956E+005 -0.190612428163345E+002  0.794522998482547E+002 -0.102384651491670E+001  0.101863296549640E+001 -0.107536384819057E+002 -0.498940559876948E+005
  0.105173795642183E-169  0.997878829663221E+005 -0.188407339231667E+002  0.864481169836507E+002 -0.102078257132904E+001  0.101613642068588E+001 -0.107536384819057E+002 -0.498933140873580E+005
  0.124790343134010E-168  0.997827617315905E+005 -0.189429428755642E+002  0.825816320269627E+002 -0.102382669283769E+001  0.101873841756439E+001 -0.107536384819057E+002 -0.498907534699923E+005
  0.220577395051316E-167  0.997769752274720E+005 -0.190991172731461E+002  0.776504251475666E+002 -0.101940766479516E+001  0.101504970065962E+001 -0.107536384819057E+002 -0.498878602179330E+005
  0.387495916690415E-167  0.997758062072938E+005 -0.190560756720080E+002  0.785982301687959E+002 -0.102573958278803E+001  0.102027205862870E+001 -0.107536384819057E+002 -0.498872757078439E+005
  0.193282574561423E-166  0.997725087958673E+005 -0.189817817093528E+002  0.824376794434787E+002 -0.101933206763070E+001  0.101483774820954E+001 -0.107536384819057E+002 -0.498856270021306E+005
  0.241603703189648E-165  0.997674573345639E+005 -0.190774108432140E+002  0.759997433275013E+002 -0.101767999059394E+001  0.101351062491738E+001 -0.107536384819057E+002 -0.498831012714790E+005
  0.380667160007308E-165  0.997665480813563E+005 -0.189376131992160E+002  0.827794060422003E+002 -0.102251526994855E+001  0.101762172884564E+001 -0.107536384819057E+002 -0.498826466448751E+005
  0.550154631448100E-165  0.997657685209673E+005 -0.188866650094017E+002  0.858689810359794E+002 -0.102132807951167E+001  0.101660099051110E+001 -0.107536384819057E+002 -0.498822568646807E+005
  0.411024621212380E-164  0.997617034309078E+005 -0.190401902332772E+002  0.801277623988785E+002 -0.102227696193145E+001  0.101730143064478E+001 -0.107536384819057E+002 -0.498802243196509E+005
  0.107627039224722E-163  0.997597352107279E+005 -0.190174165349102E+002  0.807981217031573E+002 -0.102469374321278E+001  0.101949147358506E+001 -0.107536384819057E+002 -0.498792402095610E+005
  0.124275417344574E-163  0.997594475541276E+005 -0.189940934907867E+002  0.816490125666331E+002 -0.102584306968217E+001  0.102045321966200E+001 -0.107536384819057E+002 -0.498790963812608E+005
  0.390183496675583E-163  0.997571593202825E+005 -0.188300381872621E+002  0.862199734286123E+002 -0.101726246877539E+001  0.101318838582270E+001 -0.107536384819057E+002 -0.498779522643383E+005
  0.497872535983674E-163  0.997566718663632E+005 -0.191102000773263E+002  0.768378985694804E+002 -0.102913436025848E+001  0.102332504140485E+001 -0.107536384819057E+002 -0.498777085373786E+005
  0.292118996455121E-162  0.997530870828429E+005 -0.190848701239788E+002  0.783770745264194E+002 -0.102495181712931E+001  0.101972622569242E+001 -0.107536384819057E+002 -0.498759161456185E+005
  0.882991882498838E-162  0.997508287942742E+005 -0.188379848393699E+002  0.876076889520883E+002 -0.101630889478191E+001  0.101246268649242E+001 -0.107536384819057E+002 -0.498747870013341E+005
  0.863398119318426E-162  0.997508276954429E+005 -0.188670872521799E+002  0.869520069599974E+002 -0.101644533994254E+001  0.101257193878033E+001 -0.107536384819057E+002 -0.498747864519185E+005
  0.114329355755944E-161  0.997502201312931E+005 -0.191182336447167E+002  0.767842447691085E+002 -0.102883024941073E+001  0.102304390858242E+001 -0.107536384819057E+002 -0.498744826698436E+005
  0.200402884551902E-161  0.997490516594677E+005 -0.190822850301647E+002  0.781266465596202E+002 -0.102668726340654E+001  0.102122263708600E+001 -0.107536384819057E+002 -0.498738984339308E+005
  0.208096785116777E-161  0.997489763124248E+005 -0.191228251375141E+002  0.770042084039437E+002 -0.102821618056203E+001  0.102249836097917E+001 -0.107536384819057E+002 -0.498738607604094E+005
  0.202662103428581E-160  0.997443770076589E+005 -0.190607942955816E+002  0.777971028674395E+002 -0.102509997892417E+001  0.101977449812117E+001 -0.107536384819057E+002 -0.498715611080264E+005
  0.279198852826876E-160  0.997436891782940E+005 -0.189286530773297E+002  0.841044797884030E+002 -0.102106201766757E+001  0.101630138954128E+001 -0.107536384819057E+002 -0.498712171933440E+005
  0.338415475019447E-160  0.997433044781049E+005 -0.190548613821080E+002  0.783265653174889E+002 -0.102649375979021E+001  0.102101186252053E+001 -0.107536384819057E+002 -0.498710248432495E+005
  0.727604950452201E-160  0.997417735103173E+005 -0.189181652222157E+002  0.839322423995361E+002 -0.102255051721099E+001  0.101757713562277E+001 -0.107536384819057E+002 -0.498702593593557E+005
  0.243800482298010E-159  0.997392575759133E+005 -0.188029596679154E+002  0.883416479001500E+002 -0.101593251443002E+001  0.101214928847792E+001 -0.107536384819057E+002 -0.498690013921536E+005
  0.318578421545769E-159  0.997386743438683E+005 -0.190830560634665E+002  0.787329305360442E+002 -0.102124286931172E+001  0.101643070608766E+001 -0.107536384819057E+002 -0.498687097761312E+005
  0.507585738431612E-159  0.997377427499220E+005 -0.189715640565914E+002  0.819629320004534E+002 -0.101712134358211E+001  0.101302027856645E+001 -0.107536384819057E+002 -0.498682439791580E+005
  0.731476852309061E-159  0.997370119500491E+005 -0.189861019865439E+002  0.822612434029777E+002 -0.102007141660267E+001  0.101546234877084E+001 -0.107536384819057E+002 -0.498678785792215E+005
  0.936536168398484E-159  0.997364670693008E+005 -0.189630506128395E+002  0.818861247534979E+002 -0.101639136742476E+001  0.101242931769718E+001 -0.107536384819057E+002 -0.498676061388474E+005
  0.277559941552567E-158  0.997342435659519E+005 -0.189773303320672E+002  0.809348545438509E+002 -0.102273819090645E+001  0.101773578164202E+001 -0.107536384819057E+002 -0.498664943871729E+005
  0.708986632184822E-157  0.997277627962530E+005 -0.190607628536137E+002  0.774569452792382E+002 -0.102200111190619E+001  0.101709958527915E+001 -0.107536384819057E+002 -0.498632540023235E+005
  0.190362516031839E-156  0.997257874389440E+005 -0.190423637799733E+002  0.795054988954266E+002 -0.102312185385282E+001  0.101815210324721E+001 -0.107536384819057E+002 -0.498622663236690E+005
  0.222391837462530E-155  0.997208712475056E+005 -0.189146575662041E+002  0.843996361510774E+002 -0.102142177672395E+001  0.101667547497028E+001 -0.107536384819057E+002 -0.498598082279498E+005
  0.397618810685132E-155  0.997197091416564E+005 -0.190838683151340E+002  0.786637711600955E+002 -0.101987061170622E+001  0.101541500553166E+001 -0.107536384819057E+002 -0.498592271750252E+005
  0.426924708053572E-154  0.997149287702576E+005 -0.189946268784564E+002  0.810213053891563E+002 -0.102336229100114E+001  0.101825445201217E+001 -0.107536384819057E+002 -0.498574643851288E+005
  0.120099548225490E-152  0.997080442822594E+005 -0.188909898193808E+002  0.848736554076940E+002 -0.102064943428942E+001  0.101601052015940E+001 -0.107536384819057E+002 -0.498540221411297E+005
  0.162684257860407E-152  0.997074373016864E+005 -0.190002304616146E+002  0.815957914166291E+002 -0.101896679555911E+001  0.101454444975520E+001 -0.107536384819057E+002 -0.498537186508432E+005
  0.229758899654070E-152  0.997067468632007E+005 -0.189236194181551E+002  0.846182238434214E+002 -0.101497129008598E+001  0.101129886204221E+001 -0.107536384819057E+002 -0.498533734316004E+005
  0.265166076168270E-152  0.997064602115298E+005 -0.187831424936329E+002  0.904693797877765E+002 -0.101363163717786E+001  0.101027694907407E+001 -0.107536384819057E+002 -0.498532301057649E+005
  0.832062251836383E-152  0.997041731096743E+005 -0.189318531900428E+002  0.846728077221246E+002 -0.101847493488744E+001  0.101418593547853E+001 -0.107536384819057E+002 -0.498520865548372E+005
  0.141687313359396E-151  0.997028581825003E+005 -0.189764445217870E+002  0.810259344863523E+002 -0.102150898465302E+001  0.101675285403936E+001 -0.107536384819057E+002 -0.498514290912502E+005
  0.159037908172288E-150  0.996980219723564E+005 -0.188258995955345E+002  0.866942904127135E+002 -0.101591099037603E+001  0.101209385753075E+001 -0.107536384819057E+002 -0.498490109861782E+005
  0.210299517417212E-150  0.996974631919604E+005 -0.188184081784688E+002  0.874508995603047E+002 -0.101689201063843E+001  0.101289699071518E+001 -0.107536384819057E+002 -0.498487315959802E+005
  0.189034468642838E-148  0.996884660584199E+005 -0.190479196931682E+002  0.810263754710591E+002 -0.101102880321730E+001  0.100825150754558E+001 -0.107536384819057E+002 -0.498442330292100E+005
  0.228673435568720E-148  0.996880853272839E+005 -0.188686605668102E+002  0.857053653931700E+002 -0.101756034968551E+001  0.101341263112961E+001 -0.107536384819057E+002 -0.498440426636419E+005
  0.845801088258184E-148  0.996854693487410E+005 -0.188564445361565E+002  0.860934847223349E+002 -0.101768111080376E+001  0.101353434879455E+001 -0.107536384819057E+002 -0.498427346743705E+005
  0.554368032221684E-146  0.996771039192238E+005 -0.189176368925918E+002  0.841860577744009E+002 -0.101503006426133E+001  0.101134580981885E+001 -0.107536384819057E+002 -0.498385519596119E+005
  0.215561367263182E-144  0.996694181020350E+005 -0.189699872388456E+002  0.829888649856856E+002 -0.101988047680297E+001  0.101536312269634E+001 -0.107536384819057E+002 -0.498347090510175E+005
  0.937383750580863E-144  0.996664784078053E+005 -0.188052996869255E+002  0.886716607303654E+002 -0.101496589013836E+001  0.101135109097603E+001 -0.107536384819057E+002 -0.498332392039026E+005
  0.489902427203390E-143  0.996631710106346E+005 -0.189439931792288E+002  0.830347461169678E+002 -0.102041042356046E+001  0.101578496686489E+001 -0.107536384819057E+002 -0.498315855053173E+005
  0.341230564594654E-142  0.996592891361522E+005 -0.190042046703974E+002  0.817532585822136E+002 -0.101613410928766E+001  0.101232228914753E+001 -0.107536384819057E+002 -0.498296445680761E+005
  0.553389658436533E-141  0.996537169579891E+005 -0.189173841096564E+002  0.838169141236721E+002 -0.101764251483450E+001  0.101347635245791E+001 -0.107536384819057E+002 -0.498268584789946E+005
  0.135743358590619E-140  0.996516553177100E+005 -0.190312097513589E+002  0.810235631445576E+002 -0.101782803437856E+001  0.101368966041278E+001 -0.107536384819057E+002 -0.498258276588550E+005
  0.279996086126875E-140  0.996497046696711E+005 -0.189286401718427E+002  0.848568620991287E+002 -0.101297217847977E+001  0.100972154539403E+001 -0.107536384819057E+002 -0.498248523348356E+005
  0.151807565270666E-139  0.996463238233334E+005 -0.189596091142255E+002  0.828555752127782E+002 -0.101902562668898E+001  0.101467797717334E+001 -0.107536384819057E+002 -0.498231619116667E+005
  0.347652631715202E-135  0.996255326125102E+005 -0.188159924697523E+002  0.882202873920914E+002 -0.101056901970126E+001  0.100784429946922E+001 -0.107536384819057E+002 -0.498127663062551E+005
  0.148920993263964E-134  0.996226230180797E+005 -0.189777282064264E+002  0.810943959799687E+002 -0.101920023285151E+001  0.101480744632720E+001 -0.107536384819057E+002 -0.498113115090399E+005
  0.721000638949147E-132  0.996102582294983E+005 -0.189872169578864E+002  0.810262632596338E+002 -0.101710432687166E+001  0.101303122741551E+001 -0.107536384819057E+002 -0.498051291147492E+005
  0.221514813881170E-131  0.996080133604251E+005 -0.189022589762190E+002  0.854121543506035E+002 -0.101263208295189E+001  0.100945492864135E+001 -0.107536384819057E+002 -0.498040066802126E+005
  0.420515829997141E-126  0.995831301600357E+005 -0.189894706615428E+002  0.822531788876370E+002 -0.101626819912310E+001  0.101238483471750E+001 -0.107536384819057E+002 -0.497915650800179E+005
  0.307970485517399E-123  0.995694349769656E+005 -0.190030927642633E+002  0.813852241771274E+002 -0.101778610734407E+001  0.101363090644482E+001 -0.107536384819057E+002 -0.497847174884828E+005
  0.265487507853390E-121  0.995605215089216E+005 -0.188010750976177E+002  0.882335846477607E+002 -0.101083351888111E+001  0.100806873070117E+001 -0.107536384819057E+002 -0.497802607544608E+005
  0.353024794731902E-117  0.995410282583084E+005 -0.189587034881932E+002  0.825551017375771E+002 -0.101589874326079E+001  0.101208011777505E+001 -0.107536384819057E+002 -0.497705141291542E+005
  0.856783736948115E-117  0.995392549638218E+005 -0.189264542471177E+002  0.848017667881928E+002 -0.101203698391736E+001  0.100900502091238E+001 -0.107536384819057E+002 -0.497696274819109E+005
  0.104472233608805E-116  0.995388583220534E+005 -0.189708950511463E+002  0.828036682214881E+002 -0.101400051261184E+001  0.101054857083499E+001 -0.107536384819057E+002 -0.497694291610267E+005
  0.361719544213637E-116  0.995363744263678E+005 -0.189165404465263E+002  0.835553807083853E+002 -0.101351049778762E+001  0.101015961947290E+001 -0.107536384819057E+002 -0.497681872131839E+005
  0.340925834576341E-115  0.995318876646060E+005 -0.189916845036178E+002  0.816283076320266E+002 -0.101348004455063E+001  0.101012381229579E+001 -0.107536384819057E+002 -0.497659438323030E+005
  0.371694112448953E-112  0.995178993414922E+005 -0.189909937405749E+002  0.810697149104557E+002 -0.101611480005729E+001  0.101227466063238E+001 -0.107536384819057E+002 -0.497589496707461E+005
  0.579951121540561E-110  0.995077992559419E+005 -0.189168915058884E+002  0.842481460084748E+002 -0.101128849425060E+001  0.100840739981767E+001 -0.107536384819057E+002 -0.497538996279710E+005
  0.179086235613657E-108  0.995001281381012E+005 -0.189499723031285E+002  0.825036999796638E+002 -0.101245814817284E+001  0.100936466621955E+001 -0.107536384819057E+002 -0.497500640690506E+005
  0.120276083576370E-102  0.994732932722980E+005 -0.189836405631362E+002  0.809491714692719E+002 -0.101252490734764E+001  0.100941483098632E+001 -0.107536384819057E+002 -0.497366466361490E+005
