  0.511802122725595E-002  0.989732147165276E+005 -0.192790737583223E+002  0.711128287422823E+002 -0.100025354424784E+001  0.100018080465284E+001 -0.107536384819057E+002 -0.494887797396560E+005
  0.511802122725595E-002  0.989711745319175E+005 -0.192755226407222E+002  0.711083404659429E+002 -0.100035857321250E+001  0.100025587455429E+001 -0.107536384819057E+002 -0.494873224152425E+005
  0.511802122725595E-002  0.989772735797899E+005 -0.192733502850431E+002  0.711094094187187E+002 -0.100043407640502E+001  0.100030988361544E+001 -0.107536384819057E+002 -0.494909585198535E+005
  0.511802122725595E-002  0.989767155670906E+005 -0.192713071594564E+002  0.709601208229485E+002 -0.100049275448591E+001  0.100035174367403E+001 -0.107536384819057E+002 -0.494906795135039E+005
  0.511802122725595E-002  0.989720719567597E+005 -0.192616906521498E+002  0.712120841269800E+002 -0.100028977950935E+001  0.100020672214807E+001 -0.107536384819057E+002 -0.494882083597721E+005
  0.511802122725595E-002  0.989759595045391E+005 -0.192849051411735E+002  0.710395480597278E+002 -0.100025276573591E+001  0.100018025200880E+001 -0.107536384819057E+002 -0.494901521336618E+005
  0.511802122725595E-002  0.989749553476193E+005 -0.192693400105122E+002  0.711847442859197E+002 -0.100050680086170E+001  0.100036188571949E+001 -0.107536384819057E+002 -0.494896500552019E+005
  0.511802122725595E-002  0.989705269645147E+005 -0.192666061691203E+002  0.711674942834287E+002 -0.100033538115248E+001  0.100023926539201E+001 -0.107536384819057E+002 -0.494874358636496E+005
  0.511802122725595E-002  0.989705999208667E+005 -0.192722380583777E+002  0.711275042965166E+002 -0.100038050674291E+001  0.100027155365230E+001 -0.107536384819057E+002 -0.494874723418256E+005
  0.511802122725595E-002  0.989709721749105E+005 -0.192673734392901E+002  0.712235114673407E+002 -0.100033497810258E+001  0.100023895957131E+001 -0.107536384819057E+002 -0.494876584688475E+005
  0.511802122725595E-002  0.989711870648405E+005 -0.192812458385226E+002  0.710786768452874E+002 -0.100021481254348E+001  0.100015316458332E+001 -0.107536384819057E+002 -0.494877659138125E+005
  0.511802122725595E-002  0.989711978580591E+005 -0.192631175871023E+002  0.712257044250676E+002 -0.100028279061585E+001  0.100020173584156E+001 -0.107536384819057E+002 -0.494877713104218E+005
  0.511802122725595E-002  0.989728143201377E+005 -0.192721533499948E+002  0.710482098876202E+002 -0.100034789314959E+001  0.100024821296680E+001 -0.107536384819057E+002 -0.494885795414611E+005
  0.511802122725595E-002  0.989727590016092E+005 -0.192807160689281E+002  0.710482020518898E+002 -0.100037463412036E+001  0.100026734827555E+001 -0.107536384819057E+002 -0.494885518821969E+005
  0.511802122725595E-002  0.989713302406195E+005 -0.192622371304416E+002  0.711989322546638E+002 -0.100027333022273E+001  0.100019494645459E+001 -0.107536384819057E+002 -0.494878375017020E+005
  0.511802122725595E-002  0.989716427177560E+005 -0.192723426838085E+002  0.710711544810851E+002 -0.100038853884371E+001  0.100027725359472E+001 -0.107536384819057E+002 -0.494879937402703E+005
  0.511802122725595E-002  0.989689621127328E+005 -0.192773369877392E+002  0.710677234337648E+002 -0.100027976416711E+001  0.100019954118167E+001 -0.107536384819057E+002 -0.494862162056502E+005
  0.511802122725595E-002  0.989689343907548E+005 -0.192719559015755E+002  0.710516683387003E+002 -0.100029573019614E+001  0.100021094181978E+001 -0.107536384819057E+002 -0.494862023446612E+005
  0.511802122725595E-002  0.989684675221485E+005 -0.192751707966196E+002  0.710892000869478E+002 -0.100029045586471E+001  0.100020720178217E+001 -0.107536384819057E+002 -0.494859689103581E+005
  0.511802122725595E-002  0.989683375714627E+005 -0.192683046191240E+002  0.711316812653547E+002 -0.100024142729825E+001  0.100017217205641E+001 -0.107536384819057E+002 -0.494859039350151E+005
  0.511802122725595E-002  0.989679170027117E+005 -0.192680604047400E+002  0.711430622945995E+002 -0.100019090149536E+001  0.100013611951921E+001 -0.107536384819057E+002 -0.494856936506397E+005
  0.511802122725595E-002  0.989678713892879E+005 -0.192790166005579E+002  0.710664806334994E+002 -0.100021912079186E+001  0.100015624526441E+001 -0.107536384819057E+002 -0.494856708439278E+005
  0.511802122725595E-002  0.989678288772307E+005 -0.192745092620849E+002  0.710799162060674E+002 -0.100026547502052E+001  0.100018933184164E+001 -0.107536384819057E+002 -0.494856495878991E+005
  0.511802122725595E-002  0.989677624792066E+005 -0.192721091339563E+002  0.711265220263534E+002 -0.100027057752555E+001  0.100019297627886E+001 -0.107536384819057E+002 -0.494856163888871E+005
  0.511802122725595E-002  0.989677517794805E+005 -0.192766119666325E+002  0.710859749326829E+002 -0.100024730602418E+001  0.100017636241268E+001 -0.107536384819057E+002 -0.494856110390241E+005
  0.511802122725595E-002  0.989677170984996E+005 -0.192809158152095E+002  0.710729754428541E+002 -0.100015500681691E+001  0.100011051273813E+001 -0.107536384819057E+002 -0.494855936985336E+005
  0.511802122725595E-002  0.989674231941045E+005 -0.192767002696249E+002  0.710886898031792E+002 -0.100020253963704E+001  0.100014441729849E+001 -0.107536384819057E+002 -0.494854467463361E+005
  0.511802122725595E-002  0.989674090756267E+005 -0.192733723827686E+002  0.711096694416289E+002 -0.100026163603624E+001  0.100018659574551E+001 -0.107536384819057E+002 -0.494854396870972E+005
  0.511802122725595E-002  0.989663853360568E+005 -0.192744731407487E+002  0.710954710025878E+002 -0.100022510341308E+001  0.100016051766720E+001 -0.107536384819057E+002 -0.494849278173122E+005
  0.511802122725595E-002  0.989663404135361E+005 -0.192733675052157E+002  0.711021486627762E+002 -0.100023110485832E+001  0.100016481991165E+001 -0.107536384819057E+002 -0.494849053560518E+005
  0.511802122725595E-002  0.989662141371067E+005 -0.192721835036857E+002  0.711076323094465E+002 -0.100022714243027E+001  0.100016199124184E+001 -0.107536384819057E+002 -0.494848422178372E+005
  0.511802122725595E-002  0.989660844416401E+005 -0.192736144562960E+002  0.711042830400100E+002 -0.100015074513611E+001  0.100010746400593E+001 -0.107536384819057E+002 -0.494847773701038E+005
  0.511802122725595E-002  0.989660464599657E+005 -0.192715810113213E+002  0.711107504192770E+002 -0.100020699101298E+001  0.100014760457450E+001 -0.107536384819057E+002 -0.494847583792667E+005
  0.511802122725595E-002  0.989659035557888E+005 -0.192682573157221E+002  0.711439652236839E+002 -0.100018070835442E+001  0.100012885238787E+001 -0.107536384819057E+002 -0.494846869271782E+005
  0.511802122725595E-002  0.989658965330641E+005 -0.192752071362559E+002  0.710786141574519E+002 -0.100015592188287E+001  0.100011116877451E+001 -0.107536384819057E+002 -0.494846834158159E+005
  0.511802122725595E-002  0.989658276773409E+005 -0.192719094969510E+002  0.711044400651054E+002 -0.100019000307620E+001  0.100013547988276E+001 -0.107536384819057E+002 -0.494846489879543E+005
  0.511802122725595E-002  0.989657461072012E+005 -0.192764020973439E+002  0.710368548958012E+002 -0.100020839078761E+001  0.100014860681365E+001 -0.107536384819057E+002 -0.494846082028844E+005
  0.511802122725595E-002  0.989657365919398E+005 -0.192732941873579E+002  0.710883400995325E+002 -0.100021211707302E+001  0.100015126519073E+001 -0.107536384819057E+002 -0.494846034452537E+005
  0.511802122725595E-002  0.989657299206547E+005 -0.192761594878090E+002  0.710929629492581E+002 -0.100017415263726E+001  0.100012417481221E+001 -0.107536384819057E+002 -0.494846001096112E+005
  0.511802122725595E-002  0.989654885751872E+005 -0.192777411435882E+002  0.710857189456397E+002 -0.100014789184266E+001  0.100010543424721E+001 -0.107536384819057E+002 -0.494844794368774E+005
  0.511802122725595E-002  0.989652792401488E+005 -0.192715110575014E+002  0.711124561330262E+002 -0.100017792420954E+001  0.100012684677602E+001 -0.107536384819057E+002 -0.494843747693582E+005
  0.511802122725595E-002  0.989650981860220E+005 -0.192723247704288E+002  0.711256527690214E+002 -0.100017369843059E+001  0.100012383700060E+001 -0.107536384819057E+002 -0.494842842422948E+005
  0.511802122725595E-002  0.989650827990017E+005 -0.192759967370343E+002  0.710636635465266E+002 -0.100013927382271E+001  0.100009928103065E+001 -0.107536384819057E+002 -0.494842765487847E+005
  0.511802122725595E-002  0.989648419927038E+005 -0.192761158100820E+002  0.710483399074367E+002 -0.100017885243110E+001  0.100012751166952E+001 -0.107536384819057E+002 -0.494841561456357E+005
  0.511802122725595E-002  0.989647888485689E+005 -0.192744030903934E+002  0.710673192730692E+002 -0.100011534997585E+001  0.100008221405504E+001 -0.107536384819057E+002 -0.494841295735683E+005
  0.511802122725595E-002  0.989646161797280E+005 -0.192761249699948E+002  0.710937657663643E+002 -0.100012759584833E+001  0.100009095166725E+001 -0.107536384819057E+002 -0.494840432391478E+005
  0.511802122725595E-002  0.989644322285487E+005 -0.192753794474111E+002  0.710604041713859E+002 -0.100016422278408E+001  0.100011707578153E+001 -0.107536384819057E+002 -0.494839512635581E+005
  0.511802122725595E-002  0.989641218047562E+005 -0.192757663895018E+002  0.711320231476058E+002 -0.100004780036079E+001  0.100003406387008E+001 -0.107536384819057E+002 -0.494837960516619E+005
  0.511802122725595E-002  0.989640924205843E+005 -0.192752663400820E+002  0.710884152535914E+002 -0.100013751747907E+001  0.100009802417681E+001 -0.107536384819057E+002 -0.494837813595759E+005
  0.511802122725595E-002  0.989639015392426E+005 -0.192757778251735E+002  0.710869533808925E+002 -0.100013701440914E+001  0.100009766617482E+001 -0.107536384819057E+002 -0.494836859189051E+005
  0.511802122725595E-002  0.989637996173542E+005 -0.192782345869869E+002  0.710704222477147E+002 -0.100006511509448E+001  0.100004640447473E+001 -0.107536384819057E+002 -0.494836349579609E+005
  0.511802122725595E-002  0.989636470656925E+005 -0.192754466251153E+002  0.711135684012522E+002 -0.100009121986763E+001  0.100006501825148E+001 -0.107536384819057E+002 -0.494835586821301E+005
  0.511802122725595E-002  0.989635386344205E+005 -0.192766129795891E+002  0.710868831972997E+002 -0.100010606510488E+001  0.100007560165540E+001 -0.107536384819057E+002 -0.494835044664941E+005
  0.511802122725595E-002  0.989634381127515E+005 -0.192747368677932E+002  0.711097147992670E+002 -0.100010062505277E+001  0.100007171585156E+001 -0.107536384819057E+002 -0.494834542056596E+005
  0.511802122725595E-002  0.989634215930794E+005 -0.192722413999940E+002  0.710199507963806E+002 -0.100011798818675E+001  0.100008409770014E+001 -0.107536384819057E+002 -0.494834459458235E+005
  0.511802122725595E-002  0.989633773313934E+005 -0.192708612588338E+002  0.711419920828741E+002 -0.100012338569742E+001  0.100008795677801E+001 -0.107536384819057E+002 -0.494834238149805E+005
  0.511802122725595E-002  0.989632941207229E+005 -0.192700610453368E+002  0.711032178364946E+002 -0.100011853628155E+001  0.100008448877534E+001 -0.107536384819057E+002 -0.494833822096452E+005
  0.511802122725595E-002  0.989631635188131E+005 -0.192721363314499E+002  0.711278836686718E+002 -0.100007655479534E+001  0.100005455539414E+001 -0.107536384819057E+002 -0.494833169086903E+005
  0.511802122725595E-002  0.989630363879671E+005 -0.192715257268066E+002  0.711221532522078E+002 -0.100010855426953E+001  0.100007736981469E+001 -0.107536384819057E+002 -0.494832533432674E+005
  0.511802122725595E-002  0.989630241042507E+005 -0.192785983947968E+002  0.710180108795796E+002 -0.100009974246955E+001  0.100007108868668E+001 -0.107536384819057E+002 -0.494832472014092E+005
  0.511802122725595E-002  0.989630087489521E+005 -0.192732401572308E+002  0.710725341113918E+002 -0.100011826088309E+001  0.100008429370185E+001 -0.107536384819057E+002 -0.494832395237598E+005
  0.511802122725595E-002  0.989628934654941E+005 -0.192704808213570E+002  0.711832225193754E+002 -0.100010854358980E+001  0.100007736239921E+001 -0.107536384819057E+002 -0.494831818820308E+005
  0.511802122725595E-002  0.989627918505154E+005 -0.192696178842960E+002  0.710786035449342E+002 -0.100006654422341E+001  0.100004742148761E+001 -0.107536384819057E+002 -0.494831310745415E+005
  0.511802122725595E-002  0.989627876462068E+005 -0.192744628944701E+002  0.710693648633902E+002 -0.100011115245423E+001  0.100007922467159E+001 -0.107536384819057E+002 -0.494831289723872E+005
  0.511802122725595E-002  0.989627267351012E+005 -0.192804280356774E+002  0.710093491961279E+002 -0.100006795225257E+001  0.100004842779928E+001 -0.107536384819057E+002 -0.494830985168344E+005
  0.511802122725595E-002  0.989625957567996E+005 -0.192780147936081E+002  0.710591453157832E+002 -0.100007455313499E+001  0.100005313324935E+001 -0.107536384819057E+002 -0.494830330276836E+005
  0.511802122725595E-002  0.989625952866528E+005 -0.192739394622932E+002  0.710307098083597E+002 -0.100011094203896E+001  0.100007908007598E+001 -0.107536384819057E+002 -0.494830327926102E+005
  0.511802122725595E-002  0.989625103932680E+005 -0.192684825552813E+002  0.711575168058618E+002 -0.100008824534294E+001  0.100006289043614E+001 -0.107536384819057E+002 -0.494829903459178E+005
  0.511802122725595E-002  0.989623745997357E+005 -0.192769220601814E+002  0.711134154163663E+002 -0.100005736222378E+001  0.100004087892917E+001 -0.107536384819057E+002 -0.494829224491516E+005
  0.511802122725595E-002  0.989623150510456E+005 -0.192711726298902E+002  0.711055506222106E+002 -0.100009984188170E+001  0.100007116509581E+001 -0.107536384819057E+002 -0.494828926748066E+005
  0.511802122725595E-002  0.989620369478200E+005 -0.192766970004160E+002  0.710731902941118E+002 -0.100004847503084E+001  0.100003454440310E+001 -0.107536384819057E+002 -0.494827536231938E+005
  0.511802122725595E-002  0.989619329475386E+005 -0.192689754142429E+002  0.711271727230874E+002 -0.100007169515706E+001  0.100005109597967E+001 -0.107536384819057E+002 -0.494827016230531E+005
  0.511802122725595E-002  0.989618147144471E+005 -0.192751319975459E+002  0.709666890031641E+002 -0.100008258298353E+001  0.100005885453949E+001 -0.107536384819057E+002 -0.494826425065073E+005
  0.511802122725595E-002  0.989618022597371E+005 -0.192757019792746E+002  0.710114023193493E+002 -0.100005527323085E+001  0.100003938775372E+001 -0.107536384819057E+002 -0.494826362791523E+005
  0.511802122725595E-002  0.989616788907129E+005 -0.192688006159352E+002  0.711811995601501E+002 -0.100007632632662E+001  0.100005439812396E+001 -0.107536384819057E+002 -0.494825745946403E+005
  0.511802122725595E-002  0.989614682783966E+005 -0.192722882073445E+002  0.711504949233541E+002 -0.100006900025603E+001  0.100004917537678E+001 -0.107536384819057E+002 -0.494824692884821E+005
  0.511802122725595E-002  0.989614602566601E+005 -0.192764431728296E+002  0.710338069255852E+002 -0.100006280367212E+001  0.100004475504992E+001 -0.107536384819057E+002 -0.494824652776138E+005
