  0.142379056014565E-001  0.989753823451251E+005 -0.192786513667718E+002  0.708699348058656E+002 -0.100042707978127E+001  0.100030480001818E+001 -0.107536384819057E+002 -0.494882404787069E+005
  0.142379056014565E-001  0.989797604025307E+005 -0.192760135505767E+002  0.710777588241025E+002 -0.100053198857565E+001  0.100037985172722E+001 -0.107536384819057E+002 -0.494914265055776E+005
  0.142379056014565E-001  0.989796692450834E+005 -0.192822116094989E+002  0.708908553987893E+002 -0.100047990424617E+001  0.100034258624650E+001 -0.107536384819057E+002 -0.494903839286861E+005
  0.142379056014565E-001  0.989746376398526E+005 -0.192752779770584E+002  0.708658794659304E+002 -0.100036376719304E+001  0.100025954490563E+001 -0.107536384819057E+002 -0.494878681260707E+005
  0.142379056014565E-001  0.989723645199465E+005 -0.192740588464781E+002  0.708964608677121E+002 -0.100027366374320E+001  0.100019517700662E+001 -0.107536384819057E+002 -0.494867315661176E+005
  0.142379056014565E-001  0.989721779044481E+005 -0.192765683544153E+002  0.708703422116954E+002 -0.100028515883595E+001  0.100020338265340E+001 -0.107536384819057E+002 -0.494866382583684E+005
  0.142379056014565E-001  0.989714338622339E+005 -0.192799305303574E+002  0.708850457549884E+002 -0.100025305623942E+001  0.100018050226370E+001 -0.107536384819057E+002 -0.494862662372613E+005
  0.142379056014565E-001  0.989718338728824E+005 -0.192759486574333E+002  0.708624698443438E+002 -0.100025937260823E+001  0.100018500257904E+001 -0.107536384819057E+002 -0.494859169364412E+005
  0.142379056014565E-001  0.989718089221883E+005 -0.192762758682468E+002  0.708648314534464E+002 -0.100025442125640E+001  0.100018147133263E+001 -0.107536384819057E+002 -0.494859044610941E+005
  0.142379056014565E-001  0.989701274248964E+005 -0.192738696429926E+002  0.708582881565907E+002 -0.100015122968365E+001  0.100010780713173E+001 -0.107536384819057E+002 -0.494850637124482E+005
