  0.121296910857255E-001  0.147614118837752E+004 -0.192387954188903E+002  0.733391912209431E+002 -0.564348648355742E+000  0.271080328598673E+001  0.131386886400202E+002  0.987565687517564E+002 -0.197026140897475E+002 -0.738070594188758E+003
  0.121296910857255E-001  0.147326555719903E+004 -0.192765146639554E+002  0.726199626242653E+002 -0.641186014473808E+000  0.300219013741787E+001  0.131477496268325E+002  0.994704305590715E+002 -0.197026140897475E+002 -0.736632778599513E+003
  0.121296910857255E-001  0.147590155933736E+004 -0.192283200678142E+002  0.746286329807861E+002 -0.714085672743868E+000  0.255477733293254E+001  0.628522898645229E+001  0.307547375086603E+002 -0.197026140897475E+002 -0.740107792336135E+003
  0.121296910857255E-001  0.147979543773255E+004 -0.193312937243566E+002  0.704559349073423E+002 -0.594397806139979E+000  0.235353825627331E+001  0.854802529435991E+001  0.615562720373528E+002 -0.197026140897475E+002 -0.742054731533730E+003
  0.121296910857255E-001  0.147327646391845E+004 -0.192742997744594E+002  0.729614629793062E+002 -0.630738748554762E+000  0.271296888494657E+001  0.125401037065052E+002  0.974971065816188E+002 -0.197026140897475E+002 -0.736638231959227E+003
  0.121296910857255E-001  0.147564072276003E+004 -0.192414092949828E+002  0.745508400774034E+002 -0.784509756664057E+000  0.365049629888404E+001  0.137457834201624E+002  0.820923467043193E+002 -0.197026140897475E+002 -0.739977374047467E+003
  0.121296910857255E-001  0.148006696255855E+004 -0.192751151647381E+002  0.717721727529400E+002 -0.367447371341586E+000  0.422165654644435E+000  0.310722092423463E+001  0.690182622256526E+002 -0.197026140897475E+002 -0.742190493946728E+003
  0.121296910857255E-001  0.147766344520863E+004 -0.192697209810910E+002  0.732881310862653E+002 -0.793183805015759E+000  0.364758735971033E+001  0.108248160460416E+002  0.576083610952680E+002 -0.197026140897475E+002 -0.740988735271767E+003
  0.121296910857255E-001  0.147413808756906E+004 -0.193134488064568E+002  0.712027775212964E+002 -0.639957566441842E+000  0.287549228632178E+001  0.107833491821280E+002  0.728533498498293E+002 -0.197026140897475E+002 -0.739226056451986E+003
  0.121296910857255E-001  0.147560840657531E+004 -0.193087122006722E+002  0.714756749889118E+002 -0.419473308515021E+000  0.403293602671900E+000  0.943003798198173E+000  0.978276944070170E+002 -0.197026140897475E+002 -0.739961215955110E+003
  0.121296910857255E-001  0.147421458444580E+004 -0.192258026559174E+002  0.736107380003944E+002 -0.467888501403063E+000  0.121986288458132E+001  0.520340211324093E+001  0.521014610025704E+002 -0.197026140897475E+002 -0.739264304890352E+003
  0.121296910857255E-001  0.147550291095783E+004 -0.192252378302910E+002  0.741232969633369E+002 -0.518901870332592E+000  0.197865495850156E+001  0.667790641578402E+001  0.468986587294647E+002 -0.197026140897475E+002 -0.739908468146369E+003
  0.121296910857255E-001  0.147606787166658E+004 -0.193146449992628E+002  0.712207917367157E+002 -0.604396087493760E+000  0.235913831028025E+001  0.331689228460661E+001  0.179082103108180E+002 -0.197026140897475E+002 -0.740190948500746E+003
  0.121296910857255E-001  0.147544059714320E+004 -0.193292960992586E+002  0.701199925993047E+002 -0.384592616631421E+000  0.568559855073682E+000 -0.527018715765777E+000  0.286484264651017E+001 -0.197026140897475E+002 -0.739877311239052E+003
  0.121296910857255E-001  0.147427916187132E+004 -0.193332954000545E+002  0.701031125946744E+002 -0.387648451705809E+000  0.437680622850863E+000  0.685370182384624E-001  0.618189045185018E+002 -0.197026140897475E+002 -0.739296593603116E+003
  0.121296910857255E-001  0.147543185640712E+004 -0.192757100904406E+002  0.730311939427077E+002 -0.676625506708323E+000  0.229230747418523E+001  0.906913692067227E+001  0.677335352435147E+002 -0.197026140897475E+002 -0.739872940871015E+003
  0.121296910857255E-001  0.147542870834812E+004 -0.192554724113566E+002  0.736530228672954E+002 -0.612198189716723E+000  0.193939754907657E+001  0.667979561796985E+001  0.330341960295466E+002 -0.197026140897475E+002 -0.739871366841514E+003
  0.121296910857255E-001  0.147540830515553E+004 -0.192431743789866E+002  0.736446215320954E+002 -0.399520667773536E+000  0.402203494613990E+000 -0.934979324467921E+000 -0.734617260714424E+001 -0.197026140897475E+002 -0.739861165245221E+003
  0.121296910857255E-001  0.147533464879756E+004 -0.192393147664955E+002  0.746272014052209E+002 -0.687521302294527E+000  0.221959695045163E+001  0.613796514759067E+001  0.321517364329811E+002 -0.197026140897475E+002 -0.739824337066235E+003
  0.121296910857255E-001  0.147532622736301E+004 -0.192438394091236E+002  0.734923327874654E+002 -0.525186059045767E+000  0.234671591227486E+001  0.888523892105790E+001  0.460665833027663E+002 -0.197026140897475E+002 -0.739820126348958E+003
  0.121296910857255E-001  0.147531640768237E+004 -0.192411033409228E+002  0.746390721476654E+002 -0.767779901744699E+000  0.340768079702185E+001  0.119173718776982E+002  0.756125236215783E+002 -0.197026140897475E+002 -0.739815216508641E+003
  0.121296910857255E-001  0.147632842932563E+004 -0.192290710662331E+002  0.734725761615758E+002 -0.345985418083983E+000  0.213482805831383E+000  0.993638944159535E+000  0.715350987102057E+002 -0.197026140897475E+002 -0.740321227330269E+003
  0.121296910857255E-001  0.147469704947869E+004 -0.192768425402674E+002  0.728099344709095E+002 -0.695472145117364E+000  0.233105893800754E+001  0.280767746376068E+001  0.180400379694494E+002 -0.197026140897475E+002 -0.739505537406799E+003
  0.121296910857255E-001  0.147643138996545E+004 -0.192973528122100E+002  0.712215538611629E+002 -0.478783603629189E+000  0.161356132328494E+001  0.809544040090284E+001  0.859093896447506E+002 -0.197026140897475E+002 -0.740372707650182E+003
  0.121296910857255E-001  0.147659502742528E+004 -0.192816532121614E+002  0.729204962977506E+002 -0.789678990610587E+000  0.384764209078209E+001  0.105214651213586E+002  0.593659976053249E+002 -0.197026140897475E+002 -0.740454526380093E+003
  0.121296910857255E-001  0.147531291593442E+004 -0.192594253202885E+002  0.733079753544792E+002 -0.583032412947062E+000  0.222903813329094E+001  0.450679187863594E+001  0.236639604797844E+002 -0.197026140897475E+002 -0.739813470634663E+003
  0.121296910857255E-001  0.147438917693767E+004 -0.192607793726096E+002  0.734536274345551E+002 -0.761659293704472E+000  0.355791667095856E+001  0.925965981416811E+001  0.549277784430546E+002 -0.197026140897475E+002 -0.739351601136291E+003
  0.121296910857255E-001  0.147686977613710E+004 -0.192985857762710E+002  0.725500610633426E+002 -0.672178469189608E+000  0.212803342221426E+001  0.635216567802307E+001  0.346381725915164E+002 -0.197026140897475E+002 -0.740591900736006E+003
  0.121296910857255E-001  0.147755499510283E+004 -0.192532941419881E+002  0.735960174148179E+002 -0.706927489856077E+000  0.328287169107477E+001  0.805754362986373E+001  0.501031163411720E+002 -0.197026140897475E+002 -0.740934510218868E+003
  0.121296910857255E-001  0.147690808806344E+004 -0.191786129131939E+002  0.756265962896231E+002 -0.456338893210082E+000  0.542781612584081E+000  0.187172959814831E+001  0.701804045619626E+002 -0.197026140897475E+002 -0.740611056699174E+003
  0.121296910857255E-001  0.147527607931200E+004 -0.191703753169168E+002  0.762248646147376E+002 -0.566033241750515E+000  0.212798369437969E+001  0.978805275988876E+001  0.792077732847745E+002 -0.197026140897475E+002 -0.739795052323456E+003
  0.121296910857255E-001  0.147452887032595E+004 -0.193099472537855E+002  0.710069889081280E+002 -0.365672438156925E+000  0.425796370810093E+000  0.206633520117741E+000  0.490144570893467E+002 -0.197026140897475E+002 -0.739421447830429E+003
  0.121296910857255E-001  0.147844180371232E+004 -0.192824184758191E+002  0.725523849460165E+002 -0.674181166908765E+000  0.255898011754382E+001  0.788775605621633E+001  0.375151590921561E+002 -0.197026140897475E+002 -0.741377914523616E+003
  0.121296910857255E-001  0.147693339327824E+004 -0.192297951406651E+002  0.732555576214216E+002 -0.393750903185422E+000  0.130571581395185E+001  0.593356426611980E+001  0.321893136352831E+002 -0.197026140897475E+002 -0.740623709306576E+003
  0.121296910857255E-001  0.147734269084865E+004 -0.193105093243554E+002  0.720136598028835E+002 -0.783224301075826E+000  0.357049285817913E+001  0.979737659727654E+001  0.547904402142578E+002 -0.197026140897475E+002 -0.740828358091780E+003
  0.121296910857255E-001  0.147460623586428E+004 -0.192850971162696E+002  0.713002434079399E+002 -0.198357910460630E+000 -0.116987695273380E+001 -0.615189116967712E+001 -0.494956823785627E+001 -0.197026140897475E+002 -0.739460130599595E+003
  0.121296910857255E-001  0.147284888303261E+004 -0.192551258626707E+002  0.734853331870988E+002 -0.615161986481561E+000  0.264522345966676E+001  0.123167061342606E+002  0.987099511952631E+002 -0.197026140897475E+002 -0.736424441516303E+003
  0.121296910857255E-001  0.147279941482120E+004 -0.192797571089738E+002  0.722998984584663E+002 -0.591108220682677E+000  0.258840867774627E+001  0.128595440846814E+002  0.959585862124226E+002 -0.197026140897475E+002 -0.736399707410599E+003
