#        weight    minuslogpost               M              h0              q0              j0   minuslogprior minuslogprior__0            chi2    chi2__lnlike
 1.4841234e-204       487.81407       14.190012        42.85789     -0.34116116      0.51196709       10.753638        10.753638       954.12086       954.12086
 2.8067624e-179       429.61223       16.086371        52.40472    -0.065708699      0.07194295       10.753638        10.753638       837.71719       837.71719
 1.1225697e-100       248.21896       17.123123       49.437189     -0.37989172      0.30355691       10.753638        10.753638       474.93063       474.93063
  1.3560871e-76       192.68092       10.834827       51.608175     -0.70294024      0.67570742       10.753638        10.753638       363.85456       363.85456
  7.2736379e-72       181.79093       18.855194       41.829265     -0.20808294      0.22367046       10.753638        10.753638       342.07457       342.07457
  1.8779433e-49       130.00323       11.545947       48.651473    -0.091929259      0.43435635       10.753638        10.753638       238.49918       238.49918
  1.1133578e-42       114.24087       18.193997       50.216027    -0.099881362      0.23985536       10.753638        10.753638       206.97447       206.97447
  5.2800136e-27       77.922405        17.80379       41.642889    -0.056332905      0.40245666       10.753638        10.753638       134.33753       134.33753
  7.9163782e-27         77.5174       18.342977       42.548798   -0.0074663556      0.40271465       10.753638        10.753638       133.52752       133.52752
  5.3992334e-20        61.63888       18.190263       48.138081      -0.4789049      0.49387689       10.753638        10.753638       101.77048       101.77048
  1.0064824e-19       61.016091       10.378657       49.730694    -0.010178863      0.36934176       10.753638        10.753638        100.5249        100.5249
  9.2204692e-18       56.498541       14.595184       49.977721     -0.23265026       0.3006811       10.753638        10.753638       91.489806       91.489806
  3.3892559e-17       55.196772       19.163345       41.461195    -0.033905122      0.36159375       10.753638        10.753638       88.886266       88.886266
  4.8265181e-17       54.756245       17.749034       53.420294     -0.47890426      0.44724942       10.753638        10.753638       88.005214       88.005214
  3.8877915e-16       52.669944       17.752468        43.94831     -0.34472557      0.35029127       10.753638        10.753638       83.832612       83.832612
  1.2147795e-14       49.045731       13.748885       44.785859      -0.4900607      0.46081524       10.753638        10.753638       76.584186       76.584186
  1.5468533e-12       44.031847       18.812482       47.835058     -0.41474154      0.40090834       10.753638        10.753638       66.556417       66.556417
  1.5841265e-12       44.008036       19.334712       46.649205     -0.51733745      0.50059137       10.753638        10.753638       66.508796       66.508796
  2.2080971e-12       43.675938       12.241548       47.023101     -0.50925001      0.49888735       10.753638        10.753638         65.8446         65.8446
  8.8471828e-10       37.152172       19.124165       49.308209     -0.48961769      0.48398848       10.753638        10.753638       52.797067       52.797067
  1.6163498e-08       34.186306       13.424179       53.487366     -0.35264199       0.3674735       10.753638        10.753638       46.865335       46.865335
  2.0113642e-08       33.967663       9.6177514       52.894461     -0.21687645      0.31974527       10.753638        10.753638       46.428049       46.428049
  2.4880776e-07       31.327218       15.710761       47.565847     -0.15437547       0.3342214       10.753638        10.753638       41.147159       41.147159
  3.3352228e-07       31.034189       14.643748       42.631386     -0.16022876      0.35152335       10.753638        10.753638         40.5611         40.5611
  7.8946434e-06        27.80542       12.081508       42.444981     -0.41368138      0.44296378       10.753638        10.753638       34.103563       34.103563
  1.1807542e-05       27.402866       14.525422       53.720957     -0.32568539      0.40697438       10.753638        10.753638       33.298455       33.298455
  2.0933007e-05       26.761284       18.467931       45.859519     -0.42050867      0.41918469       10.753638        10.753638       32.015292       32.015292
  4.5442799e-05       25.986157       14.526857       42.432422     -0.33812678      0.41032311       10.753638        10.753638       30.465038       30.465038
   0.0015433828       22.386772       11.062553       57.299926     -0.23319436      0.34259585       10.753638        10.753638       23.266267       23.266267
   0.0022949746       21.846926       18.911557       44.150896     -0.25460871      0.37306404       10.753638        10.753638       22.186575       22.186575
   0.0026281221       21.711378       9.6905148       52.248239     -0.38948495      0.42596087       10.753638        10.753638       21.915479       21.915479
   0.0066790554       20.453249       17.225622       55.487754     -0.32733015       0.3995917       10.753638        10.753638        19.39922        19.39922
   0.0091608293       20.137288       18.461787       41.949721     -0.31502918      0.39425968       10.753638        10.753638         18.7673         18.7673
    0.012858198       19.626393       12.927513       52.645337     -0.25938029      0.35165847       10.753638        10.753638        17.74551        17.74551
      0.0176544       19.255323       11.380559       57.657491     -0.36620447      0.39192511       10.753638        10.753638       17.003368       17.003368
    0.019164837       19.119163       15.699226       54.235947      -0.2707456      0.35430904       10.753638        10.753638        16.73105        16.73105
    0.021337608       18.957702       18.611876       40.182189     -0.38977763      0.42078037       10.753638        10.753638       16.408127       16.408127
    0.024791671       18.702305       14.178734       55.177412     -0.39581399      0.42109685       10.753638        10.753638       15.897333       15.897333
     0.02511613       18.638009       18.884022       56.197188     -0.38391125      0.40513124       10.753638        10.753638       15.768741       15.768741
    0.026629779       18.579489         11.6214       53.474665     -0.25972399      0.35692672       10.753638        10.753638       15.651702       15.651702
    0.026088812       18.494652       13.866844        55.95471     -0.25797011      0.36067116       10.753638        10.753638       15.482028       15.482028
    0.031116377       18.318425       14.410384       55.025006     -0.35278099      0.40605055       10.753638        10.753638       15.129572       15.129572
    0.033336375       18.195443       17.429731       57.800698     -0.34760668      0.38341753       10.753638        10.753638       14.883608       14.883608
    0.033560149       18.134685       12.314301       45.616957      -0.3036892      0.38577871       10.753638        10.753638       14.762093       14.762093
    0.038632924        17.99392       15.514011       49.048602     -0.29135849      0.37995299       10.753638        10.753638       14.480562       14.480562
    0.042831798       17.890744       18.767791       40.044118     -0.37165547      0.41208153       10.753638        10.753638        14.27421        14.27421
    0.046243127       17.753487       11.921653       48.728044     -0.30944074       0.3675647       10.753638        10.753638       13.999697       13.999697
    0.050023237       17.674912       18.718299       46.096281     -0.36356852      0.39381976       10.753638        10.753638       13.842547       13.842547
    0.049849149       17.553235       10.730132       42.484952      -0.3578093      0.40626045       10.753638        10.753638       13.599194       13.599194
     0.04560257       17.370339       16.453652       41.698484     -0.28075974      0.36246738       10.753638        10.753638       13.233401       13.233401
    0.046642227       17.299007        8.987683       56.212623     -0.33667219      0.37998275       10.753638        10.753638       13.090736       13.090736
    0.046714858        17.20214       14.471577       50.854093     -0.29240017      0.37776948       10.753638        10.753638       12.897004       12.897004
    0.046752782       17.201329       15.034669       47.769293      -0.3393754      0.38155975       10.753638        10.753638       12.895381       12.895381
    0.059422727       16.912736       12.128618        44.70535      -0.3749307      0.40555131       10.753638        10.753638       12.318194       12.318194
    0.058119358       16.795152       11.800761       43.881724     -0.29747431      0.36738351       10.753638        10.753638       12.083027       12.083027
      0.0591341       16.733391       19.495281       51.284536     -0.35424552      0.39102653       10.753638        10.753638       11.959505       11.959505
    0.060150459        16.71635       15.431284       50.703816      -0.3343637      0.38056423       10.753638        10.753638       11.925422       11.925422
    0.056896947       16.680985       16.886822       50.191686     -0.30018312      0.36848726       10.753638        10.753638       11.854694       11.854694
    0.055923836       16.653785       8.9784692       52.730354     -0.31323589      0.38572153       10.753638        10.753638       11.800292       11.800292
    0.053271311       16.615366       10.335133       59.731798     -0.36919649        0.402374       10.753638        10.753638       11.723455       11.723455
    0.052517179       16.587064       14.128107       54.540123      -0.3606956      0.39573108       10.753638        10.753638       11.666851       11.666851
    0.052843086       16.497496       15.828832       42.342991     -0.29735495      0.37695007       10.753638        10.753638       11.487715       11.487715
    0.053352494       16.487902       12.764747       52.448935     -0.35275075      0.40111326       10.753638        10.753638       11.468527       11.468527
    0.054685818       16.463218       13.633406       43.989491     -0.36748833      0.40256463       10.753638        10.753638       11.419159       11.419159
    0.047939255       16.353726       18.797003       42.013171     -0.29492718      0.37041368       10.753638        10.753638       11.200175       11.200175
    0.050152788       16.272219       15.532968       44.431988      -0.3400244      0.39561216       10.753638        10.753638       11.037161       11.037161
    0.050399941       16.267303       10.577721       57.001159     -0.36335709      0.40069416       10.753638        10.753638       11.027329       11.027329
    0.049563599       16.246296       9.9211983       46.687397      -0.3570345       0.4012119       10.753638        10.753638       10.985315       10.985315
     0.05173902        16.20334       11.546278       46.193503     -0.29880218      0.37185789       10.753638        10.753638       10.899404       10.899404
    0.048481869       16.155034       6.8717721       44.519509     -0.31583861      0.37527387       10.753638        10.753638       10.802791       10.802791
    0.046918457       16.151445       6.2205106       49.852218     -0.31800681      0.38582298       10.753638        10.753638       10.795613       10.795613
    0.046159768        16.13138       14.787276       47.637806       -0.347226      0.39761021       10.753638        10.753638       10.755483       10.755483
    0.046641168       16.121005       6.7503277       51.156458     -0.33131265      0.39150388       10.753638        10.753638       10.734733       10.734733
    0.046879809       16.115902       13.583878       48.266555     -0.31345213      0.37475876       10.753638        10.753638       10.724526       10.724526
    0.046642708       16.081751        18.50489       45.208342     -0.32290282      0.37812193       10.753638        10.753638       10.656226       10.656226
    0.046976578       16.074619       13.820176       55.102841     -0.35793002       0.3996592       10.753638        10.753638       10.641961       10.641961
    0.047143672       16.071068       18.428698       40.011663     -0.35652375      0.39964384       10.753638        10.753638       10.634859       10.634859
    0.046392394       16.044573       12.000941       52.084828     -0.31428103      0.37542495       10.753638        10.753638       10.581869       10.581869
    0.048077723       16.008889       16.697884       45.873897     -0.30866174      0.38012964       10.753638        10.753638       10.510502       10.510502
    0.044430368       15.959952       5.1892181       46.039191     -0.35237035      0.39789074       10.753638        10.753638       10.412626       10.412626
    0.044748208       15.952824        15.04214       53.946159     -0.33488408      0.38389982       10.753638        10.753638        10.39837        10.39837
    0.043580048       15.936716       10.528155       57.892507     -0.31192559      0.37560722       10.753638        10.753638       10.366155       10.366155
      0.0437249       15.933398        9.431884       52.475668     -0.32621459      0.38020598       10.753638        10.753638       10.359518       10.359518
    0.041843773       15.932921       15.175212       41.656541     -0.30675709      0.37513347       10.753638        10.753638       10.358564       10.358564
    0.041882686       15.931991       7.2535235       48.155121     -0.30961961      0.37998786       10.753638        10.753638       10.356705       10.356705
     0.04084446       15.910572       4.4746651       51.211389     -0.35051539      0.39703805       10.753638        10.753638       10.313868       10.313868
    0.041089059       15.904602       15.222349        51.50516     -0.35355701      0.39674616       10.753638        10.753638       10.301926       10.301926
    0.041761922       15.888359       15.825785       51.768587     -0.31013552      0.37581357       10.753638        10.753638        10.26944        10.26944
    0.042050568       15.881471       17.633315       40.592996     -0.31926372      0.38486819       10.753638        10.753638       10.255664       10.255664
    0.042943759       15.860452       11.449333       40.691788     -0.31606744      0.37723992       10.753638        10.753638       10.213627       10.213627
    0.039626836       15.829611       16.248084       40.891917     -0.31741298      0.38352841       10.753638        10.753638       10.151946       10.151946
    0.037917083       15.819649       16.752492        45.38026     -0.35050329      0.39487839       10.753638        10.753638       10.132021       10.132021
    0.037938839       15.819075       19.031292       45.318027     -0.31378968      0.38136883       10.753638        10.753638       10.130874       10.130874
    0.036021892       15.813765       9.3643998       42.070199     -0.31053518      0.37884522       10.753638        10.753638       10.120254       10.120254
    0.034705813       15.793827       12.570833       55.293232      -0.3486604      0.39514808       10.753638        10.753638       10.080376       10.080376
    0.032882349       15.790639       14.921474       44.730419     -0.33889525      0.38695787       10.753638        10.753638       10.074002       10.074002
    0.031471374       15.777339       12.824206       54.190637     -0.31928682      0.37886351       10.753638        10.753638         10.0474         10.0474
    0.029918305       15.770788       19.025599       40.396839     -0.32666466      0.38754983       10.753638        10.753638       10.034299       10.034299
    0.030027268       15.767153       9.6848434       45.572914     -0.34115174      0.39319473       10.753638        10.753638       10.027028       10.027028
    0.028275963       15.766622       16.668139       55.895398     -0.34155662      0.38864706       10.753638        10.753638       10.025967       10.025967
    0.026756856       15.761219        17.25505       49.662779     -0.31547958      0.37815416       10.753638        10.753638        10.01516        10.01516
    0.026820999       15.758824       14.654314       56.562076     -0.34719801      0.39268208       10.753638        10.753638       10.010372       10.010372
     0.02699571       15.752331       18.860903       48.760342     -0.34604254      0.39424335       10.753638        10.753638       9.9973858       9.9973858
    0.027357847       15.739006         16.3391       50.347564     -0.31426154      0.38042356       10.753638        10.753638       9.9707349       9.9707349
    0.027723658       15.725723       18.476301       50.040928      -0.3291867      0.38830012       10.753638        10.753638       9.9441695       9.9441695
    0.017452073       15.677725        16.62201       50.457128      -0.3413265      0.38957301       10.753638        10.753638       9.8481736       9.8481736
    0.017461002       15.677214       13.760025       40.849241     -0.33600161      0.39056973       10.753638        10.753638       9.8471507       9.8471507
    0.016547194         15.6769       7.6671071       41.667082     -0.31964163      0.38305414       10.753638        10.753638        9.846523        9.846523
    0.016560268        15.67611       10.250711       52.215822     -0.34379176      0.39206002       10.753638        10.753638       9.8449434       9.8449434
     0.01661258       15.672956       3.8810332       57.142793     -0.33695753      0.38702525       10.753638        10.753638       9.8386356       9.8386356
    0.014991461       15.657853       14.576565       43.779642     -0.34027153      0.39162086       10.753638        10.753638       9.8084285       9.8084285
    0.015012376       15.656459       3.7948609       62.537544     -0.32457095      0.38547967       10.753638        10.753638       9.8056401       9.8056401
    0.015054757       15.653639       16.427498       40.309887     -0.33495523      0.38992313       10.753638        10.753638       9.8000019       9.8000019
    0.014174737       15.649334       15.974189        45.83137     -0.33758965      0.39076036       10.753638        10.753638       9.7913904       9.7913904
    0.014239708       15.644761       10.277117       55.912229     -0.31912099      0.38185898       10.753638        10.753638       9.7822441       9.7822441
    0.013342393       15.640856       9.1450353       41.116055     -0.32505949      0.38551749       10.753638        10.753638       9.7744343       9.7744343
    0.012493659       15.637588       11.829615       57.292408     -0.32860217      0.38715382       10.753638        10.753638        9.767899        9.767899
   0.0098351328       15.625534       19.403093        44.47948     -0.33665862       0.3875215       10.753638        10.753638       9.7437907       9.7437907
   0.0098708575       15.621908       11.692039        53.43552     -0.33885214      0.38900742       10.753638        10.753638       9.7365391       9.7365391
   0.0093136754       15.619386       12.541322       47.649573     -0.32596095      0.38564839       10.753638        10.753638       9.7314958       9.7314958
   0.0087816183       15.617585       2.6259672       48.314304     -0.33660073      0.38994085       10.753638        10.753638       9.7278927       9.7278927
    0.008782338       15.617503       6.5674455       45.183785     -0.32656392      0.38302455       10.753638        10.753638       9.7277288       9.7277288
    0.008815668       15.613715       9.1601249       56.822653     -0.32663272      0.38311111       10.753638        10.753638       9.7201529       9.7201529
   0.0088201185        15.61321       3.9564021       48.247627     -0.32139047      0.38246954       10.753638        10.753638       9.7191435       9.7191435
   0.0077120592       15.604359       9.7635986       40.274146      -0.3359077      0.38749883       10.753638        10.753638        9.701442        9.701442
   0.0077193363       15.603416       16.572178        41.35616     -0.32354147      0.38248372       10.753638        10.753638       9.6995556       9.6995556
   0.0071971253       15.599355       0.1924056       50.269958      -0.3254494       0.3849917       10.753638        10.753638       9.6914331       9.6914331
   0.0072074796       15.597917       13.663541       44.422113     -0.32485653      0.38290319       10.753638        10.753638       9.6885578       9.6885578
    0.007220286       15.596142       13.691207       40.830888      -0.3312792      0.38526935       10.753638        10.753638       9.6850074       9.6850074
   0.0066273679       15.594818       12.651073       50.175479     -0.32479941      0.38298157       10.753638        10.753638       9.6823583       9.6823583
    0.004887056        15.58928      0.90995097       46.667992     -0.32400717      0.38359479       10.753638        10.753638       9.6712837       9.6712837
   0.0045615655       15.589212       11.448312        44.18146     -0.32398485      0.38323962       10.753638        10.753638       9.6711464       9.6711464
   0.0045772263       15.585784       17.066769       52.211786     -0.32631254      0.38362284       10.753638        10.753638       9.6642917       9.6642917
   0.0045835439       15.584405       13.433267       48.220378     -0.33445083      0.38716483       10.753638        10.753638       9.6615332       9.6615332
   0.0045845452       15.584187       13.457473       49.790957     -0.32847466      0.38619571       10.753638        10.753638       9.6610963       9.6610963
   0.0045973874       15.581389       3.0870579       51.144368     -0.33319198        0.386543       10.753638        10.753638       9.6555018       9.6555018
   0.0041827192       15.580606       17.580779       52.219584     -0.32531243      0.38371894       10.753638        10.753638       9.6539347       9.6539347
   0.0026214799       15.577825       14.105475       49.057257     -0.33507375       0.3879866       10.753638        10.753638       9.6483725       9.6483725
   0.0026240814       15.576833       19.430006       47.552484     -0.33434186        0.387414       10.753638        10.753638       9.6463887       9.6463887
   0.0026271301       15.575672       16.354196       49.022383     -0.32973324      0.38508513       10.753638        10.753638       9.6440665       9.6440665
   0.0024401008       15.575416         13.3362       51.481269     -0.32698836      0.38511297       10.753638        10.753638       9.6435558       9.6435558
   0.0017677248        15.57234       16.360064       48.606803     -0.33364943      0.38720572       10.753638        10.753638       9.6374032       9.6374032
   0.0015035723       15.571671       5.8182835       48.967526     -0.32899362      0.38605469       10.753638        10.753638       9.6360642       9.6360642
   0.0015039938        15.57139       12.173305       43.889283     -0.33112503      0.38583652       10.753638        10.753638       9.6355037       9.6355037
   0.0014253251       15.571047       6.5631552       53.921951     -0.33031884      0.38549039       10.753638        10.753638       9.6348176       9.6348176
   0.0012226281       15.570294       17.235154       51.824543     -0.33358768      0.38754546       10.753638        10.753638       9.6333106       9.6333106
   0.0018839474        15.56871       18.764301       46.980289     -0.33187697      0.38713266       10.753638        10.753638       9.6301434       9.6301434
   0.0017396156       15.568373        14.62912       49.704906     -0.32914487      0.38597214       10.753638        10.753638       9.6294682       9.6294682
   0.0017396472       15.568354       14.501724        42.01914     -0.33175288      0.38707146       10.753638        10.753638       9.6294319       9.6294319
   0.0015947836       15.568287       17.370842       42.287117     -0.32888719      0.38583255       10.753638        10.753638       9.6292977       9.6292977
   0.0015948591        15.56824       18.047065       54.819872     -0.32811921      0.38488735       10.753638        10.753638        9.629203        9.629203
   0.0015953734       15.567918       18.093879       49.895979     -0.33294853      0.38722097       10.753638        10.753638       9.6285581       9.6285581
   0.0015955799       15.567788       15.126838       45.734005       -0.332257       0.3866135       10.753638        10.753638       9.6282992       9.6282992
   0.0011613002       15.567031       18.196914       55.131022     -0.32952314      0.38608094       10.753638        10.753638       9.6267857       9.6267857
   0.0011618862       15.566527       15.013224       50.306242     -0.32828759      0.38521094       10.753638        10.753638       9.6257769       9.6257769
  0.00095087936       15.566269        17.67549       58.713011     -0.33227944      0.38700392       10.753638        10.753638       9.6252611       9.6252611
  0.00086484266       15.565798       17.076698       46.195089     -0.33036463      0.38578606       10.753638        10.753638       9.6243199       9.6243199
  0.00078646446       15.565488       17.684132       47.428379     -0.32908829      0.38537214       10.753638        10.753638       9.6236997       9.6236997
  0.00065562933       15.565119       18.496159       46.472368     -0.33002594      0.38570638       10.753638        10.753638       9.6229605       9.6229605
  0.00055485396       15.564955       18.383807       41.383265     -0.32998832      0.38614021       10.753638        10.753638       9.6226336       9.6226336
  0.00055486493       15.564936       16.870154       55.067748     -0.33146501      0.38642805       10.753638        10.753638        9.622594        9.622594
   0.0004695957       15.564734       16.856729       46.912727     -0.32917939      0.38556968       10.753638        10.753638       9.6221911       9.6221911
  0.00046963393       15.564653       17.730383       46.038978     -0.33109813      0.38654871       10.753638        10.753638       9.6220283       9.6220283
  0.00043052454        15.56459       17.711496       41.553339     -0.33146196      0.38652348       10.753638        10.753638       9.6219039       9.6219039
  0.00039467468       15.564522       15.680181       53.145719     -0.32938824      0.38572544       10.753638        10.753638       9.6217661       9.6217661
  0.00033399686       15.564398       16.702094       49.027456     -0.33132013      0.38647823       10.753638        10.753638       9.6215184       9.6215184
  0.00028630651       15.564316       15.745233       40.609155     -0.33101265       0.3862623       10.753638        10.753638       9.6213544       9.6213544
  0.00028632963       15.564235       14.907523       46.081932     -0.32958708      0.38575563       10.753638        10.753638       9.6211929       9.6211929
  0.00028633183       15.564227       14.842429       46.709567     -0.33042509      0.38624258       10.753638        10.753638       9.6211775       9.6211775
  0.00028633371       15.564221       15.607742        47.82598     -0.33090809      0.38622226       10.753638        10.753638       9.6211643       9.6211643
  0.00028636643       15.564106       14.805234       45.225933     -0.32974047      0.38580214       10.753638        10.753638       9.6209358       9.6209358
  0.00028637152       15.564089       17.740864       45.136612     -0.33060268      0.38628494       10.753638        10.753638       9.6209003       9.6209003
    0.000286372       15.564087       19.250504       50.974908     -0.33097422      0.38637716       10.753638        10.753638       9.6208969       9.6208969
  0.00028638421       15.564044       13.885148       47.862171     -0.33013669      0.38590263       10.753638        10.753638       9.6208117       9.6208117
   0.0002863968          15.564       16.149649       41.136695     -0.33033279      0.38615446       10.753638        10.753638       9.6207237       9.6207237
  0.00028641187       15.563948       12.894367       45.092947     -0.33062497      0.38614374       10.753638        10.753638       9.6206185       9.6206185
  0.00028641668       15.563931        18.05631       49.452221     -0.33072868      0.38622366       10.753638        10.753638       9.6205849       9.6205849
  0.00028642039       15.563918       18.978534       44.240141     -0.33067926      0.38624465       10.753638        10.753638        9.620559        9.620559
  0.00028643032       15.563883       14.630358       43.059433     -0.33040812        0.386065       10.753638        10.753638       9.6204897       9.6204897
