#        weight    minuslogpost               M              h0              q0              j0   minuslogprior minuslogprior__0            chi2    chi2__lnlike
 4.9406565e-324         50261.4      -19.063673       79.511562      -1.0666203       1.0608836       10.753638        10.753638       100501.29       100501.29
 9.8813129e-324       50260.591      -18.943321        81.18814      -1.0438746       1.0368962       10.753638        10.753638       100499.67       100499.67
 1.4130277e-321       50255.486      -19.093519       78.853962      -1.0651332       1.0592519       10.753638        10.753638       100489.46       100489.46
 2.9135051e-320       50252.459      -18.986054       83.684974      -1.0438509       1.0368345       10.753638        10.753638       100483.41       100483.41
  2.132585e-319       50250.468      -19.037919       80.514613      -1.0571109       1.0508896       10.753638        10.753638       100479.43       100479.43
 6.6891054e-319       50249.276      -18.868668        85.73879       -1.054834       1.0480628       10.753638        10.753638       100477.05       100477.05
 1.7485126e-317       50245.965       -19.00344       80.431886      -1.0520942       1.0456623       10.753638        10.753638       100470.42       100470.42
 7.3555268e-317       50244.528      -19.009666       81.466283      -1.0620664       1.0558101       10.753638        10.753638       100467.55       100467.55
 2.6448836e-316       50243.249      -19.082486       78.726034      -1.0649396        1.059178       10.753638        10.753638       100464.99       100464.99
 5.5149453e-316       50242.514      -19.053146       80.358027       -1.061222       1.0551254       10.753638        10.753638       100463.52       100463.52
 2.4019012e-315       50241.042      -19.074315       77.465503       -1.058873       1.0523067       10.753638        10.753638       100460.58       100460.58
 1.0794264e-314       50239.514      -18.972551       80.841793      -1.0411433       1.0341631       10.753638        10.753638       100457.52       100457.52
 1.8053476e-314       50238.973      -18.983492       79.892869      -1.0494159       1.0425249       10.753638        10.753638       100456.44       100456.44
 1.6994137e-312       50234.429       -18.88191       84.143332      -1.0484988       1.0415892       10.753638        10.753638       100447.35       100447.35
 2.0653917e-312       50234.234      -18.983491       81.716587      -1.0582036       1.0515558       10.753638        10.753638       100446.96       100446.96
 2.7637142e-312       50233.942      -19.078802       78.473011      -1.0607034       1.0546792       10.753638        10.753638       100446.38       100446.38
 2.3857392e-311       50231.759      -19.154193       77.218324      -1.0517806       1.0447706       10.753638        10.753638       100442.01       100442.01
 1.3849051e-309       50227.669      -19.062429       81.863536      -1.0366986       1.0302776       10.753638        10.753638       100433.83       100433.83
 2.3466454e-309       50227.142      -19.169097       77.220305      -1.0517263         1.04505       10.753638        10.753638       100432.78       100432.78
 4.7344819e-309        50226.44      -19.089725       77.106928      -1.0405042       1.0335069       10.753638        10.753638       100431.37       100431.37
 2.9199298e-307       50222.288      -19.120318       77.808061      -1.0431868       1.0361022       10.753638        10.753638       100423.07       100423.07
 6.1799193e-306       50219.236      -19.076153       77.811974      -1.0581037       1.0514506       10.753638        10.753638       100416.96       100416.96
 6.8799487e-304       50214.493      -18.940117       82.331235      -1.0513152       1.0444587       10.753638        10.753638       100407.48       100407.48
 1.3881929e-303       50213.791      -19.119058       77.831614      -1.0577909       1.0511075       10.753638        10.753638       100406.07       100406.07
 6.2954763e-303       50212.279      -19.016311       78.920784      -1.0416292       1.0346709       10.753638        10.753638       100403.05       100403.05
 2.1988182e-302       50210.995      -18.962634        84.56144      -1.0434394       1.0365059       10.753638        10.753638       100400.48       100400.48
 5.6344336e-302       50210.022      -19.068394       79.414842      -1.0550767       1.0486939       10.753638        10.753638       100398.54       100398.54
 4.4395494e-301       50207.957      -18.926772       84.179223      -1.0543051       1.0475284       10.753638        10.753638       100394.41       100394.41
 1.8256081e-299       50204.241      -19.036082        79.50749      -1.0590399       1.0526888       10.753638        10.753638       100386.97       100386.97
 6.7188838e-298       50200.534      -19.051186       78.562411      -1.0444692       1.0373825       10.753638        10.753638       100379.56       100379.56
  2.993265e-296       50196.737      -19.129633       77.537109      -1.0416021       1.0345938       10.753638        10.753638       100371.97       100371.97
 1.1790864e-293       50190.694      -19.131123        77.16151      -1.0551408       1.0482866       10.753638        10.753638       100359.88       100359.88
 1.5584288e-292       50188.048      -19.150778       76.850775      -1.0419914       1.0355467       10.753638        10.753638       100354.59       100354.59
 3.6747391e-292       50187.158       -18.94175       83.057233      -1.0461969       1.0391483       10.753638        10.753638       100352.81       100352.81
 1.2136416e-287        50176.55      -19.045351       79.701054      -1.0503863        1.043847       10.753638        10.753638       100331.59       100331.59
 7.2462907e-284       50167.777      -18.877451       84.771863      -1.0460093       1.0391978       10.753638        10.753638       100314.05       100314.05
 1.8655954e-283       50166.832      -19.143148        77.02151      -1.0522781       1.0453561       10.753638        10.753638       100312.16       100312.16
 2.9158373e-283       50166.385      -19.134392       77.645232      -1.0532585          1.0466       10.753638        10.753638       100311.26       100311.26
 4.3822096e-282       50163.622      -19.017828       80.923162      -1.0516179       1.0446957       10.753638        10.753638       100305.74       100305.74
 6.0887019e-282       50163.268      -19.026847       81.810934      -1.0471783       1.0404489       10.753638        10.753638       100305.03       100305.03
 2.3834834e-281       50161.877      -18.996234       81.582169      -1.0338981       1.0278752       10.753638        10.753638       100302.25       100302.25
 4.6162558e-281        50161.19      -19.077572       78.624924      -1.0510583       1.0440679       10.753638        10.753638       100300.87       100300.87
 1.1747534e-279       50157.877      -19.069135       80.236744      -1.0470169        1.040096       10.753638        10.753638       100294.25       100294.25
 4.2054873e-277       50151.948      -18.908384       84.554984      -1.0473654       1.0406659       10.753638        10.753638       100282.39       100282.39
 8.9717178e-277        50151.19      -19.037369       79.103162      -1.0450041       1.0384324       10.753638        10.753638       100280.87       100280.87
 9.2962662e-277       50151.155      -19.007978       82.691805      -1.0428249       1.0359851       10.753638        10.753638        100280.8        100280.8
  5.421225e-276       50149.366      -18.877712       86.164646      -1.0471023       1.0402858       10.753638        10.753638       100277.22       100277.22
 4.2335551e-275       50147.285      -18.981576       82.064359      -1.0496575        1.042994       10.753638        10.753638       100273.06       100273.06
 6.7803613e-275       50146.814      -18.866852        84.12388      -1.0353856       1.0289471       10.753638        10.753638       100272.12       100272.12
 2.2856208e-274       50145.599      -18.927217        85.62005      -1.0388471         1.03213       10.753638        10.753638       100269.69       100269.69
 4.9845088e-273       50142.464      -18.921223       84.847052      -1.0320011       1.0257006       10.753638        10.753638       100263.42       100263.42
 2.0151784e-272       50141.041      -18.944781       83.305683       -1.040728       1.0342582       10.753638        10.753638       100260.58       100260.58
 4.9348042e-271       50137.817      -18.996114       81.695366      -1.0295128       1.0234543       10.753638        10.753638       100254.13       100254.13
 1.8261619e-269        50134.13      -19.099029       77.088645       -1.045583       1.0390068       10.753638        10.753638       100246.75       100246.75
 1.1219066e-268       50132.315      -18.982463       80.773731      -1.0465169       1.0397589       10.753638        10.753638       100243.12       100243.12
 2.8631465e-267        50129.05      -19.120278       78.719841      -1.0421609       1.0353837       10.753638        10.753638       100236.59       100236.59
 8.7884097e-265       50123.249      -18.988722       81.533693      -1.0468992       1.0399519       10.753638        10.753638       100224.99       100224.99
 9.7602229e-263       50118.492       -18.97858       81.174673      -1.0447253       1.0378197       10.753638        10.753638       100215.48       100215.48
 1.0705504e-262       50118.399      -19.049435        81.54224      -1.0369579       1.0304928       10.753638        10.753638       100215.29       100215.29
 1.9257904e-261       50115.509      -19.087713       80.624497      -1.0298987       1.0240355       10.753638        10.753638       100209.51       100209.51
 1.3417673e-260       50113.519      -18.937403       81.240192      -1.0338428       1.0276294       10.753638        10.753638       100205.53       100205.53
 4.4083767e-260       50112.282      -18.989989       83.357211      -1.0393518        1.032755       10.753638        10.753638       100203.06       100203.06
 7.8752957e-259       50109.376      -19.115208       78.308591      -1.0441397        1.037237       10.753638        10.753638       100197.24       100197.24
 4.6296423e-258       50107.558      -18.950198       81.954747      -1.0423416       1.0355528       10.753638        10.753638       100193.61       100193.61
  4.657308e-258       50107.552      -18.925608       82.708226      -1.0270941        1.021364       10.753638        10.753638        100193.6        100193.6
 7.9705134e-258       50106.991      -18.948083       83.408458      -1.0352458       1.0290658       10.753638        10.753638       100192.48       100192.48
 1.0616261e-257       50106.705        -19.0968       77.644359      -1.0503653       1.0435333       10.753638        10.753638        100191.9        100191.9
 2.5300274e-257       50105.812      -18.967857       82.428637       -1.032197       1.0262758       10.753638        10.753638       100190.12       100190.12
 4.1680825e-257       50105.313      -18.962483       82.480133      -1.0462501       1.0394744       10.753638        10.753638       100189.12       100189.12
 5.4542618e-256       50102.741      -19.099218       77.755218      -1.0345261       1.0284345       10.753638        10.753638       100183.98       100183.98
 1.2265648e-255       50101.906      -19.143216       77.543248      -1.0325476       1.0262249       10.753638        10.753638        100182.3        100182.3
 3.4655041e-254       50098.564      -18.918965       82.937764      -1.0399308       1.0332819       10.753638        10.753638       100175.62       100175.62
 7.4567146e-254       50097.772      -18.950269        84.02425      -1.0407864       1.0342031       10.753638        10.753638       100174.04       100174.04
   2.35686e-253       50096.595      -18.984421       80.483419      -1.0388196       1.0323562       10.753638        10.753638       100171.68       100171.68
 8.5037839e-251       50090.656      -18.972504       82.588106      -1.0361702       1.0299135       10.753638        10.753638        100159.8        100159.8
 4.3431468e-250           50089      -18.973764       80.299834      -1.0267191       1.0210578       10.753638        10.753638       100156.49       100156.49
 4.7955988e-250       50088.901      -19.002718        81.86013       -1.032096       1.0258064       10.753638        10.753638       100156.29       100156.29
 2.2645467e-249       50087.322      -18.907854       83.851148      -1.0369205       1.0305632       10.753638        10.753638       100153.14       100153.14
 3.8385417e-249       50086.795      -19.154016       76.586406      -1.0328622       1.0268785       10.753638        10.753638       100152.08       100152.08
 4.1476139e-248       50084.388      -19.000596       81.285807      -1.0388022        1.032031       10.753638        10.753638       100147.27       100147.27
   4.67129e-248       50084.269       -19.12468       77.265727      -1.0449796       1.0380411       10.753638        10.753638       100147.03       100147.03
  6.881908e-248       50083.882      -18.957008       83.411478      -1.0430028       1.0362465       10.753638        10.753638       100146.26       100146.26
 1.4969184e-246       50080.774       -18.96273       82.236095      -1.0434022       1.0366728       10.753638        10.753638       100140.04       100140.04
 1.5517279e-246       50080.738      -18.978776       83.127904      -1.0408983       1.0342047       10.753638        10.753638       100139.97       100139.97
 1.0747413e-245       50078.745      -19.023122       81.885231      -1.0339573        1.027807       10.753638        10.753638       100135.98       100135.98
 1.0670194e-245       50078.724      -19.180024       76.476377       -1.033837       1.0277011       10.753638        10.753638       100135.94       100135.94
 3.8702669e-244       50075.133      -19.114086       77.567226      -1.0385586       1.0321686       10.753638        10.753638       100128.76       100128.76
 8.6622209e-244       50074.328      -19.015297        79.03439      -1.0364588        1.029898       10.753638        10.753638       100127.15       100127.15
 1.5139211e-243       50073.769      -18.931358       82.504615      -1.0359437       1.0294225       10.753638        10.753638       100126.03       100126.03
 1.8950961e-243       50073.545        -19.0055       81.301863      -1.0443829       1.0375945       10.753638        10.753638       100125.58       100125.58
 9.1925891e-243       50071.966      -18.968361       82.393332      -1.0340063       1.0275588       10.753638        10.753638       100122.42       100122.42
 9.4365531e-243       50071.939      -19.123009       78.303312      -1.0385745       1.0320686       10.753638        10.753638       100122.37       100122.37
 4.8601686e-242       50070.266      -18.894434       85.296176      -1.0388544       1.0322059       10.753638        10.753638       100119.03       100119.03
 9.6622577e-241       50067.243      -19.091545       78.137881      -1.0461324       1.0393523       10.753638        10.753638       100112.98       100112.98
 2.7672656e-240       50066.157      -18.932953       82.304587      -1.0360886       1.0296116       10.753638        10.753638       100110.81       100110.81
  3.035535e-240       50066.064       -18.90926       83.078452      -1.0344434       1.0280934       10.753638        10.753638       100110.62       100110.62
 8.8393893e-240        50064.96      -18.871606       84.802956      -1.0326327       1.0265642       10.753638        10.753638       100108.41       100108.41
 2.5719978e-238       50061.425      -18.940512        85.12887      -1.0273394         1.02164       10.753638        10.753638       100101.34       100101.34
 2.5988626e-238       50061.354       -19.10336       79.082931      -1.0364753       1.0299597       10.753638        10.753638        100101.2        100101.2
 7.1358558e-237       50058.012      -18.905201       84.290569      -1.0329339       1.0268827       10.753638        10.753638       100094.52       100094.52
 6.4743149e-236       50055.777      -19.078749       77.070782      -1.0353392       1.0291098       10.753638        10.753638       100090.05       100090.05
  4.014691e-235       50053.922      -18.968407       82.370585      -1.0396611       1.0329347       10.753638        10.753638       100086.34       100086.34
 9.9828525e-234       50050.709      -18.947474       82.676298      -1.0373532       1.0307377       10.753638        10.753638       100079.91       100079.91
  1.126336e-227       50036.549      -18.963563       81.228442      -1.0333402       1.0272121       10.753638        10.753638       100051.59       100051.59
  4.652135e-227       50035.131      -19.061725       79.531269      -1.0392906       1.0325778       10.753638        10.753638       100048.75       100048.75
 5.7750235e-227       50034.915       -18.80193       87.936266       -1.026918        1.021287       10.753638        10.753638       100048.32       100048.32
 1.1450058e-226       50034.204      -19.176241       76.550255      -1.0347658       1.0284643       10.753638        10.753638        100046.9        100046.9
 4.8973052e-226       50032.724      -19.061605       78.802061      -1.0387816       1.0320626       10.753638        10.753638       100043.94       100043.94
 8.1660526e-223       50025.278      -18.951505        82.28552      -1.0367388       1.0302514       10.753638        10.753638       100029.05       100029.05
 1.1266236e-222       50024.929      -18.931844       83.345229      -1.0298169       1.0238063       10.753638        10.753638       100028.35       100028.35
 1.6807408e-222       50024.529      -19.002182       78.777041      -1.0282392       1.0225329       10.753638        10.753638       100027.55       100027.55
 3.2016355e-220         50019.2      -18.823654       88.636255      -1.0302909       1.0243595       10.753638        10.753638       100016.89       100016.89
 5.6861714e-220       50018.599       -19.03217       79.833406      -1.0287762       1.0228568       10.753638        10.753638       100015.69       100015.69
 1.2946857e-218       50015.474      -19.023708       79.937343      -1.0382331       1.0317357       10.753638        10.753638       100009.44       100009.44
 3.6743459e-218       50014.431      -18.807763       88.097113      -1.0298607       1.0239913       10.753638        10.753638       100007.35       100007.35
 1.1414846e-217       50013.243      -18.773194       89.972205      -1.0241586       1.0190512       10.753638        10.753638       100004.98       100004.98
 6.6770438e-217        50011.45      -19.132831       77.631837       -1.031872       1.0256751       10.753638        10.753638       100001.39       100001.39
 1.0947321e-216       50010.929      -18.864686       87.325613      -1.0294135       1.0235374       10.753638        10.753638       100000.35       100000.35
 2.6106189e-216        50010.06      -18.846894       87.061308      -1.0304088       1.0244055       10.753638        10.753638       99998.613       99998.613
 1.2754706e-215       50008.446      -18.937512       84.380902      -1.0310017       1.0249171       10.753638        10.753638       99995.386       99995.386
 3.4732773e-215       50007.417       -19.00473       81.678695      -1.0330724       1.0267738       10.753638        10.753638       99993.327       99993.327
 5.1145281e-213       50002.371      -19.030396       79.257963      -1.0321692       1.0259332       10.753638        10.753638       99983.235       99983.235
 1.7229564e-212       50001.156      -19.032189       81.135459      -1.0310919        1.025165       10.753638        10.753638       99980.806       99980.806
 2.6705957e-212       50000.691      -18.938621       83.512155      -1.0221638       1.0171632       10.753638        10.753638       99979.874       99979.874
 7.7788622e-212       49999.622      -19.099663       76.372851      -1.0288111       1.0231695       10.753638        10.753638       99977.736       99977.736
 8.7489158e-210       49994.871      -18.991575        81.33781      -1.0335303        1.027199       10.753638        10.753638       99968.234       99968.234
 3.2559035e-209       49993.529      -18.793817       89.690158      -1.0265525       1.0210411       10.753638        10.753638        99965.55        99965.55
 6.7624847e-209       49992.798      -19.038492       80.502991      -1.0347661       1.0283908       10.753638        10.753638       99964.088       99964.088
 1.0834665e-208       49992.326      -18.916303       84.805294      -1.0291529       1.0234277       10.753638        10.753638       99963.145       99963.145
 1.1377471e-208       49992.277      -19.055064       78.674939      -1.0320429       1.0260638       10.753638        10.753638       99963.047       99963.047
 1.2520769e-207       49989.879      -19.019575       81.217704       -1.030719       1.0248418       10.753638        10.753638       99958.251       99958.251
 1.0944087e-205       49985.316      -19.064342       77.579486      -1.0333644       1.0271975       10.753638        10.753638       99949.125       99949.125
 1.0423886e-204       49983.032      -19.071377       78.554731        -1.03481        1.028375       10.753638        10.753638       99944.557       99944.557
 1.7365964e-204       49982.492      -19.028117       78.487971      -1.0265658         1.02115       10.753638        10.753638       99943.477       99943.477
 3.1653642e-204       49981.862      -18.969506       81.267288      -1.0322864        1.026166       10.753638        10.753638       99942.216       99942.216
 7.5120466e-204       49980.968      -19.000152        80.97713       -1.032358       1.0263167       10.753638        10.753638       99940.428       99940.428
  1.261437e-203       49980.449      -18.934283       82.982315      -1.0298465       1.0240375       10.753638        10.753638       99939.392       99939.392
 3.7667883e-203       49979.266       -19.05569       78.508493      -1.0340158       1.0278227       10.753638        10.753638       99937.024       99937.024
 2.0280708e-202       49977.553      -19.101291       77.582348      -1.0374029       1.0309053       10.753638        10.753638         99933.6         99933.6
 2.5208542e-202       49977.336      -19.047669       78.757832      -1.0328656        1.026778       10.753638        10.753638       99933.165       99933.165
 8.3964044e-202       49976.103      -19.008432       80.744978      -1.0345397       1.0281958       10.753638        10.753638       99930.698       99930.698
 1.1258333e-201        49975.81      -18.947377       81.856814      -1.0205862       1.0158563       10.753638        10.753638       99930.112       99930.112
 1.6736714e-201       49975.413      -18.920503       84.447487      -1.0310058       1.0250382       10.753638        10.753638       99929.319       99929.319
 4.8433111e-201       49974.229       -18.98786       79.244445      -1.0144244       1.0108485       10.753638        10.753638       99926.951       99926.951
 5.8084837e-201       49974.047      -19.133179       77.129995      -1.0356308       1.0292461       10.753638        10.753638       99926.588       99926.588
 1.0165473e-200       49973.458      -19.037063       81.237034      -1.0291459        1.023329       10.753638        10.753638       99925.408       99925.408
 1.2700314e-199       49970.874      -19.003722       81.094427      -1.0333862       1.0271133       10.753638        10.753638        99920.24        99920.24
 1.6145703e-198       49968.302      -19.146868       76.334368      -1.0354744       1.0290263       10.753638        10.753638       99915.097       99915.097
 6.1760136e-198       49966.932      -18.911938       86.145463      -1.0227955        1.017839       10.753638        10.753638       99912.356       99912.356
  1.320762e-197       49966.114      -18.954506       83.995442      -1.0229678       1.0178807       10.753638        10.753638       99910.721       99910.721
 2.4268479e-197       49965.478      -19.097592       77.882533      -1.0340276       1.0278305       10.753638        10.753638       99909.448       99909.448
   4.14243e-197       49964.943      -18.918688       85.562764      -1.0242989       1.0190518       10.753638        10.753638       99908.379       99908.379
 4.6932472e-197       49964.818      -19.072686       79.407171       -1.030744       1.0246918       10.753638        10.753638       99908.129       99908.129
 7.3391614e-197       49964.371       -19.07344       78.336295      -1.0355537       1.0291812       10.753638        10.753638       99907.235       99907.235
 1.5597066e-196       49963.557      -19.077145       77.574502       -1.034414       1.0281265       10.753638        10.753638       99905.606       99905.606
 2.0324136e-196       49963.292      -18.945228       82.631163      -1.0239337       1.0186864       10.753638        10.753638       99905.077       99905.077
 2.4904138e-196       49963.058      -18.925763       85.963434      -1.0200524       1.0155165       10.753638        10.753638       99904.609       99904.609
 2.2778054e-195       49960.845      -19.139633       76.202308      -1.0363847       1.0299209       10.753638        10.753638       99900.182       99900.182
 1.0551198e-194       49959.219      -18.994235       81.855527      -1.0309782       1.0249488       10.753638        10.753638       99896.931       99896.931
   1.10694e-194       49959.171      -18.921013       85.419255      -1.0221602       1.0172124       10.753638        10.753638       99896.835       99896.835
 1.3629553e-192       49954.327      -19.104127       76.435063      -1.0286637       1.0228044       10.753638        10.753638       99887.147       99887.147
 2.9207935e-192       49953.534      -18.853003        86.25395      -1.0242928       1.0191502       10.753638        10.753638       99885.561       99885.561
 3.7938681e-188       49944.002      -19.048875       80.074181      -1.0292013       1.0233183       10.753638        10.753638       99866.496       99866.496
 1.1724713e-187       49942.786       -19.06305       77.436647       -1.024563       1.0192397       10.753638        10.753638       99864.066       99864.066
 5.5097373e-187       49941.211      -18.922566       83.482683      -1.0248864       1.0196756       10.753638        10.753638       99860.914       99860.914
 4.1081144e-186       49939.146      -19.031445       79.341602      -1.0248482       1.0194719       10.753638        10.753638       99856.785       99856.785
  3.380246e-185       49936.985      -18.986774       80.669506      -1.0273081        1.021653       10.753638        10.753638       99852.462       99852.462
 4.2694338e-185       49936.751      -18.738718       91.802801      -1.0168867       1.0129257       10.753638        10.753638       99851.995       99851.995
 1.9900625e-184       49935.158      -18.900381        84.55774      -1.0261334        1.020642       10.753638        10.753638       99848.808       99848.808
  7.578623e-184       49933.794      -19.084333       76.614313      -1.0194412       1.0149088       10.753638        10.753638       99846.081       99846.081
 4.4122166e-182       49929.703      -19.057524       79.336103      -1.0268635       1.0212324       10.753638        10.753638       99837.899       99837.899
 6.0159006e-182       49929.393      -19.025113       79.521308      -1.0299225       1.0240628       10.753638        10.753638       99837.279       99837.279
 2.7502511e-178       49920.938      -19.093504       77.424771      -1.0308523       1.0248135       10.753638        10.753638       99820.369       99820.369
 6.1487937e-176       49915.398      -18.998489       81.482211      -1.0285347       1.0228017       10.753638        10.753638       99809.289       99809.289
 3.5481987e-173       49908.922      -18.907224       85.430613      -1.0232636       1.0182144       10.753638        10.753638       99796.338       99796.338
 7.5585605e-173       49908.166      -18.891563       85.332049      -1.0218028       1.0169182       10.753638        10.753638       99794.825       99794.825
 2.0723304e-171        49904.81      -19.061243         79.4523      -1.0238465        1.018633       10.753638        10.753638       99788.112       99788.112
 4.2550275e-171       49904.068      -18.840734       86.448117      -1.0207826       1.0161364       10.753638        10.753638       99786.628       99786.628
 5.0486563e-170       49901.507      -18.942943       82.581632      -1.0238267       1.0187384       10.753638        10.753638       99781.507       99781.507
 8.9239233e-169       49898.614      -19.099117       77.650425      -1.0194077       1.0150497       10.753638        10.753638        99775.72        99775.72
 1.5676964e-168       49898.029      -19.056076        78.59823      -1.0257396       1.0202721       10.753638        10.753638       99774.551       99774.551
 7.8196538e-168       49896.381      -18.981782       82.437679      -1.0193321       1.0148377       10.753638        10.753638       99771.254       99771.254
 9.7745869e-167       49893.855      -19.077411       75.999743        -1.01768       1.0135106       10.753638        10.753638       99766.203       99766.203
 1.5400692e-166         49893.4      -18.937613       82.779406      -1.0225153       1.0176217       10.753638        10.753638       99765.293       99765.293
 2.2257665e-166       49893.011      -18.886665       85.868981      -1.0213281        1.016601       10.753638        10.753638       99764.514       99764.514
 1.6628867e-165       49890.978       -19.04019       80.127762       -1.022277       1.0173014       10.753638        10.753638       99760.449       99760.449
 4.3542787e-165       49889.994      -19.017417       80.798122      -1.0246937       1.0194915       10.753638        10.753638        99758.48        99758.48
 5.0278239e-165        49889.85      -18.994093       81.649013      -1.0258431       1.0204532       10.753638        10.753638       99758.193       99758.193
 1.5785696e-164       49888.706      -18.830038       86.219973      -1.0172625       1.0131884       10.753638        10.753638       99755.905       99755.905
 2.0142483e-164       49888.462        -19.1102       76.837899      -1.0291344        1.023325       10.753638        10.753638       99755.417       99755.417
  1.181829e-163        49886.67       -19.08487       78.377075      -1.0249518       1.0197262       10.753638        10.753638       99751.832       99751.832
 3.5723297e-163       49885.541      -18.837985       87.607689      -1.0163089       1.0124627       10.753638        10.753638       99749.574       99749.574
  3.493059e-163        49885.54      -18.867087       86.952007      -1.0164453       1.0125719       10.753638        10.753638       99749.573       99749.573
  4.625435e-163       49885.236      -19.118234       76.784245      -1.0288302       1.0230439       10.753638        10.753638       99748.965       99748.965
  8.107721e-163       49884.652      -19.082285       78.126647      -1.0266873       1.0212226       10.753638        10.753638       99747.797       99747.797
 8.4189939e-163       49884.614      -19.122825       77.004208      -1.0282162       1.0224984       10.753638        10.753638       99747.722       99747.722
 8.1991224e-162       49882.315      -19.060794       77.797103         -1.0251       1.0197745       10.753638        10.753638       99743.122       99743.122
 1.1295578e-161       49881.971      -18.928653        84.10448       -1.021062       1.0163014       10.753638        10.753638       99742.434       99742.434
 1.3691311e-161       49881.778      -19.054861       78.326565      -1.0264938       1.0210119       10.753638        10.753638        99742.05        99742.05
 2.9436791e-161       49881.013      -18.918165       83.932242      -1.0225505       1.0175771       10.753638        10.753638       99740.519       99740.519
 9.8634622e-161       49879.755       -18.80296       88.341648      -1.0159325       1.0121493       10.753638        10.753638       99738.003       99738.003
 1.2888761e-160       49879.463      -19.083056       78.732931      -1.0212429       1.0164307       10.753638        10.753638        99737.42        99737.42
 2.0535451e-160       49878.998      -18.971564       81.962932      -1.0171213       1.0130203       10.753638        10.753638       99736.488       99736.488
 2.9593437e-160       49878.632      -18.986102       82.261243      -1.0200714       1.0154623       10.753638        10.753638       99735.757       99735.757
 3.7889544e-160        49878.36      -18.963051       81.886125      -1.0163914       1.0124293       10.753638        10.753638       99735.212       99735.212
 1.1229272e-159       49877.248       -18.97733       80.934855      -1.0227382       1.0177358       10.753638        10.753638       99732.989       99732.989
 2.8683548e-158       49874.008      -19.060763       77.456945      -1.0220011       1.0170996       10.753638        10.753638       99726.508       99726.508
 7.7015167e-158        49873.02      -19.042364       79.505499      -1.0231219       1.0181521       10.753638        10.753638       99724.533       99724.533
 8.9973304e-157       49870.562      -18.914658       84.399636      -1.0214218       1.0166755       10.753638        10.753638       99719.616       99719.616
 1.6086507e-156       49869.981      -19.083868       78.663771      -1.0198706        1.015415       10.753638        10.753638       99718.454       99718.454
 1.7759894e-154       49865.788      -19.139212       76.118273      -1.0240008       1.0187723       10.753638        10.753638       99710.068       99710.068
 3.2768993e-153       49862.777      -19.069372       78.015527       -1.025618        1.020253       10.753638        10.753638       99704.047       99704.047
 4.6921102e-153       49862.418      -19.085975       79.170976      -1.0205263       1.0159296       10.753638        10.753638       99703.329       99703.329
  1.931386e-152       49860.954      -19.084161       79.897566      -1.0156776       1.0119206       10.753638        10.753638       99700.401       99700.401
 3.8847078e-152       49860.256      -19.097211        77.01167      -1.0260207       1.0205943       10.753638        10.753638       99699.004       99699.004
 3.3976744e-151       49857.896      -19.146588       76.651966      -1.0219278        1.017127       10.753638        10.753638       99694.284       99694.284
 8.0190691e-151       49857.037      -19.000072       79.629703      -1.0192502       1.0148039       10.753638        10.753638       99692.567       99692.567
 1.0525424e-150       49856.765      -19.100653       75.940951       -1.021882       1.0170338       10.753638        10.753638       99692.023       99692.023
 1.2759564e-150       49856.573      -19.048912       78.821899      -1.0157524       1.0120325       10.753638        10.753638       99691.638       99691.638
 1.1663829e-149        49854.26      -19.079015       78.639482      -1.0169446        1.012878       10.753638        10.753638       99687.012       99687.012
 2.1244345e-148       49851.309      -19.136648       77.714787      -1.0172583       1.0132219       10.753638        10.753638        99681.11        99681.11
 3.1786699e-145       49843.949      -19.174643       75.916438      -1.0212601       1.0164856       10.753638        10.753638       99666.391       99666.391
 2.1957535e-143       49839.665       -19.05118       80.253826      -1.0194608       1.0150321       10.753638        10.753638       99657.823       99657.823
 2.3073988e-142       49837.264      -18.985047       80.216087      -1.0153653       1.0116225       10.753638        10.753638       99653.021       99653.021
 5.1547064e-142       49836.412      -19.104563       76.017509      -1.0196208       1.0151833       10.753638        10.753638       99651.316       99651.316
 1.8689672e-140       49832.821      -19.147223       75.935306      -1.0237464       1.0185903       10.753638        10.753638       99644.135       99644.135
 6.5514852e-140       49831.467      -19.076571       79.361941      -1.0183051       1.0140237       10.753638        10.753638       99641.426       99641.426
   1.43677e-139       49830.633      -19.059186       79.929728      -1.0179083       1.0136951       10.753638        10.753638       99639.758       99639.758
 9.3572055e-139       49828.759      -19.047907       78.441903      -1.0187878       1.0144068       10.753638        10.753638        99636.01        99636.01
 1.1432851e-138       49828.559      -19.198675        75.54683      -1.0165414        1.012595       10.753638        10.753638        99635.61        99635.61
 4.5301467e-137       49824.825      -19.020829         80.5641       -1.018037       1.0137891       10.753638        10.753638       99628.143       99628.143
 1.8202925e-135       49821.078      -19.076608       78.671697      -1.0203678       1.0157287       10.753638        10.753638       99620.648       99620.648
 2.2541396e-135       49820.864      -19.084721       76.760912      -1.0194119       1.0149958       10.753638        10.753638        99620.22        99620.22
 2.6090374e-133       49816.001      -19.003584       80.265165      -1.0171517       1.0131474       10.753638        10.753638       99610.495       99610.495
 2.9731823e-133       49815.871      -19.026467       80.071155      -1.0199761       1.0154089       10.753638        10.753638       99610.234       99610.234
 1.4756101e-132       49814.211      -19.118091       77.991563      -1.0136094       1.0102206       10.753638        10.753638       99606.915       99606.915
 1.1434521e-131       49812.107       -19.07101       78.081837      -1.0176733       1.0135826       10.753638        10.753638       99602.706       99602.706
  5.507557e-130       49808.175      -19.057435       80.259086      -1.0152401       1.0115423       10.753638        10.753638       99594.842       99594.842
 6.9106899e-130       49807.948      -19.066101        78.24689      -1.0207494       1.0160689       10.753638        10.753638       99594.388       99594.388
 2.6143159e-128       49804.197      -19.033775       78.957486      -1.0180811       1.0138412       10.753638        10.753638       99586.887       99586.887
 3.5632403e-128       49803.887      -19.011009       80.057303      -1.0161479       1.0123299       10.753638        10.753638       99586.267       99586.267
 3.2137976e-126       49799.213      -18.986125       79.873736      -1.0140424       1.0106087       10.753638        10.753638        99576.92        99576.92
 5.5933329e-126       49798.659       -19.02692       80.205481      -1.0193038        1.014881       10.753638        10.753638       99575.811       99575.811
 2.2311522e-124       49794.862      -19.036604       78.018164      -1.0147097       1.0111251       10.753638        10.753638       99568.217       99568.217
 6.5937052e-124       49793.778      -19.091675       77.819111      -1.0158452       1.0120904       10.753638        10.753638        99566.05        99566.05
 4.3319061e-123       49791.896       -19.09652       76.665513      -1.0179691       1.0137464       10.753638        10.753638       99562.285       99562.285
  1.096102e-122       49790.907      -19.066719        77.95918      -1.0136986       1.0102853       10.753638        10.753638       99560.307       99560.307
 1.8829398e-121       49788.063       -19.08453       78.009102      -1.0178968       1.0137528       10.753638        10.753638       99554.619       99554.619
 2.8290283e-121       49787.656      -19.019243       80.404753      -1.0140951       1.0106054       10.753638        10.753638       99553.805       99553.805
 3.0186488e-121       49787.591      -19.034644       80.193658      -1.0173431       1.0132447       10.753638        10.753638       99553.675       99553.675
 2.8373964e-116       49776.914      -19.141473       75.489263       -1.019397       1.0149428       10.753638        10.753638        99532.32        99532.32
 1.1360686e-115       49775.526      -19.154049       75.202069      -1.0153104       1.0115727       10.753638        10.753638       99529.545       99529.545
 6.0440427e-108       49757.331      -19.128541       75.549071       -1.017046       1.0130322       10.753638        10.753638       99493.155       99493.155
 3.8798342e-103       49745.674      -19.142764       75.642609      -1.0110631       1.0082819       10.753638        10.753638        99469.84        99469.84
 1.0938589e-101       49742.335      -19.112277       76.085872      -1.0154317       1.0117252       10.753638        10.753638       99463.162       99463.162
 2.3450847e-101       49741.572      -19.119277       75.966599      -1.0149696       1.0113629       10.753638        10.753638       99461.637       99461.637
  3.1137335e-98       49734.786      -19.123427       75.938404      -1.0135399       1.0102257       10.753638        10.753638       99448.065       99448.065
  6.3052719e-94       49724.583      -19.145344       76.037819      -1.0149731       1.0113413       10.753638        10.753638       99427.658       99427.658
  1.4481662e-89       49714.541      -19.101742       76.178214       -1.009637       1.0071275       10.753638        10.753638       99407.574       99407.574
  5.5579941e-79       49689.477       -19.11421       75.786534       -1.010561       1.0078511       10.753638        10.753638       99357.447       99357.447
  2.3738243e-77       49685.435      -19.158701       75.897441      -1.0086983       1.0064104       10.753638        10.753638       99349.362       99349.362
  6.4910862e-74       49677.521      -19.151254       76.092473      -1.0106841       1.0079623       10.753638        10.753638       99333.535       99333.535
  1.1616772e-61       49647.804      -19.153927       75.838174      -1.0089292       1.0066069       10.753638        10.753638       99274.101       99274.101
  8.4862557e-61       49645.698       -19.15589       75.880625      -1.0082219       1.0060674       10.753638        10.753638       99269.888       99269.888
  1.3338247e-59        49642.72       -19.14937       76.029437      -1.0085439       1.0063101       10.753638        10.753638       99263.932       99263.932
  6.1762702e-59       49640.899      -19.154636       75.960995      -1.0080045        1.005894       10.753638        10.753638       99260.292       99260.292
  3.8702909e-58       49639.064      -19.128423       76.557885      -1.0082776       1.0060985       10.753638        10.753638       99256.621       99256.621
  3.9741882e-58       49639.038      -19.126548       75.690912      -1.0083166       1.0061321       10.753638        10.753638       99256.568       99256.568
  3.8908634e-57       49636.756       -19.13153       76.071285      -1.0081657        1.006026       10.753638        10.753638       99252.005       99252.005
  2.6196407e-56       49634.531      -19.137359        76.34136      -1.0078079       1.0057412       10.753638        10.753638       99247.554       99247.554
  3.9962469e-56       49634.013      -19.115803       75.419223      -1.0058471       1.0042657       10.753638        10.753638       99246.519       99246.519
  7.4714149e-56       49633.388      -19.112207       75.585117      -1.0059338       1.0043305       10.753638        10.753638       99245.268       99245.268
  4.5053843e-54       49629.183      -19.135245       76.477546       -1.007472       1.0054919       10.753638        10.753638       99236.858       99236.858
  2.6628704e-53       49627.301      -19.142303       75.795204      -1.0081315       1.0059964       10.753638        10.753638       99233.094       99233.094
  1.7837965e-51       49622.991       -19.14154        76.34094      -1.0067675       1.0049627       10.753638        10.753638       99224.474       99224.474
  7.3881662e-51       49621.464      -19.133344       76.510764      -1.0069235       1.0050771       10.753638        10.753638       99221.421       99221.421
  3.2791856e-50       49619.869      -19.146264       75.708135      -1.0068569       1.0050203       10.753638        10.753638        99218.23        99218.23
  3.4418707e-47       49612.712      -19.141461       76.153212      -1.0066487        1.004872       10.753638        10.753638       99203.916       99203.916
  1.9928151e-46        49610.86        -19.1243       76.498079      -1.0048597       1.0035388       10.753638        10.753638       99200.214       99200.214
  2.8322778e-46       49610.509      -19.121525       76.104508      -1.0059957       1.0043746       10.753638        10.753638        99199.51        99199.51
  1.2779981e-44       49606.699      -19.125171        75.65329      -1.0049171       1.0035713       10.753638        10.753638       99191.892       99191.892
  1.2345401e-42       49602.011      -19.112331       77.095992      -1.0055903       1.0040761       10.753638        10.753638       99182.515       99182.515
  5.8158157e-42       49600.461      -19.083146       77.363701      -1.0054153       1.0039478       10.753638        10.753638       99179.415       99179.415
  7.6682567e-42       49600.051      -19.130825       75.563083      -1.0058393        1.004261       10.753638        10.753638       99178.595       99178.595
  7.7646843e-41       49597.603       -19.10679       76.891028       -1.005462       1.0039842       10.753638        10.753638       99173.698       99173.698
  8.2331145e-41       49597.544      -19.131783       75.698725       -1.005461       1.0039766       10.753638        10.753638       99173.581       99173.581
  1.2924778e-36       49587.372         -19.147       75.625932      -1.0047307       1.0034341       10.753638        10.753638       99153.236       99153.236
  8.3611191e-36       49585.399      -19.129321       76.111251      -1.0051399       1.0037398       10.753638        10.753638       99149.292       99149.292
  9.1775173e-36       49585.306      -19.156012       75.256324      -1.0051905       1.0037817       10.753638        10.753638       99149.105       99149.105
  1.2345828e-35        49585.01      -19.132468       75.420603      -1.0043841       1.0031787       10.753638        10.753638       99148.512       99148.512
  1.6119994e-35       49584.609        -19.1132       76.556823      -1.0044235       1.0032075       10.753638        10.753638       99147.712       99147.712
  2.3107064e-35       49584.249      -19.118405       76.206607      -1.0045354       1.0032905       10.753638        10.753638       99146.992       99146.992
  3.4334175e-35       49583.853      -19.086599        77.20718      -1.0036577       1.0026485       10.753638        10.753638         99146.2         99146.2
  8.1225337e-35       49582.992      -19.130069        75.64011      -1.0047287       1.0034346       10.753638        10.753638       99144.477       99144.477
  2.1992807e-29       49570.483      -19.134128        76.12274      -1.0040495       1.0029333       10.753638        10.753638       99119.459       99119.459
  4.4706487e-29       49569.486      -19.143594       75.545723       -1.004261       1.0030895       10.753638        10.753638       99117.465       99117.465
   7.696887e-28        49566.64      -19.123534       76.173241       -1.003692       1.0026699       10.753638        10.753638       99111.773       99111.773
  6.0079903e-24       49556.761      -19.135159       75.807786      -1.0032855       1.0023723       10.753638        10.753638       99092.016       99092.016
  1.6727755e-23       49555.737      -19.140798       75.413951      -1.0030719       1.0022157       10.753638        10.753638       99089.968       99089.968
  1.5672235e-23       49555.515          -19.14       75.470929      -1.0031047       1.0022397       10.753638        10.753638       99089.523       99089.523
  3.4172594e-23       49554.735      -19.143647       75.143069      -1.0029049       1.0020939       10.753638        10.753638       99087.964       99087.964
   3.844498e-23       49554.618      -19.138468       75.557367      -1.0031504       1.0022734       10.753638        10.753638       99087.728       99087.728
