  0.100000000000000E+001  0.353551289643349E+002  0.809079798671263E+000  0.744627576280207E+002 -0.473102872212676E+000  0.376130066617009E+001  0.666343602438220E+002 -0.167451030290137E+002 -0.176775644821674E+002
  0.100000000000000E+001  0.255797179914264E+002  0.181004608462709E+002  0.664267108338240E+002 -0.443913584194179E+000  0.367248588055895E+001  0.907516264255775E+002 -0.167451030290137E+002 -0.127898589957132E+002
  0.100000000000000E+001  0.145144331720701E+002 -0.174203835658010E+002  0.657615443815778E+002 -0.826288870384382E+000  0.465741262978620E+001  0.354290283061134E+002 -0.167451030290137E+002 -0.725721658603506E+001
  0.100000000000000E+001  0.258726514758902E+002 -0.444497024514103E+000  0.595211380634529E+002 -0.795693767740765E+000  0.443368167289625E+001  0.382456325279094E+002 -0.167451030290137E+002 -0.129363257379451E+002
  0.100000000000000E+001  0.260237590356504E+002 -0.154182876760272E+002  0.640628236916941E+002 -0.350097329674304E+000  0.111125837801208E+001  0.728020848685246E+002 -0.167451030290137E+002 -0.130118795178252E+002
  0.100000000000000E+001  0.262107402904520E+002  0.110931695455997E+002  0.646188921142903E+002 -0.373664634232782E+000  0.452754002109687E+000  0.739027729785359E+002 -0.167451030290137E+002 -0.131053701452260E+002
  0.100000000000000E+001  0.192140820502232E+002  0.941365317445815E-001  0.725129507263891E+002 -0.634027544210205E+000  0.571165563787646E+001  0.975174399402165E+002 -0.167451030290137E+002 -0.960704102511161E+001
  0.100000000000000E+001  0.192574970532786E+002 -0.667478416566099E+001  0.774288270697137E+002 -0.822726963290619E+000  0.654590918108622E+001  0.829505982356619E+002 -0.167451030290137E+002 -0.962874852663932E+001
  0.100000000000000E+001  0.251380534316712E+002  0.920530099057331E+001  0.739333630125550E+002 -0.368170107369265E+000  0.143063620032621E+000 -0.516967217822396E+002 -0.167451030290137E+002 -0.125690267158356E+002
  0.100000000000000E+001  0.247164960356116E+002 -0.776898557075609E+001  0.804011481868784E+002 -0.631238012462894E+000  0.413542762018684E+001  0.527235408625057E+002 -0.167451030290137E+002 -0.123582480178058E+002
  0.100000000000000E+001  0.193660236076544E+002  0.179677918746002E+002  0.730583914887997E+002 -0.514767354846238E+000  0.349678284831052E+001  0.658076910278388E+002 -0.167451030290137E+002 -0.968301180382721E+001
  0.100000000000000E+001  0.242093536173269E+002  0.158527116815058E+001  0.782449104817559E+002 -0.808328959989226E+000  0.395413796440778E+001  0.252030101230452E+002 -0.167451030290137E+002 -0.121046768086634E+002
  0.100000000000000E+001  0.194649537123305E+002  0.866528363548576E+001  0.732063514133975E+002 -0.509163119771976E+000  0.328071913188210E+001  0.617730462683546E+002 -0.167451030290137E+002 -0.973247685616525E+001
  0.100000000000000E+001  0.228858657903183E+002 -0.989419486602925E+001  0.569853757309926E+002 -0.783579583132911E+000  0.685422119486819E+001  0.935279697485060E+002 -0.167451030290137E+002 -0.114429328951592E+002
  0.100000000000000E+001  0.198192124839906E+002 -0.111122592699006E+002  0.612284401533337E+002 -0.848899712224572E+000  0.737958399914462E+001  0.917851236562712E+002 -0.167451030290137E+002 -0.990960624199530E+001
  0.100000000000000E+001  0.227976383597443E+002  0.158806951884041E+002  0.598072307975087E+002 -0.617606261787299E+000  0.490023747241663E+001  0.660992120778539E+002 -0.167451030290137E+002 -0.113988191798721E+002
  0.100000000000000E+001  0.202851565765731E+002  0.115186423469311E+002  0.702753695537626E+002 -0.459001049496497E+000  0.258702777911165E+001  0.572567845078462E+002 -0.167451030290137E+002 -0.101425782882866E+002
  0.100000000000000E+001  0.224737416107892E+002 -0.233192900889780E+001  0.668782105776591E+002 -0.840305782114358E+000  0.759469102291732E+001  0.970101763362975E+002 -0.167451030290137E+002 -0.112368708053946E+002
  0.100000000000000E+001  0.205816753876937E+002  0.178312847775728E+002  0.749429399252805E+002 -0.542635546192209E+000  0.414905833506735E+001  0.937956747092295E+002 -0.167451030290137E+002 -0.102908376938469E+002
  0.100000000000000E+001  0.207299171564351E+002  0.422235887439103E+001  0.719117861234164E+002 -0.697438043493012E+000  0.431569728914797E+001  0.568444389689227E+002 -0.167451030290137E+002 -0.103649585782175E+002
  0.100000000000000E+001  0.208482229711335E+002 -0.146135430402847E+002  0.708879308745994E+002 -0.482388488339306E+000  0.199447923809643E+001  0.297101646681507E+002 -0.167451030290137E+002 -0.104241114855668E+002
  0.100000000000000E+001  0.212177690529675E+002  0.687756206368899E+001  0.746863553027341E+002 -0.532722589769843E+000  0.363149451054259E+001  0.799485123900811E+002 -0.167451030290137E+002 -0.106088845264838E+002
  0.100000000000000E+001  0.218145447413909E+002 -0.334378646846712E+001  0.598396940751456E+002 -0.731829840383939E+000  0.327794022405366E+001  0.143921903143128E+002 -0.167451030290137E+002 -0.109072723706955E+002
  0.100000000000000E+001  0.215337851363062E+002  0.773567690199803E+001  0.586014962563031E+002 -0.755560362173812E+000  0.686665477850015E+001  0.985673693870497E+002 -0.167451030290137E+002 -0.107668925681531E+002
  0.100000000000000E+001  0.186770174633457E+002  0.656077039012500E+001  0.678545282597360E+002 -0.636145481898821E+000  0.545555741423823E+001  0.813179566871935E+002 -0.167451030290137E+002 -0.933850873167284E+001
  0.100000000000000E+001  0.145308683923107E+002 -0.726065710024323E+001  0.615719672512709E+002 -0.488344539558594E+000  0.985269173875912E+000  0.608557751257393E+000 -0.167451030290137E+002 -0.726543419615536E+001
  0.100000000000000E+001  0.185240454281193E+002 -0.175359705531945E+002  0.594355294134683E+002 -0.714282547985033E+000  0.506389594096218E+001  0.614126535807654E+002 -0.167451030290137E+002 -0.926202271405964E+001
  0.100000000000000E+001  0.184151704022666E+002  0.119928471710751E+002  0.613541290743241E+002 -0.663990937997873E+000  0.566201874394114E+001  0.984097973179467E+002 -0.167451030290137E+002 -0.920758520113328E+001
  0.100000000000000E+001  0.183697710860320E+002 -0.151154028784174E+002  0.678265510927227E+002 -0.964433785446003E+000  0.705182214810823E+001  0.762831921506077E+002 -0.167451030290137E+002 -0.918488554301601E+001
  0.100000000000000E+001  0.145795371472552E+002  0.368203846983868E+001  0.736386519296264E+002 -0.579538137689988E+000  0.271025307255518E+001  0.232298122646000E+002 -0.167451030290137E+002 -0.728976857362762E+001
  0.100000000000000E+001  0.183254526811819E+002 -0.735021197380336E+001  0.684589881804978E+002 -0.478793617808668E+000  0.257424364564238E+001  0.393512009878744E+002 -0.167451030290137E+002 -0.916272634059096E+001
  0.100000000000000E+001  0.183194155915147E+002 -0.166772004857012E+002  0.717406764786663E+002 -0.618579836222229E+000  0.446039566314495E+001  0.551287441885745E+002 -0.167451030290137E+002 -0.915970779575735E+001
  0.100000000000000E+001  0.181639352911136E+002 -0.629009296574923E+001  0.671740549513115E+002 -0.588897928536367E+000  0.324059521451068E+001  0.426530432870757E+002 -0.167451030290137E+002 -0.908196764555682E+001
  0.100000000000000E+001  0.181380539254241E+002 -0.162942644717712E+002  0.761578061105254E+002 -0.641419408170275E+000  0.337768909324732E+001  0.353182772050388E+002 -0.167451030290137E+002 -0.906902696271203E+001
  0.100000000000000E+001  0.181227965966341E+002 -0.146664653524422E+002  0.579494478547064E+002 -0.601034386321970E+000  0.189544415183770E+001  0.454848357665220E+001 -0.167451030290137E+002 -0.906139829831704E+001
  0.100000000000000E+001  0.179388868556025E+002  0.623987946855060E+001  0.678483001224638E+002 -0.919245401515051E+000  0.794616119620936E+001  0.976291410137194E+002 -0.167451030290137E+002 -0.896944342780126E+001
  0.100000000000000E+001  0.178694622070587E+002 -0.110561661339934E+002  0.721112187550391E+002 -0.587327919666458E+000  0.385604657906736E+001  0.450201422997260E+002 -0.167451030290137E+002 -0.893473110352936E+001
  0.100000000000000E+001  0.177956757608995E+002 -0.184579570941605E+002  0.639922729919137E+002 -0.608928932208911E+000  0.507949380288295E+001  0.994110602277941E+002 -0.167451030290137E+002 -0.889783788044974E+001
  0.100000000000000E+001  0.177049574639744E+002 -0.895994162420866E+000  0.647916425463479E+002 -0.868424926643393E+000  0.563605990651137E+001  0.475305704708766E+002 -0.167451030290137E+002 -0.885247873198719E+001
  0.100000000000000E+001  0.175957623983918E+002  0.841083255108829E+001  0.695287118892140E+002 -0.756182538306490E+000  0.588136591066139E+001  0.922562483057739E+002 -0.167451030290137E+002 -0.879788119919591E+001
  0.100000000000000E+001  0.175699508896148E+002  0.181453975439133E+002  0.664070703351862E+002 -0.595355236438489E+000  0.359314299515077E+001  0.323727005188822E+002 -0.167451030290137E+002 -0.878497544480738E+001
  0.100000000000000E+001  0.175528829851291E+002 -0.501578138924824E+001  0.767452925386316E+002 -0.743069923650263E+000  0.607466412052383E+001  0.871602778411702E+002 -0.167451030290137E+002 -0.877644149256453E+001
  0.100000000000000E+001  0.172817536610176E+002  0.246706823526948E+001  0.609064145856836E+002 -0.749463032681256E+000  0.642701780597568E+001  0.876053589609643E+002 -0.167451030290137E+002 -0.864087683050879E+001
  0.100000000000000E+001  0.172295712527292E+002 -0.101771588672012E+002  0.635654529406986E+002 -0.869229377668449E+000  0.643725748687520E+001  0.651657743621680E+002 -0.167451030290137E+002 -0.861478562636460E+001
  0.100000000000000E+001  0.171850784942898E+002 -0.146855502183278E+001  0.600116129361628E+002 -0.721803034299850E+000  0.506696233529358E+001  0.534756697033528E+002 -0.167451030290137E+002 -0.859253924714491E+001
  0.100000000000000E+001  0.171043419753201E+002 -0.879340361300375E+001  0.706303358771790E+002 -0.817225225236722E+000  0.693394570567727E+001  0.875190436203406E+002 -0.167451030290137E+002 -0.855217098766004E+001
  0.100000000000000E+001  0.170957939295087E+002 -0.315542510130967E+001  0.736466257591058E+002 -0.579146645881919E+000  0.363660475469984E+001  0.445118339006249E+002 -0.167451030290137E+002 -0.854789696475436E+001
  0.100000000000000E+001  0.170467866617626E+002  0.863431997622040E+001  0.603823190769548E+002 -0.695676517864646E+000  0.528063133115197E+001  0.674619215492026E+002 -0.167451030290137E+002 -0.852339333088132E+001
  0.100000000000000E+001  0.170419698582373E+002 -0.104403483069066E+002  0.666008912059211E+002 -0.575895175323137E+000  0.403208566031154E+001  0.518406376969487E+002 -0.167451030290137E+002 -0.852098492911866E+001
  0.100000000000000E+001  0.169925668220553E+002  0.302717227845365E+001  0.673697524286642E+002 -0.416264022110770E+000  0.831542418846443E+000  0.563039487148714E+000 -0.167451030290137E+002 -0.849628341102764E+001
  0.100000000000000E+001  0.168568564613130E+002  0.101524128738051E+002  0.703021111516030E+002 -0.568864929576970E+000  0.443154752744358E+001  0.912088710552476E+002 -0.167451030290137E+002 -0.842842823065651E+001
  0.100000000000000E+001  0.168488031048092E+002  0.333082209985201E+001  0.677917700079933E+002 -0.840278850060156E+000  0.514795513736405E+001  0.490097451130027E+002 -0.167451030290137E+002 -0.842440155240460E+001
  0.100000000000000E+001  0.168212416590115E+002  0.151607940092910E+002  0.673824142827426E+002 -0.552404324822316E+000  0.426457789580689E+001  0.826592425359279E+002 -0.167451030290137E+002 -0.841062082950577E+001
  0.100000000000000E+001  0.167703484647644E+002 -0.747245900842212E+001  0.749192372049156E+002 -0.660949890674071E+000  0.287703396934402E+001  0.150998742469574E+002 -0.167451030290137E+002 -0.838517423238221E+001
  0.100000000000000E+001  0.165875632948318E+002 -0.132611388937817E+002  0.692220666343276E+002 -0.477455935528243E+000  0.170418477034203E+001  0.138225676387910E+002 -0.167451030290137E+002 -0.829378164741590E+001
  0.100000000000000E+001  0.165864380334157E+002 -0.428257943684531E+001  0.709343925244368E+002 -0.912675563087907E+000  0.621651870871398E+001  0.612977368214068E+002 -0.167451030290137E+002 -0.829321901670787E+001
  0.100000000000000E+001  0.164994076636070E+002 -0.171735051749088E+002  0.607153000403071E+002 -0.700584714689138E+000  0.314079202946879E+001  0.151781755989800E+002 -0.167451030290137E+002 -0.824970383180351E+001
  0.100000000000000E+001  0.164858525386491E+002  0.439473073054178E+001  0.746287310905365E+002 -0.602256862650489E+000  0.342481108213805E+001  0.342235231172793E+002 -0.167451030290137E+002 -0.824292626932456E+001
  0.100000000000000E+001  0.164120314140322E+002 -0.194716849747749E+002  0.748602901999126E+002 -0.750710191034512E+000  0.496514140644942E+001  0.493163564952505E+002 -0.167451030290137E+002 -0.820601570701610E+001
  0.100000000000000E+001  0.164046899857304E+002 -0.137636402323228E+002  0.622061670321757E+002 -0.609087833926893E+000  0.216960533149271E+001  0.612947655410349E+001 -0.167451030290137E+002 -0.820234499286520E+001
  0.100000000000000E+001  0.164017919930803E+002  0.787156934204071E+001  0.759553100521961E+002 -0.660451886170252E+000  0.380958845923792E+001  0.414045403883656E+002 -0.167451030290137E+002 -0.820089599654016E+001
  0.100000000000000E+001  0.163864940658425E+002 -0.904412921997005E+001  0.711795792473722E+002 -0.565988228526955E+000  0.206876597415936E+001  0.739744395144477E+001 -0.167451030290137E+002 -0.819324703292126E+001
  0.100000000000000E+001  0.163723469275513E+002 -0.151864033559450E+002  0.743866346471003E+002 -0.658779806395751E+000  0.361855864074822E+001  0.387024888863528E+002 -0.167451030290137E+002 -0.818617346377568E+001
  0.100000000000000E+001  0.163195410059716E+002 -0.118478626806499E+002  0.657226696200882E+002 -0.591550151584906E+000  0.500709114720382E+001  0.930886063985391E+002 -0.167451030290137E+002 -0.815977050298580E+001
  0.100000000000000E+001  0.162892141727963E+002  0.152201464060422E+002  0.697777019665529E+002 -0.527668120060447E+000  0.314164430101092E+001  0.447655996618958E+002 -0.167451030290137E+002 -0.814460708639815E+001
  0.100000000000000E+001  0.162716516509819E+002  0.181253826286796E+002  0.656247741029103E+002 -0.575371094371491E+000  0.418137635876823E+001  0.705022689918246E+002 -0.167451030290137E+002 -0.813582582549093E+001
  0.100000000000000E+001  0.161331621624604E+002  0.150413783262146E+001  0.703836013710671E+002 -0.586203810660062E+000  0.483813113274395E+001  0.890335710062002E+002 -0.167451030290137E+002 -0.806658108123018E+001
  0.100000000000000E+001  0.160552367789291E+002  0.190856387791299E+002  0.665493141277588E+002 -0.785580924874699E+000  0.704147360667638E+001  0.966177598016178E+002 -0.167451030290137E+002 -0.802761838946454E+001
  0.100000000000000E+001  0.160381976592461E+002 -0.145640240988382E+002  0.664631052054843E+002 -0.845548060868218E+000  0.470269590815461E+001  0.354708897197899E+002 -0.167451030290137E+002 -0.801909882962303E+001
  0.100000000000000E+001  0.159374081909380E+002  0.631182979728736E+001  0.667159800686921E+002 -0.654827324848415E+000  0.537574786067092E+001  0.991032665783417E+002 -0.167451030290137E+002 -0.796870409546900E+001
  0.100000000000000E+001  0.159230285294103E+002  0.861383853276690E+001  0.691166263811138E+002 -0.944110138038459E+000  0.758837374578687E+001  0.966088974964238E+002 -0.167451030290137E+002 -0.796151426470517E+001
  0.100000000000000E+001  0.159116228565335E+002  0.615342952235679E+000  0.633419060978733E+002 -0.905124080597028E+000  0.737420523181083E+001  0.866583373851157E+002 -0.167451030290137E+002 -0.795581142826677E+001
  0.100000000000000E+001  0.158960301755759E+002  0.357513987225942E+001  0.679999422585488E+002 -0.879670306619551E+000  0.674348256995104E+001  0.726156553473132E+002 -0.167451030290137E+002 -0.794801508778794E+001
  0.100000000000000E+001  0.157554668413388E+002 -0.179798866465554E+002  0.662567603687471E+002 -0.557559879758615E+000  0.320825481276320E+001  0.420480444456105E+002 -0.167451030290137E+002 -0.787773342066938E+001
  0.100000000000000E+001  0.157150325983080E+002 -0.422176616658384E+001  0.733542430611141E+002 -0.767237441815019E+000  0.451535986841962E+001  0.364450226883606E+002 -0.167451030290137E+002 -0.785751629915401E+001
  0.100000000000000E+001  0.146068028661021E+002  0.632763210618333E+001  0.625833401584222E+002 -0.748824408525175E+000  0.656077788705770E+001  0.964211387380305E+002 -0.167451030290137E+002 -0.730340143305105E+001
  0.100000000000000E+001  0.156066547519325E+002  0.119305967031630E+002  0.755733531306068E+002 -0.846689869704070E+000  0.710078110206176E+001  0.978394313267615E+002 -0.167451030290137E+002 -0.780332737596623E+001
  0.100000000000000E+001  0.155998558441059E+002  0.133078690422153E+002  0.651922932231444E+002 -0.782693942871540E+000  0.600156737157036E+001  0.835335887440917E+002 -0.167451030290137E+002 -0.779992792205297E+001
  0.100000000000000E+001  0.155901794561310E+002 -0.677182188455434E+001  0.753465011746125E+002 -0.792886286605995E+000  0.558200027652838E+001  0.671799452829925E+002 -0.167451030290137E+002 -0.779508972806550E+001
  0.100000000000000E+001  0.146185919944864E+002  0.323637293890262E+001  0.643436322833423E+002 -0.591946594034133E+000  0.362742738015730E+001  0.418089512960651E+002 -0.167451030290137E+002 -0.730929599724319E+001
  0.100000000000000E+001  0.155238876351772E+002 -0.159108305529974E+002  0.710813672011273E+002 -0.807478262047187E+000  0.590769088924878E+001  0.622395220663747E+002 -0.167451030290137E+002 -0.776194381758861E+001
  0.100000000000000E+001  0.155133147636025E+002 -0.158389828469150E+002  0.641052840269366E+002 -0.734551132510706E+000  0.450884115704419E+001  0.473376523235369E+002 -0.167451030290137E+002 -0.775665738180123E+001
  0.100000000000000E+001  0.155117540161794E+002 -0.193510905249864E+001  0.689827446105301E+002 -0.607763813063022E+000  0.441553997590471E+001  0.756737864039394E+002 -0.167451030290137E+002 -0.775587700808968E+001
  0.100000000000000E+001  0.155022146886056E+002 -0.402727319287689E+001  0.627108419055306E+002 -0.651928005488839E+000  0.327037135683276E+001  0.272715163958499E+002 -0.167451030290137E+002 -0.775110734430280E+001
  0.100000000000000E+001  0.146577840154376E+002  0.179024085329714E+002  0.685514736003220E+002 -0.728938859697687E+000  0.572006548231401E+001  0.895132348568526E+002 -0.167451030290137E+002 -0.732889200771880E+001
  0.100000000000000E+001  0.154357249012656E+002 -0.132543627336660E+002  0.668713561022776E+002 -0.754093027009673E+000  0.515263890873405E+001  0.642690727875168E+002 -0.167451030290137E+002 -0.771786245063282E+001
  0.100000000000000E+001  0.153758349266082E+002 -0.696740961014548E+001  0.617408725689339E+002 -0.789100755648202E+000  0.685815450616885E+001  0.945653832804933E+002 -0.167451030290137E+002 -0.768791746330410E+001
  0.100000000000000E+001  0.153638816024460E+002  0.584754243548972E+001  0.633619972840894E+002 -0.842601588345806E+000  0.682216007856281E+001  0.803087156760865E+002 -0.167451030290137E+002 -0.768194080122298E+001
  0.100000000000000E+001  0.153605011674894E+002  0.835197006419689E+001  0.741906342820687E+002 -0.625338004761736E+000  0.406149976531626E+001  0.505948748160373E+002 -0.167451030290137E+002 -0.768025058374470E+001
  0.100000000000000E+001  0.153308407674251E+002 -0.635556895274326E+001  0.677313731533373E+002 -0.615157367774375E+000  0.539090568240502E+001  0.979626067056684E+002 -0.167451030290137E+002 -0.766542038371252E+001
  0.100000000000000E+001  0.153131260871055E+002 -0.109131079944787E+002  0.734137020353338E+002 -0.577837490566414E+000  0.312957474852355E+001  0.320181012174274E+002 -0.167451030290137E+002 -0.765656304355277E+001
  0.100000000000000E+001  0.152973733476579E+002  0.111391514370587E+002  0.753245788103380E+002 -0.697474705788785E+000  0.343322411152812E+001  0.235166054922170E+002 -0.167451030290137E+002 -0.764868667382895E+001
  0.100000000000000E+001  0.152560096611091E+002 -0.254955435827715E+001  0.701448272028536E+002 -0.822247463720686E+000  0.726655663173041E+001  0.983503555483838E+002 -0.167451030290137E+002 -0.762800483055457E+001
  0.100000000000000E+001  0.152160110057262E+002  0.957698543207775E+001  0.642383627124299E+002 -0.849388583658632E+000  0.679570193728725E+001  0.782794347739222E+002 -0.167451030290137E+002 -0.760800550286308E+001
  0.100000000000000E+001  0.151561595529455E+002  0.838880024769872E+001  0.660088726404800E+002 -0.693736977281236E+000  0.570361294266100E+001  0.767273725027042E+002 -0.167451030290137E+002 -0.757807977647275E+001
  0.100000000000000E+001  0.150483453220995E+002  0.171886699924912E+002  0.698690980556762E+002 -0.644655713886966E+000  0.519025729369486E+001  0.947838489362144E+002 -0.167451030290137E+002 -0.752417266104975E+001
  0.100000000000000E+001  0.150478537543485E+002 -0.395897544157480E+001  0.729496883946214E+002 -0.741016603578538E+000  0.566360998051106E+001  0.690593055374252E+002 -0.167451030290137E+002 -0.752392687717427E+001
  0.100000000000000E+001  0.150098546939385E+002  0.108020786830637E+001  0.626715155952599E+002 -0.774293765330595E+000  0.453449475617761E+001  0.344419723781333E+002 -0.167451030290137E+002 -0.750492734696926E+001
  0.100000000000000E+001  0.150079525016295E+002  0.175811168486462E+002  0.650062620055255E+002 -0.646458972624231E+000  0.547830982421738E+001  0.877031099697231E+002 -0.167451030290137E+002 -0.750397625081477E+001
  0.100000000000000E+001  0.149762432013738E+002 -0.120651549068538E+002  0.710560721915636E+002 -0.550105096830244E+000  0.254193375060523E+001  0.251632476757386E+002 -0.167451030290137E+002 -0.748812160068693E+001
  0.100000000000000E+001  0.149758912407187E+002 -0.684472840809634E+001  0.649433391938737E+002 -0.628784062656506E+000  0.352931692361763E+001  0.382581009745065E+002 -0.167451030290137E+002 -0.748794562035936E+001
  0.100000000000000E+001  0.149586949669588E+002  0.188751284874548E+001  0.669786747781282E+002 -0.827994390902188E+000  0.651812134197934E+001  0.901787937165579E+002 -0.167451030290137E+002 -0.747934748347941E+001
  0.100000000000000E+001  0.149282393930975E+002  0.524215577755978E+001  0.729891156368040E+002 -0.582419885540028E+000  0.319803925792199E+001  0.359518136865057E+002 -0.167451030290137E+002 -0.746411969654875E+001
  0.100000000000000E+001  0.149184686206623E+002  0.445255944016244E+001  0.658052658373741E+002 -0.594670549610483E+000  0.179611881795587E+001  0.677164935071902E+001 -0.167451030290137E+002 -0.745923431033115E+001
  0.100000000000000E+001  0.149165409833795E+002 -0.107153305946947E+002  0.673886416951952E+002 -0.832516997874717E+000  0.518331656957636E+001  0.495498907570797E+002 -0.167451030290137E+002 -0.745827049168974E+001
  0.100000000000000E+001  0.149162684300512E+002 -0.102434891484533E+002  0.612954462725197E+002 -0.744520520084667E+000  0.535183397415450E+001  0.612076467046342E+002 -0.167451030290137E+002 -0.745813421502559E+001
  0.100000000000000E+001  0.149116373444181E+002 -0.400824375030125E+001  0.651770692169458E+002 -0.847147514213650E+000  0.510841788692735E+001  0.425072124975568E+002 -0.167451030290137E+002 -0.745581867220904E+001
  0.100000000000000E+001  0.149085940995304E+002 -0.106350212427954E+001  0.745203065137950E+002 -0.652246639870082E+000  0.399496172039456E+001  0.469834428209398E+002 -0.167451030290137E+002 -0.745429704976519E+001
  0.100000000000000E+001  0.148400110538410E+002  0.100538700349066E+001  0.722167671764595E+002 -0.626215024900099E+000  0.458812738563910E+001  0.651274853783091E+002 -0.167451030290137E+002 -0.742000552692049E+001
  0.100000000000000E+001  0.148208777147269E+002 -0.245228640966383E+001  0.734914824756893E+002 -0.710543532789220E+000  0.444393690088552E+001  0.417565833162305E+002 -0.167451030290137E+002 -0.741043885736347E+001
  0.100000000000000E+001  0.148153236108166E+002 -0.150303973162613E+002  0.680200461353911E+002 -0.684222678001314E+000  0.412583622587197E+001  0.476561672155117E+002 -0.167451030290137E+002 -0.740766180540828E+001
  0.100000000000000E+001  0.147987781372824E+002  0.117235628657226E+002  0.713899482490465E+002 -0.663456535961519E+000  0.570615679047260E+001  0.927698191053935E+002 -0.167451030290137E+002 -0.739938906864122E+001
  0.100000000000000E+001  0.147934023050762E+002 -0.184486456251820E+002  0.746456922384105E+002 -0.759483763954215E+000  0.425690017265543E+001  0.364566240654504E+002 -0.167451030290137E+002 -0.739670115253809E+001
  0.100000000000000E+001  0.147932477448446E+002  0.167548372236538E+002  0.673717686352217E+002 -0.675125625238746E+000  0.558901828520521E+001  0.992671162078477E+002 -0.167451030290137E+002 -0.739662387242231E+001
  0.100000000000000E+001  0.147498744197948E+002 -0.121576647558044E+002  0.704318040432078E+002 -0.561256772518497E+000  0.270296794922858E+001  0.278894324032726E+002 -0.167451030290137E+002 -0.737493720989739E+001
  0.100000000000000E+001  0.147195043878837E+002 -0.985903172810355E+001  0.747837975646518E+002 -0.811805619556050E+000  0.586735372251857E+001  0.700986463001790E+002 -0.167451030290137E+002 -0.735975219394184E+001
  0.100000000000000E+001  0.147171259661753E+002  0.382224441331189E+000  0.723994321794347E+002 -0.652248969959157E+000  0.552629753027709E+001  0.957165975308928E+002 -0.167451030290137E+002 -0.735856298308764E+001
  0.100000000000000E+001  0.146851466002512E+002 -0.125893183533314E+002  0.667009676511341E+002 -0.680318476966905E+000  0.573731293100576E+001  0.831181210384577E+002 -0.167451030290137E+002 -0.734257330012560E+001
  0.100000000000000E+001  0.146930599524418E+002 -0.282327272317054E+001  0.716382341067339E+002 -0.631281734265132E+000  0.515432524979609E+001  0.878962000088138E+002 -0.167451030290137E+002 -0.734652997622091E+001
  0.100000000000000E+001  0.146911051095725E+002  0.177481554569613E+002  0.625344449421564E+002 -0.843691190852083E+000  0.611371433308616E+001  0.647701716052326E+002 -0.167451030290137E+002 -0.734555255478625E+001
  0.100000000000000E+001  0.144894134110022E+002  0.850343898460887E+001  0.728140146141425E+002 -0.780642472659790E+000  0.646805458078666E+001  0.862355527019370E+002 -0.167451030290137E+002 -0.724470670550108E+001
  0.100000000000000E+001  0.144731094666442E+002 -0.915798525920545E+001  0.640297122499443E+002 -0.759065467771652E+000  0.671457966301022E+001  0.956986208992619E+002 -0.167451030290137E+002 -0.723655473332211E+001
  0.100000000000000E+001  0.144471638254394E+002  0.310345413046981E+000  0.659800804517047E+002 -0.519157112768735E+000  0.170359910540571E+001  0.909997424629640E+001 -0.167451030290137E+002 -0.722358191271972E+001
  0.100000000000000E+001  0.143906808487968E+002 -0.126482732968256E-001  0.626702045482087E+002 -0.840488967434737E+000  0.697927369916554E+001  0.943219402393673E+002 -0.167451030290137E+002 -0.719534042439840E+001
  0.100000000000000E+001  0.143798676202677E+002  0.985587724354411E+001  0.616813811944179E+002 -0.697986316453301E+000  0.442354689339817E+001  0.442874816787096E+002 -0.167451030290137E+002 -0.718993381013386E+001
  0.100000000000000E+001  0.143438410790075E+002 -0.191700552389597E+002  0.728128503592669E+002 -0.660254926062336E+000  0.308180972329862E+001  0.182608671213888E+002 -0.167451030290137E+002 -0.717192053950377E+001
  0.100000000000000E+001  0.143346405276676E+002 -0.943605723046063E+001  0.741623082156244E+002 -0.635855421343014E+000  0.359302275667337E+001  0.374409293859999E+002 -0.167451030290137E+002 -0.716732026383381E+001
  0.100000000000000E+001  0.143268777749016E+002  0.525480356169611E+001  0.658675325913289E+002 -0.602113728979106E+000  0.403748461112888E+001  0.496751626294055E+002 -0.167451030290137E+002 -0.716343888745078E+001
  0.100000000000000E+001  0.142864980764514E+002  0.111728766322618E+002  0.670821891195064E+002 -0.743769450827777E+000  0.595530480266160E+001  0.921538013924613E+002 -0.167451030290137E+002 -0.714324903822570E+001
  0.100000000000000E+001  0.142740247954398E+002  0.192048264829944E+002  0.697645176721611E+002 -0.596858924565524E+000  0.421648272015034E+001  0.614830223522690E+002 -0.167451030290137E+002 -0.713701239771989E+001
  0.100000000000000E+001  0.142590549745359E+002  0.644559565951197E+001  0.638895939811584E+002 -0.762530956051427E+000  0.433621706361193E+001  0.372602945427293E+002 -0.167451030290137E+002 -0.712952748726796E+001
  0.100000000000000E+001  0.142521983915648E+002 -0.217511441631159E+001  0.740102627927273E+002 -0.856952803323888E+000  0.720388007058771E+001  0.975302583804551E+002 -0.167451030290137E+002 -0.712609919578239E+001
  0.100000000000000E+001  0.142331474367243E+002 -0.178816996629771E+002  0.645026041281234E+002 -0.730886822944732E+000  0.396419587764297E+001  0.266587131470677E+002 -0.167451030290137E+002 -0.711657371836214E+001
  0.100000000000000E+001  0.142164510993473E+002 -0.684907529527938E+001  0.692679487041387E+002 -0.908140374284457E+000  0.673040208103563E+001  0.741502688416303E+002 -0.167451030290137E+002 -0.710822554967365E+001
  0.100000000000000E+001  0.142043390166001E+002  0.995275994100237E+001  0.674325360199669E+002 -0.610045234465123E+000  0.458374625181382E+001  0.729796283145845E+002 -0.167451030290137E+002 -0.710216950830004E+001
  0.100000000000000E+001  0.141933524586481E+002 -0.754446459853330E+000  0.666420381198737E+002 -0.745663068500483E+000  0.612589969146230E+001  0.971590190897023E+002 -0.167451030290137E+002 -0.709667622932404E+001
  0.100000000000000E+001  0.140983211558299E+002  0.141396251409574E+002  0.717536599589996E+002 -0.827255911225096E+000  0.711960887282766E+001  0.959176152645175E+002 -0.167451030290137E+002 -0.704916057791493E+001
  0.100000000000000E+001  0.140759573381659E+002 -0.861382347695739E+001  0.637318269006131E+002 -0.673246108096906E+000  0.498648754284327E+001  0.683987612640587E+002 -0.167451030290137E+002 -0.703797866908293E+001
  0.100000000000000E+001  0.140377420104837E+002  0.910779479377950E+001  0.719411511659232E+002 -0.648344781834111E+000  0.415392648061261E+001  0.540418417622436E+002 -0.167451030290137E+002 -0.701887100524184E+001
  0.100000000000000E+001  0.140196100258795E+002  0.642456291541014E+001  0.727146844922577E+002 -0.672373738277474E+000  0.482276378711921E+001  0.606322118239615E+002 -0.167451030290137E+002 -0.700980501293974E+001
  0.100000000000000E+001  0.140169622379984E+002 -0.378268510939357E+001  0.623074932998663E+002 -0.760647089228779E+000  0.437631558805150E+001  0.341282164379301E+002 -0.167451030290137E+002 -0.700848111899921E+001
  0.100000000000000E+001  0.140148584185276E+002 -0.106546267958587E+002  0.731192520624014E+002 -0.754350892282377E+000  0.398509895443937E+001  0.316058011112005E+002 -0.167451030290137E+002 -0.700742920926378E+001
  0.100000000000000E+001  0.139927798300503E+002  0.130026125859488E+002  0.706799067065433E+002 -0.896139610959227E+000  0.713853543016084E+001  0.921558977922375E+002 -0.167451030290137E+002 -0.699638991502514E+001
  0.100000000000000E+001  0.139908634501631E+002  0.847073967194602E+001  0.664633686491010E+002 -0.814020192360487E+000  0.674728194665352E+001  0.837018952672448E+002 -0.167451030290137E+002 -0.699543172508158E+001
  0.100000000000000E+001  0.139664435945695E+002 -0.151418916916075E+002  0.734133805035363E+002 -0.697101771046670E+000  0.543103995675552E+001  0.769760658278914E+002 -0.167451030290137E+002 -0.698322179728473E+001
  0.100000000000000E+001  0.139481361740038E+002  0.141489452972279E+002  0.740825486274988E+002 -0.689490902675122E+000  0.467705936440340E+001  0.554741660322693E+002 -0.167451030290137E+002 -0.697406808700191E+001
  0.100000000000000E+001  0.139475216196875E+002 -0.137318394922443E+002  0.717357588268003E+002 -0.705180802311483E+000  0.569747860933997E+001  0.793756935899765E+002 -0.167451030290137E+002 -0.697376080984373E+001
  0.100000000000000E+001  0.139408946049415E+002 -0.122595207912089E+002  0.643605241366634E+002 -0.622700018846649E+000  0.397313896252762E+001  0.431178177040155E+002 -0.167451030290137E+002 -0.697044730247076E+001
  0.100000000000000E+001  0.139371113615942E+002  0.918124722298842E+001  0.687041940074216E+002 -0.657002828963704E+000  0.513966691197312E+001  0.856015860692158E+002 -0.167451030290137E+002 -0.696855568079710E+001
  0.100000000000000E+001  0.139369914492558E+002  0.188333713758533E+002  0.717943688632023E+002 -0.776269865764392E+000  0.444150749135338E+001  0.397765122532972E+002 -0.167451030290137E+002 -0.696849572462792E+001
  0.100000000000000E+001  0.139101574123730E+002 -0.109799951523966E+002  0.714472263448880E+002 -0.861174059674935E+000  0.699248217425685E+001  0.968778634853544E+002 -0.167451030290137E+002 -0.695507870618652E+001
  0.100000000000000E+001  0.138913614679682E+002 -0.290453774024262E+001  0.638520736288895E+002 -0.733058155269170E+000  0.531685145834889E+001  0.581009046379039E+002 -0.167451030290137E+002 -0.694568073398410E+001
  0.100000000000000E+001  0.138555351412665E+002 -0.476187595022218E+000  0.628943845519658E+002 -0.734824252212385E+000  0.552128050251752E+001  0.711872817149498E+002 -0.167451030290137E+002 -0.692776757063323E+001
  0.100000000000000E+001  0.138544554994850E+002  0.138147156000556E+002  0.681182730486262E+002 -0.615071690484448E+000  0.291692121097172E+001  0.173604163035138E+002 -0.167451030290137E+002 -0.692722774974248E+001
  0.100000000000000E+001  0.138538832300691E+002 -0.186875861945573E+002  0.625739905174038E+002 -0.790602668073660E+000  0.550364263663905E+001  0.562404106141773E+002 -0.167451030290137E+002 -0.692694161503453E+001
  0.100000000000000E+001  0.138208828240128E+002  0.163611519830718E+001  0.643338938707125E+002 -0.804666607366950E+000  0.660093227769534E+001  0.938957851801479E+002 -0.167451030290137E+002 -0.691044141200642E+001
  0.100000000000000E+001  0.138162385768190E+002  0.136508730278573E+002  0.671567436426482E+002 -0.668650931785249E+000  0.539982200635021E+001  0.903656207456399E+002 -0.167451030290137E+002 -0.690811928840952E+001
  0.100000000000000E+001  0.138108487965331E+002  0.135739732820278E+002  0.688226595357447E+002 -0.604452673437327E+000  0.419231047370560E+001  0.567304208911705E+002 -0.167451030290137E+002 -0.690542439826655E+001
  0.100000000000000E+001  0.137864807404161E+002 -0.368933965791227E+001  0.690141815816544E+002 -0.708764172034375E+000  0.331960107201458E+001  0.237871986401917E+002 -0.167451030290137E+002 -0.689324037020805E+001
  0.100000000000000E+001  0.137856595754351E+002 -0.150280339485223E+002  0.717133180655754E+002 -0.635172696831739E+000  0.451404175177088E+001  0.613365511635590E+002 -0.167451030290137E+002 -0.689282978771753E+001
  0.100000000000000E+001  0.137546153743185E+002 -0.126789293205315E+002  0.653598325927585E+002 -0.743646008485334E+000  0.380763627462084E+001  0.235073457079663E+002 -0.167451030290137E+002 -0.687730768715925E+001
  0.100000000000000E+001  0.137106266369595E+002  0.275230698657816E+001  0.702263435982076E+002 -0.781512412474458E+000  0.535746926127141E+001  0.638883165955894E+002 -0.167451030290137E+002 -0.685531331847976E+001
  0.100000000000000E+001  0.137054668885153E+002 -0.164066053825800E+002  0.712154785180571E+002 -0.801710011987650E+000  0.464097828069501E+001  0.400768586892679E+002 -0.167451030290137E+002 -0.685273344425766E+001
  0.100000000000000E+001  0.136829924256579E+002 -0.788724921251975E+001  0.687242094735311E+002 -0.614371642684582E+000  0.444086443486373E+001  0.630367062534702E+002 -0.167451030290137E+002 -0.684149621282893E+001
  0.100000000000000E+001  0.136769787622606E+002 -0.871512535268102E+001  0.642370437929703E+002 -0.799621810785688E+000  0.634154891321630E+001  0.755076998373225E+002 -0.167451030290137E+002 -0.683848938113030E+001
  0.100000000000000E+001  0.136517467825843E+002 -0.222451017475161E+001  0.678037296442442E+002 -0.745486446341880E+000  0.594924593376152E+001  0.909264821926285E+002 -0.167451030290137E+002 -0.682587339129214E+001
  0.100000000000000E+001  0.136515808727111E+002  0.747976101939039E+001  0.635453501285733E+002 -0.718290473691383E+000  0.361372919653442E+001  0.262955977195743E+002 -0.167451030290137E+002 -0.682579043635555E+001
  0.100000000000000E+001  0.136469135497154E+002 -0.709380112033879E+001  0.662107960726455E+002 -0.635380674168351E+000  0.457630480858404E+001  0.662210327458170E+002 -0.167451030290137E+002 -0.682345677485771E+001
  0.100000000000000E+001  0.136453246328212E+002 -0.175534651028991E+002  0.636706569818233E+002 -0.870821901371446E+000  0.717896778661297E+001  0.902255559274707E+002 -0.167451030290137E+002 -0.682266231641060E+001
  0.100000000000000E+001  0.136436836326139E+002  0.112374156335864E+002  0.735592271465409E+002 -0.802734394383435E+000  0.681449125822802E+001  0.961192714278466E+002 -0.167451030290137E+002 -0.682184181630695E+001
  0.100000000000000E+001  0.136393458016849E+002  0.185332106594599E+002  0.678347493930367E+002 -0.691931702268556E+000  0.572826928341432E+001  0.812749234134371E+002 -0.167451030290137E+002 -0.681967290084247E+001
  0.100000000000000E+001  0.136368602126748E+002  0.457750050238860E+001  0.688819875545833E+002 -0.611888091756443E+000  0.385412114266599E+001  0.416155857056345E+002 -0.167451030290137E+002 -0.681843010633740E+001
  0.100000000000000E+001  0.136293323781307E+002  0.573079873524847E+000  0.653089479981587E+002 -0.683110691197649E+000  0.596209047656114E+001  0.980519844372244E+002 -0.167451030290137E+002 -0.681466618906537E+001
  0.100000000000000E+001  0.136073397649952E+002 -0.204384202887126E+001  0.727209263614476E+002 -0.762928002749533E+000  0.564371604824039E+001  0.758355283765777E+002 -0.167451030290137E+002 -0.680366988249760E+001
  0.100000000000000E+001  0.136010126879200E+002 -0.374903690201522E+001  0.735933995805665E+002 -0.786394248857957E+000  0.522729284959959E+001  0.534699844248377E+002 -0.167451030290137E+002 -0.680050634395998E+001
  0.100000000000000E+001  0.135972449439263E+002 -0.187932678462219E+002  0.731413537628285E+002 -0.803000044766450E+000  0.684758353373427E+001  0.960610672824808E+002 -0.167451030290137E+002 -0.679862247196314E+001
  0.100000000000000E+001  0.135885215100757E+002  0.190826945023814E+002  0.638367456634940E+002 -0.725677713389814E+000  0.528457382888286E+001  0.678582831217979E+002 -0.167451030290137E+002 -0.679426075503783E+001
  0.100000000000000E+001  0.135767981829140E+002  0.896213279392019E+001  0.634964417979186E+002 -0.826764810339617E+000  0.683528267528521E+001  0.865494470744854E+002 -0.167451030290137E+002 -0.678839909145699E+001
  0.100000000000000E+001  0.135664829804001E+002  0.194475277626866E+001  0.653777540728264E+002 -0.581872332646583E+000  0.312978107399898E+001  0.307831100248216E+002 -0.167451030290137E+002 -0.678324149020006E+001
  0.100000000000000E+001  0.135444641578841E+002 -0.258050445467951E+001  0.704251127913017E+002 -0.738867839959144E+000  0.390083734637820E+001  0.325088904359583E+002 -0.167451030290137E+002 -0.677223207894206E+001
  0.100000000000000E+001  0.135434985826838E+002 -0.131430016642175E+002  0.732645298098346E+002 -0.657110130103693E+000  0.403794779989775E+001  0.462430691890169E+002 -0.167451030290137E+002 -0.677174929134189E+001
  0.100000000000000E+001  0.135390391805437E+002  0.187143256759028E+002  0.628150992418407E+002 -0.804484859713762E+000  0.605880325993083E+001  0.699216686649310E+002 -0.167451030290137E+002 -0.676951959027186E+001
  0.100000000000000E+001  0.135386528261148E+002  0.499612992248846E+001  0.723210693799098E+002 -0.821325049132761E+000  0.670106292067063E+001  0.966752346527298E+002 -0.167451030290137E+002 -0.676932641305741E+001
  0.100000000000000E+001  0.135171214630725E+002 -0.143276091871207E+002  0.662599303255154E+002 -0.622866856916999E+000  0.436506126686107E+001  0.569248919589988E+002 -0.167451030290137E+002 -0.675856073153624E+001
  0.100000000000000E+001  0.135044130855538E+002 -0.104768043247561E+002  0.716492151926504E+002 -0.828935330039932E+000  0.565488248932841E+001  0.615889799430336E+002 -0.167451030290137E+002 -0.675220654277690E+001
  0.100000000000000E+001  0.135006524258339E+002 -0.135117266672851E+002  0.712321038715969E+002 -0.677096901794707E+000  0.562078042197173E+001  0.957849382388624E+002 -0.167451030290137E+002 -0.675032621291696E+001
  0.100000000000000E+001  0.135004640646244E+002 -0.152097002037304E+002  0.721941314980019E+002 -0.755605395384821E+000  0.417145164495251E+001  0.358537008791555E+002 -0.167451030290137E+002 -0.675023203231221E+001
  0.100000000000000E+001  0.134889917575244E+002  0.429999126411721E+001  0.701635633456466E+002 -0.692022793620126E+000  0.361287147030357E+001  0.243768757815231E+002 -0.167451030290137E+002 -0.674449587876221E+001
  0.100000000000000E+001  0.134630543463110E+002  0.233097931119678E+001  0.655516481989662E+002 -0.663897457794294E+000  0.521516573236813E+001  0.739448979689518E+002 -0.167451030290137E+002 -0.673152717315552E+001
  0.100000000000000E+001  0.134568702493916E+002  0.107868142472744E+002  0.680415780569674E+002 -0.617959997008872E+000  0.414798618605886E+001  0.497446045133798E+002 -0.167451030290137E+002 -0.672843512469581E+001
  0.100000000000000E+001  0.134507337790962E+002 -0.151957362456789E+002  0.694607301429002E+002 -0.625792198293163E+000  0.195586533478661E+001  0.450444131787395E+001 -0.167451030290137E+002 -0.672536688954808E+001
  0.100000000000000E+001  0.134492968948993E+002 -0.185058783371915E+002  0.696422646852944E+002 -0.875408575378632E+000  0.621789018784542E+001  0.652306282216332E+002 -0.167451030290137E+002 -0.672464844744965E+001
  0.100000000000000E+001  0.134042487132938E+002 -0.392051495057554E+001  0.663114690438488E+002 -0.726382195132087E+000  0.577321847155713E+001  0.731175675745093E+002 -0.167451030290137E+002 -0.670212435664690E+001
  0.100000000000000E+001  0.134021127475981E+002  0.836625508740700E+001  0.681645800151101E+002 -0.900026088759118E+000  0.690026372456907E+001  0.786881125484803E+002 -0.167451030290137E+002 -0.670105637379904E+001
  0.100000000000000E+001  0.133954151755302E+002 -0.113383993713779E+001  0.663105831364259E+002 -0.825444348378257E+000  0.603470754481891E+001  0.632480682680267E+002 -0.167451030290137E+002 -0.669770758776509E+001
  0.100000000000000E+001  0.133950580322530E+002 -0.643117028414645E+001  0.707606542337463E+002 -0.541856747436584E+000  0.219103508216364E+001  0.154616760299493E+002 -0.167451030290137E+002 -0.669752901612649E+001
  0.100000000000000E+001  0.133851263868398E+002 -0.151386478929713E+002  0.634645419949924E+002 -0.803725749502850E+000  0.678388299808394E+001  0.966134909316986E+002 -0.167451030290137E+002 -0.669256319341990E+001
  0.100000000000000E+001  0.133837409460325E+002 -0.465852497346757E+001  0.625205946678267E+002 -0.713281978483632E+000  0.460341625128715E+001  0.461283553741991E+002 -0.167451030290137E+002 -0.669187047301624E+001
  0.100000000000000E+001  0.133679370709093E+002  0.138346298669360E+002  0.643913765211721E+002 -0.813235622433233E+000  0.577508717196198E+001  0.589253875568563E+002 -0.167451030290137E+002 -0.668396853545464E+001
  0.100000000000000E+001  0.133457440975781E+002 -0.286269728061360E+001  0.662712821094541E+002 -0.661010321910622E+000  0.541868143657027E+001  0.856151935039450E+002 -0.167451030290137E+002 -0.667287204878907E+001
  0.100000000000000E+001  0.133144266179660E+002  0.348626325909549E+001  0.729368283642983E+002 -0.731072345117662E+000  0.551477867840361E+001  0.777288515776843E+002 -0.167451030290137E+002 -0.665721330898302E+001
  0.100000000000000E+001  0.133133954598301E+002  0.234528732982857E+001  0.686247923301571E+002 -0.756789815321162E+000  0.550510845089632E+001  0.730469442969526E+002 -0.167451030290137E+002 -0.665669772991506E+001
  0.100000000000000E+001  0.133125399951811E+002  0.179031418323143E+002  0.723217998738893E+002 -0.823532157862146E+000  0.648691997970739E+001  0.882096186057713E+002 -0.167451030290137E+002 -0.665626999759054E+001
  0.100000000000000E+001  0.132979661130870E+002  0.176709819040386E+001  0.721126567967443E+002 -0.575345383956916E+000  0.221575092123978E+001  0.140696010434433E+002 -0.167451030290137E+002 -0.664898305654352E+001
  0.100000000000000E+001  0.132975806866145E+002  0.672610879556554E+001  0.714677086734074E+002 -0.682945361129219E+000  0.577383397845174E+001  0.974443579162711E+002 -0.167451030290137E+002 -0.664879034330724E+001
  0.100000000000000E+001  0.132622234402603E+002  0.795726099096431E+000  0.689675490360589E+002 -0.762199677429374E+000  0.469817659102797E+001  0.396232333290579E+002 -0.167451030290137E+002 -0.663111172013017E+001
  0.100000000000000E+001  0.132578450565755E+002  0.191625392821167E+002  0.707468530979487E+002 -0.578591582885862E+000  0.202610235187730E+001  0.110108718375246E+002 -0.167451030290137E+002 -0.662892252828776E+001
  0.100000000000000E+001  0.132357087485219E+002  0.115007393355788E+001  0.735311407838401E+002 -0.724483049691488E+000  0.485812463547630E+001  0.574979136197403E+002 -0.167451030290137E+002 -0.661785437426096E+001
  0.100000000000000E+001  0.132143322673064E+002  0.913289716003212E+001  0.708349435575986E+002 -0.733320567341722E+000  0.533421646723767E+001  0.606769789324707E+002 -0.167451030290137E+002 -0.660716613365320E+001
  0.100000000000000E+001  0.132016185539617E+002  0.171630938061062E+002  0.646943014391201E+002 -0.652913407229014E+000  0.448241659310433E+001  0.528900366666450E+002 -0.167451030290137E+002 -0.660080927698085E+001
  0.100000000000000E+001  0.131857039168628E+002 -0.508416831413294E+001  0.696455920219988E+002 -0.654011722221544E+000  0.439371099255897E+001  0.488574424733799E+002 -0.167451030290137E+002 -0.659285195843140E+001
  0.100000000000000E+001  0.131668877678575E+002  0.605806182970923E+000  0.672307340341845E+002 -0.889602550779876E+000  0.736365128899951E+001  0.991429734625316E+002 -0.167451030290137E+002 -0.658344388392875E+001
  0.100000000000000E+001  0.131573442767704E+002  0.325320126557012E+001  0.717706163965593E+002 -0.553606161930220E+000  0.166109614282822E+001  0.416951662717476E+001 -0.167451030290137E+002 -0.657867213838521E+001
  0.100000000000000E+001  0.131312505578943E+002  0.120810541951811E+002  0.706488898728363E+002 -0.669432949968709E+000  0.353349737688415E+001  0.253394589792068E+002 -0.167451030290137E+002 -0.656562527894716E+001
  0.100000000000000E+001  0.131232857512660E+002  0.667016164833033E+000  0.724077622043063E+002 -0.700175757400171E+000  0.440225387927368E+001  0.429663432622252E+002 -0.167451030290137E+002 -0.656164287563300E+001
  0.100000000000000E+001  0.131201825664693E+002 -0.129758968570836E+002  0.726414102828588E+002 -0.677397073347790E+000  0.391232851522152E+001  0.404401259941169E+002 -0.167451030290137E+002 -0.656009128323465E+001
  0.100000000000000E+001  0.131147671604667E+002 -0.271036734291148E+001  0.673872330975840E+002 -0.826333885649712E+000  0.670386913783063E+001  0.943905595229720E+002 -0.167451030290137E+002 -0.655738358023337E+001
  0.100000000000000E+001  0.131105746904695E+002 -0.751193909345989E+001  0.711861876191159E+002 -0.714518219913519E+000  0.473150989021856E+001  0.478266104735906E+002 -0.167451030290137E+002 -0.655528734523476E+001
  0.100000000000000E+001  0.130979668360753E+002  0.673419273862118E+001  0.663278231515024E+002 -0.672204935546468E+000  0.557065075222812E+001  0.888127889760306E+002 -0.167451030290137E+002 -0.654898341803766E+001
  0.100000000000000E+001  0.130770395245374E+002 -0.112265154854436E+002  0.687467877655130E+002 -0.598558920154784E+000  0.335222522637397E+001  0.308470771332104E+002 -0.167451030290137E+002 -0.653851976226872E+001
  0.100000000000000E+001  0.130559421246903E+002 -0.189137645990246E+002  0.673965877377594E+002 -0.685657878335501E+000  0.524134047638649E+001  0.670646465158726E+002 -0.167451030290137E+002 -0.652797106234517E+001
  0.100000000000000E+001  0.130358721139273E+002 -0.160016672294048E+002  0.721800158278102E+002 -0.774939066600339E+000  0.439654801180410E+001  0.356340914216649E+002 -0.167451030290137E+002 -0.651793605696365E+001
  0.100000000000000E+001  0.130358579755770E+002  0.106404868158088E+002  0.702176593497910E+002 -0.548938120658546E+000  0.234432005038735E+001  0.164023640513138E+002 -0.167451030290137E+002 -0.651792898778850E+001
  0.100000000000000E+001  0.129957200530805E+002 -0.177556440928096E+002  0.633463618711266E+002 -0.685651626602925E+000  0.374486726962908E+001  0.318392346885099E+002 -0.167451030290137E+002 -0.649786002654026E+001
  0.100000000000000E+001  0.129911699211494E+002  0.144737605481644E+001  0.696706299070325E+002 -0.717697289995693E+000  0.482282571021031E+001  0.599599272718347E+002 -0.167451030290137E+002 -0.649558496057470E+001
  0.100000000000000E+001  0.129750973507773E+002 -0.769043750988770E+001  0.656806319147776E+002 -0.710937468303222E+000  0.494871146311952E+001  0.624900106357631E+002 -0.167451030290137E+002 -0.648754867538867E+001
  0.100000000000000E+001  0.129676605298220E+002  0.397380989061383E+001  0.711569367318458E+002 -0.609661461580734E+000  0.283108477138391E+001  0.180835783893022E+002 -0.167451030290137E+002 -0.648383026491098E+001
  0.100000000000000E+001  0.129463617233828E+002  0.276511120134706E+001  0.729905103539390E+002 -0.714664589386982E+000  0.490855369213967E+001  0.608523020418717E+002 -0.167451030290137E+002 -0.647318086169140E+001
  0.100000000000000E+001  0.129294227172481E+002  0.173098731106896E+002  0.722971604107827E+002 -0.651884813252494E+000  0.403832849238671E+001  0.466159354977452E+002 -0.167451030290137E+002 -0.646471135862407E+001
  0.100000000000000E+001  0.129279845233233E+002  0.824506340657140E+001  0.731828474567874E+002 -0.737990137113280E+000  0.543363286169194E+001  0.716100692890423E+002 -0.167451030290137E+002 -0.646399226166165E+001
  0.100000000000000E+001  0.129244284578934E+002  0.191501251242709E+001  0.668015564053488E+002 -0.859454735389628E+000  0.629800881530408E+001  0.719357254317179E+002 -0.167451030290137E+002 -0.646221422894672E+001
  0.100000000000000E+001  0.129173014859682E+002 -0.645299556652357E+001  0.638867901638665E+002 -0.810927215590195E+000  0.667402376570001E+001  0.859063135407058E+002 -0.167451030290137E+002 -0.645865074298410E+001
  0.100000000000000E+001  0.129048355021060E+002 -0.533252467598824E+001  0.693784729367365E+002 -0.832676852201403E+000  0.673318686159417E+001  0.942810081293014E+002 -0.167451030290137E+002 -0.645241775105302E+001
  0.100000000000000E+001  0.129029709975952E+002  0.145770533698345E+002  0.734360548128157E+002 -0.751313519891185E+000  0.559126882427778E+001  0.719655819792478E+002 -0.167451030290137E+002 -0.645148549879762E+001
  0.100000000000000E+001  0.128997209881979E+002 -0.743839151939668E+001  0.700118984760818E+002 -0.670736009749419E+000  0.370663897053965E+001  0.368828673050860E+002 -0.167451030290137E+002 -0.644986049409897E+001
  0.100000000000000E+001  0.128992595972807E+002  0.370572535384149E+001  0.682331998684776E+002 -0.782114269703393E+000  0.602044134797066E+001  0.829577207679082E+002 -0.167451030290137E+002 -0.644962979864037E+001
  0.100000000000000E+001  0.128913412280484E+002  0.880189073676481E+001  0.685153662851181E+002 -0.678271995332318E+000  0.578355303928321E+001  0.926289179096951E+002 -0.167451030290137E+002 -0.644567061402421E+001
  0.100000000000000E+001  0.128712433936780E+002  0.765224269206993E+001  0.640409652316527E+002 -0.828477588030890E+000  0.651706920199335E+001  0.817119567149478E+002 -0.167451030290137E+002 -0.643562169683901E+001
  0.100000000000000E+001  0.128632329606972E+002  0.187453907925527E+002  0.722491102816196E+002 -0.828327246706243E+000  0.600150475155856E+001  0.675806174068560E+002 -0.167451030290137E+002 -0.643161648034862E+001
  0.100000000000000E+001  0.128593196834184E+002  0.927533056709632E+001  0.713027585061660E+002 -0.705958803950415E+000  0.357185359678620E+001  0.287380852350306E+002 -0.167451030290137E+002 -0.642965984170922E+001
  0.100000000000000E+001  0.128585342094695E+002  0.302050409780225E+001  0.707268247269931E+002 -0.636818355909918E+000  0.409227741611639E+001  0.460270581004284E+002 -0.167451030290137E+002 -0.642926710473477E+001
  0.100000000000000E+001  0.128434348760173E+002  0.204642340790510E+001  0.702904792711134E+002 -0.695224498304201E+000  0.555262888866285E+001  0.880798505122333E+002 -0.167451030290137E+002 -0.642171743800866E+001
  0.100000000000000E+001  0.128288756077281E+002 -0.374915822109515E+001  0.661812282466519E+002 -0.695595997222738E+000  0.600578688857310E+001  0.979520767474619E+002 -0.167451030290137E+002 -0.641443780386403E+001
  0.100000000000000E+001  0.128278650946423E+002 -0.115069909966459E+002  0.692187474422079E+002 -0.739731066024079E+000  0.379789710126267E+001  0.245776655931024E+002 -0.167451030290137E+002 -0.641393254732113E+001
  0.100000000000000E+001  0.128217633277786E+002 -0.165139597333949E+002  0.694499598090318E+002 -0.736670465106169E+000  0.317252318587179E+001  0.166225555518467E+002 -0.167451030290137E+002 -0.641088166388929E+001
  0.100000000000000E+001  0.128146192831229E+002  0.895218574296692E+001  0.671104222074737E+002 -0.879752075828087E+000  0.678342498258973E+001  0.814658008164545E+002 -0.167451030290137E+002 -0.640730964156146E+001
  0.100000000000000E+001  0.128086988759989E+002 -0.151849880367313E+002  0.649199372645113E+002 -0.779143224468545E+000  0.591786152900349E+001  0.766700235465854E+002 -0.167451030290137E+002 -0.640434943799946E+001
  0.100000000000000E+001  0.128015175774169E+002  0.922039791162581E+001  0.713752859447910E+002 -0.640477757341759E+000  0.380952911048398E+001  0.429733852473463E+002 -0.167451030290137E+002 -0.640075878870844E+001
  0.100000000000000E+001  0.128000312461326E+002 -0.139867364115383E+002  0.680507597616241E+002 -0.682523594159918E+000  0.447756011079459E+001  0.449056115690598E+002 -0.167451030290137E+002 -0.640001562306631E+001
  0.100000000000000E+001  0.127724636209075E+002  0.288998610231925E+001  0.698560968537594E+002 -0.884031825878302E+000  0.700428760286836E+001  0.882847780862903E+002 -0.167451030290137E+002 -0.638623181045377E+001
  0.100000000000000E+001  0.127183846825316E+002 -0.130814891482004E+001  0.711592367272304E+002 -0.783925904528168E+000  0.611271896911444E+001  0.854333324019381E+002 -0.167451030290137E+002 -0.635919234126578E+001
  0.100000000000000E+001  0.127162142978838E+002 -0.194945191857914E+001  0.725254253524986E+002 -0.722800928339369E+000  0.567348657282092E+001  0.822305368791594E+002 -0.167451030290137E+002 -0.635810714894191E+001
  0.100000000000000E+001  0.127133211238954E+002  0.609452945301767E+001  0.729187073446170E+002 -0.679922046017127E+000  0.429350201735555E+001  0.473925838094559E+002 -0.167451030290137E+002 -0.635666056194772E+001
  0.100000000000000E+001  0.127110325566986E+002  0.437618450130454E+001  0.641092548535513E+002 -0.728266035679569E+000  0.554406262686505E+001  0.725440663955889E+002 -0.167451030290137E+002 -0.635551627834932E+001
  0.100000000000000E+001  0.127028216485702E+002 -0.127734596963593E+002  0.716399298212613E+002 -0.620865966830987E+000  0.340350222700998E+001  0.310487887597183E+002 -0.167451030290137E+002 -0.635141082428510E+001
  0.100000000000000E+001  0.126960457449467E+002  0.674740167145951E+001  0.642834697785952E+002 -0.805100669258239E+000  0.545315119409888E+001  0.539703987056890E+002 -0.167451030290137E+002 -0.634802287247334E+001
  0.100000000000000E+001  0.126924538736628E+002  0.190624750365180E+002  0.691334470171523E+002 -0.662795619272272E+000  0.393749564930430E+001  0.437343880119245E+002 -0.167451030290137E+002 -0.634622693683142E+001
  0.100000000000000E+001  0.126810345895663E+002 -0.351126268601071E+001  0.659068435090474E+002 -0.712531790448796E+000  0.606748703011593E+001  0.907742592087270E+002 -0.167451030290137E+002 -0.634051729478315E+001
  0.100000000000000E+001  0.126721437423364E+002 -0.161542823153275E+002  0.655007298373952E+002 -0.847869786101672E+000  0.651852293786380E+001  0.746737037172313E+002 -0.167451030290137E+002 -0.633607187116818E+001
  0.100000000000000E+001  0.126675203995816E+002  0.146359180981975E+002  0.662765128231813E+002 -0.760411073820584E+000  0.476131720153594E+001  0.484269792147207E+002 -0.167451030290137E+002 -0.633376019979080E+001
  0.100000000000000E+001  0.126655561903822E+002 -0.308827671119690E+000  0.720113037396003E+002 -0.724196675066119E+000  0.515699599128193E+001  0.598727251684001E+002 -0.167451030290137E+002 -0.633277809519109E+001
  0.100000000000000E+001  0.126576148443296E+002 -0.474377723167826E+001  0.663259196867575E+002 -0.591289132098182E+000  0.315854858687406E+001  0.283145782273592E+002 -0.167451030290137E+002 -0.632880742216481E+001
  0.100000000000000E+001  0.126568499533439E+002  0.114017894854775E+002  0.718439440816810E+002 -0.754303245915012E+000  0.478017223991362E+001  0.507334537316661E+002 -0.167451030290137E+002 -0.632842497667196E+001
  0.100000000000000E+001  0.126546480321192E+002  0.153072729368135E+002  0.666765082438490E+002 -0.883374782359920E+000  0.716784833228375E+001  0.922411811181187E+002 -0.167451030290137E+002 -0.632732401605958E+001
  0.100000000000000E+001  0.126482607212485E+002 -0.130749639695392E+002  0.730922144396975E+002 -0.733929328277554E+000  0.457919450763276E+001  0.472367963146770E+002 -0.167451030290137E+002 -0.632413036062426E+001
  0.100000000000000E+001  0.126418013151127E+002 -0.109262665218698E+002  0.672641318325859E+002 -0.866940698369847E+000  0.752045901804209E+001  0.997469882961433E+002 -0.167451030290137E+002 -0.632090065755637E+001
  0.100000000000000E+001  0.126362949923545E+002  0.179446959252951E+002  0.709954506655842E+002 -0.870611940003000E+000  0.691156815384056E+001  0.879700472692189E+002 -0.167451030290137E+002 -0.631814749617725E+001
  0.100000000000000E+001  0.126333909591449E+002  0.548709137143807E+001  0.723033724883146E+002 -0.758178098657004E+000  0.509200843399718E+001  0.527245212332929E+002 -0.167451030290137E+002 -0.631669547957243E+001
  0.100000000000000E+001  0.126239369604210E+002  0.989173848724366E+001  0.679753508161647E+002 -0.727393777956547E+000  0.359032398583181E+001  0.262213887337240E+002 -0.167451030290137E+002 -0.631196848021050E+001
  0.100000000000000E+001  0.126193753413110E+002  0.143710344849492E+002  0.724884737842976E+002 -0.786612609557173E+000  0.541141100220731E+001  0.578127690996880E+002 -0.167451030290137E+002 -0.630968767065552E+001
  0.100000000000000E+001  0.126152980203252E+002 -0.191462155202745E+002  0.706361076374041E+002 -0.688681286408467E+000  0.568111690969389E+001  0.890860068320663E+002 -0.167451030290137E+002 -0.630764901016260E+001
  0.100000000000000E+001  0.126145528502202E+002 -0.478146007493043E+001  0.687532676032702E+002 -0.639030041672484E+000  0.411034222195161E+001  0.515877498283430E+002 -0.167451030290137E+002 -0.630727642511011E+001
  0.100000000000000E+001  0.126110021894548E+002 -0.335525548655600E+001  0.687572261297300E+002 -0.869546311877250E+000  0.724401214264885E+001  0.917705158154329E+002 -0.167451030290137E+002 -0.630550109472740E+001
  0.100000000000000E+001  0.126045134597573E+002 -0.183743434329575E+002  0.644109151720257E+002 -0.657200893689236E+000  0.389270060559779E+001  0.390713068344677E+002 -0.167451030290137E+002 -0.630225672987867E+001
  0.100000000000000E+001  0.125999021962776E+002  0.184825107815734E+002  0.678659161578380E+002 -0.596143515835697E+000  0.338583124195093E+001  0.341954378958612E+002 -0.167451030290137E+002 -0.629995109813880E+001
  0.100000000000000E+001  0.125906856851281E+002  0.175752364272647E+002  0.730502049269190E+002 -0.746251795221008E+000  0.543231905827028E+001  0.672253453477622E+002 -0.167451030290137E+002 -0.629534284256405E+001
  0.100000000000000E+001  0.125775290384075E+002 -0.129707550671170E+002  0.649631345128178E+002 -0.740487954737439E+000  0.497821904923495E+001  0.562853235753581E+002 -0.167451030290137E+002 -0.628876451920373E+001
  0.100000000000000E+001  0.125752558864997E+002  0.113191296427833E+002  0.687335809813227E+002 -0.862601650598191E+000  0.716638769686327E+001  0.905873879766816E+002 -0.167451030290137E+002 -0.628762794324985E+001
  0.100000000000000E+001  0.125210210844455E+002  0.129248601009618E+001  0.717349566360267E+002 -0.813933761791058E+000  0.648967397199788E+001  0.821276134777440E+002 -0.167451030290137E+002 -0.626051054222273E+001
  0.100000000000000E+001  0.125105882409705E+002  0.125980288149072E+001  0.653764755762965E+002 -0.706669036219199E+000  0.569580756394176E+001  0.807271403975151E+002 -0.167451030290137E+002 -0.625529412048524E+001
  0.100000000000000E+001  0.124957955195586E+002  0.983461416290753E+001  0.653510981529031E+002 -0.749479793719091E+000  0.593838713142594E+001  0.751155771852081E+002 -0.167451030290137E+002 -0.624789775977930E+001
  0.100000000000000E+001  0.124895516969815E+002  0.150906914964865E+002  0.656404204811194E+002 -0.798369272828400E+000  0.604600214532697E+001  0.767694100073321E+002 -0.167451030290137E+002 -0.624477584849076E+001
  0.100000000000000E+001  0.124893096471144E+002  0.209470572138297E+001  0.720581526148865E+002 -0.716778098337904E+000  0.548274891188922E+001  0.735202188101021E+002 -0.167451030290137E+002 -0.624465482355719E+001
  0.100000000000000E+001  0.124812127398415E+002 -0.161729887556819E+002  0.729024769069954E+002 -0.732799022294331E+000  0.519761349596538E+001  0.633029646644747E+002 -0.167451030290137E+002 -0.624060636992075E+001
  0.100000000000000E+001  0.124794946642842E+002  0.153771210579603E+002  0.680230341423612E+002 -0.723937773323735E+000  0.589214362087847E+001  0.917196966864846E+002 -0.167451030290137E+002 -0.623974733214211E+001
  0.100000000000000E+001  0.124709839879206E+002  0.118373047197338E+002  0.680525981781035E+002 -0.644350816993476E+000  0.188966285461822E+001  0.391072338204526E+001 -0.167451030290137E+002 -0.623549199396031E+001
  0.100000000000000E+001  0.124338484763473E+002 -0.317247567879320E+001  0.675252052117369E+002 -0.754482096184868E+000  0.405260044878169E+001  0.323772597679509E+002 -0.167451030290137E+002 -0.621692423817367E+001
  0.100000000000000E+001  0.124172173089049E+002 -0.660697585581349E+001  0.727265725959789E+002 -0.723070688630723E+000  0.510412378587782E+001  0.621002751535710E+002 -0.167451030290137E+002 -0.620860865445243E+001
  0.100000000000000E+001  0.124120508053032E+002  0.208872478780387E+001  0.720073615553566E+002 -0.671231734468178E+000  0.298816418632789E+001  0.198572177407166E+002 -0.167451030290137E+002 -0.620602540265162E+001
  0.100000000000000E+001  0.124099409085885E+002  0.164197318192923E+002  0.691557321014770E+002 -0.691306099774102E+000  0.518496377556557E+001  0.658478906762734E+002 -0.167451030290137E+002 -0.620497045429423E+001
  0.100000000000000E+001  0.124031906588209E+002 -0.588962783448458E+001  0.680979511182377E+002 -0.669676927641063E+000  0.520286794745440E+001  0.777511500293300E+002 -0.167451030290137E+002 -0.620159532941045E+001
  0.100000000000000E+001  0.123972418517185E+002  0.893023773868172E+001  0.658996083234834E+002 -0.652353604885452E+000  0.358260177970200E+001  0.340164848982557E+002 -0.167451030290137E+002 -0.619862092585925E+001
  0.100000000000000E+001  0.123925811222707E+002  0.880959634167603E+001  0.715612360616683E+002 -0.727731128236009E+000  0.483190872217613E+001  0.498168584354762E+002 -0.167451030290137E+002 -0.619629056113534E+001
  0.100000000000000E+001  0.123296772573807E+002 -0.984908267165987E+001  0.674302481571896E+002 -0.826450548101341E+000  0.655251940101207E+001  0.784836607433127E+002 -0.167451030290137E+002 -0.616483862869036E+001
  0.100000000000000E+001  0.123116981859227E+002 -0.177233917461882E+001  0.677048241393994E+002 -0.744319138544048E+000  0.353754135730913E+001  0.225578133276206E+002 -0.167451030290137E+002 -0.615584909296137E+001
  0.100000000000000E+001  0.123076626953681E+002  0.116150085300991E+002  0.711150207511853E+002 -0.723281368805236E+000  0.550336177178176E+001  0.781857399370837E+002 -0.167451030290137E+002 -0.615383134768402E+001
  0.100000000000000E+001  0.122991085931688E+002  0.905094762546263E+000  0.646989112432578E+002 -0.749308170392503E+000  0.612983358197859E+001  0.845599692928299E+002 -0.167451030290137E+002 -0.614955429658440E+001
  0.100000000000000E+001  0.122895802765003E+002 -0.109586646782912E+002  0.665380007040922E+002 -0.596505027945130E+000  0.244957719674536E+001  0.158931276278712E+002 -0.167451030290137E+002 -0.614479013825016E+001
  0.100000000000000E+001  0.122856897367684E+002  0.645260690955849E+001  0.671321023142499E+002 -0.731727938969487E+000  0.566288001065852E+001  0.703394768368391E+002 -0.167451030290137E+002 -0.614284486838421E+001
  0.100000000000000E+001  0.122777383476106E+002  0.711209148765344E+001  0.663036092337855E+002 -0.665489912900837E+000  0.422118510692125E+001  0.418151745811434E+002 -0.167451030290137E+002 -0.613886917380530E+001
  0.100000000000000E+001  0.122705418019333E+002 -0.103598376146593E+002  0.727923582894092E+002 -0.715185381814487E+000  0.398537854544250E+001  0.337129614947336E+002 -0.167451030290137E+002 -0.613527090096665E+001
  0.100000000000000E+001  0.122626776064010E+002  0.123347101354024E+002  0.680022508469165E+002 -0.591838575539448E+000  0.292515522699308E+001  0.219419614227170E+002 -0.167451030290137E+002 -0.613133880320051E+001
  0.100000000000000E+001  0.122610127438870E+002  0.370746680229150E+000  0.726426143284624E+002 -0.729881923613124E+000  0.484235042494741E+001  0.544891186247641E+002 -0.167451030290137E+002 -0.613050637194351E+001
  0.100000000000000E+001  0.122208513442701E+002 -0.545861151752833E+001  0.653926535796576E+002 -0.740709305079624E+000  0.468685505578532E+001  0.422111990106751E+002 -0.167451030290137E+002 -0.611042567213506E+001
  0.100000000000000E+001  0.122204174983617E+002  0.173707834275381E+002  0.664709803319600E+002 -0.804447874580900E+000  0.634540576638998E+001  0.763437474186044E+002 -0.167451030290137E+002 -0.611020874918084E+001
  0.100000000000000E+001  0.122047650513455E+002 -0.178778345331756E+002  0.668854828890819E+002 -0.713787098917504E+000  0.594963670346886E+001  0.866443670374033E+002 -0.167451030290137E+002 -0.610238252567275E+001
  0.100000000000000E+001  0.121966690046249E+002 -0.132038483714268E+002  0.722979160739458E+002 -0.738962424675770E+000  0.413490157849854E+001  0.343041203417670E+002 -0.167451030290137E+002 -0.609833450231246E+001
  0.100000000000000E+001  0.121883021710507E+002  0.181138627085757E+002  0.668426593702755E+002 -0.707375351157695E+000  0.497068295704770E+001  0.547336926858302E+002 -0.167451030290137E+002 -0.609415108552537E+001
  0.100000000000000E+001  0.121683835818361E+002  0.126022302484346E+002  0.711482128540365E+002 -0.774935026213342E+000  0.601852146383797E+001  0.830900362488903E+002 -0.167451030290137E+002 -0.608419179091805E+001
  0.100000000000000E+001  0.121653596553158E+002 -0.187716263065393E+002  0.685781198116159E+002 -0.696079789371318E+000  0.430583006529396E+001  0.392026038442255E+002 -0.167451030290137E+002 -0.608267982765788E+001
  0.100000000000000E+001  0.121591808794024E+002 -0.188877344266910E+002  0.667509259407376E+002 -0.776999578322879E+000  0.431048168384246E+001  0.321232260021640E+002 -0.167451030290137E+002 -0.607959043970119E+001
  0.100000000000000E+001  0.121552942280994E+002  0.140888518728159E+001  0.691803198256051E+002 -0.704766361515807E+000  0.459173695927650E+001  0.454307575298848E+002 -0.167451030290137E+002 -0.607764711404968E+001
  0.100000000000000E+001  0.121461984647259E+002  0.108813468867621E+002  0.645831086333602E+002 -0.798698253259966E+000  0.657708104377316E+001  0.875713290711512E+002 -0.167451030290137E+002 -0.607309923236295E+001
  0.100000000000000E+001  0.121392802060576E+002  0.188660589451083E+002  0.711780089699414E+002 -0.711454004523671E+000  0.534598631977761E+001  0.745551971234859E+002 -0.167451030290137E+002 -0.606964010302881E+001
  0.100000000000000E+001  0.121255634327007E+002 -0.145244884790000E+002  0.717485985312763E+002 -0.761926189649121E+000  0.655797654578128E+001  0.995129364838278E+002 -0.167451030290137E+002 -0.606278171635035E+001
  0.100000000000000E+001  0.121183677936410E+002  0.129396740718620E+002  0.675370018899084E+002 -0.733585201429329E+000  0.583226278718103E+001  0.758762023848319E+002 -0.167451030290137E+002 -0.605918389682052E+001
  0.100000000000000E+001  0.120983773335275E+002 -0.165259062413334E+002  0.712730067427047E+002 -0.747923538062098E+000  0.593424718005217E+001  0.792824089369209E+002 -0.167451030290137E+002 -0.604918866676375E+001
  0.100000000000000E+001  0.120933395197591E+002  0.161552631870649E+002  0.719154311686544E+002 -0.617264462960902E+000  0.224045598960597E+001  0.883566304770827E+001 -0.167451030290137E+002 -0.604666975987957E+001
  0.100000000000000E+001  0.120876947026727E+002  0.152200401069457E+002  0.673810748451248E+002 -0.712098958502946E+000  0.562011782871118E+001  0.830157028662817E+002 -0.167451030290137E+002 -0.604384735133633E+001
  0.100000000000000E+001  0.120864338625474E+002 -0.655860340622249E+001  0.711402391043370E+002 -0.584488636027577E+000  0.253006489178874E+001  0.173462583789332E+002 -0.167451030290137E+002 -0.604321693127370E+001
  0.100000000000000E+001  0.120763497232051E+002  0.885359577776109E+001  0.717348442869367E+002 -0.630492003711674E+000  0.330432946123813E+001  0.284814412830943E+002 -0.167451030290137E+002 -0.603817486160254E+001
  0.100000000000000E+001  0.120680685430479E+002 -0.116508391391956E+002  0.714157199879782E+002 -0.752830962195649E+000  0.549896361342006E+001  0.645806051355684E+002 -0.167451030290137E+002 -0.603403427152396E+001
  0.100000000000000E+001  0.120672082955975E+002  0.104808528524532E+002  0.690298610304395E+002 -0.764365028563395E+000  0.511819974401204E+001  0.502047148730829E+002 -0.167451030290137E+002 -0.603360414779876E+001
  0.100000000000000E+001  0.120671519514448E+002 -0.278469014460170E+001  0.674941764625491E+002 -0.639026820693245E+000  0.281917393120794E+001  0.195254710098400E+002 -0.167451030290137E+002 -0.603357597572240E+001
  0.100000000000000E+001  0.120557869446736E+002 -0.155062858925214E+002  0.640789109419216E+002 -0.741124538355061E+000  0.431121982223629E+001  0.358548258826422E+002 -0.167451030290137E+002 -0.602789347233680E+001
  0.100000000000000E+001  0.120538312442310E+002  0.986082592882988E+001  0.680059143442127E+002 -0.712313242375695E+000  0.587353733731979E+001  0.916997653587267E+002 -0.167451030290137E+002 -0.602691562211551E+001
  0.100000000000000E+001  0.120487008343637E+002  0.527661114689167E+001  0.697091684089534E+002 -0.789905428744408E+000  0.549911668314760E+001  0.637572086307619E+002 -0.167451030290137E+002 -0.602435041718184E+001
  0.100000000000000E+001  0.120443586619045E+002 -0.579315333811525E+001  0.659737493236883E+002 -0.744291913718942E+000  0.599464918427639E+001  0.792277919091381E+002 -0.167451030290137E+002 -0.602217933095223E+001
  0.100000000000000E+001  0.120040957001937E+002  0.130984445821655E+002  0.671443855707381E+002 -0.670836463898149E+000  0.467279639556552E+001  0.600664008330409E+002 -0.167451030290137E+002 -0.600204785009684E+001
  0.100000000000000E+001  0.120035044412556E+002  0.428879812239412E+000  0.710188949814820E+002 -0.708244922187228E+000  0.545734731809361E+001  0.752803506826232E+002 -0.167451030290137E+002 -0.600175222062780E+001
  0.100000000000000E+001  0.119953806780408E+002 -0.175392085896023E+002  0.686500866823144E+002 -0.781886498343136E+000  0.478584986589698E+001  0.410641792491560E+002 -0.167451030290137E+002 -0.599769033902041E+001
  0.100000000000000E+001  0.119885056808628E+002  0.666205106320794E+001  0.681622670024925E+002 -0.831960932642323E+000  0.668022062750034E+001  0.902394609148402E+002 -0.167451030290137E+002 -0.599425284043138E+001
  0.100000000000000E+001  0.119861751069256E+002 -0.117358950261538E+002  0.682804066926707E+002 -0.840196433130077E+000  0.692663452722642E+001  0.880899225295129E+002 -0.167451030290137E+002 -0.599308755346282E+001
  0.100000000000000E+001  0.119657985995732E+002 -0.147684091885261E+002  0.694062886078063E+002 -0.859757021321308E+000  0.714981509234250E+001  0.925664659985457E+002 -0.167451030290137E+002 -0.598289929978659E+001
  0.100000000000000E+001  0.119640913572692E+002 -0.155967516786708E+002  0.677994368939327E+002 -0.732395765176818E+000  0.618050896017301E+001  0.975592453787289E+002 -0.167451030290137E+002 -0.598204567863459E+001
  0.100000000000000E+001  0.119635732697102E+002 -0.188346583241382E+002  0.663922052390781E+002 -0.848092144360114E+000  0.672199691584539E+001  0.815454910240894E+002 -0.167451030290137E+002 -0.598178663485511E+001
  0.100000000000000E+001  0.119575159241000E+002  0.579379190456297E+001  0.706717024989451E+002 -0.680986000030426E+000  0.264322646550127E+001  0.113522032266389E+002 -0.167451030290137E+002 -0.597875796205000E+001
  0.100000000000000E+001  0.119557858225903E+002  0.991690486750904E+001  0.640818111956497E+002 -0.730246257353986E+000  0.413631187468919E+001  0.335840705772158E+002 -0.167451030290137E+002 -0.597789291129517E+001
  0.100000000000000E+001  0.119532590116518E+002  0.912226774521652E+001  0.643730275377662E+002 -0.652801948075054E+000  0.351231080007854E+001  0.294348902864956E+002 -0.167451030290137E+002 -0.597662950582588E+001
  0.100000000000000E+001  0.119279692012078E+002  0.250709158488194E+001  0.668545200441665E+002 -0.627734428518158E+000  0.369008916262004E+001  0.363812153894654E+002 -0.167451030290137E+002 -0.596398460060388E+001
  0.100000000000000E+001  0.119275262584333E+002  0.693609592622566E+001  0.711563903689941E+002 -0.717960261256428E+000  0.558255772779311E+001  0.774848063614587E+002 -0.167451030290137E+002 -0.596376312921664E+001
  0.100000000000000E+001  0.119193191495777E+002 -0.163581222564015E+002  0.668403088264147E+002 -0.738110833788809E+000  0.346321544854626E+001  0.202559162557255E+002 -0.167451030290137E+002 -0.595965957478883E+001
  0.100000000000000E+001  0.119124387062496E+002  0.173412095373824E+002  0.698814615989378E+002 -0.603955910613197E+000  0.298781058418562E+001  0.257110083937539E+002 -0.167451030290137E+002 -0.595621935312479E+001
  0.100000000000000E+001  0.119107427623167E+002  0.452100254489657E+001  0.671215160435959E+002 -0.857945508544307E+000  0.725779390847897E+001  0.952252905811926E+002 -0.167451030290137E+002 -0.595537138115834E+001
  0.100000000000000E+001  0.119069964557140E+002  0.184548116743918E+002  0.678489092182626E+002 -0.701261340361527E+000  0.463022800279942E+001  0.548836405616001E+002 -0.167451030290137E+002 -0.595349822785697E+001
  0.100000000000000E+001  0.118988122657499E+002  0.168638196302761E+002  0.662678359207564E+002 -0.750420494855896E+000  0.610587252746805E+001  0.886635712321329E+002 -0.167451030290137E+002 -0.594940613287497E+001
  0.100000000000000E+001  0.118646099411027E+002  0.162589506279423E+002  0.680294608208330E+002 -0.815437474474682E+000  0.544500435043375E+001  0.531058991260979E+002 -0.167451030290137E+002 -0.593230497055135E+001
  0.100000000000000E+001  0.118535744199329E+002  0.477651711308218E+001  0.657344542066278E+002 -0.693737512121855E+000  0.491781501265372E+001  0.585843298244679E+002 -0.167451030290137E+002 -0.592678720996646E+001
  0.100000000000000E+001  0.118510446149265E+002 -0.185821962287457E+002  0.706967232472942E+002 -0.796215770788920E+000  0.653970572309410E+001  0.945449206891385E+002 -0.167451030290137E+002 -0.592552230746325E+001
  0.100000000000000E+001  0.118480958797857E+002 -0.631792774618735E+001  0.695139981018803E+002 -0.640226012219583E+000  0.392835705683631E+001  0.414408011142765E+002 -0.167451030290137E+002 -0.592404793989283E+001
  0.100000000000000E+001  0.118337445788157E+002 -0.183254771531281E+002  0.645681138012896E+002 -0.742668697994848E+000  0.516274358876513E+001  0.568164330734382E+002 -0.167451030290137E+002 -0.591687228940784E+001
  0.100000000000000E+001  0.118266369829242E+002 -0.189511470601552E+002  0.666505698132007E+002 -0.751835153929520E+000  0.491765537783903E+001  0.466480452067700E+002 -0.167451030290137E+002 -0.591331849146209E+001
  0.100000000000000E+001  0.118264533047434E+002 -0.118989391339251E+002  0.686402932893170E+002 -0.770731677802321E+000  0.433075774688893E+001  0.356331913284547E+002 -0.167451030290137E+002 -0.591322665237168E+001
  0.100000000000000E+001  0.118197334717735E+002  0.603835864596312E+001  0.661078095202626E+002 -0.674687369760009E+000  0.433896974223156E+001  0.488445674282755E+002 -0.167451030290137E+002 -0.590986673588676E+001
  0.100000000000000E+001  0.118193885913804E+002 -0.180609238315264E+002  0.690672912040071E+002 -0.726560833205079E+000  0.608938430361815E+001  0.956441781208165E+002 -0.167451030290137E+002 -0.590969429569019E+001
  0.100000000000000E+001  0.118068740061741E+002  0.130173470726738E+002  0.659061869252089E+002 -0.810554319026716E+000  0.608161981357754E+001  0.693646644092855E+002 -0.167451030290137E+002 -0.590343700308705E+001
  0.100000000000000E+001  0.118024101457029E+002  0.813730618015991E+001  0.647410610911283E+002 -0.752892349257072E+000  0.443261916794096E+001  0.376498846144916E+002 -0.167451030290137E+002 -0.590120507285146E+001
  0.100000000000000E+001  0.117942483460507E+002 -0.124159761843422E+002  0.711769705097282E+002 -0.787667611814005E+000  0.522991497546022E+001  0.545254993382887E+002 -0.167451030290137E+002 -0.589712417302536E+001
  0.100000000000000E+001  0.117901014119884E+002 -0.349735936190358E+001  0.683943647334050E+002 -0.816713377614199E+000  0.684886518043825E+001  0.905066863624465E+002 -0.167451030290137E+002 -0.589505070599418E+001
  0.100000000000000E+001  0.117898601164742E+002 -0.245385051041431E+001  0.701539950893712E+002 -0.553762379776955E+000  0.193089958172896E+001  0.947822616032778E+001 -0.167451030290137E+002 -0.589493005823711E+001
  0.100000000000000E+001  0.117875554013531E+002 -0.100528732919623E+002  0.693067724126907E+002 -0.790575390491555E+000  0.475194983522465E+001  0.414967717885864E+002 -0.167451030290137E+002 -0.589377770067653E+001
  0.100000000000000E+001  0.117705162978020E+002  0.156207755098642E+002  0.710123944862248E+002 -0.714959306078457E+000  0.392413947301387E+001  0.343009008378838E+002 -0.167451030290137E+002 -0.588525814890098E+001
  0.100000000000000E+001  0.117638936627932E+002 -0.157455700642254E+002  0.691954698451729E+002 -0.614751122768144E+000  0.324869554297390E+001  0.302235757197266E+002 -0.167451030290137E+002 -0.588194683139662E+001
  0.100000000000000E+001  0.117619312837760E+002  0.182446737152316E+002  0.656489393394238E+002 -0.775681591436923E+000  0.626709646173666E+001  0.865061220197030E+002 -0.167451030290137E+002 -0.588096564188802E+001
  0.100000000000000E+001  0.117611130585621E+002 -0.132337682014638E+002  0.694480553610928E+002 -0.750382867744748E+000  0.449307260607175E+001  0.380447290014755E+002 -0.167451030290137E+002 -0.588055652928104E+001
  0.100000000000000E+001  0.117502981188395E+002  0.169950996708152E+002  0.693102187531737E+002 -0.842413369331633E+000  0.631712415675478E+001  0.730991036393959E+002 -0.167451030290137E+002 -0.587514905941973E+001
  0.100000000000000E+001  0.117403719913412E+002  0.139523425977370E+002  0.708672055362238E+002 -0.575968861471880E+000  0.223989315770292E+001  0.128471263391658E+002 -0.167451030290137E+002 -0.587018599567061E+001
  0.100000000000000E+001  0.117093319605251E+002  0.127238915043203E+002  0.650358632954838E+002 -0.781842866500435E+000  0.574578413675970E+001  0.671242958785572E+002 -0.167451030290137E+002 -0.585466598026256E+001
  0.100000000000000E+001  0.116970004714727E+002  0.274834090815999E+001  0.670201714522590E+002 -0.680967194224610E+000  0.287556596970129E+001  0.134628133282760E+002 -0.167451030290137E+002 -0.584850023573633E+001
  0.100000000000000E+001  0.116602620657556E+002  0.143864648789855E+002  0.688125413645862E+002 -0.622337748418303E+000  0.258350812086619E+001  0.164440347908241E+002 -0.167451030290137E+002 -0.583013103287782E+001
  0.100000000000000E+001  0.116564380116856E+002 -0.138481434007093E+002  0.706726299197324E+002 -0.667606856374870E+000  0.310693939331984E+001  0.222283101983568E+002 -0.167451030290137E+002 -0.582821900584279E+001
  0.100000000000000E+001  0.116539789311941E+002 -0.599889889999291E+001  0.685462257036974E+002 -0.704778567817976E+000  0.295124646520749E+001  0.141978746001061E+002 -0.167451030290137E+002 -0.582698946559707E+001
  0.100000000000000E+001  0.116470695473661E+002  0.146814769550364E+002  0.681527260283332E+002 -0.795663051906836E+000  0.692580489300013E+001  0.982472055333498E+002 -0.167451030290137E+002 -0.582353477368304E+001
  0.100000000000000E+001  0.116448173756955E+002  0.657161139756073E+001  0.677970685552160E+002 -0.799120936771907E+000  0.529206165520611E+001  0.545701755420744E+002 -0.167451030290137E+002 -0.582240868784773E+001
  0.100000000000000E+001  0.116307159063945E+002  0.941879647809895E+001  0.714767740147686E+002 -0.728989166415580E+000  0.521347573831197E+001  0.641026785591281E+002 -0.167451030290137E+002 -0.581535795319724E+001
  0.100000000000000E+001  0.116026989461095E+002  0.181933551710745E+002  0.690166060355313E+002 -0.753794366945148E+000  0.595793892198367E+001  0.768604340750075E+002 -0.167451030290137E+002 -0.580134947305477E+001
  0.100000000000000E+001  0.115831061825880E+002 -0.126176504934343E+002  0.664455899491661E+002 -0.788619876025433E+000  0.502767391304975E+001  0.481397233672714E+002 -0.167451030290137E+002 -0.579155309129400E+001
  0.100000000000000E+001  0.115798295195670E+002 -0.171521011424409E+002  0.679396348463610E+002 -0.794074962545733E+000  0.575329740458039E+001  0.690001001828055E+002 -0.167451030290137E+002 -0.578991475978350E+001
  0.100000000000000E+001  0.115763398190673E+002  0.428543955825837E+001  0.709112211934452E+002 -0.821716274631214E+000  0.662379711768514E+001  0.870904085629624E+002 -0.167451030290137E+002 -0.578816990953367E+001
  0.100000000000000E+001  0.115747475468716E+002  0.533985068189027E+001  0.645372487921001E+002 -0.709817241833657E+000  0.359017528265701E+001  0.242178926327061E+002 -0.167451030290137E+002 -0.578737377343578E+001
  0.100000000000000E+001  0.115647773651430E+002  0.468527374879329E+000  0.658288139881366E+002 -0.748148856765320E+000  0.504879938150086E+001  0.558348650876904E+002 -0.167451030290137E+002 -0.578238868257148E+001
  0.100000000000000E+001  0.115586105912186E+002 -0.985170805415212E+000  0.685017996334007E+002 -0.673259741808867E+000  0.467745148007613E+001  0.571852461629626E+002 -0.167451030290137E+002 -0.577930529560932E+001
  0.100000000000000E+001  0.115584928952664E+002 -0.322255217368283E+001  0.671783365887639E+002 -0.753474605785904E+000  0.476085108452394E+001  0.431842666566128E+002 -0.167451030290137E+002 -0.577924644763320E+001
  0.100000000000000E+001  0.115579799332870E+002  0.126690006945245E+002  0.678586879404507E+002 -0.862821020636496E+000  0.738201375423627E+001  0.997232245527757E+002 -0.167451030290137E+002 -0.577898996664348E+001
  0.100000000000000E+001  0.115548434347529E+002  0.441580800379811E-001  0.695341232789102E+002 -0.836834675063892E+000  0.669401193066637E+001  0.881536336879891E+002 -0.167451030290137E+002 -0.577742171737647E+001
  0.100000000000000E+001  0.115429651420760E+002 -0.451813283996026E+001  0.687279868644726E+002 -0.834977672578824E+000  0.709741870369658E+001  0.957034249995138E+002 -0.167451030290137E+002 -0.577148257103799E+001
  0.100000000000000E+001  0.115159061561900E+002  0.838383980687611E+001  0.685648552415486E+002 -0.761275657623089E+000  0.609780237289873E+001  0.873620653531373E+002 -0.167451030290137E+002 -0.575795307809500E+001
  0.100000000000000E+001  0.114971240854475E+002 -0.133193313675283E+002  0.679797499140515E+002 -0.831523921568868E+000  0.633806096626868E+001  0.774742476495391E+002 -0.167451030290137E+002 -0.574856204272375E+001
  0.100000000000000E+001  0.114960506987665E+002 -0.921406054731595E+001  0.668560704808986E+002 -0.748300301573315E+000  0.453993312807139E+001  0.434046178919524E+002 -0.167451030290137E+002 -0.574802534938326E+001
  0.100000000000000E+001  0.114839150088730E+002  0.744610729282395E+001  0.704198284391828E+002 -0.728822048425642E+000  0.477221797665702E+001  0.534655966800107E+002 -0.167451030290137E+002 -0.574195750443650E+001
  0.100000000000000E+001  0.114752580481187E+002  0.487875247264974E+001  0.690848042042445E+002 -0.757184966248209E+000  0.409723393253445E+001  0.314881896809472E+002 -0.167451030290137E+002 -0.573762902405933E+001
  0.100000000000000E+001  0.114737896516655E+002  0.156508545063750E+002  0.701396101399283E+002 -0.751269637255960E+000  0.467349144517723E+001  0.469939486383048E+002 -0.167451030290137E+002 -0.573689482583275E+001
  0.100000000000000E+001  0.114721602723752E+002  0.169085005963491E+002  0.698677928223245E+002 -0.583760112827240E+000  0.240452764419886E+001  0.152402082227325E+002 -0.167451030290137E+002 -0.573608013618762E+001
  0.100000000000000E+001  0.114616533218447E+002  0.569580566681271E+001  0.673068086097725E+002 -0.658031075376863E+000  0.415255217082714E+001  0.455818973898690E+002 -0.167451030290137E+002 -0.573082666092236E+001
  0.100000000000000E+001  0.114531875305394E+002 -0.165627860296837E+002  0.674456720826119E+002 -0.805121732179334E+000  0.604714279963226E+001  0.746820019524576E+002 -0.167451030290137E+002 -0.572659376526968E+001
  0.100000000000000E+001  0.114409058185376E+002 -0.172399704094939E+002  0.678162601458153E+002 -0.654562833914225E+000  0.315309405400141E+001  0.241827359019431E+002 -0.167451030290137E+002 -0.572045290926878E+001
  0.100000000000000E+001  0.114319597774678E+002  0.216369326300500E+001  0.680896861493497E+002 -0.759107339339181E+000  0.565560435034887E+001  0.732784067492499E+002 -0.167451030290137E+002 -0.571597988873389E+001
  0.100000000000000E+001  0.114284222913797E+002  0.782754414113671E+001  0.684749694341928E+002 -0.784549994789435E+000  0.547906001845919E+001  0.628159888330199E+002 -0.167451030290137E+002 -0.571421114568984E+001
  0.100000000000000E+001  0.114186762643458E+002  0.423129032570692E+000  0.710283293883096E+002 -0.709231960020150E+000  0.418293463056566E+001  0.374138550324785E+002 -0.167451030290137E+002 -0.570933813217288E+001
  0.100000000000000E+001  0.114118814851349E+002  0.163950380772498E+002  0.655050841595542E+002 -0.743946673627655E+000  0.528546314867582E+001  0.597115784371331E+002 -0.167451030290137E+002 -0.570594074256745E+001
  0.100000000000000E+001  0.114011849948261E+002 -0.162397834873161E+002  0.680790901667822E+002 -0.643132194235795E+000  0.292100808614096E+001  0.165135815868784E+002 -0.167451030290137E+002 -0.570059249741307E+001
  0.100000000000000E+001  0.113971412921156E+002  0.883569718244717E+001  0.697470198982107E+002 -0.549716116584944E+000  0.160586212750617E+001  0.539230951884279E+001 -0.167451030290137E+002 -0.569857064605782E+001
  0.100000000000000E+001  0.113886552639803E+002 -0.180434103503701E+002  0.701629996906465E+002 -0.785881916247728E+000  0.609890570272912E+001  0.811627856896554E+002 -0.167451030290137E+002 -0.569432763199016E+001
  0.100000000000000E+001  0.113800964687618E+002 -0.168543890957568E+002  0.704665306762909E+002 -0.748934388460458E+000  0.527388397361214E+001  0.636222232691612E+002 -0.167451030290137E+002 -0.569004823438092E+001
  0.100000000000000E+001  0.113156182879432E+002 -0.117119035911131E+000  0.652239588870143E+002 -0.627641953808936E+000  0.300691128312362E+001  0.212135404300369E+002 -0.167451030290137E+002 -0.565780914397160E+001
  0.100000000000000E+001  0.113138637847750E+002 -0.149119390337836E+002  0.640458912535135E+002 -0.615200279680841E+000  0.235529456988666E+001  0.102179792014680E+002 -0.167451030290137E+002 -0.565693189238749E+001
  0.100000000000000E+001  0.113132829085264E+002 -0.522125615568875E+001  0.698732070275140E+002 -0.691438588522920E+000  0.304849971359829E+001  0.183913045233351E+002 -0.167451030290137E+002 -0.565664145426318E+001
  0.100000000000000E+001  0.113030184740980E+002 -0.257418555958922E+001  0.686954006924117E+002 -0.709781806358270E+000  0.364157946092983E+001  0.283076483643543E+002 -0.167451030290137E+002 -0.565150923704898E+001
  0.100000000000000E+001  0.112911928888318E+002  0.269310921532878E+000  0.693174384132084E+002 -0.675659092594894E+000  0.368781516420990E+001  0.335591401395337E+002 -0.167451030290137E+002 -0.564559644441588E+001
  0.100000000000000E+001  0.112887065986352E+002  0.149584020629399E+002  0.700030407351324E+002 -0.828997733495331E+000  0.694856387866958E+001  0.952205440446850E+002 -0.167451030290137E+002 -0.564435329931759E+001
  0.100000000000000E+001  0.112822653777335E+002  0.163356323633850E+002  0.693704340130164E+002 -0.638304364558780E+000  0.312044335529933E+001  0.250167210799051E+002 -0.167451030290137E+002 -0.564113268886676E+001
  0.100000000000000E+001  0.112665888149674E+002 -0.916900714319194E+000  0.670506890280095E+002 -0.663193854732370E+000  0.325689940156524E+001  0.208713052033326E+002 -0.167451030290137E+002 -0.563329440748369E+001
  0.100000000000000E+001  0.112548377915890E+002 -0.350765508594780E+000  0.695984393426625E+002 -0.826841396883901E+000  0.705449125490502E+001  0.981661260971316E+002 -0.167451030290137E+002 -0.562741889579449E+001
  0.100000000000000E+001  0.112411249749078E+002 -0.113513440704448E+000  0.658889953293213E+002 -0.631662096845479E+000  0.320529981439362E+001  0.251387480108797E+002 -0.167451030290137E+002 -0.562056248745388E+001
  0.100000000000000E+001  0.112378857116864E+002  0.191571222610097E+000  0.686413071797080E+002 -0.769934930778674E+000  0.622914240465576E+001  0.886177516006679E+002 -0.167451030290137E+002 -0.561894285584319E+001
  0.100000000000000E+001  0.112213197232916E+002  0.161847478259232E+002  0.684906840607463E+002 -0.702300807682965E+000  0.496874920796856E+001  0.589556219856664E+002 -0.167451030290137E+002 -0.561065986164580E+001
  0.100000000000000E+001  0.112206296994058E+002  0.138396449160994E+002  0.702376516405704E+002 -0.780235784965494E+000  0.547864060029098E+001  0.625760452557175E+002 -0.167451030290137E+002 -0.561031484970291E+001
  0.100000000000000E+001  0.111993912694565E+002  0.104278791434311E+002  0.680041502200607E+002 -0.835417662672100E+000  0.715827362890456E+001  0.988623684087574E+002 -0.167451030290137E+002 -0.559969563472825E+001
  0.100000000000000E+001  0.111875190828084E+002 -0.119892145145201E+002  0.704292229036213E+002 -0.669403440639391E+000  0.298365587063781E+001  0.191527942292378E+002 -0.167451030290137E+002 -0.559375954140418E+001
  0.100000000000000E+001  0.111859037884191E+002 -0.112135359485534E+002  0.694986697014937E+002 -0.734417163304458E+000  0.563590761981224E+001  0.736957467695712E+002 -0.167451030290137E+002 -0.559295189420955E+001
  0.100000000000000E+001  0.111752192212915E+002  0.139545399722605E+002  0.697817882137005E+002 -0.684849428310403E+000  0.446673127485844E+001  0.496323591512892E+002 -0.167451030290137E+002 -0.558760961064577E+001
  0.100000000000000E+001  0.111684763968634E+002 -0.187363055042456E+002  0.691315603431114E+002 -0.827715828295594E+000  0.673828195254187E+001  0.902526839563120E+002 -0.167451030290137E+002 -0.558423819843171E+001
  0.100000000000000E+001  0.111669452163937E+002 -0.944555073849096E+001  0.673976096115970E+002 -0.669288350185480E+000  0.325482308026897E+001  0.204472902386322E+002 -0.167451030290137E+002 -0.558347260819683E+001
  0.100000000000000E+001  0.111627900460213E+002 -0.168643949822378E+001  0.698747662966044E+002 -0.696798367897393E+000  0.376390158425673E+001  0.287873287191700E+002 -0.167451030290137E+002 -0.558139502301065E+001
  0.100000000000000E+001  0.111564401984307E+002 -0.885667079396409E+001  0.706255805339197E+002 -0.762386072089845E+000  0.522388207717740E+001  0.578466903747292E+002 -0.167451030290137E+002 -0.557822009921537E+001
  0.100000000000000E+001  0.111426953536904E+002 -0.941239851897518E+001  0.681058058152700E+002 -0.788072722210430E+000  0.525111374283404E+001  0.543918977773361E+002 -0.167451030290137E+002 -0.557134767684519E+001
  0.100000000000000E+001  0.111412061548369E+002  0.114948164653196E+002  0.699091877778370E+002 -0.710216073547604E+000  0.497572078721641E+001  0.596849507503319E+002 -0.167451030290137E+002 -0.557060307741843E+001
  0.100000000000000E+001  0.111398992046316E+002 -0.172500710649837E+002  0.682301517433279E+002 -0.717560736059208E+000  0.360064651184960E+001  0.261271906522248E+002 -0.167451030290137E+002 -0.556994960231580E+001
  0.100000000000000E+001  0.111343352598032E+002 -0.135639271063451E+002  0.697988060762838E+002 -0.701391635899930E+000  0.474012484342693E+001  0.536420969828115E+002 -0.167451030290137E+002 -0.556716762990160E+001
  0.100000000000000E+001  0.111269605679533E+002  0.947587791046467E+001  0.670728468870004E+002 -0.762840422723460E+000  0.574211690281282E+001  0.730787440015930E+002 -0.167451030290137E+002 -0.556348028397663E+001
  0.100000000000000E+001  0.111245644902911E+002 -0.308575204987501E+001  0.674613460936273E+002 -0.683170563485231E+000  0.319633213493920E+001  0.185473994213168E+002 -0.167451030290137E+002 -0.556228224514556E+001
  0.100000000000000E+001  0.111217969440440E+002 -0.183701924882966E+002  0.674894066359951E+002 -0.776456111378026E+000  0.647066906059014E+001  0.931297685227200E+002 -0.167451030290137E+002 -0.556089847202199E+001
  0.100000000000000E+001  0.111118287070350E+002 -0.384363562744129E+001  0.696402795676785E+002 -0.767656659299166E+000  0.624673528281059E+001  0.884822752663291E+002 -0.167451030290137E+002 -0.555591435351750E+001
  0.100000000000000E+001  0.110327064944545E+002  0.123066779476555E+002  0.687245647593015E+002 -0.571879395311749E+000  0.217644605781422E+001  0.114620332185499E+002 -0.167451030290137E+002 -0.551635324722723E+001
  0.100000000000000E+001  0.110308398980410E+002 -0.165646896338267E+002  0.703916416468507E+002 -0.727833691771312E+000  0.458641214581000E+001  0.471603933041355E+002 -0.167451030290137E+002 -0.551541994902048E+001
  0.100000000000000E+001  0.109811191133891E+002  0.825594337434645E+001  0.663099486692900E+002 -0.692523360301522E+000  0.394106555490646E+001  0.354128761932414E+002 -0.167451030290137E+002 -0.549055955669455E+001
  0.100000000000000E+001  0.109583437479872E+002  0.107031696348198E+002  0.682816709722801E+002 -0.781333996557664E+000  0.596225301945719E+001  0.727651689388061E+002 -0.167451030290137E+002 -0.547917187399360E+001
  0.100000000000000E+001  0.109569020930090E+002 -0.392652216879163E+001  0.683338371797986E+002 -0.728799303936025E+000  0.542300881077154E+001  0.690678507030890E+002 -0.167451030290137E+002 -0.547845104650448E+001
  0.100000000000000E+001  0.109568071909024E+002  0.990779286036209E+001  0.684116925956646E+002 -0.745055623898859E+000  0.497385750868177E+001  0.549592947581520E+002 -0.167451030290137E+002 -0.547840359545118E+001
  0.100000000000000E+001  0.109432826950908E+002 -0.109288997090013E+002  0.684275243046143E+002 -0.649359809634591E+000  0.332641882179119E+001  0.276289145240754E+002 -0.167451030290137E+002 -0.547164134754539E+001
  0.100000000000000E+001  0.109046240970570E+002 -0.444425521528557E+001  0.687284202689401E+002 -0.751786008975644E+000  0.495510006062565E+001  0.498054756906502E+002 -0.167451030290137E+002 -0.545231204852850E+001
  0.100000000000000E+001  0.109035326530878E+002 -0.114766864575288E+002  0.688681063235438E+002 -0.728063419012181E+000  0.520010295245327E+001  0.614225038838684E+002 -0.167451030290137E+002 -0.545176632654392E+001
  0.100000000000000E+001  0.108975084225771E+002  0.146476683666631E+002  0.667558844068047E+002 -0.626551609344801E+000  0.307059630778561E+001  0.227959655974640E+002 -0.167451030290137E+002 -0.544875421128856E+001
  0.100000000000000E+001  0.108802038826639E+002  0.306363861635695E+001  0.685449546712665E+002 -0.658756054079475E+000  0.379856969224847E+001  0.358103431734985E+002 -0.167451030290137E+002 -0.544010194133196E+001
  0.100000000000000E+001  0.108609434838285E+002  0.125271478808074E+002  0.670222541278842E+002 -0.755865172248485E+000  0.524937388409396E+001  0.571580487389051E+002 -0.167451030290137E+002 -0.543047174191423E+001
  0.100000000000000E+001  0.108596511978332E+002 -0.192149920713043E+002  0.686522533788118E+002 -0.671626839097394E+000  0.404442448216429E+001  0.401866625926816E+002 -0.167451030290137E+002 -0.542982559891662E+001
  0.100000000000000E+001  0.108503644622266E+002  0.846880639900428E+001  0.684853666429130E+002 -0.738014337793605E+000  0.541617876762318E+001  0.674911470501378E+002 -0.167451030290137E+002 -0.542518223111328E+001
  0.100000000000000E+001  0.108382251289176E+002 -0.363530444083839E+001  0.652290463558461E+002 -0.652062202257567E+000  0.286451297071610E+001  0.166692192442625E+002 -0.167451030290137E+002 -0.541911256445880E+001
  0.100000000000000E+001  0.108331942637833E+002  0.122145840487585E+002  0.679958171930294E+002 -0.693206718044700E+000  0.437067720230796E+001  0.461337080742344E+002 -0.167451030290137E+002 -0.541659713189164E+001
  0.100000000000000E+001  0.108282029533513E+002  0.185946710092681E+002  0.679735883123503E+002 -0.733673173755668E+000  0.448511543895959E+001  0.404686896647977E+002 -0.167451030290137E+002 -0.541410147667564E+001
  0.100000000000000E+001  0.107864909682863E+002 -0.189881033684506E+002  0.689457165046959E+002 -0.757951584345430E+000  0.552500163436631E+001  0.669793173602557E+002 -0.167451030290137E+002 -0.539324548414317E+001
  0.100000000000000E+001  0.107649010708937E+002  0.133150826420018E+002  0.678649621012411E+002 -0.768552653545303E+000  0.519135678462402E+001  0.547860638547317E+002 -0.167451030290137E+002 -0.538245053544686E+001
  0.100000000000000E+001  0.107304275431034E+002 -0.180653194364624E+002  0.696342705512206E+002 -0.716649182018344E+000  0.408055694643657E+001  0.344295636736703E+002 -0.167451030290137E+002 -0.536521377155170E+001
  0.100000000000000E+001  0.106950030540022E+002 -0.449626884008282E+001  0.692137572208346E+002 -0.734651246803613E+000  0.489018645270045E+001  0.529303496363819E+002 -0.167451030290137E+002 -0.534750152700112E+001
  0.100000000000000E+001  0.106815759325023E+002 -0.118685150595471E+002  0.656072572779474E+002 -0.576627996724836E+000  0.191249930748793E+001  0.696949811404370E+001 -0.167451030290137E+002 -0.534078796625117E+001
  0.100000000000000E+001  0.105965941407820E+002  0.639826454077799E+001  0.668775675185761E+002 -0.704561842876799E+000  0.393003186308209E+001  0.331086260107948E+002 -0.167451030290137E+002 -0.529829707039098E+001
  0.100000000000000E+001  0.105615630620491E+002  0.631570617338998E+001  0.679041862671316E+002 -0.640607465291531E+000  0.277116852729049E+001  0.170973038638159E+002 -0.167451030290137E+002 -0.528078153102457E+001
  0.100000000000000E+001  0.105438797773416E+002 -0.194885904136899E+002  0.689463379747009E+002 -0.721610793316269E+000  0.434037743549707E+001  0.403259292171496E+002 -0.167451030290137E+002 -0.527193988867081E+001
  0.100000000000000E+001  0.105056182539033E+002  0.151837018243298E+002  0.690430827878825E+002 -0.647613475163394E+000  0.233883548177107E+001  0.948213617960587E+001 -0.167451030290137E+002 -0.525280912695166E+001
