  0.133146915037163E+002  0.677173599916366E+002 -0.422308439045779E+000  0.482381534276214E+000 -0.114467856624657E+002 -0.709039837288741E+003 -0.709039837288741E+003
  0.120895169852342E+002  0.673783124601195E+002 -0.415351136883301E+000  0.474289903060146E+000 -0.114467856624657E+002 -0.709032509856276E+003 -0.709032509856276E+003
  0.141670594002391E+002  0.679311070062536E+002 -0.419043544413048E+000  0.479646322814617E+000 -0.114467856624657E+002 -0.709038576857678E+003 -0.709038576857678E+003
  0.164726119365631E+002  0.674810443108010E+002 -0.417258804540709E+000  0.476259254243018E+000 -0.114467856624657E+002 -0.709029117515774E+003 -0.709029117515774E+003
  0.839659869729159E+001  0.674819128294079E+002 -0.413606272855354E+000  0.474953812774067E+000 -0.114467856624657E+002 -0.709040217587643E+003 -0.709040217587643E+003
  0.147496742818625E+002  0.677230439034215E+002 -0.414628923776915E+000  0.466471337539546E+000 -0.114467856624657E+002 -0.709039714130884E+003 -0.709039714130884E+003
  0.148306179315506E+002  0.678444222865784E+002 -0.416277991145129E+000  0.467606400205407E+000 -0.114467856624657E+002 -0.709039122306383E+003 -0.709039122306383E+003
  0.918135878366430E+001  0.678511541368271E+002 -0.417291370320737E+000  0.468823089722463E+000 -0.114467856624657E+002 -0.709038911928432E+003 -0.709038911928432E+003
  0.872282724853673E+001  0.679755586138234E+002 -0.420294330268131E+000  0.478789542994739E+000 -0.114467856624657E+002 -0.709036265266229E+003 -0.709036265266229E+003
  0.120812115255698E+002  0.676867750337880E+002 -0.414021686091457E+000  0.470825150001154E+000 -0.114467856624657E+002 -0.709031784446038E+003 -0.709031784446038E+003
  0.167332295258078E+002  0.677818639340879E+002 -0.412566901591633E+000  0.469583264182441E+000 -0.114467856624657E+002 -0.709037381050908E+003 -0.709037381050908E+003
  0.182074654719720E+002  0.679815140838397E+002 -0.420105404903699E+000  0.478265056610779E+000 -0.114467856624657E+002 -0.709035474551480E+003 -0.709035474551480E+003
  0.880162798535985E+001  0.681826749415365E+002 -0.420790078467745E+000  0.477004005718068E+000 -0.114467856624657E+002 -0.709041992266078E+003 -0.709041992266078E+003
  0.171516336022410E+002  0.678048243277242E+002 -0.415059501288336E+000  0.470254998787283E+000 -0.114467856624657E+002 -0.709030364584407E+003 -0.709030364584407E+003
  0.113944463887899E+002  0.675137697101317E+002 -0.413079487574089E+000  0.470752644000174E+000 -0.114467856624657E+002 -0.709035898780602E+003 -0.709035898780602E+003
  0.792944641235360E+001  0.680066187490644E+002 -0.419747640008121E+000  0.478020847709393E+000 -0.114467856624657E+002 -0.709035741175821E+003 -0.709035741175821E+003
  0.154910738233730E+002  0.679154615690360E+002 -0.413782374292625E+000  0.470956705354042E+000 -0.114467856624657E+002 -0.709035533458750E+003 -0.709035533458750E+003
  0.162776700670799E+002  0.676872649688420E+002 -0.419851767863715E+000  0.477455109612615E+000 -0.114467856624657E+002 -0.709030465933149E+003 -0.709030465933149E+003
  0.181082336213353E+002  0.676891456953311E+002 -0.417876360289247E+000  0.475790572495073E+000 -0.114467856624657E+002 -0.709027737978774E+003 -0.709027737978774E+003
  0.154311153577823E+002  0.681896360811235E+002 -0.414296110421663E+000  0.468499833595951E+000 -0.114467856624657E+002 -0.709039755107441E+003 -0.709039755107441E+003
  0.137907034047587E+002  0.677883659865887E+002 -0.419191868211545E+000  0.475327182029788E+000 -0.114467856624657E+002 -0.709030086526330E+003 -0.709030086526330E+003
  0.105484502884393E+002  0.674353075730509E+002 -0.418755710823867E+000  0.474565191320887E+000 -0.114467856624657E+002 -0.709035415450242E+003 -0.709035415450242E+003
  0.943827782662968E+001  0.678136270626519E+002 -0.413219637245112E+000  0.468216925390688E+000 -0.114467856624657E+002 -0.709034896073349E+003 -0.709034896073349E+003
  0.153270795018756E+002  0.675803072334469E+002 -0.413298805792663E+000  0.471857070433561E+000 -0.114467856624657E+002 -0.709035313304512E+003 -0.709035313304512E+003
  0.183689980800406E+002  0.679721134134082E+002 -0.415377306082395E+000  0.468287627275150E+000 -0.114467856624657E+002 -0.709034287726916E+003 -0.709034287726916E+003
  0.168785818365948E+002  0.679980727071825E+002 -0.418031209364787E+000  0.470651526456281E+000 -0.114467856624657E+002 -0.709035735369631E+003 -0.709035735369631E+003
  0.113004799225911E+002  0.678324701016615E+002 -0.416645000541760E+000  0.468637987106764E+000 -0.114467856624657E+002 -0.709036782548954E+003 -0.709036782548954E+003
  0.185491913876629E+002  0.677796906129288E+002 -0.412968061863775E+000  0.469757811493984E+000 -0.114467856624657E+002 -0.709035597985601E+003 -0.709035597985601E+003
  0.179577271269659E+002  0.680262327722583E+002 -0.419780218328469E+000  0.472687507151093E+000 -0.114467856624657E+002 -0.709038891029221E+003 -0.709038891029221E+003
  0.164004682181992E+002  0.682300254924687E+002 -0.415755994109600E+000  0.468454647247398E+000 -0.114467856624657E+002 -0.709039447447446E+003 -0.709039447447446E+003
  0.172185905804110E+002  0.675574368573529E+002 -0.420966434134451E+000  0.481753145026033E+000 -0.114467856624657E+002 -0.709035510668073E+003 -0.709035510668073E+003
  0.101698758881128E+002  0.673575879505430E+002 -0.416009208512437E+000  0.473417573151504E+000 -0.114467856624657E+002 -0.709033069647534E+003 -0.709033069647534E+003
  0.169722850956230E+002  0.675719910370944E+002 -0.413606853862125E+000  0.473658084708461E+000 -0.114467856624657E+002 -0.709036919519050E+003 -0.709036919519050E+003
  0.798978429487602E+001  0.678830829379719E+002 -0.418875773817850E+000  0.476434736835381E+000 -0.114467856624657E+002 -0.709030358630080E+003 -0.709030358630080E+003
  0.104798263115404E+002  0.675596990259790E+002 -0.419985124411358E+000  0.476196737316247E+000 -0.114467856624657E+002 -0.709033948303357E+003 -0.709033948303357E+003
  0.957995225537338E+001  0.677275894157677E+002 -0.413887105221953E+000  0.473351647812576E+000 -0.114467856624657E+002 -0.709036110008657E+003 -0.709036110008657E+003
  0.161645023951791E+002  0.670795334014109E+002 -0.416938054590229E+000  0.477196629220690E+000 -0.114467856624657E+002 -0.709040811774485E+003 -0.709040811774485E+003
  0.744156965136633E+001  0.677843356581565E+002 -0.413202551312030E+000  0.471380772869683E+000 -0.114467856624657E+002 -0.709036603178531E+003 -0.709036603178531E+003
  0.113892441779865E+002  0.682491400209434E+002 -0.416503231522017E+000  0.473282966628857E+000 -0.114467856624657E+002 -0.709041742843729E+003 -0.709041742843729E+003
  0.173689940209144E+002  0.677139436142174E+002 -0.422252664187477E+000  0.480019365640834E+000 -0.114467856624657E+002 -0.709038368448599E+003 -0.709038368448599E+003
  0.105027324160278E+002  0.678618430467372E+002 -0.419447187854092E+000  0.474498273621730E+000 -0.114467856624657E+002 -0.709032255918773E+003 -0.709032255918773E+003
  0.753717130008340E+001  0.673435744341992E+002 -0.415800236332667E+000  0.478952760067094E+000 -0.114467856624657E+002 -0.709040257046509E+003 -0.709040257046509E+003
  0.760238759768891E+001  0.673442063197527E+002 -0.415091158811580E+000  0.471529264666141E+000 -0.114467856624657E+002 -0.709036101575984E+003 -0.709036101575984E+003
  0.106551655241688E+002  0.674986017151184E+002 -0.416265770597482E+000  0.470313241200094E+000 -0.114467856624657E+002 -0.709036533646702E+003 -0.709036533646702E+003
  0.111581125969264E+002  0.675401213654839E+002 -0.420901725986006E+000  0.483304529837541E+000 -0.114467856624657E+002 -0.709039145385723E+003 -0.709039145385723E+003
  0.143400759677424E+002  0.673185184492436E+002 -0.415371918896479E+000  0.470964109002770E+000 -0.114467856624657E+002 -0.709038833162330E+003 -0.709038833162330E+003
  0.161515172141831E+002  0.677039994144241E+002 -0.415686143030827E+000  0.470565668333131E+000 -0.114467856624657E+002 -0.709030311660899E+003 -0.709030311660899E+003
  0.138083659815273E+002  0.678029112702146E+002 -0.416805615858168E+000  0.470552716814958E+000 -0.114467856624657E+002 -0.709031645349396E+003 -0.709031645349396E+003
  0.126666033507253E+002  0.679487280797731E+002 -0.419537664512282E+000  0.473651663630922E+000 -0.114467856624657E+002 -0.709034689240872E+003 -0.709034689240872E+003
  0.155275210409967E+002  0.682188400892006E+002 -0.418621176375459E+000  0.475714447433361E+000 -0.114467856624657E+002 -0.709040660546837E+003 -0.709040660546837E+003
  0.129786501623476E+002  0.672906230701717E+002 -0.418875785560749E+000  0.479863134741995E+000 -0.114467856624657E+002 -0.709034662434454E+003 -0.709034662434454E+003
  0.145509257129709E+002  0.675690485605170E+002 -0.420823203573737E+000  0.477525488113533E+000 -0.114467856624657E+002 -0.709035387779275E+003 -0.709035387779275E+003
  0.107133775851184E+002  0.673499782990700E+002 -0.420474873496649E+000  0.483512285688334E+000 -0.114467856624657E+002 -0.709040198448098E+003 -0.709040198448098E+003
  0.114294553767715E+002  0.680118417874217E+002 -0.417023402623750E+000  0.469876474746245E+000 -0.114467856624657E+002 -0.709034338905382E+003 -0.709034338905382E+003
  0.175764455621735E+002  0.679491340154609E+002 -0.419443467553669E+000  0.480089878178870E+000 -0.114467856624657E+002 -0.709039819553007E+003 -0.709039819553007E+003
  0.167365303472487E+002  0.675857554092112E+002 -0.416386313200431E+000  0.476200682290274E+000 -0.114467856624657E+002 -0.709029982640269E+003 -0.709029982640269E+003
  0.127434384488986E+002  0.675181632524741E+002 -0.419461126294432E+000  0.483089553743553E+000 -0.114467856624657E+002 -0.709040989616750E+003 -0.709040989616750E+003
  0.182387142102014E+002  0.679159289393870E+002 -0.421088702423454E+000  0.475086440658242E+000 -0.114467856624657E+002 -0.709039733576558E+003 -0.709039733576558E+003
  0.153266866454053E+002  0.676591318519746E+002 -0.419778789903083E+000  0.477691648735206E+000 -0.114467856624657E+002 -0.709030282053820E+003 -0.709030282053820E+003
  0.929557690150817E+001  0.671653410917811E+002 -0.419627651447783E+000  0.478485988580934E+000 -0.114467856624657E+002 -0.709041039357513E+003 -0.709041039357513E+003
  0.115653005667547E+002  0.682186076763455E+002 -0.414033166708306E+000  0.467474441184176E+000 -0.114467856624657E+002 -0.709041447904355E+003 -0.709041447904355E+003
  0.161074455913955E+002  0.680699544699123E+002 -0.420158967270785E+000  0.473714838306004E+000 -0.114467856624657E+002 -0.709038982805837E+003 -0.709038982805837E+003
  0.140932595473211E+002  0.677371632726116E+002 -0.418360563793404E+000  0.478369064799317E+000 -0.114467856624657E+002 -0.709031161165581E+003 -0.709031161165581E+003
  0.858474031108955E+001  0.678656048350185E+002 -0.415603057987131E+000  0.473735435410687E+000 -0.114467856624657E+002 -0.709031506586590E+003 -0.709031506586590E+003
  0.842748463938641E+001  0.679706187423366E+002 -0.416633834111189E+000  0.473384317843335E+000 -0.114467856624657E+002 -0.709030897818601E+003 -0.709030897818601E+003
  0.138879121313160E+002  0.682694097389830E+002 -0.415236898110233E+000  0.468693349131382E+000 -0.114467856624657E+002 -0.709040942508126E+003 -0.709040942508126E+003
  0.117257644668406E+002  0.676802944668251E+002 -0.415991050398586E+000  0.475684124117798E+000 -0.114467856624657E+002 -0.709030892903006E+003 -0.709030892903006E+003
  0.160490598223293E+002  0.681258999019206E+002 -0.416077700134157E+000  0.470421626722198E+000 -0.114467856624657E+002 -0.709034805044492E+003 -0.709034805044492E+003
  0.132646385434545E+002  0.674267751492045E+002 -0.420336812705601E+000  0.476794465593681E+000 -0.114467856624657E+002 -0.709037927300727E+003 -0.709037927300727E+003
  0.822035540350016E+001  0.672373378469580E+002 -0.419973049575800E+000  0.483309295692202E+000 -0.114467856624657E+002 -0.709041491930901E+003 -0.709041491930901E+003
  0.162763494706580E+002  0.677698694264555E+002 -0.413256175710403E+000  0.468394284471167E+000 -0.114467856624657E+002 -0.709034562548396E+003 -0.709034562548396E+003
  0.128838987195918E+002  0.676962065719186E+002 -0.413786071345676E+000  0.470045466710083E+000 -0.114467856624657E+002 -0.709032462381961E+003 -0.709032462381961E+003
  0.974295375145588E+001  0.679138748276370E+002 -0.419470159181354E+000  0.477287018994050E+000 -0.114467856624657E+002 -0.709032081482401E+003 -0.709032081482401E+003
  0.162383537392119E+002  0.677509064088499E+002 -0.419677565470605E+000  0.475321549019214E+000 -0.114467856624657E+002 -0.709031853680870E+003 -0.709031853680870E+003
  0.945969230802278E+001  0.676385411639050E+002 -0.419662869267356E+000  0.480219370646436E+000 -0.114467856624657E+002 -0.709032535010006E+003 -0.709032535010006E+003
  0.168224241522481E+002  0.679212379132914E+002 -0.418383589453994E+000  0.473085837167012E+000 -0.114467856624657E+002 -0.709031238335085E+003 -0.709031238335085E+003
  0.155828496975069E+002  0.674907693095681E+002 -0.421315132686380E+000  0.478860563190304E+000 -0.114467856624657E+002 -0.709037268292367E+003 -0.709037268292367E+003
  0.102246465539247E+002  0.678739854009837E+002 -0.415010230148069E+000  0.470760083641512E+000 -0.114467856624657E+002 -0.709030699832314E+003 -0.709030699832314E+003
  0.163026886925550E+002  0.681290823611352E+002 -0.413110209621885E+000  0.467635294871142E+000 -0.114467856624657E+002 -0.709041235585076E+003 -0.709041235585076E+003
  0.173262171523566E+002  0.681715015054722E+002 -0.414906262658479E+000  0.468483965769479E+000 -0.114467856624657E+002 -0.709037977844600E+003 -0.709037977844600E+003
  0.927475103516673E+001  0.676118268454898E+002 -0.416131473356330E+000  0.476163543992988E+000 -0.114467856624657E+002 -0.709030832080026E+003 -0.709030832080026E+003
