  0.889417816090466E+001  0.659803358712384E+002 -0.332918369068372E+000  0.407833135680188E+000 -0.107536384819057E+002 -0.754939121751335E+001 -0.754939121751335E+001
 -0.581362922996220E-001  0.664059999728455E+002 -0.323203824507635E+000  0.409041132651311E+000 -0.107536384819057E+002 -0.755035549688062E+001 -0.755035549688062E+001
  0.247116981076528E+001  0.660334001714081E+002 -0.312945170603682E+000  0.402676443271147E+000 -0.107536384819057E+002 -0.753933299111361E+001 -0.753933299111361E+001
  0.762709757873734E+001  0.644882248995562E+002 -0.282247521019066E+000  0.387399517426561E+000 -0.107536384819057E+002 -0.754871810286173E+001 -0.754871810286173E+001
 -0.164598098904744E+002  0.658837991022977E+002 -0.331238051465298E+000  0.413139940248813E+000 -0.107536384819057E+002 -0.753653387110026E+001 -0.753653387110026E+001
 -0.156167504349155E+002  0.649071040508440E+002 -0.275584339251742E+000  0.379972262532696E+000 -0.107536384819057E+002 -0.754414402953910E+001 -0.754414402953910E+001
 -0.150740894197048E+002  0.655812125847508E+002 -0.300528657365445E+000  0.387680001621580E+000 -0.107536384819057E+002 -0.753779359881243E+001 -0.753779359881243E+001
  0.777836727876108E+001  0.653557605380061E+002 -0.306236234217160E+000  0.396108240204869E+000 -0.107536384819057E+002 -0.753319718874431E+001 -0.753319718874431E+001
  0.840512240501719E+001  0.658382255089621E+002 -0.311862059946879E+000  0.391448522492621E+000 -0.107536384819057E+002 -0.754442009089252E+001 -0.754442009089252E+001
  0.163165495146503E+002  0.648620633794417E+002 -0.319058028359339E+000  0.415259933930897E+000 -0.107536384819057E+002 -0.755173085774368E+001 -0.755173085774369E+001
  0.958767569677404E+001  0.657259434426624E+002 -0.316690424395036E+000  0.401624313550490E+000 -0.107536384819057E+002 -0.753244085779459E+001 -0.753244085779459E+001
  0.432287000736753E+001  0.661310216183564E+002 -0.329899405363070E+000  0.402787445666944E+000 -0.107536384819057E+002 -0.755213869281797E+001 -0.755213869281797E+001
  0.240215680786371E+001  0.653190140884996E+002 -0.313601250854218E+000  0.411748944250498E+000 -0.107536384819057E+002 -0.753662096104416E+001 -0.753662096104416E+001
 -0.192110232164800E+002  0.656740822483801E+002 -0.319765164639683E+000  0.400457685375598E+000 -0.107536384819057E+002 -0.754166788507346E+001 -0.754166788507346E+001
  0.145436054290460E+002  0.663145388692368E+002 -0.319715190255665E+000  0.397388677406085E+000 -0.107536384819057E+002 -0.754507291240004E+001 -0.754507291240004E+001
  0.189592709509861E+002  0.643882994146460E+002 -0.284957932514275E+000  0.394873411415747E+000 -0.107536384819057E+002 -0.755044178198095E+001 -0.755044178198095E+001
 -0.874975173451326E+001  0.648082935476664E+002 -0.284017795808572E+000  0.393879233808079E+000 -0.107536384819057E+002 -0.754402257891047E+001 -0.754402257891047E+001
 -0.186375928632118E+002  0.651326844878457E+002 -0.309668140083325E+000  0.409410092851896E+000 -0.107536384819057E+002 -0.753670232970954E+001 -0.753670232970953E+001
  0.684415024244419E+001  0.649559038608646E+002 -0.317432316352320E+000  0.414333898373901E+000 -0.107536384819057E+002 -0.754546321053530E+001 -0.754546321053530E+001
 -0.149902898374419E+002  0.657668195766002E+002 -0.290261054283247E+000  0.376155557713952E+000 -0.107536384819057E+002 -0.755320853697161E+001 -0.755320853697161E+001
 -0.455489689503463E+001  0.651347361925672E+002 -0.311601005698185E+000  0.407851719622370E+000 -0.107536384819057E+002 -0.753487422875130E+001 -0.753487422875130E+001
 -0.695626482994161E+001  0.655358297271227E+002 -0.335743346100641E+000  0.422731486147915E+000 -0.107536384819057E+002 -0.754522012624319E+001 -0.754522012624319E+001
  0.125085436584708E+002  0.648075700985161E+002 -0.290631710472190E+000  0.392281295616903E+000 -0.107536384819057E+002 -0.753819494889662E+001 -0.753819494889662E+001
 -0.340463289477641E+001  0.657993950085559E+002 -0.307235379379977E+000  0.387106386331552E+000 -0.107536384819057E+002 -0.754787250449617E+001 -0.754787250449617E+001
 -0.806952986202024E+001  0.652945516218618E+002 -0.328051491091970E+000  0.424099701805895E+000 -0.107536384819057E+002 -0.754941165197435E+001 -0.754941165197435E+001
  0.730119170305496E+001  0.661047583166421E+002 -0.318116270739562E+000  0.411233208199818E+000 -0.107536384819057E+002 -0.755183284982441E+001 -0.755183284982441E+001
 -0.140548764096361E+002  0.649521123812168E+002 -0.289153039727562E+000  0.382686626351653E+000 -0.107536384819057E+002 -0.754716816959780E+001 -0.754716816959780E+001
 -0.825441911952551E+001  0.647392442304588E+002 -0.265676147565693E+000  0.374667745884111E+000 -0.107536384819057E+002 -0.755320813591453E+001 -0.755320813591453E+001
 -0.125132543845929E+002  0.657779857645509E+002 -0.309764938158307E+000  0.397431693309552E+000 -0.107536384819057E+002 -0.753208798282200E+001 -0.753208798282200E+001
  0.966589149517766E+001  0.645751529877607E+002 -0.278941864798739E+000  0.394288049571091E+000 -0.107536384819057E+002 -0.755330391261535E+001 -0.755330391261534E+001
 -0.842321291746398E+000  0.651050107401174E+002 -0.275161126628154E+000  0.377498753241663E+000 -0.107536384819057E+002 -0.754631830316431E+001 -0.754631830316431E+001
 -0.611044826983118E+001  0.653399069561345E+002 -0.289230192148594E+000  0.385447985612172E+000 -0.107536384819057E+002 -0.753674001042634E+001 -0.753674001042634E+001
  0.955328407337218E+001  0.657458104665734E+002 -0.328316885594607E+000  0.411143928776795E+000 -0.107536384819057E+002 -0.753651082428903E+001 -0.753651082428903E+001
 -0.113458169347159E+002  0.663825713716563E+002 -0.344812285179862E+000  0.418445645156790E+000 -0.107536384819057E+002 -0.754933869180711E+001 -0.754933869180711E+001
  0.110246972552809E+002  0.646088857462849E+002 -0.285489733829870E+000  0.384934742887737E+000 -0.107536384819057E+002 -0.755120162031657E+001 -0.755120162031657E+001
  0.132411855300491E+002  0.652690971301062E+002 -0.284126825766408E+000  0.384236371729650E+000 -0.107536384819057E+002 -0.753989381362779E+001 -0.753989381362779E+001
  0.636406994317133E+001  0.655316724430240E+002 -0.309378485698777E+000  0.401937324084392E+000 -0.107536384819057E+002 -0.752977514579682E+001 -0.752977514579682E+001
  0.106929400939865E+002  0.653062135073069E+002 -0.292723611284859E+000  0.395369139266217E+000 -0.107536384819057E+002 -0.753900410605578E+001 -0.753900410605577E+001
  0.188314694133213E+002  0.648172840978259E+002 -0.285799642105426E+000  0.390074398182579E+000 -0.107536384819057E+002 -0.753857549641629E+001 -0.753857549641629E+001
  0.416749815974405E+001  0.661904453326561E+002 -0.338220483328945E+000  0.415342741682352E+000 -0.107536384819057E+002 -0.754223034086442E+001 -0.754223034086442E+001
 -0.267933488543373E+001  0.657030157952716E+002 -0.319136128536227E+000  0.402399863089618E+000 -0.107536384819057E+002 -0.753505795866152E+001 -0.753505795866152E+001
  0.182477030675383E+001  0.652325615782527E+002 -0.284130895701243E+000  0.377690150818371E+000 -0.107536384819057E+002 -0.754500656834576E+001 -0.754500656834576E+001
  0.171668727995800E+002  0.659307227427156E+002 -0.302017535977245E+000  0.388419376607390E+000 -0.107536384819057E+002 -0.754117583476368E+001 -0.754117583476368E+001
  0.844475210260644E+001  0.661261528938036E+002 -0.343056163319448E+000  0.424405655901792E+000 -0.107536384819057E+002 -0.754423224116973E+001 -0.754423224116973E+001
 -0.704518884506834E+001  0.649552420526682E+002 -0.299733253692705E+000  0.395402081015366E+000 -0.107536384819057E+002 -0.753786159745977E+001 -0.753786159745977E+001
 -0.888946203831831E+001  0.654999062714128E+002 -0.298992044534818E+000  0.388526001411869E+000 -0.107536384819057E+002 -0.753547350331899E+001 -0.753547350331899E+001
 -0.521225122971346E+001  0.654172158043307E+002 -0.309002235348749E+000  0.405047322732561E+000 -0.107536384819057E+002 -0.753156026771376E+001 -0.753156026771376E+001
  0.192603278267057E+002  0.654198106384943E+002 -0.295993221245921E+000  0.384486961700125E+000 -0.107536384819057E+002 -0.754063592487579E+001 -0.754063592487579E+001
  0.144252388699972E+002  0.649814494721657E+002 -0.298742050129899E+000  0.407085939361886E+000 -0.107536384819057E+002 -0.754807866579998E+001 -0.754807866579998E+001
  0.157332339911200E+002  0.651416152757052E+002 -0.325545151180513E+000  0.421447670684501E+000 -0.107536384819057E+002 -0.754853532057022E+001 -0.754853532057022E+001
  0.679325234951422E+001  0.656651468876296E+002 -0.307696059803870E+000  0.399128328495561E+000 -0.107536384819057E+002 -0.753100882145792E+001 -0.753100882145792E+001
  0.115847267167367E+002  0.665672031467840E+002 -0.342152525949073E+000  0.415849821806234E+000 -0.107536384819057E+002 -0.754947397502261E+001 -0.754947397502261E+001
  0.808690281571485E+001  0.664634918548786E+002 -0.335967861221096E+000  0.418949287152773E+000 -0.107536384819057E+002 -0.754983588518488E+001 -0.754983588518488E+001
 -0.104582369568552E+002  0.660282870067279E+002 -0.295939801333738E+000  0.387524305119749E+000 -0.107536384819057E+002 -0.755268582826477E+001 -0.755268582826477E+001
  0.132839351934547E+002  0.649568697311364E+002 -0.304406780693012E+000  0.410327521524141E+000 -0.107536384819057E+002 -0.754569308404365E+001 -0.754569308404365E+001
 -0.572997571782386E+001  0.656839573025977E+002 -0.301887385957532E+000  0.400893413818180E+000 -0.107536384819057E+002 -0.754437745681821E+001 -0.754437745681821E+001
 -0.445025285859412E+001  0.657991106391570E+002 -0.334880212861423E+000  0.423811612799842E+000 -0.107536384819057E+002 -0.754276373403092E+001 -0.754276373403092E+001
  0.830398346771726E+001  0.659004686047313E+002 -0.290499196228450E+000  0.383012507395595E+000 -0.107536384819057E+002 -0.755257755238983E+001 -0.755257755238983E+001
  0.193909874688674E+002  0.646357283282401E+002 -0.282010659953324E+000  0.389954787081877E+000 -0.107536384819057E+002 -0.754308868251042E+001 -0.754308868251042E+001
  0.819411238192874E+001  0.659255832176793E+002 -0.310738884730729E+000  0.406419059893771E+000 -0.107536384819057E+002 -0.754791450324061E+001 -0.754791450324061E+001
 -0.109960340467973E+002  0.648396755438979E+002 -0.282291104822609E+000  0.395718872093214E+000 -0.107536384819057E+002 -0.755293140801357E+001 -0.755293140801357E+001
 -0.775128868097696E+001  0.661976682004427E+002 -0.345811273256617E+000  0.427673692879954E+000 -0.107536384819057E+002 -0.754824741436079E+001 -0.754824741436079E+001
  0.994669831096504E+001  0.651328122301439E+002 -0.304634112155262E+000  0.405209933396514E+000 -0.107536384819057E+002 -0.753490754634353E+001 -0.753490754634353E+001
 -0.135098434600762E+002  0.658144179154497E+002 -0.295485739489006E+000  0.393588702666000E+000 -0.107536384819057E+002 -0.755143113080299E+001 -0.755143113080299E+001
 -0.153718833124327E+002  0.655367685725087E+002 -0.328043855873338E+000  0.413818150312563E+000 -0.107536384819057E+002 -0.753832336831359E+001 -0.753832336831359E+001
 -0.153545441695564E+002  0.651432191441426E+002 -0.296782618111780E+000  0.401410567875491E+000 -0.107536384819057E+002 -0.753952375230751E+001 -0.753952375230751E+001
  0.514356528655007E+000  0.658032302503562E+002 -0.309831208463558E+000  0.404999451445839E+000 -0.107536384819057E+002 -0.754010403613400E+001 -0.754010403613400E+001
 -0.167605352607281E+002  0.653391489060481E+002 -0.304059251580314E+000  0.390083439103348E+000 -0.107536384819057E+002 -0.754316613597403E+001 -0.754316613597403E+001
 -0.861113177546298E+001  0.645791655519076E+002 -0.303526406407218E+000  0.408479855099979E+000 -0.107536384819057E+002 -0.755101873333304E+001 -0.755101873333304E+001
  0.143611385880473E+002  0.655016381191365E+002 -0.329249435899300E+000  0.425717553032847E+000 -0.107536384819057E+002 -0.755217210489623E+001 -0.755217210489623E+001
  0.225040695112077E+001  0.658553865873774E+002 -0.327058577341438E+000  0.412854933559947E+000 -0.107536384819057E+002 -0.753329774786605E+001 -0.753329774786605E+001
 -0.804554658678763E+001  0.661038486283069E+002 -0.331608359274042E+000  0.404737458881378E+000 -0.107536384819057E+002 -0.755172460814107E+001 -0.755172460814107E+001
 -0.648342598549861E+001  0.649232712824184E+002 -0.272895461929417E+000  0.378158652644458E+000 -0.107536384819057E+002 -0.754664465550247E+001 -0.754664465550247E+001
 -0.193316114292316E+002  0.647427112781371E+002 -0.274785820495507E+000  0.376583484245868E+000 -0.107536384819057E+002 -0.754956252516024E+001 -0.754956252516024E+001
  0.325170734910525E+001  0.661782275218881E+002 -0.350152506466037E+000  0.429798377258033E+000 -0.107536384819057E+002 -0.755168732385584E+001 -0.755168732385584E+001
  0.492785325058764E+001  0.652755025040000E+002 -0.318838773417448E+000  0.406777058230057E+000 -0.107536384819057E+002 -0.753994904017909E+001 -0.753994904017909E+001
  0.139575775076099E+002  0.655381757315670E+002 -0.284879235627223E+000  0.386683082267854E+000 -0.107536384819057E+002 -0.755082841645640E+001 -0.755082841645640E+001
  0.120027975788795E+002  0.666250856321987E+002 -0.340949522540455E+000  0.413149484518442E+000 -0.107536384819057E+002 -0.755196757637717E+001 -0.755196757637717E+001
 -0.615676435475608E+001  0.657894840168149E+002 -0.331316516062214E+000  0.423426133313703E+000 -0.107536384819057E+002 -0.754577260417981E+001 -0.754577260417981E+001
 -0.186558693629751E+002  0.662371416217325E+002 -0.346221047147356E+000  0.421015039590409E+000 -0.107536384819057E+002 -0.754978195638071E+001 -0.754978195638071E+001
 -0.480735779330433E+001  0.651171095847965E+002 -0.309729079944452E+000  0.413931965918595E+000 -0.107536384819057E+002 -0.754704915518338E+001 -0.754704915518338E+001
  0.131009472488750E+002  0.648996706008166E+002 -0.285258256083028E+000  0.384806355619194E+000 -0.107536384819057E+002 -0.754003152240035E+001 -0.754003152240035E+001
  0.445757671799824E+001  0.645385467108425E+002 -0.287160735514224E+000  0.394189374777875E+000 -0.107536384819057E+002 -0.754507731341378E+001 -0.754507731341378E+001
  0.239204784245710E+001  0.652293937363780E+002 -0.311511349027847E+000  0.397811654435235E+000 -0.107536384819057E+002 -0.754483321425217E+001 -0.754483321425217E+001
  0.753656201516777E+001  0.649324787353288E+002 -0.278374204616519E+000  0.379044070912284E+000 -0.107536384819057E+002 -0.754384045494678E+001 -0.754384045494678E+001
  0.105960082281460E+002  0.649434799965533E+002 -0.299650945094303E+000  0.393808545600698E+000 -0.107536384819057E+002 -0.754091944651648E+001 -0.754091944651648E+001
 -0.961027980578196E+001  0.658758402621585E+002 -0.293915397486226E+000  0.385683998829448E+000 -0.107536384819057E+002 -0.754693867078089E+001 -0.754693867078089E+001
 -0.193394443197462E+001  0.645268192154488E+002 -0.283926670862522E+000  0.395470423807813E+000 -0.107536384819057E+002 -0.754776397857172E+001 -0.754776397857172E+001
  0.167008716482211E+002  0.664921863366960E+002 -0.346336984250535E+000  0.419532787063451E+000 -0.107536384819057E+002 -0.755074708978276E+001 -0.755074708978276E+001
  0.115361370401295E+002  0.644802467844589E+002 -0.293232554977277E+000  0.398220590078589E+000 -0.107536384819057E+002 -0.754914008204541E+001 -0.754914008204541E+001
 -0.810984486686080E+001  0.666042088659415E+002 -0.332460755720375E+000  0.409621830288543E+000 -0.107536384819057E+002 -0.754904578870619E+001 -0.754904578870619E+001
  0.906968146309707E+001  0.651952719342691E+002 -0.328221645457115E+000  0.424354009264304E+000 -0.107536384819057E+002 -0.755165465191318E+001 -0.755165465191318E+001
 -0.139121343291529E+002  0.657651052679695E+002 -0.297966650943935E+000  0.394112874063666E+000 -0.107536384819057E+002 -0.754309971614005E+001 -0.754309971614005E+001
 -0.111630297313211E+002  0.646062929290398E+002 -0.300254594433528E+000  0.400035737460188E+000 -0.107536384819057E+002 -0.754923612543906E+001 -0.754923612543906E+001
 -0.125925903228173E+002  0.663340794449618E+002 -0.345040439339466E+000  0.417679031818665E+000 -0.107536384819057E+002 -0.755168709679075E+001 -0.755168709679075E+001
  0.154737176992532E+002  0.651542553165330E+002 -0.313998597739596E+000  0.403605359480189E+000 -0.107536384819057E+002 -0.754072791222426E+001 -0.754072791222426E+001
  0.778629139620153E+001  0.656294824756460E+002 -0.320000578928664E+000  0.403460317632875E+000 -0.107536384819057E+002 -0.753629994331941E+001 -0.753629994331941E+001
  0.343572502710427E+001  0.653028599945339E+002 -0.290735650440291E+000  0.389679993625136E+000 -0.107536384819057E+002 -0.753533283088982E+001 -0.753533283088982E+001
 -0.110790108600957E+002  0.661253844497348E+002 -0.339775331454895E+000  0.418882205735631E+000 -0.107536384819057E+002 -0.754154514677940E+001 -0.754154514677940E+001
  0.104203849205940E+002  0.650265600000903E+002 -0.293999629719397E+000  0.385128013359346E+000 -0.107536384819057E+002 -0.754712411456025E+001 -0.754712411456025E+001
  0.614378892968446E+000  0.660461524089968E+002 -0.327419539461833E+000  0.409791680283238E+000 -0.107536384819057E+002 -0.753469671386852E+001 -0.753469671386852E+001
 -0.225748937072747E+001  0.653719941256469E+002 -0.305452622956562E+000  0.403970169507591E+000 -0.107536384819057E+002 -0.753355838498628E+001 -0.753355838498628E+001
 -0.121007197507011E+002  0.647986845245525E+002 -0.298471247787891E+000  0.396355592533132E+000 -0.107536384819057E+002 -0.754138307798571E+001 -0.754138307798571E+001
 -0.699096886699643E+000  0.661447866532604E+002 -0.335438423441722E+000  0.408563459639508E+000 -0.107536384819057E+002 -0.755083766096745E+001 -0.755083766096745E+001
  0.163809025263168E+002  0.656478560618123E+002 -0.282610874151592E+000  0.380037528578110E+000 -0.107536384819057E+002 -0.755293311632724E+001 -0.755293311632724E+001
  0.182530548592733E+002  0.650399521317573E+002 -0.315713047203710E+000  0.404229223475000E+000 -0.107536384819057E+002 -0.755021492047471E+001 -0.755021492047471E+001
  0.210204810956160E+001  0.655746114873041E+002 -0.301279913797419E+000  0.400935604898484E+000 -0.107536384819057E+002 -0.754107854897263E+001 -0.754107854897264E+001
 -0.156584910897904E+002  0.662455595730261E+002 -0.320827180519634E+000  0.401074168822303E+000 -0.107536384819057E+002 -0.754006299527644E+001 -0.754006299527644E+001
 -0.759670094159483E+001  0.656399526041582E+002 -0.316483013006400E+000  0.408379952905075E+000 -0.107536384819057E+002 -0.753140253150611E+001 -0.753140253150611E+001
  0.102400526970171E+002  0.651687732926309E+002 -0.289235905403431E+000  0.393247449113225E+000 -0.107536384819057E+002 -0.753869938684976E+001 -0.753869938684976E+001
 -0.147667029719859E+002  0.655764637465820E+002 -0.325998063234298E+000  0.412885929097029E+000 -0.107536384819057E+002 -0.753507462032307E+001 -0.753507462032307E+001
 -0.298221371629134E+001  0.661614473601548E+002 -0.332438356248546E+000  0.405699441730626E+000 -0.107536384819057E+002 -0.754998050521341E+001 -0.754998050521341E+001
  0.878780131228821E+001  0.645982493371723E+002 -0.286886683496647E+000  0.393082717907145E+000 -0.107536384819057E+002 -0.754320277701773E+001 -0.754320277701773E+001
 -0.823490692639959E+001  0.661047865258597E+002 -0.332796690139060E+000  0.417307436052624E+000 -0.107536384819057E+002 -0.753833011974588E+001 -0.753833011974588E+001
 -0.124784721014428E+002  0.647929807000328E+002 -0.288668628764015E+000  0.394929455256320E+000 -0.107536384819057E+002 -0.753936088304465E+001 -0.753936088304465E+001
  0.133044728577293E+002  0.648330611732107E+002 -0.288439537867560E+000  0.387637096698603E+000 -0.107536384819057E+002 -0.754050887962163E+001 -0.754050887962163E+001
  0.135375304824582E+002  0.654805552223713E+002 -0.306424339080132E+000  0.393883469483141E+000 -0.107536384819057E+002 -0.753467504637666E+001 -0.753467504637666E+001
  0.451957292212022E-001  0.647383563750541E+002 -0.302421822070434E+000  0.411458294882334E+000 -0.107536384819057E+002 -0.755296433234798E+001 -0.755296433234798E+001
  0.185923188254624E+002  0.650122600976499E+002 -0.299617996138453E+000  0.397426416361625E+000 -0.107536384819057E+002 -0.753409843864967E+001 -0.753409843864967E+001
  0.297965543499211E+001  0.652693955831190E+002 -0.324927597111230E+000  0.422437777556171E+000 -0.107536384819057E+002 -0.754824014573393E+001 -0.754824014573393E+001
 -0.232512762928556E+001  0.648330481351631E+002 -0.293214979893411E+000  0.399997821144769E+000 -0.107536384819057E+002 -0.754050615425491E+001 -0.754050615425491E+001
 -0.150959405089985E+002  0.663652463744420E+002 -0.315983690031927E+000  0.398927722447228E+000 -0.107536384819057E+002 -0.754692634408301E+001 -0.754692634408302E+001
  0.121150099314690E+002  0.655703732218895E+002 -0.336048400354465E+000  0.423311362007711E+000 -0.107536384819057E+002 -0.754468949665584E+001 -0.754468949665584E+001
  0.574134213792310E+001  0.655429773523597E+002 -0.316802314500095E+000  0.405581548263280E+000 -0.107536384819057E+002 -0.753084647962485E+001 -0.753084647962485E+001
 -0.178230545183774E+002  0.656604399884086E+002 -0.302294540115380E+000  0.392546713502036E+000 -0.107536384819057E+002 -0.753329844696815E+001 -0.753329844696815E+001
  0.137971001646363E+002  0.653243298647545E+002 -0.326579129133995E+000  0.424043696967539E+000 -0.107536384819057E+002 -0.755036924906686E+001 -0.755036924906685E+001
 -0.508668319104562E+000  0.661903282679055E+002 -0.314337042723483E+000  0.390505231110527E+000 -0.107536384819057E+002 -0.755068592785458E+001 -0.755068592785458E+001
 -0.144414489187917E+002  0.653710470401095E+002 -0.328825304441111E+000  0.419235141691747E+000 -0.107536384819057E+002 -0.754208618697903E+001 -0.754208618697903E+001
 -0.162080668639739E+002  0.649897063105049E+002 -0.273973197311070E+000  0.380059098320396E+000 -0.107536384819057E+002 -0.754650865746093E+001 -0.754650865746093E+001
 -0.110001250943980E+002  0.659605444354556E+002 -0.299688502086855E+000  0.387090018014275E+000 -0.107536384819057E+002 -0.754395691897068E+001 -0.754395691897068E+001
  0.184669719266128E+002  0.653319302191048E+002 -0.278675321930068E+000  0.384123006987559E+000 -0.107536384819057E+002 -0.755250356652740E+001 -0.755250356652740E+001
 -0.598840719477387E+001  0.654616495633995E+002 -0.286728217339701E+000  0.384806684444079E+000 -0.107536384819057E+002 -0.754146016472624E+001 -0.754146016472624E+001
 -0.539108149191412E+001  0.657157922360236E+002 -0.304698043130317E+000  0.402011752962451E+000 -0.107536384819057E+002 -0.754131628361548E+001 -0.754131628361548E+001
 -0.155699087729716E+002  0.648130873608118E+002 -0.306763375334314E+000  0.406211506246509E+000 -0.107536384819057E+002 -0.754230707636628E+001 -0.754230707636628E+001
  0.158364341260023E+002  0.658233351756352E+002 -0.308063580556969E+000  0.391094695362830E+000 -0.107536384819057E+002 -0.753895660915373E+001 -0.753895660915373E+001
 -0.588418171990988E+001  0.650660351724303E+002 -0.297092433964509E+000  0.389105874006495E+000 -0.107536384819057E+002 -0.754129328755907E+001 -0.754129328755907E+001
 -0.101659079036649E+002  0.647136680967138E+002 -0.308210003721051E+000  0.406405515450171E+000 -0.107536384819057E+002 -0.754880748197301E+001 -0.754880748197301E+001
  0.393838879408247E+001  0.657533241832522E+002 -0.298611914185807E+000  0.381512234352741E+000 -0.107536384819057E+002 -0.754868428921553E+001 -0.754868428921553E+001
  0.483395488144992E+001  0.662098730045444E+002 -0.344299605492959E+000  0.425398717758712E+000 -0.107536384819057E+002 -0.754587000510145E+001 -0.754587000510145E+001
  0.148072999068551E+002  0.661003400705517E+002 -0.299244784777444E+000  0.388023836948554E+000 -0.107536384819057E+002 -0.755089572753493E+001 -0.755089572753493E+001
  0.399043164504570E+001  0.660871000413775E+002 -0.320183643037226E+000  0.413784709933025E+000 -0.107536384819057E+002 -0.755334058504576E+001 -0.755334058504576E+001
  0.608428527276352E-001  0.660215053321046E+002 -0.316151430323472E+000  0.393474008060810E+000 -0.107536384819057E+002 -0.754597954856514E+001 -0.754597954856514E+001
  0.173777732009064E+002  0.662274384390999E+002 -0.339418529466933E+000  0.415902881822002E+000 -0.107536384819057E+002 -0.754338416350658E+001 -0.754338416350658E+001
  0.109780856269773E+002  0.648812025193165E+002 -0.308837819870731E+000  0.404596703534526E+000 -0.107536384819057E+002 -0.754270247164215E+001 -0.754270247164215E+001
 -0.776232386797003E+001  0.651252319527159E+002 -0.273194425494490E+000  0.374019944375966E+000 -0.107536384819057E+002 -0.754961724533129E+001 -0.754961724533129E+001
  0.110629379519884E+002  0.647379032697924E+002 -0.292644171158769E+000  0.391137436316354E+000 -0.107536384819057E+002 -0.754386261963835E+001 -0.754386261963835E+001
 -0.191865525908435E+002  0.652938490180891E+002 -0.278052192959036E+000  0.377227359742570E+000 -0.107536384819057E+002 -0.754675757801495E+001 -0.754675757801495E+001
 -0.170129029512129E+002  0.649041754834757E+002 -0.289282911606751E+000  0.394608046543066E+000 -0.107536384819057E+002 -0.753784471430490E+001 -0.753784471430490E+001
  0.922519969776239E+001  0.648054195427294E+002 -0.287846918068491E+000  0.386793403730064E+000 -0.107536384819057E+002 -0.754211934848095E+001 -0.754211934848095E+001
  0.665923565086771E+001  0.657039989687565E+002 -0.333327145708270E+000  0.417241332286586E+000 -0.107536384819057E+002 -0.753940849991235E+001 -0.753940849991235E+001
  0.170191997278163E+002  0.657173621094845E+002 -0.333945073167460E+000  0.414115794529804E+000 -0.107536384819057E+002 -0.754490829368373E+001 -0.754490829368373E+001
 -0.171772949843055E+002  0.653693562499005E+002 -0.304457351123635E+000  0.388800804717505E+000 -0.107536384819057E+002 -0.754709281681540E+001 -0.754709281681540E+001
  0.124065810700146E+002  0.653902959546781E+002 -0.280388759253200E+000  0.382502752610790E+000 -0.107536384819057E+002 -0.754839463319405E+001 -0.754839463319405E+001
  0.155958168571240E+002  0.649804906698734E+002 -0.314734680550905E+000  0.404371064066585E+000 -0.107536384819057E+002 -0.755077117801041E+001 -0.755077117801041E+001
 -0.129909942355417E+001  0.661744358977274E+002 -0.318364484139865E+000  0.406715017142767E+000 -0.107536384819057E+002 -0.754287586049197E+001 -0.754287586049197E+001
 -0.174358297643547E+000  0.646858467902507E+002 -0.284660155616998E+000  0.396384182700849E+000 -0.107536384819057E+002 -0.754709096734925E+001 -0.754709096734925E+001
 -0.407308761491929E+001  0.660459316290320E+002 -0.345756768797112E+000  0.429061276407624E+000 -0.107536384819057E+002 -0.754905611146668E+001 -0.754905611146668E+001
 -0.382432305520847E+001  0.667057074374909E+002 -0.336454349432223E+000  0.411196533475813E+000 -0.107536384819057E+002 -0.755254521110487E+001 -0.755254521110487E+001
  0.867136881131547E+001  0.659152090713505E+002 -0.306390040940008E+000  0.392299585785078E+000 -0.107536384819057E+002 -0.753732798430919E+001 -0.753732798430919E+001
 -0.166113195092510E+002  0.652204486065976E+002 -0.297539833360777E+000  0.393360375656883E+000 -0.107536384819057E+002 -0.753200360353404E+001 -0.753200360353404E+001
  0.108501224162056E+002  0.647957137246344E+002 -0.269835413626724E+000  0.372705632892848E+000 -0.107536384819057E+002 -0.755248949600821E+001 -0.755248949600821E+001
 -0.139806374845214E+002  0.654641018440886E+002 -0.326339014668707E+000  0.421975507046190E+000 -0.107536384819057E+002 -0.754508707070750E+001 -0.754508707070750E+001
  0.377481979869116E+001  0.656201917293762E+002 -0.334009505661052E+000  0.421889066570330E+000 -0.107536384819057E+002 -0.754139919380079E+001 -0.754139919380079E+001
 -0.148659398091969E+002  0.654495319720710E+002 -0.284564128735674E+000  0.382584028457583E+000 -0.107536384819057E+002 -0.754318815344104E+001 -0.754318815344104E+001
 -0.799994516682165E+001  0.658855991239742E+002 -0.334645330740404E+000  0.424160034193797E+000 -0.107536384819057E+002 -0.754474213684820E+001 -0.754474213684820E+001
 -0.171028819372306E+002  0.662054295976888E+002 -0.324126319087820E+000  0.413431531580120E+000 -0.107536384819057E+002 -0.754756815814034E+001 -0.754756815814034E+001
  0.121276229346711E+002  0.653768241725664E+002 -0.316561999703417E+000  0.417161806910591E+000 -0.107536384819057E+002 -0.754669949350348E+001 -0.754669949350348E+001
 -0.131902866776390E+002  0.657293903009954E+002 -0.309248392562645E+000  0.395246967191416E+000 -0.107536384819057E+002 -0.753343703118873E+001 -0.753343703118873E+001
 -0.372018340386312E+000  0.650697848928076E+002 -0.284972994489412E+000  0.379176785320638E+000 -0.107536384819057E+002 -0.754548023216722E+001 -0.754548023216723E+001
 -0.149259167507247E+002  0.657769342853913E+002 -0.330470354375181E+000  0.415465404546681E+000 -0.107536384819057E+002 -0.753552050630412E+001 -0.753552050630412E+001
  0.154696524999385E+002  0.661291887472794E+002 -0.309553486489022E+000  0.392701781127911E+000 -0.107536384819057E+002 -0.754223781200787E+001 -0.754223781200787E+001
 -0.160981008933205E+002  0.652560991881266E+002 -0.318695933487402E+000  0.411501272242559E+000 -0.107536384819057E+002 -0.753607324531013E+001 -0.753607324531013E+001
 -0.204857429776853E+001  0.658686920304304E+002 -0.327876698540216E+000  0.413351257033364E+000 -0.107536384819057E+002 -0.753365488380574E+001 -0.753365488380574E+001
  0.412643837530812E+001  0.644602859863958E+002 -0.289639691618544E+000  0.394606928073136E+000 -0.107536384819057E+002 -0.754938920585758E+001 -0.754938920585758E+001
  0.170921441817679E+002  0.660873994758439E+002 -0.334571893728265E+000  0.424287415952640E+000 -0.107536384819057E+002 -0.755095590514894E+001 -0.755095590514894E+001
  0.911858654731405E+001  0.649434657499698E+002 -0.310263631573023E+000  0.411854858952454E+000 -0.107536384819057E+002 -0.754251179532402E+001 -0.754251179532402E+001
 -0.168421876994171E+002  0.648590079661303E+002 -0.308060961814034E+000  0.404405883254988E+000 -0.107536384819057E+002 -0.754280112635967E+001 -0.754280112635967E+001
 -0.477560931573061E+001  0.662189408648757E+002 -0.327675552482164E+000  0.403104567195498E+000 -0.107536384819057E+002 -0.754439101164219E+001 -0.754439101164219E+001
  0.100992131223270E+002  0.645008589359335E+002 -0.271351583871914E+000  0.383268389669897E+000 -0.107536384819057E+002 -0.755027445819035E+001 -0.755027445819034E+001
 -0.185938253865854E+001  0.656289936015373E+002 -0.308388652414824E+000  0.395963992262808E+000 -0.107536384819057E+002 -0.753209182816562E+001 -0.753209182816562E+001
 -0.143075332726500E+002  0.660831491870278E+002 -0.327719355666841E+000  0.410871194541351E+000 -0.107536384819057E+002 -0.753510128399190E+001 -0.753510128399190E+001
  0.144099854967433E+002  0.657817768927298E+002 -0.303008194187700E+000  0.394845406811361E+000 -0.107536384819057E+002 -0.753581101573053E+001 -0.753581101573053E+001
  0.123488509664078E+002  0.646918249417110E+002 -0.294042136419469E+000  0.393932195808850E+000 -0.107536384819057E+002 -0.754368525895213E+001 -0.754368525895212E+001
  0.162091962034386E+002  0.646216817202525E+002 -0.293558993003389E+000  0.393637568570393E+000 -0.107536384819057E+002 -0.754695794966969E+001 -0.754695794966969E+001
  0.123361778796055E+002  0.651836736819228E+002 -0.307100483388607E+000  0.396325383399469E+000 -0.107536384819057E+002 -0.753977503483131E+001 -0.753977503483132E+001
  0.141315588514263E+002  0.655436294809313E+002 -0.316135073115209E+000  0.411178314333788E+000 -0.107536384819057E+002 -0.753451784732163E+001 -0.753451784732163E+001
 -0.167975748877396E+002  0.657709201636469E+002 -0.303192001802286E+000  0.392277609537982E+000 -0.107536384819057E+002 -0.753500949175586E+001 -0.753500949175586E+001
  0.171585808403279E+002  0.653371787029281E+002 -0.278995642363524E+000  0.384603471592549E+000 -0.107536384819057E+002 -0.755281153108879E+001 -0.755281153108879E+001
  0.168339880287820E+001  0.661135155778219E+002 -0.339840235561579E+000  0.414517278655832E+000 -0.107536384819057E+002 -0.754852254385454E+001 -0.754852254385454E+001
  0.740635085825459E+001  0.645660698211628E+002 -0.304956246961578E+000  0.405633508504998E+000 -0.107536384819057E+002 -0.755314831867060E+001 -0.755314831867060E+001
 -0.866241233001737E+001  0.654053854869169E+002 -0.314118297330408E+000  0.405724269867290E+000 -0.107536384819057E+002 -0.753091240504675E+001 -0.753091240504675E+001
  0.134126583029713E+002  0.653245306011517E+002 -0.291603236361467E+000  0.387882232277797E+000 -0.107536384819057E+002 -0.753478344840030E+001 -0.753478344840030E+001
 -0.652831431975522E+001  0.653114094707850E+002 -0.288519817971074E+000  0.379966235477815E+000 -0.107536384819057E+002 -0.754330072363386E+001 -0.754330072363386E+001
  0.135526643486978E+002  0.653292378017612E+002 -0.295863713255791E+000  0.387790084467856E+000 -0.107536384819057E+002 -0.753558517959982E+001 -0.753558517959982E+001
 -0.125691188920558E+002  0.661072963031444E+002 -0.300122644630054E+000  0.390167005670692E+000 -0.107536384819057E+002 -0.755144217300143E+001 -0.755144217300143E+001
  0.119531416460802E+002  0.663106949918264E+002 -0.335245936536685E+000  0.421517952035808E+000 -0.107536384819057E+002 -0.755039968089387E+001 -0.755039968089388E+001
 -0.115158853290250E+001  0.649679501272553E+002 -0.306880728217657E+000  0.407333293657474E+000 -0.107536384819057E+002 -0.753792940031783E+001 -0.753792940031783E+001
 -0.162487442352064E+001  0.656846144648279E+002 -0.324790992799773E+000  0.402400338780099E+000 -0.107536384819057E+002 -0.755089607461214E+001 -0.755089607461214E+001
 -0.175272838803609E+002  0.655490203294791E+002 -0.313508333717625E+000  0.400737398107345E+000 -0.107536384819057E+002 -0.753200679486958E+001 -0.753200679486958E+001
 -0.182622270927823E+002  0.651764264088596E+002 -0.291305886738909E+000  0.382424682940607E+000 -0.107536384819057E+002 -0.754385992344488E+001 -0.754385992344488E+001
 -0.165145910810983E+002  0.663440560109846E+002 -0.341299080576826E+000  0.422208044711815E+000 -0.107536384819057E+002 -0.754530425297224E+001 -0.754530425297224E+001
 -0.478697801218449E+001  0.645931272185359E+002 -0.273130563588056E+000  0.377571944699945E+000 -0.107536384819057E+002 -0.755135521094299E+001 -0.755135521094299E+001
 -0.886121699929486E+001  0.648246043275352E+002 -0.287092445744019E+000  0.394036604285663E+000 -0.107536384819057E+002 -0.753982397217982E+001 -0.753982397217982E+001
 -0.160250311884052E+002  0.650967846882914E+002 -0.281107477496843E+000  0.384701451480409E+000 -0.107536384819057E+002 -0.754091564913146E+001 -0.754091564913146E+001
  0.998478795848845E+001  0.659815050019052E+002 -0.311183343898582E+000  0.395048610696835E+000 -0.107536384819057E+002 -0.753689357581927E+001 -0.753689357581927E+001
  0.149186264926849E+002  0.661995960137678E+002 -0.313429501191188E+000  0.390912989232458E+000 -0.107536384819057E+002 -0.754846927815179E+001 -0.754846927815179E+001
 -0.861583128294293E+001  0.646097637077198E+002 -0.289864339421292E+000  0.389574360834439E+000 -0.107536384819057E+002 -0.754883724993727E+001 -0.754883724993727E+001
 -0.169185056523000E+002  0.652932589059299E+002 -0.325531987129968E+000  0.415851923123817E+000 -0.107536384819057E+002 -0.754116899407737E+001 -0.754116899407737E+001
  0.676968888747602E+001  0.657399309136684E+002 -0.305936270512401E+000  0.403872619366343E+000 -0.107536384819057E+002 -0.754420817661682E+001 -0.754420817661682E+001
  0.967046050725699E+001  0.664399686953846E+002 -0.346784145791399E+000  0.421647963793916E+000 -0.107536384819057E+002 -0.754917012359635E+001 -0.754917012359635E+001
 -0.161474410890996E+002  0.664556284866569E+002 -0.337605325879531E+000  0.418699886042408E+000 -0.107536384819057E+002 -0.754685035970586E+001 -0.754685035970586E+001
 -0.836133387092956E+001  0.655765059957547E+002 -0.317638056070621E+000  0.405777624323774E+000 -0.107536384819057E+002 -0.753097907269310E+001 -0.753097907269310E+001
  0.344571646314236E+001  0.655597825723416E+002 -0.283441842781078E+000  0.383842804532579E+000 -0.107536384819057E+002 -0.755087709404727E+001 -0.755087709404727E+001
  0.153787815611548E+002  0.665533183474594E+002 -0.331437980056832E+000  0.410538434223016E+000 -0.107536384819057E+002 -0.754776458108844E+001 -0.754776458108844E+001
 -0.436554191085317E+001  0.652564285886804E+002 -0.328911594153130E+000  0.416508638581381E+000 -0.107536384819057E+002 -0.754853758364088E+001 -0.754853758364088E+001
  0.101433532793066E+002  0.652679639218562E+002 -0.291468920751518E+000  0.385723896715200E+000 -0.107536384819057E+002 -0.753636043632438E+001 -0.753636043632438E+001
  0.799752573135786E+001  0.648844737559380E+002 -0.295254961121066E+000  0.391446037279982E+000 -0.107536384819057E+002 -0.754070873227438E+001 -0.754070873227438E+001
 -0.142618167266323E+002  0.646525503807891E+002 -0.282084776819418E+000  0.393495312442727E+000 -0.107536384819057E+002 -0.754615692894438E+001 -0.754615692894438E+001
 -0.128566020661460E+002  0.649711042403836E+002 -0.288644750231079E+000  0.394350508723380E+000 -0.107536384819057E+002 -0.753850571222423E+001 -0.753850571222423E+001
  0.117636617535192E+001  0.665404972047895E+002 -0.324194022616938E+000  0.398321158297536E+000 -0.107536384819057E+002 -0.755306464860898E+001 -0.755306464860897E+001
  0.883432044878974E+001  0.662952577030441E+002 -0.332392141440777E+000  0.409280558935903E+000 -0.107536384819057E+002 -0.754147129859837E+001 -0.754147129859837E+001
 -0.142134173125042E+002  0.646922386137916E+002 -0.282806260688494E+000  0.381244580927913E+000 -0.107536384819057E+002 -0.755109470775942E+001 -0.755109470775943E+001
 -0.144276481477704E+002  0.664652354924249E+002 -0.339076749522167E+000  0.421379239582120E+000 -0.107536384819057E+002 -0.755019780133176E+001 -0.755019780133176E+001
  0.123984281056647E+002  0.654542044039982E+002 -0.323232169566823E+000  0.417132037262069E+000 -0.107536384819057E+002 -0.753781782307999E+001 -0.753781782307999E+001
  0.567236574479627E+001  0.646789819451204E+002 -0.308663582293905E+000  0.410513798204732E+000 -0.107536384819057E+002 -0.754992084142917E+001 -0.754992084142917E+001
  0.441803499019607E+001  0.662387273709723E+002 -0.326384790047012E+000  0.401652003783878E+000 -0.107536384819057E+002 -0.754517004032724E+001 -0.754517004032724E+001
 -0.102281962511648E+002  0.654423014612376E+002 -0.320789778088860E+000  0.415112636665501E+000 -0.107536384819057E+002 -0.753618201566907E+001 -0.753618201566907E+001
  0.142725096088019E+002  0.650185534741048E+002 -0.269355747985175E+000  0.375628504987448E+000 -0.107536384819057E+002 -0.755197379380102E+001 -0.755197379380102E+001
 -0.425582972288730E+001  0.658841660841459E+002 -0.316483492832150E+000  0.404509160165166E+000 -0.107536384819057E+002 -0.753226888530111E+001 -0.753226888530111E+001
  0.110209055873967E+002  0.657201181126352E+002 -0.303074770874749E+000  0.402964862652033E+000 -0.107536384819057E+002 -0.754906000044030E+001 -0.754906000044030E+001
  0.180390220062729E+002  0.664521420012837E+002 -0.324045073118017E+000  0.400681499587410E+000 -0.107536384819057E+002 -0.754718445908827E+001 -0.754718445908826E+001
  0.172205171525246E+002  0.662109356775752E+002 -0.329566635846497E+000  0.417219321071631E+000 -0.107536384819057E+002 -0.754578287467403E+001 -0.754578287467402E+001
  0.117022303187219E+002  0.662732191870299E+002 -0.349555411692444E+000  0.426383943045190E+000 -0.107536384819057E+002 -0.755042953186874E+001 -0.755042953186874E+001
 -0.744705892745041E+001  0.660537823167501E+002 -0.322969938096146E+000  0.396885323463916E+000 -0.107536384819057E+002 -0.755247357398562E+001 -0.755247357398562E+001
  0.164849387742711E+001  0.658782529925579E+002 -0.311017516814730E+000  0.398120760456967E+000 -0.107536384819057E+002 -0.753329779376856E+001 -0.753329779376855E+001
  0.497024989557546E+001  0.666338003405457E+002 -0.336358324183768E+000  0.414853145982073E+000 -0.107536384819057E+002 -0.755095824229817E+001 -0.755095824229817E+001
  0.123296537943641E+002  0.651633933872203E+002 -0.284470412590748E+000  0.385283880639956E+000 -0.107536384819057E+002 -0.753825555830192E+001 -0.753825555830192E+001
 -0.104486021337102E+002  0.646938281584530E+002 -0.274072319554967E+000  0.383740855649294E+000 -0.107536384819057E+002 -0.754631277897572E+001 -0.754631277897573E+001
  0.401121639404940E+001  0.662447109333906E+002 -0.332298453737408E+000  0.407651571467320E+000 -0.107536384819057E+002 -0.754376981200634E+001 -0.754376981200634E+001
 -0.425708534547003E+001  0.650537736438006E+002 -0.294781844445746E+000  0.395672699141555E+000 -0.107536384819057E+002 -0.753369377757869E+001 -0.753369377757869E+001
  0.407028678500632E+001  0.654677052321079E+002 -0.330479266464473E+000  0.411334486885421E+000 -0.107536384819057E+002 -0.755305375426137E+001 -0.755305375426137E+001
  0.110591748509801E+002  0.662640924362533E+002 -0.329835317487318E+000  0.409222377798159E+000 -0.107536384819057E+002 -0.753893321007855E+001 -0.753893321007855E+001
 -0.426069839734518E+001  0.662801804115789E+002 -0.306959830605531E+000  0.387636132538071E+000 -0.107536384819057E+002 -0.755234846228134E+001 -0.755234846228134E+001
 -0.563666707130336E+001  0.653464426340415E+002 -0.293737035245906E+000  0.382972110459177E+000 -0.107536384819057E+002 -0.754225927982371E+001 -0.754225927982371E+001
 -0.947609884275557E+001  0.658513927433681E+002 -0.295962079394788E+000  0.393628028067075E+000 -0.107536384819057E+002 -0.755243873832714E+001 -0.755243873832714E+001
  0.619440016328049E+000  0.653461285985785E+002 -0.299160563282661E+000  0.390243239521012E+000 -0.107536384819057E+002 -0.753450390679541E+001 -0.753450390679541E+001
  0.184815740473297E+002  0.656195457236956E+002 -0.334363469848138E+000  0.419337996201633E+000 -0.107536384819057E+002 -0.754184811946992E+001 -0.754184811946992E+001
  0.183958834724109E+002  0.658109263999245E+002 -0.309570107218890E+000  0.397543983519021E+000 -0.107536384819057E+002 -0.753252831929024E+001 -0.753252831929024E+001
 -0.954573336909210E+000  0.655060177490151E+002 -0.337818796180008E+000  0.421567651136362E+000 -0.107536384819057E+002 -0.755116040234722E+001 -0.755116040234722E+001
  0.138401442755651E+002  0.648285536283607E+002 -0.309799035959326E+000  0.402917833271387E+000 -0.107536384819057E+002 -0.755049898315114E+001 -0.755049898315114E+001
