  0.364194183866115E+000  0.956748947879793E+002 -0.451518544579728E+000  0.554297761691984E+000 -0.107536384819057E+002 -0.710522329905546E+003 -0.710522329905546E+003
  0.105187805670542E+002  0.460382510237961E+002 -0.450549459951301E+000  0.553229200968058E+000 -0.107536384819057E+002 -0.710522203663446E+003 -0.710522203663446E+003
  0.116656783924290E+002  0.801698686675674E+002 -0.450763770488842E+000  0.552982774685890E+000 -0.107536384819057E+002 -0.710522716059522E+003 -0.710522716059522E+003
  0.133454000028464E+001  0.439693888206597E+002 -0.450116332925747E+000  0.552968804634223E+000 -0.107536384819057E+002 -0.710522281867795E+003 -0.710522281867795E+003
  0.163858327110031E+002  0.968446568770436E+002 -0.451922570886611E+000  0.555165136872176E+000 -0.107536384819057E+002 -0.710522566775717E+003 -0.710522566775717E+003
  0.133406622879748E+002  0.921622623316386E+002 -0.449734288266614E+000  0.552814266647683E+000 -0.107536384819057E+002 -0.710522514231308E+003 -0.710522514231308E+003
 -0.176211172574165E+001  0.544150709511241E+002 -0.452076444776118E+000  0.555206984396380E+000 -0.107536384819057E+002 -0.710522733550626E+003 -0.710522733550626E+003
 -0.902982150277105E+001  0.890500175079274E+002 -0.450258556458757E+000  0.552958279956488E+000 -0.107536384819057E+002 -0.710522300389924E+003 -0.710522300389924E+003
 -0.141132767132949E+002  0.500308408379749E+002 -0.450380996568591E+000  0.554244587802507E+000 -0.107536384819057E+002 -0.710522427545310E+003 -0.710522427545310E+003
 -0.168222442116259E+002  0.883560325405589E+002 -0.450965537704620E+000  0.554724484297360E+000 -0.107536384819057E+002 -0.710522263231163E+003 -0.710522263231163E+003
  0.115107607615604E+002  0.482411033018637E+002 -0.449968629278013E+000  0.552662389028111E+000 -0.107536384819057E+002 -0.710522496303075E+003 -0.710522496303075E+003
 -0.141001546802167E+002  0.829587589079588E+002 -0.450992689456636E+000  0.553474968786965E+000 -0.107536384819057E+002 -0.710522374234294E+003 -0.710522374234294E+003
 -0.118831479115034E+002  0.836334629097819E+002 -0.449936467351562E+000  0.552754223051560E+000 -0.107536384819057E+002 -0.710522434482239E+003 -0.710522434482239E+003
 -0.135568889841572E+002  0.527688871947612E+002 -0.451169215431523E+000  0.555196747413577E+000 -0.107536384819057E+002 -0.710522637972794E+003 -0.710522637972794E+003
  0.181644358518081E+001  0.451020526753403E+002 -0.450706962672878E+000  0.554032401901178E+000 -0.107536384819057E+002 -0.710521991369618E+003 -0.710521991369618E+003
 -0.191978183778421E+002  0.886500632430917E+002 -0.450328872650821E+000  0.554107151715052E+000 -0.107536384819057E+002 -0.710522359793762E+003 -0.710522359793762E+003
 -0.862100829496698E+001  0.657397476578743E+002 -0.450462040637485E+000  0.554514695098108E+000 -0.107536384819057E+002 -0.710522639753500E+003 -0.710522639753500E+003
  0.179134728551811E+002  0.511393902202547E+002 -0.451376446704488E+000  0.554397612181456E+000 -0.107536384819057E+002 -0.710522141308451E+003 -0.710522141308451E+003
 -0.295661742311117E+001  0.442353052898378E+002 -0.450123019540869E+000  0.552909037213257E+000 -0.107536384819057E+002 -0.710522317445718E+003 -0.710522317445718E+003
 -0.128127185859864E+002  0.995632163006618E+002 -0.450110018194392E+000  0.552885797689572E+000 -0.107536384819057E+002 -0.710522332736927E+003 -0.710522332736927E+003
 -0.168741896713153E+002  0.423997712272166E+002 -0.450339380602282E+000  0.553106690522727E+000 -0.107536384819057E+002 -0.710522211559176E+003 -0.710522211559176E+003
  0.262536483522284E+001  0.409524733096728E+002 -0.449982728617851E+000  0.553663290144907E+000 -0.107536384819057E+002 -0.710522476684258E+003 -0.710522476684258E+003
 -0.192302901237629E+002  0.559532984752991E+002 -0.450741217882928E+000  0.554538337089178E+000 -0.107536384819057E+002 -0.710522284760261E+003 -0.710522284760261E+003
 -0.336285297261038E+001  0.671055484493651E+002 -0.451943670363842E+000  0.555600318033678E+000 -0.107536384819057E+002 -0.710522792951963E+003 -0.710522792951963E+003
 -0.643054068739066E+001  0.468460165096052E+002 -0.450857424801410E+000  0.554437701662347E+000 -0.107536384819057E+002 -0.710522105166301E+003 -0.710522105166301E+003
 -0.541460259802378E+000  0.996262228970501E+002 -0.450893698103070E+000  0.554159865117078E+000 -0.107536384819057E+002 -0.710521980375978E+003 -0.710521980375978E+003
 -0.767222241046249E+001  0.981829329663735E+002 -0.451629106166626E+000  0.554859736373373E+000 -0.107536384819057E+002 -0.710522295492213E+003 -0.710522295492213E+003
 -0.567017779021003E+001  0.691650844228570E+002 -0.449933525671017E+000  0.552701339679263E+000 -0.107536384819057E+002 -0.710522469303824E+003 -0.710522469303824E+003
  0.118546041919884E+002  0.929670624426881E+002 -0.449858880361030E+000  0.553047457306681E+000 -0.107536384819057E+002 -0.710522385813693E+003 -0.710522385813693E+003
 -0.174308689992972E+002  0.689233789511741E+002 -0.451296299108387E+000  0.554099961363037E+000 -0.107536384819057E+002 -0.710522191336106E+003 -0.710522191336106E+003
  0.134642716931871E+002  0.440192480371705E+002 -0.450402657893753E+000  0.554469025230821E+000 -0.107536384819057E+002 -0.710522677882121E+003 -0.710522677882121E+003
 -0.118977392963510E+001  0.974412196266543E+002 -0.451192115108280E+000  0.555154638413892E+000 -0.107536384819057E+002 -0.710522558715825E+003 -0.710522558715825E+003
 -0.343380384883382E+001  0.503665170066561E+002 -0.451571737684067E+000  0.554866136870075E+000 -0.107536384819057E+002 -0.710522263072033E+003 -0.710522263072033E+003
 -0.154250757175973E+002  0.820249015520654E+002 -0.449527503290161E+000  0.552833516191233E+000 -0.107536384819057E+002 -0.710522738463050E+003 -0.710522738463050E+003
 -0.150285036404132E+002  0.928153555131592E+002 -0.451552062278644E+000  0.554524885177862E+000 -0.107536384819057E+002 -0.710522262639140E+003 -0.710522262639140E+003
 -0.925555240101296E+001  0.583283137193911E+002 -0.451127763662110E+000  0.554548340972003E+000 -0.107536384819057E+002 -0.710522071192358E+003 -0.710522071192358E+003
  0.148668225759347E+002  0.823722003907756E+002 -0.451512729650471E+000  0.554821812520668E+000 -0.107536384819057E+002 -0.710522225111035E+003 -0.710522225111035E+003
  0.121328036978213E+002  0.990644946429301E+002 -0.451120287796809E+000  0.553567821404693E+000 -0.107536384819057E+002 -0.710522441959329E+003 -0.710522441959329E+003
 -0.115768366730964E+002  0.525417763295965E+002 -0.449726801031082E+000  0.552565905598589E+000 -0.107536384819057E+002 -0.710522614541344E+003 -0.710522614541344E+003
 -0.169010863918081E+002  0.800900731131942E+002 -0.452066582802391E+000  0.555495485294059E+000 -0.107536384819057E+002 -0.710522786469005E+003 -0.710522786469005E+003
 -0.212274355576622E+001  0.670867514965120E+002 -0.451805188655538E+000  0.555125697380268E+000 -0.107536384819057E+002 -0.710522465485440E+003 -0.710522465485440E+003
 -0.547871805027527E+001  0.615316999711561E+002 -0.450311672211476E+000  0.553815978486185E+000 -0.107536384819057E+002 -0.710522164226120E+003 -0.710522164226121E+003
 -0.470402914751999E+001  0.986450004078633E+002 -0.449964870407326E+000  0.552614738974492E+000 -0.107536384819057E+002 -0.710522536296060E+003 -0.710522536296060E+003
  0.806007090834250E+000  0.645222654175603E+002 -0.449623729586060E+000  0.553037492317841E+000 -0.107536384819057E+002 -0.710522656254666E+003 -0.710522656254666E+003
  0.136016202016773E+002  0.768687183042830E+002 -0.450628075480245E+000  0.554584840741771E+000 -0.107536384819057E+002 -0.710522476276046E+003 -0.710522476276046E+003
 -0.858522595537636E+001  0.980281849485151E+002 -0.449730260408626E+000  0.552425858807432E+000 -0.107536384819057E+002 -0.710522710810335E+003 -0.710522710810335E+003
  0.329717734120921E+001  0.425399067641892E+002 -0.450250081317522E+000  0.553597996399505E+000 -0.107536384819057E+002 -0.710522132917742E+003 -0.710522132917742E+003
 -0.148704028620049E+002  0.625931061335318E+002 -0.450350690901160E+000  0.552612480388857E+000 -0.107536384819057E+002 -0.710522756321671E+003 -0.710522756321671E+003
  0.129069666360141E+002  0.849432458456531E+002 -0.451702335534823E+000  0.554765509725122E+000 -0.107536384819057E+002 -0.710522357769797E+003 -0.710522357769797E+003
 -0.106307087621430E+002  0.503335372345649E+002 -0.450812587103318E+000  0.553420455790603E+000 -0.107536384819057E+002 -0.710522232068934E+003 -0.710522232068934E+003
 -0.163971978608102E+002  0.423490998860922E+002 -0.451542164509166E+000  0.555393056241337E+000 -0.107536384819057E+002 -0.710522619098398E+003 -0.710522619098398E+003
 -0.215217054882666E+001  0.469797235380501E+002 -0.452120290483732E+000  0.555255685993902E+000 -0.107536384819057E+002 -0.710522786891927E+003 -0.710522786891927E+003
 -0.162069200523750E+002  0.534000429325858E+002 -0.451891877524315E+000  0.555439619691445E+000 -0.107536384819057E+002 -0.710522656828297E+003 -0.710522656828297E+003
 -0.111083255770477E+002  0.648332264341958E+002 -0.449688626927505E+000  0.553231751708294E+000 -0.107536384819057E+002 -0.710522645740412E+003 -0.710522645740412E+003
 -0.112039701477206E+002  0.947412283972307E+002 -0.450630358245235E+000  0.552967035248316E+000 -0.107536384819057E+002 -0.710522560515686E+003 -0.710522560515686E+003
  0.154956482193508E+002  0.559836580168547E+002 -0.450691846775624E+000  0.554782050082160E+000 -0.107536384819057E+002 -0.710522654016402E+003 -0.710522654016402E+003
  0.177902237631506E+002  0.830750364261598E+002 -0.450033279792578E+000  0.553144624089581E+000 -0.107536384819057E+002 -0.710522251262596E+003 -0.710522251262596E+003
 -0.343791586537744E+001  0.865037319736283E+002 -0.451932801890236E+000  0.555040292665354E+000 -0.107536384819057E+002 -0.710522572342393E+003 -0.710522572342393E+003
 -0.149825998246286E+002  0.543920777948421E+002 -0.449818203719364E+000  0.553273067292031E+000 -0.107536384819057E+002 -0.710522476732926E+003 -0.710522476732926E+003
