  0.110176639022598E-319  0.194403939963463E+005 -0.185806391944822E+002  0.926626665021283E+002 -0.743558176420263E-001 -0.125059813443967E+000 -0.107536384819057E+002 -0.971911943929368E+004
  0.743310310985386E-313  0.194089451229315E+005 -0.185173156045771E+002  0.890014570657873E+002 -0.154699257482338E+000  0.358512466284228E+000 -0.107536384819057E+002 -0.970339500258628E+004
  0.758902922637247E-307  0.193812725812876E+005 -0.185360210287698E+002  0.925328431660884E+002 -0.152283885749832E+000 -0.321518785588429E+000 -0.107536384819057E+002 -0.968955873176432E+004
  0.160861112455182E-305  0.193751649059765E+005 -0.184608609454082E+002  0.966090216720404E+002 -0.850451239926797E-001  0.927564126913527E-002 -0.107536384819057E+002 -0.968650489410876E+004
  0.446789179388894E-304  0.193685166447670E+005 -0.186351574667949E+002  0.865689627083515E+002 -0.433178135405912E+000  0.403751633504889E+000 -0.107536384819057E+002 -0.968318076350401E+004
  0.164895983263447E-273  0.192271296031012E+005 -0.185546138007410E+002  0.903590968657926E+002 -0.430778632815971E+000  0.493538009162941E+000 -0.107536384819057E+002 -0.961248724267113E+004
  0.213329131776854E-269  0.192081938797131E+005 -0.185291943505470E+002  0.937215786629391E+002 -0.395389853708302E+000  0.287551354729040E+000 -0.107536384819057E+002 -0.960301938097710E+004
  0.132357454824333E-235  0.190513886511402E+005 -0.185318117669077E+002  0.934102714610442E+002 -0.129761113594212E+000  0.348266025929149E+000 -0.107536384819057E+002 -0.952569432557010E+004
  0.219685068580775E-229  0.190224771897178E+005 -0.185910968351218E+002  0.906493534524268E+002 -0.142326284575630E+000  0.611167838605251E-001 -0.107536384819057E+002 -0.951123859485888E+004
  0.965046417184980E-224  0.189964913764147E+005 -0.186599150793897E+002  0.876417418085669E+002 -0.145311634448985E+000 -0.886044378066559E-001 -0.107536384819057E+002 -0.949824568820733E+004
  0.326541199467303E-209  0.189295810637747E+005 -0.185331609281594E+002  0.910203247377812E+002 -0.666344558510501E-001  0.309515342537290E+000 -0.107536384819057E+002 -0.946479053188736E+004
  0.204371135472602E-208  0.189259131305757E+005 -0.185451669022040E+002  0.915928226015122E+002 -0.162061304475390E+000  0.537350953033772E+000 -0.107536384819057E+002 -0.946295656528785E+004
  0.111716204346679E-204  0.189087004015651E+005 -0.185454899696923E+002  0.921274220755189E+002 -0.183433865318648E+000  0.366643976348483E+000 -0.107536384819057E+002 -0.945435020078254E+004
  0.614083287908695E-203  0.189006868937767E+005 -0.185922645724129E+002  0.895523150801425E+002 -0.864263063153616E-001  0.572425211023898E+000 -0.107536384819057E+002 -0.945034344688834E+004
  0.166548367559968E-181  0.188019828392928E+005 -0.186525169308489E+002  0.888462484099634E+002 -0.200251153053485E+000  0.386322419418025E+000 -0.107536384819057E+002 -0.940099141964639E+004
