  0.964782273953656E+000  0.179663724760312E+005 -0.194301648247627E+002  0.614191764727435E+002 -0.298271170377021E+000  0.625897319231438E+000 -0.107536384819057E+002 -0.898322098961848E+004
  0.964782273953656E+000  0.179607985942222E+005 -0.193409299565719E+002  0.634622566837390E+002 -0.201781958290157E+000  0.574940659479786E+000 -0.107536384819057E+002 -0.898043404871396E+004
  0.964782273953656E+000  0.179664971961292E+005 -0.193248505933056E+002  0.644729168252230E+002 -0.296564849743586E+000  0.584173206655944E+000 -0.107536384819057E+002 -0.898328334966749E+004
  0.964782273953656E+000  0.179608194397381E+005 -0.194287455568808E+002  0.613221582397203E+002 -0.264753610612385E+000  0.608631019027111E+000 -0.107536384819057E+002 -0.898044447147194E+004
  0.964782273953656E+000  0.179668893668870E+005 -0.193870459429459E+002  0.622054849751472E+002 -0.184655374835861E+000  0.576848554995859E+000 -0.107536384819057E+002 -0.898347943504639E+004
  0.964782273953656E+000  0.179678730092683E+005 -0.194509271544829E+002  0.604204120780679E+002 -0.197235724692958E+000  0.593653269805832E+000 -0.107536384819057E+002 -0.898397125623704E+004
  0.964782273953656E+000  0.179610943904660E+005 -0.194240310536770E+002  0.611548465978478E+002 -0.215528828738612E+000  0.615091342267306E+000 -0.107536384819057E+002 -0.898058194683589E+004
  0.964782273953656E+000  0.179654719005912E+005 -0.194005424167545E+002  0.614526569525297E+002 -0.211399329729690E+000  0.557875139798780E+000 -0.107536384819057E+002 -0.898277070189849E+004
  0.964782273953656E+000  0.179654549887430E+005 -0.194163704645373E+002  0.616201239112297E+002 -0.277436556722600E+000  0.631611767989424E+000 -0.107536384819057E+002 -0.898276224597437E+004
  0.964782273953656E+000  0.179611859862552E+005 -0.194621418452540E+002  0.601518501957099E+002 -0.266996686932127E+000  0.614487512643572E+000 -0.107536384819057E+002 -0.898062774473049E+004
  0.964782273953656E+000  0.179653353024279E+005 -0.193462108259907E+002  0.635308525735920E+002 -0.214508722470441E+000  0.582338690233954E+000 -0.107536384819057E+002 -0.898270240281684E+004
  0.964782273953656E+000  0.179612897082078E+005 -0.194454048074819E+002  0.605027154452280E+002 -0.273079175084071E+000  0.607154517029351E+000 -0.107536384819057E+002 -0.898067960570680E+004
  0.964782273953656E+000  0.179650391923585E+005 -0.194669286802757E+002  0.596309646395889E+002 -0.192511196678116E+000  0.588013786026190E+000 -0.107536384819057E+002 -0.898255434778215E+004
  0.964782273953656E+000  0.179616598763607E+005 -0.193911102851702E+002  0.615467254110784E+002 -0.196672017028402E+000  0.598938913845236E+000 -0.107536384819057E+002 -0.898086468978322E+004
  0.964782273953656E+000  0.179616746735655E+005 -0.194132920817456E+002  0.613831260856755E+002 -0.279389273317754E+000  0.596253668502456E+000 -0.107536384819057E+002 -0.898087208838563E+004
  0.964782273953656E+000  0.179617846544282E+005 -0.193708998776834E+002  0.626937203029274E+002 -0.225688066020973E+000  0.618134456590330E+000 -0.107536384819057E+002 -0.898092707881696E+004
  0.964782273953656E+000  0.179638582900562E+005 -0.194221194735513E+002  0.610747557592551E+002 -0.189166584792205E+000  0.617535279480230E+000 -0.107536384819057E+002 -0.898196389663098E+004
  0.964782273953656E+000  0.179618567995035E+005 -0.194507742929138E+002  0.600917705409627E+002 -0.191431059927657E+000  0.613989280650955E+000 -0.107536384819057E+002 -0.898096315135465E+004
  0.964782273953656E+000  0.179618804316535E+005 -0.194318698404986E+002  0.613246360901341E+002 -0.289300634086136E+000  0.613419597496345E+000 -0.107536384819057E+002 -0.898097496742962E+004
  0.964782273953656E+000  0.179630953336817E+005 -0.193955802178844E+002  0.615550532702321E+002 -0.198678529598268E+000  0.627125871881357E+000 -0.107536384819057E+002 -0.898158241844372E+004
  0.964782273953656E+000  0.179629656090294E+005 -0.194338776745150E+002  0.605851296442758E+002 -0.228984832956047E+000  0.578192070141102E+000 -0.107536384819057E+002 -0.898151755611759E+004
  0.964782273953656E+000  0.179619561882534E+005 -0.193773826976421E+002  0.620330465811912E+002 -0.196461063114994E+000  0.567435999308795E+000 -0.107536384819057E+002 -0.898101284572957E+004
  0.964782273953656E+000  0.179628824326612E+005 -0.193449661246639E+002  0.631616822992997E+002 -0.236153304750982E+000  0.614236730436318E+000 -0.107536384819057E+002 -0.898147596793351E+004
  0.964782273953656E+000  0.179628368017582E+005 -0.193619851627993E+002  0.627696586266849E+002 -0.184615275373667E+000  0.562056053061545E+000 -0.107536384819057E+002 -0.898145315248199E+004
  0.964782273953656E+000  0.179628115087091E+005 -0.193596932291868E+002  0.630941445300066E+002 -0.297729037392097E+000  0.589042892850519E+000 -0.107536384819057E+002 -0.898144050595743E+004
  0.964782273953656E+000  0.179628059779080E+005 -0.193437372233164E+002  0.631835780447677E+002 -0.236686476790483E+000  0.572133731534769E+000 -0.107536384819057E+002 -0.898143774055686E+004
  0.964782273953656E+000  0.179619818970090E+005 -0.194386474939417E+002  0.609193729549268E+002 -0.254932136664354E+000  0.576767267058886E+000 -0.107536384819057E+002 -0.898102570010740E+004
  0.964782273953656E+000  0.179623916910776E+005 -0.194192785107215E+002  0.615915691737293E+002 -0.310250339902028E+000  0.592311401853049E+000 -0.107536384819057E+002 -0.898123059714169E+004
  0.964782273953656E+000  0.179620461138296E+005 -0.193624347020896E+002  0.625345121473266E+002 -0.202282278502932E+000  0.618943067355412E+000 -0.107536384819057E+002 -0.898105780851769E+004
  0.964782273953656E+000  0.179623663280599E+005 -0.193919722818285E+002  0.625602044723980E+002 -0.323358138127811E+000  0.608543170423346E+000 -0.107536384819057E+002 -0.898121791563284E+004
  0.964782273953656E+000  0.179622484261597E+005 -0.194447245992291E+002  0.602207783708394E+002 -0.174395832408334E+000  0.598654093051056E+000 -0.107536384819057E+002 -0.898115896468272E+004
  0.964782273953656E+000  0.179608146130249E+005 -0.194530393819466E+002  0.600870593283368E+002 -0.223570122573087E+000  0.594459306717317E+000 -0.107536384819057E+002 -0.898040730651246E+004
  0.964782273953656E+000  0.179608142968231E+005 -0.193370360923000E+002  0.636612629976645E+002 -0.230131122082246E+000  0.605496566032373E+000 -0.107536384819057E+002 -0.898040714841156E+004
  0.964782273953656E+000  0.179607943977762E+005 -0.194175881317651E+002  0.613195941799312E+002 -0.231135639842604E+000  0.624537363807212E+000 -0.107536384819057E+002 -0.898039719888810E+004
  0.964782273953656E+000  0.179607158021928E+005 -0.193687153942906E+002  0.629814147001457E+002 -0.304639449121693E+000  0.591307739597426E+000 -0.107536384819057E+002 -0.898035790109641E+004
  0.964782273953656E+000  0.179606549715357E+005 -0.194489920750556E+002  0.602535688447487E+002 -0.198835639668479E+000  0.591303349930701E+000 -0.107536384819057E+002 -0.898032748576786E+004
  0.964782273953656E+000  0.179606490117965E+005 -0.194451159280024E+002  0.603980543357718E+002 -0.207741458229166E+000  0.581417402553919E+000 -0.107536384819057E+002 -0.898032450589825E+004
  0.964782273953656E+000  0.179605511630200E+005 -0.193299741235376E+002  0.635118788949778E+002 -0.193559970423087E+000  0.586674455915928E+000 -0.107536384819057E+002 -0.898027558151002E+004
  0.964782273953656E+000  0.179605076941196E+005 -0.194110785121694E+002  0.610285382844714E+002 -0.196607386552297E+000  0.594558336819931E+000 -0.107536384819057E+002 -0.898025384705979E+004
  0.964782273953656E+000  0.179604826672974E+005 -0.193443016944498E+002  0.636861456643331E+002 -0.296179045065418E+000  0.598590523532496E+000 -0.107536384819057E+002 -0.898024133364868E+004
  0.964782273953656E+000  0.179604414383136E+005 -0.193466679696011E+002  0.633782387892728E+002 -0.213503360070679E+000  0.572810267898198E+000 -0.107536384819057E+002 -0.898022071915678E+004
  0.964782273953656E+000  0.179604160878879E+005 -0.193242052960683E+002  0.637966998518386E+002 -0.203868269732925E+000  0.585612178975778E+000 -0.107536384819057E+002 -0.898020804394394E+004
  0.964782273953656E+000  0.179604141396920E+005 -0.194479708085964E+002  0.603940291816071E+002 -0.209105566550809E+000  0.592926658954753E+000 -0.107536384819057E+002 -0.898020706984602E+004
  0.964782273953656E+000  0.179602804833579E+005 -0.193800548833091E+002  0.622955329981972E+002 -0.272825252955585E+000  0.598247964713553E+000 -0.107536384819057E+002 -0.898014024167895E+004
  0.964782273953656E+000  0.179602679080977E+005 -0.193831028880322E+002  0.620031942336067E+002 -0.175238984678099E+000  0.570426676678212E+000 -0.107536384819057E+002 -0.898013395404886E+004
  0.964782273953656E+000  0.179602114358673E+005 -0.193287090140200E+002  0.638932965755642E+002 -0.222815556988709E+000  0.579598350002225E+000 -0.107536384819057E+002 -0.898010571793367E+004
  0.964782273953656E+000  0.179600888833466E+005 -0.193954147945340E+002  0.624060343355559E+002 -0.306763928702547E+000  0.603880905670363E+000 -0.107536384819057E+002 -0.898004444167329E+004
  0.964782273953656E+000  0.179600871391191E+005 -0.194227164534869E+002  0.607592168251879E+002 -0.182032468691619E+000  0.611216342978484E+000 -0.107536384819057E+002 -0.898004356955956E+004
  0.964782273953656E+000  0.179600070774781E+005 -0.194391836697593E+002  0.610278326132307E+002 -0.275928347268531E+000  0.603349251550894E+000 -0.107536384819057E+002 -0.898000353873903E+004
  0.964782273953656E+000  0.179599838428468E+005 -0.194300041054528E+002  0.609036293819278E+002 -0.203361853757843E+000  0.584191766371839E+000 -0.107536384819057E+002 -0.897999192142340E+004
  0.964782273953656E+000  0.179598981534587E+005 -0.194455550145609E+002  0.607236367107732E+002 -0.250875569951518E+000  0.597296984803980E+000 -0.107536384819057E+002 -0.897994907672933E+004
  0.964782273953656E+000  0.179598817968418E+005 -0.194014277268658E+002  0.618387114590801E+002 -0.291293893953598E+000  0.605956795627919E+000 -0.107536384819057E+002 -0.897994089842092E+004
  0.964782273953656E+000  0.179598391068797E+005 -0.193426277550591E+002  0.633321268686292E+002 -0.230055424841747E+000  0.609815328426190E+000 -0.107536384819057E+002 -0.897991955343986E+004
  0.964782273953656E+000  0.179598144310156E+005 -0.194606359058785E+002  0.600624852339903E+002 -0.238156972713086E+000  0.601703266524790E+000 -0.107536384819057E+002 -0.897990721550781E+004
  0.964782273953656E+000  0.179596881515510E+005 -0.194357039445921E+002  0.607602208764188E+002 -0.223645402345242E+000  0.576710225552812E+000 -0.107536384819057E+002 -0.897984407577548E+004
  0.964782273953656E+000  0.179596550977727E+005 -0.193300663328011E+002  0.637795669953252E+002 -0.231857352829780E+000  0.572124424034940E+000 -0.107536384819057E+002 -0.897982754888637E+004
  0.964782273953656E+000  0.179596482427036E+005 -0.193596143923338E+002  0.627936617921072E+002 -0.185665774795890E+000  0.593996335775904E+000 -0.107536384819057E+002 -0.897982412135180E+004
  0.964782273953656E+000  0.179596413113983E+005 -0.193463434484197E+002  0.632563990102995E+002 -0.199225652875718E+000  0.575666738582102E+000 -0.107536384819057E+002 -0.897982065569913E+004
  0.964782273953656E+000  0.179595259452811E+005 -0.193955685797349E+002  0.622012193233761E+002 -0.303491451602017E+000  0.613921032136215E+000 -0.107536384819057E+002 -0.897976297264055E+004
  0.964782273953656E+000  0.179595044158075E+005 -0.194501523938723E+002  0.602058911278151E+002 -0.214908441639884E+000  0.592957074909779E+000 -0.107536384819057E+002 -0.897975220790373E+004
  0.964782273953656E+000  0.179594576385833E+005 -0.194032304491648E+002  0.619248750226947E+002 -0.250787166697096E+000  0.573163672363749E+000 -0.107536384819057E+002 -0.897972881929163E+004
  0.964782273953656E+000  0.179594305350471E+005 -0.193340455575109E+002  0.635706156029389E+002 -0.230242296392259E+000  0.574778992501084E+000 -0.107536384819057E+002 -0.897971526752354E+004
  0.964782273953656E+000  0.179594170807691E+005 -0.194572664018386E+002  0.601137970237217E+002 -0.235221563152886E+000  0.606073203960533E+000 -0.107536384819057E+002 -0.897970854038455E+004
  0.964782273953656E+000  0.179594129723660E+005 -0.194356132524195E+002  0.608563076682807E+002 -0.239858636608587E+000  0.578433164415651E+000 -0.107536384819057E+002 -0.897970648618299E+004
  0.964782273953656E+000  0.179593878480952E+005 -0.194554029501147E+002  0.603450239205285E+002 -0.252354949150231E+000  0.608048612221758E+000 -0.107536384819057E+002 -0.897969392404760E+004
  0.964782273953656E+000  0.179593638989286E+005 -0.193823468746312E+002  0.624392596801450E+002 -0.248916038200286E+000  0.565841959772550E+000 -0.107536384819057E+002 -0.897968194946430E+004
  0.964782273953656E+000  0.179576697021136E+005 -0.194271156586898E+002  0.610850764445373E+002 -0.237975861712714E+000  0.581016228845042E+000 -0.107536384819057E+002 -0.897883485105678E+004
  0.964782273953656E+000  0.179591692606887E+005 -0.193992140967306E+002  0.616740938290006E+002 -0.187616391808515E+000  0.578154993649167E+000 -0.107536384819057E+002 -0.897958463034433E+004
  0.964782273953656E+000  0.179590884217674E+005 -0.194533611415713E+002  0.603386977743904E+002 -0.236490235714702E+000  0.603609551049652E+000 -0.107536384819057E+002 -0.897954421088372E+004
  0.964782273953656E+000  0.179590870373344E+005 -0.193815640873525E+002  0.619268510636566E+002 -0.172798379813489E+000  0.580904125251730E+000 -0.107536384819057E+002 -0.897954351866719E+004
  0.964782273953656E+000  0.179590040542450E+005 -0.193521487760035E+002  0.630517119416194E+002 -0.198794673577243E+000  0.571989139155127E+000 -0.107536384819057E+002 -0.897950202712251E+004
  0.964782273953656E+000  0.179588379296199E+005 -0.194453048722961E+002  0.603889190324537E+002 -0.220278923323395E+000  0.612814786063866E+000 -0.107536384819057E+002 -0.897941896480995E+004
  0.964782273953656E+000  0.179588048804923E+005 -0.194270008900251E+002  0.609442367764197E+002 -0.203222422068417E+000  0.607226182632076E+000 -0.107536384819057E+002 -0.897940244024616E+004
  0.964782273953656E+000  0.179587641482638E+005 -0.193717926537032E+002  0.629991134484674E+002 -0.282097818700021E+000  0.599240886350100E+000 -0.107536384819057E+002 -0.897938207413189E+004
  0.964782273953656E+000  0.179587493837239E+005 -0.194484326770718E+002  0.603734968002762E+002 -0.247367894064131E+000  0.598694061031592E+000 -0.107536384819057E+002 -0.897937469186195E+004
  0.964782273953656E+000  0.179587097598200E+005 -0.194447342368531E+002  0.604379933125767E+002 -0.228365912375261E+000  0.588024379304665E+000 -0.107536384819057E+002 -0.897935487991000E+004
  0.964782273953656E+000  0.179586632317898E+005 -0.194421896633058E+002  0.604224279884330E+002 -0.203826364642209E+000  0.603453031721593E+000 -0.107536384819057E+002 -0.897933161589492E+004
  0.964782273953656E+000  0.179586345965031E+005 -0.193904415100880E+002  0.616977568691579E+002 -0.205436558165682E+000  0.608735919664509E+000 -0.107536384819057E+002 -0.897931729825156E+004
  0.964782273953656E+000  0.179586233841551E+005 -0.193928142162927E+002  0.621337601283741E+002 -0.248447661041568E+000  0.569033204188405E+000 -0.107536384819057E+002 -0.897931169207755E+004
  0.964782273953656E+000  0.179586018394351E+005 -0.194122051834540E+002  0.613278859580496E+002 -0.194630104869822E+000  0.604624766609906E+000 -0.107536384819057E+002 -0.897930091971754E+004
  0.964782273953656E+000  0.179585904546541E+005 -0.194160831270061E+002  0.612585336018902E+002 -0.234960581925384E+000  0.573437305791803E+000 -0.107536384819057E+002 -0.897929522732706E+004
  0.964782273953656E+000  0.179585674691115E+005 -0.194027945437070E+002  0.613888269117058E+002 -0.210509548484663E+000  0.612997814956668E+000 -0.107536384819057E+002 -0.897928373455576E+004
  0.964782273953656E+000  0.179584586199550E+005 -0.194115542033421E+002  0.612489013066187E+002 -0.202676445246932E+000  0.573505112644865E+000 -0.107536384819057E+002 -0.897922930997748E+004
  0.964782273953656E+000  0.179584434142052E+005 -0.194519020264370E+002  0.603346109063791E+002 -0.245955115611153E+000  0.606276910124055E+000 -0.107536384819057E+002 -0.897922170710262E+004
  0.964782273953656E+000  0.179584426419184E+005 -0.193605187156907E+002  0.627232209393797E+002 -0.197080595102502E+000  0.605684978968131E+000 -0.107536384819057E+002 -0.897922132095921E+004
  0.964782273953656E+000  0.179584337982474E+005 -0.194355517823506E+002  0.608822494933406E+002 -0.249861703447394E+000  0.616877172161270E+000 -0.107536384819057E+002 -0.897921689912368E+004
  0.964782273953656E+000  0.179584186187691E+005 -0.193928747853364E+002  0.619015162049127E+002 -0.192437574396692E+000  0.584662584431744E+000 -0.107536384819057E+002 -0.897920930938456E+004
  0.964782273953656E+000  0.179583911923211E+005 -0.193737927052942E+002  0.626426300631955E+002 -0.284833463292103E+000  0.596700810147162E+000 -0.107536384819057E+002 -0.897919559616057E+004
  0.964782273953656E+000  0.179583834856799E+005 -0.194326121795301E+002  0.606092571259324E+002 -0.204559145296998E+000  0.589717993523628E+000 -0.107536384819057E+002 -0.897919174283993E+004
  0.964782273953656E+000  0.179583390266040E+005 -0.194461494354111E+002  0.604347024648702E+002 -0.219864276835659E+000  0.597476776865530E+000 -0.107536384819057E+002 -0.897916951330200E+004
  0.964782273953656E+000  0.179583009225324E+005 -0.193370317289173E+002  0.634687977629202E+002 -0.217398733607450E+000  0.577477783351052E+000 -0.107536384819057E+002 -0.897915046126620E+004
  0.964782273953656E+000  0.179582089681826E+005 -0.193834801889759E+002  0.624838224225004E+002 -0.294963939444116E+000  0.595896351753520E+000 -0.107536384819057E+002 -0.897910448409130E+004
  0.964782273953656E+000  0.179582021020436E+005 -0.193843517149470E+002  0.619255319453290E+002 -0.206056671211845E+000  0.576401996719960E+000 -0.107536384819057E+002 -0.897910105102180E+004
  0.964782273953656E+000  0.179581949456123E+005 -0.194134672497048E+002  0.616773153466483E+002 -0.296905097252216E+000  0.609139619227977E+000 -0.107536384819057E+002 -0.897909747280615E+004
  0.964782273953656E+000  0.179581707257975E+005 -0.193962501257138E+002  0.621902775478137E+002 -0.290895201000595E+000  0.614265717516741E+000 -0.107536384819057E+002 -0.897908536289873E+004
  0.964782273953656E+000  0.179580990172513E+005 -0.193700247421661E+002  0.628617588953296E+002 -0.257992695781214E+000  0.610325312283312E+000 -0.107536384819057E+002 -0.897904950862565E+004
  0.964782273953656E+000  0.179580251119439E+005 -0.193501191053880E+002  0.630192958492003E+002 -0.231231400850267E+000  0.592264960055148E+000 -0.107536384819057E+002 -0.897901255597195E+004
  0.964782273953656E+000  0.179577457995666E+005 -0.194256039321174E+002  0.611150494731951E+002 -0.259636614557227E+000  0.585443662481823E+000 -0.107536384819057E+002 -0.897887289978329E+004
  0.964782273953656E+000  0.179579669251865E+005 -0.194057313232359E+002  0.614108274575623E+002 -0.237582172321418E+000  0.608101493883161E+000 -0.107536384819057E+002 -0.897898346259327E+004
  0.964782273953656E+000  0.179579582646819E+005 -0.193553798344956E+002  0.628265733631552E+002 -0.206291436046897E+000  0.604160428320037E+000 -0.107536384819057E+002 -0.897897913234095E+004
  0.964782273953656E+000  0.179577458387704E+005 -0.194045553401287E+002  0.615364303824211E+002 -0.252498516772826E+000  0.592578149418196E+000 -0.107536384819057E+002 -0.897887291938518E+004
  0.964782273953656E+000  0.179578267186414E+005 -0.194334531802306E+002  0.608611905060041E+002 -0.226384078221382E+000  0.609611367327714E+000 -0.107536384819057E+002 -0.897891335932072E+004
  0.964782273953656E+000  0.179578115570133E+005 -0.193694864481379E+002  0.629270835481809E+002 -0.256989054682550E+000  0.602153825449202E+000 -0.107536384819057E+002 -0.897890577850664E+004
  0.964782273953656E+000  0.179577644445544E+005 -0.193562545317812E+002  0.631164481512070E+002 -0.272348079507704E+000  0.592163700277318E+000 -0.107536384819057E+002 -0.897888222227718E+004
  0.964782273953656E+000  0.179576133620696E+005 -0.194070740437063E+002  0.617316498389898E+002 -0.230438081411128E+000  0.599076817775628E+000 -0.107536384819057E+002 -0.897880668103479E+004
  0.964782273953656E+000  0.179575905886694E+005 -0.194026999262758E+002  0.620182707656701E+002 -0.297137425083723E+000  0.605033020039889E+000 -0.107536384819057E+002 -0.897879529433469E+004
  0.964782273953656E+000  0.179575842895954E+005 -0.194326714594520E+002  0.607974098931150E+002 -0.227487151165362E+000  0.583791946102542E+000 -0.107536384819057E+002 -0.897879214479771E+004
  0.964782273953656E+000  0.179575729220959E+005 -0.193730364793814E+002  0.623670034850009E+002 -0.214402675863564E+000  0.570692489756452E+000 -0.107536384819057E+002 -0.897878646104797E+004
  0.964782273953656E+000  0.179575687711237E+005 -0.194391056264119E+002  0.607661525149867E+002 -0.236186533757957E+000  0.600569721132217E+000 -0.107536384819057E+002 -0.897878438556187E+004
  0.964782273953656E+000  0.179575609333830E+005 -0.194011859059949E+002  0.617668053520797E+002 -0.268824073561646E+000  0.612551443493691E+000 -0.107536384819057E+002 -0.897878046669151E+004
  0.964782273953656E+000  0.179575233307906E+005 -0.194176696265309E+002  0.614519648108647E+002 -0.277277098961211E+000  0.589681675567570E+000 -0.107536384819057E+002 -0.897876166539532E+004
  0.964782273953656E+000  0.179575131995889E+005 -0.193693318349076E+002  0.627693565159544E+002 -0.235444673824352E+000  0.571852221176540E+000 -0.107536384819057E+002 -0.897875659979443E+004
  0.964782273953656E+000  0.179574509682992E+005 -0.193671061607217E+002  0.625861874845201E+002 -0.216553798174723E+000  0.569651764568913E+000 -0.107536384819057E+002 -0.897872548414961E+004
  0.964782273953656E+000  0.179574431566775E+005 -0.194278258936389E+002  0.607925874959587E+002 -0.217046347178369E+000  0.588850754955578E+000 -0.107536384819057E+002 -0.897872157833877E+004
  0.964782273953656E+000  0.179574424623727E+005 -0.193915142337854E+002  0.617976701737229E+002 -0.193222395277921E+000  0.575652361602613E+000 -0.107536384819057E+002 -0.897872123118636E+004
  0.964782273953656E+000  0.179574328461566E+005 -0.194010880301645E+002  0.614422960919301E+002 -0.183626409362585E+000  0.587990883810226E+000 -0.107536384819057E+002 -0.897871642307831E+004
  0.964782273953656E+000  0.179574007085332E+005 -0.193817604221485E+002  0.621032851925603E+002 -0.185576291573547E+000  0.587887228386210E+000 -0.107536384819057E+002 -0.897870035426660E+004
  0.964782273953656E+000  0.179573648026966E+005 -0.193541460761826E+002  0.630125484794355E+002 -0.243902413860665E+000  0.602911840392915E+000 -0.107536384819057E+002 -0.897868240134831E+004
  0.964782273953656E+000  0.179573120191796E+005 -0.193665126589139E+002  0.629060251888811E+002 -0.276622708079447E+000  0.585724664271266E+000 -0.107536384819057E+002 -0.897865600958980E+004
  0.964782273953656E+000  0.179573112615896E+005 -0.194182417139164E+002  0.610674014868583E+002 -0.193996069850708E+000  0.601841036010853E+000 -0.107536384819057E+002 -0.897865563079480E+004
  0.964782273953656E+000  0.179573050599534E+005 -0.193687902451999E+002  0.629646185400442E+002 -0.288761425187851E+000  0.595057394705499E+000 -0.107536384819057E+002 -0.897865252997668E+004
  0.964782273953656E+000  0.179573020161083E+005 -0.194087724941726E+002  0.615474431815498E+002 -0.211586936301969E+000  0.597671193761110E+000 -0.107536384819057E+002 -0.897865100805414E+004
  0.964782273953656E+000  0.179572804484698E+005 -0.193557062121927E+002  0.627877779658196E+002 -0.209810485624377E+000  0.594668498789801E+000 -0.107536384819057E+002 -0.897864022423488E+004
  0.964782273953656E+000  0.179572781734286E+005 -0.193407592693618E+002  0.634383306602677E+002 -0.233772546220686E+000  0.595719512112030E+000 -0.107536384819057E+002 -0.897863908671429E+004
  0.964782273953656E+000  0.179572681949147E+005 -0.194163303484328E+002  0.616214727613106E+002 -0.286423729924203E+000  0.597340225479318E+000 -0.107536384819057E+002 -0.897863409745734E+004
  0.964782273953656E+000  0.179572528813184E+005 -0.193939015144482E+002  0.618154229304726E+002 -0.205929534578078E+000  0.572332565373760E+000 -0.107536384819057E+002 -0.897862644065921E+004
  0.964782273953656E+000  0.179572313962029E+005 -0.194228310017346E+002  0.610671851967005E+002 -0.220901793583186E+000  0.613864179456019E+000 -0.107536384819057E+002 -0.897861569810144E+004
  0.964782273953656E+000  0.179572275944162E+005 -0.193767883313619E+002  0.624260095899538E+002 -0.215136770413551E+000  0.606674902718010E+000 -0.107536384819057E+002 -0.897861379720810E+004
  0.964782273953656E+000  0.179571753530006E+005 -0.194308171558962E+002  0.607320760207014E+002 -0.209456672181481E+000  0.591376262234217E+000 -0.107536384819057E+002 -0.897858767650029E+004
  0.964782273953656E+000  0.179571589140209E+005 -0.193963770114524E+002  0.620868982056643E+002 -0.266836107756008E+000  0.579384512898782E+000 -0.107536384819057E+002 -0.897857945701044E+004
  0.964782273953656E+000  0.179571378636340E+005 -0.193620820894023E+002  0.630209124897371E+002 -0.247501892538108E+000  0.575485398658609E+000 -0.107536384819057E+002 -0.897856893181700E+004
  0.964782273953656E+000  0.179571232478812E+005 -0.193457166220463E+002  0.633220989680819E+002 -0.219137799891785E+000  0.585534858086749E+000 -0.107536384819057E+002 -0.897856162394061E+004
  0.964782273953656E+000  0.179570877969304E+005 -0.193599337290798E+002  0.632145214279282E+002 -0.276108458754953E+000  0.590994177416099E+000 -0.107536384819057E+002 -0.897854389846520E+004
  0.964782273953656E+000  0.179570820609650E+005 -0.193646455135092E+002  0.630695381220644E+002 -0.283835090626303E+000  0.593408850418411E+000 -0.107536384819057E+002 -0.897854103048251E+004
  0.964782273953656E+000  0.179570503135373E+005 -0.193587979700417E+002  0.627035684085988E+002 -0.207805673769329E+000  0.583737119861540E+000 -0.107536384819057E+002 -0.897852515676863E+004
  0.964782273953656E+000  0.179570423977933E+005 -0.193800398025164E+002  0.626451417792529E+002 -0.277149816606816E+000  0.607936344131332E+000 -0.107536384819057E+002 -0.897852119889667E+004
  0.964782273953656E+000  0.179570377941716E+005 -0.193819376574553E+002  0.623513314747317E+002 -0.216140150205393E+000  0.583666027168874E+000 -0.107536384819057E+002 -0.897851889708578E+004
  0.964782273953656E+000  0.179570238099271E+005 -0.193711583193197E+002  0.625750717450752E+002 -0.226343825530238E+000  0.569821866601345E+000 -0.107536384819057E+002 -0.897851190496357E+004
  0.964782273953656E+000  0.179570041814496E+005 -0.194304521603267E+002  0.611297447395840E+002 -0.259931037514852E+000  0.604943015761660E+000 -0.107536384819057E+002 -0.897850209072479E+004
  0.964782273953656E+000  0.179569951960714E+005 -0.193462920446219E+002  0.632256547722500E+002 -0.212400136330289E+000  0.584525844886318E+000 -0.107536384819057E+002 -0.897849759803571E+004
  0.964782273953656E+000  0.179569774671065E+005 -0.193922563337878E+002  0.622358307814428E+002 -0.267179528162120E+000  0.612407790408025E+000 -0.107536384819057E+002 -0.897848873355325E+004
  0.964782273953656E+000  0.179569688541319E+005 -0.194173604688769E+002  0.613096659608885E+002 -0.267105815681452E+000  0.599214389006865E+000 -0.107536384819057E+002 -0.897848442706593E+004
  0.964782273953656E+000  0.179569683200849E+005 -0.194200829567763E+002  0.611709651493591E+002 -0.258316604437803E+000  0.601593697734834E+000 -0.107536384819057E+002 -0.897848416004247E+004
  0.964782273953656E+000  0.179569091230662E+005 -0.193686976346007E+002  0.624591203626103E+002 -0.217137232472604E+000  0.578548355115482E+000 -0.107536384819057E+002 -0.897845456153309E+004
  0.964782273953656E+000  0.179568966425066E+005 -0.194113757373207E+002  0.614852256016957E+002 -0.223409005560693E+000  0.609179142053236E+000 -0.107536384819057E+002 -0.897844832125332E+004
  0.964782273953656E+000  0.179568822803736E+005 -0.193700838662610E+002  0.629399932766910E+002 -0.274034174256462E+000  0.601178421610792E+000 -0.107536384819057E+002 -0.897844114018681E+004
  0.964782273953656E+000  0.179568655319852E+005 -0.194022414065631E+002  0.614544135571572E+002 -0.189436583518505E+000  0.601603998257282E+000 -0.107536384819057E+002 -0.897843276599259E+004
  0.964782273953656E+000  0.179568305939242E+005 -0.193802307425320E+002  0.626335833842444E+002 -0.275392054101048E+000  0.585637816081723E+000 -0.107536384819057E+002 -0.897841529696208E+004
  0.964782273953656E+000  0.179568268061824E+005 -0.193753949422399E+002  0.627560558278160E+002 -0.266482183042143E+000  0.604766523403534E+000 -0.107536384819057E+002 -0.897841340309122E+004
  0.964782273953656E+000  0.179568237018218E+005 -0.193811728439245E+002  0.621092247827733E+002 -0.229801087387875E+000  0.605513890047105E+000 -0.107536384819057E+002 -0.897841185091092E+004
  0.964782273953656E+000  0.179568107455557E+005 -0.194180531571097E+002  0.610553746749759E+002 -0.197726111475752E+000  0.602507587307532E+000 -0.107536384819057E+002 -0.897840537277783E+004
  0.964782273953656E+000  0.179567679940134E+005 -0.193800176426485E+002  0.623549242952687E+002 -0.238489989119928E+000  0.571849105323407E+000 -0.107536384819057E+002 -0.897838399700669E+004
  0.964782273953656E+000  0.179567630235019E+005 -0.193659709880440E+002  0.626703956608269E+002 -0.218514408655350E+000  0.607171567558103E+000 -0.107536384819057E+002 -0.897838151175095E+004
  0.964782273953656E+000  0.179567546296035E+005 -0.194002797271729E+002  0.620474101246464E+002 -0.260193379916611E+000  0.588245700832617E+000 -0.107536384819057E+002 -0.897837731480173E+004
  0.964782273953656E+000  0.179567491739949E+005 -0.193569199454478E+002  0.629692950042530E+002 -0.212251095255170E+000  0.580485452988022E+000 -0.107536384819057E+002 -0.897837458699746E+004
  0.964782273953656E+000  0.179567447966672E+005 -0.193608188927351E+002  0.629237668680263E+002 -0.220899376177577E+000  0.577684669072562E+000 -0.107536384819057E+002 -0.897837239833358E+004
  0.964782273953656E+000  0.179567431497763E+005 -0.193940416609837E+002  0.617812896822490E+002 -0.216481272663264E+000  0.575145466660217E+000 -0.107536384819057E+002 -0.897837157488817E+004
  0.964782273953656E+000  0.179567205834132E+005 -0.193909021310406E+002  0.621428359153834E+002 -0.277023073068726E+000  0.608028172496818E+000 -0.107536384819057E+002 -0.897836029170659E+004
  0.964782273953656E+000  0.179567169439170E+005 -0.194074574956655E+002  0.613919027202559E+002 -0.193574908958545E+000  0.591399087060331E+000 -0.107536384819057E+002 -0.897835847195850E+004
  0.964782273953656E+000  0.179566919427779E+005 -0.193785884935626E+002  0.620889713257066E+002 -0.190948897395799E+000  0.586909860606585E+000 -0.107536384819057E+002 -0.897834597138894E+004
  0.964782273953656E+000  0.179566596308850E+005 -0.193763711100338E+002  0.624877107209012E+002 -0.269138058924363E+000  0.600145363986083E+000 -0.107536384819057E+002 -0.897832981544252E+004
  0.964782273953656E+000  0.179566460188833E+005 -0.193755708093645E+002  0.627336041980897E+002 -0.259077511620637E+000  0.601863518750148E+000 -0.107536384819057E+002 -0.897832300944163E+004
  0.964782273953656E+000  0.179566439320606E+005 -0.194099133300499E+002  0.616544376132000E+002 -0.244548849676186E+000  0.608766239543430E+000 -0.107536384819057E+002 -0.897832196603031E+004
  0.964782273953656E+000  0.179566266473556E+005 -0.193922795269031E+002  0.617711127278104E+002 -0.209365309801986E+000  0.578637538641383E+000 -0.107536384819057E+002 -0.897831332367778E+004
  0.964782273953656E+000  0.179566068681010E+005 -0.194177598598562E+002  0.611567360651745E+002 -0.240633665963272E+000  0.592119694553829E+000 -0.107536384819057E+002 -0.897830343405051E+004
  0.964782273953656E+000  0.179565920603444E+005 -0.193876224365769E+002  0.622726039503338E+002 -0.234215404902035E+000  0.601793755468748E+000 -0.107536384819057E+002 -0.897829603017219E+004
  0.964782273953656E+000  0.179565889836494E+005 -0.193795732077277E+002  0.620883765748634E+002 -0.207756298289695E+000  0.583576533302685E+000 -0.107536384819057E+002 -0.897829449182469E+004
  0.964782273953656E+000  0.179565608957241E+005 -0.193629433033270E+002  0.628294079699322E+002 -0.225495188068017E+000  0.573587462830131E+000 -0.107536384819057E+002 -0.897828044786206E+004
  0.964782273953656E+000  0.179565564398264E+005 -0.194052265055808E+002  0.613977314881518E+002 -0.193056322567557E+000  0.601128075787804E+000 -0.107536384819057E+002 -0.897827821991319E+004
  0.964782273953656E+000  0.179565196576683E+005 -0.193689879719675E+002  0.624718853890944E+002 -0.214033992541323E+000  0.605679550808994E+000 -0.107536384819057E+002 -0.897825982883417E+004
  0.964782273953656E+000  0.179564842429637E+005 -0.193814025648659E+002  0.625210510745899E+002 -0.243972772893002E+000  0.592932402328787E+000 -0.107536384819057E+002 -0.897824212148186E+004
  0.964782273953656E+000  0.179564764496631E+005 -0.193611685937937E+002  0.630172441632298E+002 -0.247168495647807E+000  0.577678400228809E+000 -0.107536384819057E+002 -0.897823822483153E+004
  0.964782273953656E+000  0.179564238874197E+005 -0.193501190469698E+002  0.631215618041546E+002 -0.217682945884998E+000  0.582313527622511E+000 -0.107536384819057E+002 -0.897821194370983E+004
  0.964782273953656E+000  0.179564238743815E+005 -0.193945023981746E+002  0.620196227683693E+002 -0.230372533456918E+000  0.577917890251015E+000 -0.107536384819057E+002 -0.897821193719075E+004
  0.964782273953656E+000  0.179564053081872E+005 -0.193866568581569E+002  0.624226983368992E+002 -0.255189815597281E+000  0.593746405018782E+000 -0.107536384819057E+002 -0.897820265409360E+004
  0.964782273953656E+000  0.179563949400827E+005 -0.194334015814010E+002  0.608909599543720E+002 -0.249284820527959E+000  0.593625824964245E+000 -0.107536384819057E+002 -0.897819747004136E+004
  0.964782273953656E+000  0.179563539446720E+005 -0.193739636536037E+002  0.627210420538314E+002 -0.247667520177700E+000  0.582623243485012E+000 -0.107536384819057E+002 -0.897817697233602E+004
  0.964782273953656E+000  0.179562383239525E+005 -0.194148623048742E+002  0.612259649719743E+002 -0.233449988216611E+000  0.610156843173495E+000 -0.107536384819057E+002 -0.897811916197627E+004
  0.964782273953656E+000  0.179562243259373E+005 -0.193683836368577E+002  0.625344894804828E+002 -0.215795931020550E+000  0.605378738194432E+000 -0.107536384819057E+002 -0.897811216296865E+004
  0.964782273953656E+000  0.179562086934168E+005 -0.193661541690680E+002  0.625217611115704E+002 -0.201585158930389E+000  0.596400176184389E+000 -0.107536384819057E+002 -0.897810434670840E+004
  0.964782273953656E+000  0.179561583964827E+005 -0.193685954520980E+002  0.628662080524644E+002 -0.265789122462927E+000  0.583613058476640E+000 -0.107536384819057E+002 -0.897807919824135E+004
  0.964782273953656E+000  0.179561556220319E+005 -0.194283120599382E+002  0.609638418888454E+002 -0.227561593765306E+000  0.605528760740270E+000 -0.107536384819057E+002 -0.897807781101594E+004
  0.964782273953656E+000  0.179561536800962E+005 -0.194096164497280E+002  0.617642830927865E+002 -0.279642650021920E+000  0.596291653846879E+000 -0.107536384819057E+002 -0.897807684004811E+004
  0.964782273953656E+000  0.179561507570053E+005 -0.194195685386467E+002  0.612566634088687E+002 -0.225211132900677E+000  0.602417351971387E+000 -0.107536384819057E+002 -0.897807537850263E+004
  0.964782273953656E+000  0.179561435313173E+005 -0.193704806407056E+002  0.625850981235348E+002 -0.247175124314872E+000  0.581907444474289E+000 -0.107536384819057E+002 -0.897807176565867E+004
  0.964782273953656E+000  0.179561429917074E+005 -0.193847299496377E+002  0.623847880855682E+002 -0.266641144138175E+000  0.610851785904845E+000 -0.107536384819057E+002 -0.897807149585370E+004
  0.964782273953656E+000  0.179561216574746E+005 -0.193594657258443E+002  0.630405691476988E+002 -0.265001166679586E+000  0.598324620293223E+000 -0.107536384819057E+002 -0.897806082873729E+004
  0.964782273953656E+000  0.179560968012722E+005 -0.194034939416624E+002  0.615571830330147E+002 -0.235839814438378E+000  0.610975348709085E+000 -0.107536384819057E+002 -0.897804840063609E+004
  0.964782273953656E+000  0.179560639187024E+005 -0.193577691383681E+002  0.631708201886345E+002 -0.266227761850556E+000  0.591997715105625E+000 -0.107536384819057E+002 -0.897803195935121E+004
  0.964782273953656E+000  0.179560511644638E+005 -0.194014387485211E+002  0.615795822713105E+002 -0.210265288726951E+000  0.579860429329276E+000 -0.107536384819057E+002 -0.897802558223192E+004
  0.964782273953656E+000  0.179560350982177E+005 -0.193814709302620E+002  0.623650551704098E+002 -0.221693492625021E+000  0.595490214786264E+000 -0.107536384819057E+002 -0.897801754910887E+004
  0.964782273953656E+000  0.179560141318289E+005 -0.193851455805722E+002  0.621098900304441E+002 -0.248777714148396E+000  0.602780267171870E+000 -0.107536384819057E+002 -0.897800706591446E+004
  0.964782273953656E+000  0.179559994730560E+005 -0.193750530915122E+002  0.622276995848515E+002 -0.205700016087723E+000  0.588971711049235E+000 -0.107536384819057E+002 -0.897799973652798E+004
  0.964782273953656E+000  0.179559976812440E+005 -0.193917014513907E+002  0.621924194983982E+002 -0.266896591287455E+000  0.583692484560656E+000 -0.107536384819057E+002 -0.897799884062202E+004
  0.964782273953656E+000  0.179559763346651E+005 -0.193744263621104E+002  0.625350839820763E+002 -0.225413134245081E+000  0.576856181289377E+000 -0.107536384819057E+002 -0.897798816733253E+004
  0.964782273953656E+000  0.179559705197655E+005 -0.194018634360279E+002  0.617478455011415E+002 -0.229709032421251E+000  0.610224976820344E+000 -0.107536384819057E+002 -0.897798525988274E+004
  0.964782273953656E+000  0.179559678685928E+005 -0.193906744189769E+002  0.617712868367305E+002 -0.196995312326118E+000  0.590064834301498E+000 -0.107536384819057E+002 -0.897798393429641E+004
  0.964782273953656E+000  0.179559649389715E+005 -0.193767031849757E+002  0.623052652197427E+002 -0.220591748165140E+000  0.607921439304084E+000 -0.107536384819057E+002 -0.897798246948576E+004
  0.964782273953656E+000  0.179559553981629E+005 -0.194072264287923E+002  0.614824044492460E+002 -0.241409763035789E+000  0.587488480115303E+000 -0.107536384819057E+002 -0.897797769908143E+004
  0.964782273953656E+000  0.179559375037826E+005 -0.193621536823737E+002  0.629652363155356E+002 -0.236548716440710E+000  0.596012742343687E+000 -0.107536384819057E+002 -0.897796875189128E+004
  0.964782273953656E+000  0.179559336202180E+005 -0.193995765979024E+002  0.619238133833064E+002 -0.237504380939645E+000  0.602950265992215E+000 -0.107536384819057E+002 -0.897796681010901E+004
  0.964782273953656E+000  0.179559315645111E+005 -0.193546422126778E+002  0.629554800585312E+002 -0.224149173238527E+000  0.594550517997336E+000 -0.107536384819057E+002 -0.897796578225557E+004
  0.964782273953656E+000  0.179559035049290E+005 -0.193798976846026E+002  0.623491351391820E+002 -0.260627588569159E+000  0.601651845507661E+000 -0.107536384819057E+002 -0.897795175246448E+004
  0.964782273953656E+000  0.179559028244748E+005 -0.193599918458882E+002  0.628821946039579E+002 -0.241840891899565E+000  0.601682755666055E+000 -0.107536384819057E+002 -0.897795141223741E+004
  0.964782273953656E+000  0.179558850123840E+005 -0.193611157431441E+002  0.627336107628366E+002 -0.216759397175278E+000  0.582586948962561E+000 -0.107536384819057E+002 -0.897794250619202E+004
  0.964782273953656E+000  0.179558781951199E+005 -0.193707192373550E+002  0.625264708176786E+002 -0.206659215310868E+000  0.584511449113487E+000 -0.107536384819057E+002 -0.897793909755997E+004
  0.964782273953656E+000  0.179558713989137E+005 -0.193960860010030E+002  0.619818775293090E+002 -0.226986886082604E+000  0.589522706745261E+000 -0.107536384819057E+002 -0.897793569945686E+004
  0.964782273953656E+000  0.179558705625345E+005 -0.193806286714136E+002  0.621316703646211E+002 -0.215690129639035E+000  0.581392713567505E+000 -0.107536384819057E+002 -0.897793528126727E+004
  0.964782273953656E+000  0.179558431697548E+005 -0.193699612875322E+002  0.625251866895116E+002 -0.241403800788062E+000  0.597075536004850E+000 -0.107536384819057E+002 -0.897792158487739E+004
  0.964782273953656E+000  0.179558057375058E+005 -0.194068886435240E+002  0.614415680963233E+002 -0.204356907869067E+000  0.601513701443009E+000 -0.107536384819057E+002 -0.897790286875289E+004
  0.964782273953656E+000  0.179558019768854E+005 -0.193796137512145E+002  0.624758875865803E+002 -0.272242055273055E+000  0.603655356533720E+000 -0.107536384819057E+002 -0.897790098844272E+004
  0.964782273953656E+000  0.179558013791169E+005 -0.193755600895632E+002  0.623631009757698E+002 -0.206708709407836E+000  0.580623682612705E+000 -0.107536384819057E+002 -0.897790068955845E+004
  0.964782273953656E+000  0.179557731873743E+005 -0.194204055787607E+002  0.610859932645842E+002 -0.226565353100018E+000  0.607749419843930E+000 -0.107536384819057E+002 -0.897788659368717E+004
  0.964782273953656E+000  0.179557706574617E+005 -0.193678203690803E+002  0.626198152781291E+002 -0.243665925018601E+000  0.600505486594635E+000 -0.107536384819057E+002 -0.897788532873087E+004
  0.964782273953656E+000  0.179557702180410E+005 -0.193717058867154E+002  0.626815952254985E+002 -0.267482390845061E+000  0.591447288276973E+000 -0.107536384819057E+002 -0.897788510902050E+004
  0.964782273953656E+000  0.179557584522067E+005 -0.194235481612519E+002  0.612448664812432E+002 -0.246255577752559E+000  0.598547032914723E+000 -0.107536384819057E+002 -0.897787922610334E+004
  0.964782273953656E+000  0.179557454432288E+005 -0.193588720317392E+002  0.627938766387117E+002 -0.217977539151583E+000  0.589274001420556E+000 -0.107536384819057E+002 -0.897787272161440E+004
  0.964782273953656E+000  0.179557396623031E+005 -0.193855697206212E+002  0.619660782828470E+002 -0.196342860467262E+000  0.589203214055284E+000 -0.107536384819057E+002 -0.897786983115156E+004
  0.964782273953656E+000  0.179557385590476E+005 -0.194096225518081E+002  0.614219584777856E+002 -0.233896015444425E+000  0.584073217765341E+000 -0.107536384819057E+002 -0.897786927952379E+004
  0.964782273953656E+000  0.179557332320311E+005 -0.193950757045901E+002  0.616721173248661E+002 -0.213417635475008E+000  0.591852642823351E+000 -0.107536384819057E+002 -0.897786661601557E+004
  0.964782273953656E+000  0.179557265806877E+005 -0.193868045380563E+002  0.623188176853171E+002 -0.261734364397920E+000  0.582500274061911E+000 -0.107536384819057E+002 -0.897786329034386E+004
  0.964782273953656E+000  0.179557260850027E+005 -0.194030383711022E+002  0.617524167406089E+002 -0.263816599855269E+000  0.609459956490998E+000 -0.107536384819057E+002 -0.897786304250133E+004
  0.964782273953656E+000  0.179557187904628E+005 -0.193794142865183E+002  0.625876683353332E+002 -0.254713835838170E+000  0.587748840034312E+000 -0.107536384819057E+002 -0.897785939523141E+004
  0.964782273953656E+000  0.179557060121325E+005 -0.194046333844903E+002  0.616597563446031E+002 -0.246429068674541E+000  0.582161374422078E+000 -0.107536384819057E+002 -0.897785300606623E+004
  0.964782273953656E+000  0.179557038152063E+005 -0.194062921556245E+002  0.616132686523536E+002 -0.261359708545255E+000  0.596702074800334E+000 -0.107536384819057E+002 -0.897785190760314E+004
  0.964782273953656E+000  0.179556777484148E+005 -0.193885378964294E+002  0.619596616426676E+002 -0.230574277337688E+000  0.607599614604190E+000 -0.107536384819057E+002 -0.897783887420741E+004
  0.964782273953656E+000  0.179556635128408E+005 -0.193599435877083E+002  0.630067855279735E+002 -0.256976973944800E+000  0.587604274396069E+000 -0.107536384819057E+002 -0.897783175642040E+004
  0.964782273953656E+000  0.179556634241018E+005 -0.193830720215696E+002  0.620364325317434E+002 -0.203955263990614E+000  0.601136909148321E+000 -0.107536384819057E+002 -0.897783171205091E+004
  0.964782273953656E+000  0.179556514264281E+005 -0.193715463833570E+002  0.625101813327802E+002 -0.215080928532192E+000  0.578571493288237E+000 -0.107536384819057E+002 -0.897782571321407E+004
  0.964782273953656E+000  0.179556278534425E+005 -0.193737710677286E+002  0.625099728500978E+002 -0.245214904595985E+000  0.607400371379629E+000 -0.107536384819057E+002 -0.897781392672125E+004
  0.964782273953656E+000  0.179555988216490E+005 -0.193747697755658E+002  0.626756873785733E+002 -0.264805192513444E+000  0.605189513882244E+000 -0.107536384819057E+002 -0.897779941082450E+004
  0.964782273953656E+000  0.179555892251223E+005 -0.193787804966074E+002  0.624115108690000E+002 -0.252770893631836E+000  0.608566533768508E+000 -0.107536384819057E+002 -0.897779461256117E+004
  0.964782273953656E+000  0.179555892081448E+005 -0.193604921663962E+002  0.630617104951520E+002 -0.261077434783189E+000  0.596659278144537E+000 -0.107536384819057E+002 -0.897779460407241E+004
  0.964782273953656E+000  0.179555737987022E+005 -0.193690364246109E+002  0.626139176941996E+002 -0.214057627985125E+000  0.583683453253866E+000 -0.107536384819057E+002 -0.897778689935110E+004
  0.964782273953656E+000  0.179555434336267E+005 -0.193997425813976E+002  0.618486895642329E+002 -0.254255230857815E+000  0.583347139291654E+000 -0.107536384819057E+002 -0.897777171681337E+004
  0.964782273953656E+000  0.179555386482880E+005 -0.193689697550831E+002  0.625769533419719E+002 -0.234940440199030E+000  0.582749391252159E+000 -0.107536384819057E+002 -0.897776932414402E+004
  0.964782273953656E+000  0.179555345016243E+005 -0.194094496093445E+002  0.615167634323160E+002 -0.220593448880899E+000  0.598990756048176E+000 -0.107536384819057E+002 -0.897776725081214E+004
  0.964782273953656E+000  0.179555214492687E+005 -0.194025809646815E+002  0.615238671098783E+002 -0.205162115182570E+000  0.602463640741210E+000 -0.107536384819057E+002 -0.897776072463435E+004
  0.964782273953656E+000  0.179555209324377E+005 -0.193761783732636E+002  0.626894292350809E+002 -0.258644983266303E+000  0.593479185638510E+000 -0.107536384819057E+002 -0.897776046621884E+004
  0.964782273953656E+000  0.179555200115632E+005 -0.193908886606516E+002  0.622677021421760E+002 -0.275929760723197E+000  0.592769815378843E+000 -0.107536384819057E+002 -0.897776000578160E+004
  0.964782273953656E+000  0.179555177907171E+005 -0.193979008799137E+002  0.617274515010814E+002 -0.231237358076380E+000  0.582827305825983E+000 -0.107536384819057E+002 -0.897775889535853E+004
  0.964782273953656E+000  0.179555144388333E+005 -0.193851396954111E+002  0.620098900838930E+002 -0.215236505490160E+000  0.583038326064313E+000 -0.107536384819057E+002 -0.897775721941667E+004
  0.964782273953656E+000  0.179555019137340E+005 -0.193967750975101E+002  0.616924046636510E+002 -0.203603550046865E+000  0.585671083853167E+000 -0.107536384819057E+002 -0.897775095686701E+004
  0.964782273953656E+000  0.179554989113774E+005 -0.193591624162017E+002  0.629398799119615E+002 -0.235120241035954E+000  0.581785061885545E+000 -0.107536384819057E+002 -0.897774945568869E+004
  0.964782273953656E+000  0.179554897162522E+005 -0.193662841357022E+002  0.627862723210224E+002 -0.257213162674893E+000  0.600537836609099E+000 -0.107536384819057E+002 -0.897774485812612E+004
  0.964782273953656E+000  0.179554819100991E+005 -0.193566539345539E+002  0.629715532554227E+002 -0.237958201955113E+000  0.589949219474716E+000 -0.107536384819057E+002 -0.897774095504957E+004
  0.964782273953656E+000  0.179554617660657E+005 -0.194038055676119E+002  0.616238540808591E+002 -0.213988352500232E+000  0.600141165815100E+000 -0.107536384819057E+002 -0.897773088303284E+004
  0.964782273953656E+000  0.179554560332184E+005 -0.193710000477064E+002  0.625817685912932E+002 -0.251616878253585E+000  0.599862625978274E+000 -0.107536384819057E+002 -0.897772801660922E+004
  0.964782273953656E+000  0.179554465553980E+005 -0.193805408210645E+002  0.621605645650344E+002 -0.220877033773397E+000  0.583484680725973E+000 -0.107536384819057E+002 -0.897772327769901E+004
  0.964782273953656E+000  0.179554451476727E+005 -0.193576151906308E+002  0.630359441734970E+002 -0.241357177884834E+000  0.584168146987568E+000 -0.107536384819057E+002 -0.897772257383634E+004
  0.964782273953656E+000  0.179554309944148E+005 -0.194201987207897E+002  0.613537288505383E+002 -0.251268453096183E+000  0.596397190394774E+000 -0.107536384819057E+002 -0.897771549720742E+004
  0.964782273953656E+000  0.179554200510641E+005 -0.194244854413002E+002  0.610053151564816E+002 -0.226722915157929E+000  0.595732783347087E+000 -0.107536384819057E+002 -0.897771002553205E+004
  0.964782273953656E+000  0.179554138803647E+005 -0.193661025984664E+002  0.626956009892868E+002 -0.215806959046991E+000  0.592762790268511E+000 -0.107536384819057E+002 -0.897770694018235E+004
  0.964782273953656E+000  0.179554077889837E+005 -0.193861419658485E+002  0.619836867342235E+002 -0.224713930013123E+000  0.589786148774710E+000 -0.107536384819057E+002 -0.897770389449183E+004
  0.964782273953656E+000  0.179554065676762E+005 -0.194002140035426E+002  0.618947743372259E+002 -0.272116494180917E+000  0.604163216925824E+000 -0.107536384819057E+002 -0.897770328383810E+004
  0.964782273953656E+000  0.179553855511958E+005 -0.193866698532013E+002  0.621946247658871E+002 -0.240936335775028E+000  0.578368838038209E+000 -0.107536384819057E+002 -0.897769277559788E+004
  0.964782273953656E+000  0.179553756611406E+005 -0.193915916247682E+002  0.622497294353084E+002 -0.272227287864738E+000  0.591717085571732E+000 -0.107536384819057E+002 -0.897768783057028E+004
  0.964782273953656E+000  0.179553736024426E+005 -0.193960138302719E+002  0.618541777385270E+002 -0.219997267168095E+000  0.580634707335934E+000 -0.107536384819057E+002 -0.897768680122130E+004
  0.964782273953656E+000  0.179553286537680E+005 -0.193879464396399E+002  0.620336702510673E+002 -0.212806874827076E+000  0.602896262896958E+000 -0.107536384819057E+002 -0.897766432688400E+004
  0.964782273953656E+000  0.179552680898225E+005 -0.193742868417111E+002  0.626417782543425E+002 -0.239912198755034E+000  0.586903678913484E+000 -0.107536384819057E+002 -0.897763404491125E+004
  0.964782273953656E+000  0.179552601714115E+005 -0.194021620297395E+002  0.615800191429390E+002 -0.212822913725252E+000  0.604919061058492E+000 -0.107536384819057E+002 -0.897763008570576E+004
  0.964782273953656E+000  0.179552461508543E+005 -0.193777484290914E+002  0.622372650487223E+002 -0.214119665790096E+000  0.583884093110355E+000 -0.107536384819057E+002 -0.897762307542717E+004
  0.964782273953656E+000  0.179552454510139E+005 -0.193647489172938E+002  0.628178007594797E+002 -0.239982396380552E+000  0.601477367160945E+000 -0.107536384819057E+002 -0.897762272550697E+004
  0.964782273953656E+000  0.179552282663677E+005 -0.193944259063103E+002  0.619975429254185E+002 -0.225938465934084E+000  0.591885595606665E+000 -0.107536384819057E+002 -0.897761413318385E+004
  0.964782273953656E+000  0.179552214095857E+005 -0.194091062434251E+002  0.614824641182329E+002 -0.229171502820754E+000  0.608527392368345E+000 -0.107536384819057E+002 -0.897761070479285E+004
  0.964782273953656E+000  0.179552029424261E+005 -0.193780457862564E+002  0.621917494744505E+002 -0.211855000849434E+000  0.591272847936956E+000 -0.107536384819057E+002 -0.897760147121306E+004
  0.964782273953656E+000  0.179552019195406E+005 -0.193906437517459E+002  0.619128036370554E+002 -0.212804643931715E+000  0.581928207297429E+000 -0.107536384819057E+002 -0.897760095977030E+004
  0.964782273953656E+000  0.179551960652158E+005 -0.194170472529037E+002  0.612198136630609E+002 -0.228180229127498E+000  0.589669865275352E+000 -0.107536384819057E+002 -0.897759803260789E+004
  0.964782273953656E+000  0.179551901837598E+005 -0.194037830806588E+002  0.615048874082899E+002 -0.207047860375521E+000  0.590523182415732E+000 -0.107536384819057E+002 -0.897759509187992E+004
  0.964782273953656E+000  0.179551774372571E+005 -0.193951887761804E+002  0.620651264182049E+002 -0.254720876796533E+000  0.607230092756639E+000 -0.107536384819057E+002 -0.897758871862857E+004
  0.964782273953656E+000  0.179551713788017E+005 -0.194007641646733E+002  0.617232618603927E+002 -0.215062599186386E+000  0.591674753836665E+000 -0.107536384819057E+002 -0.897758568940084E+004
  0.964782273953656E+000  0.179551693574101E+005 -0.193815081619445E+002  0.622764623705710E+002 -0.233547312152855E+000  0.607562830915029E+000 -0.107536384819057E+002 -0.897758467870503E+004
  0.964782273953656E+000  0.179551674875034E+005 -0.193689181249230E+002  0.628537833326507E+002 -0.260722739987740E+000  0.592505844516658E+000 -0.107536384819057E+002 -0.897758374375168E+004
  0.964782273953656E+000  0.179551480673168E+005 -0.193896395605108E+002  0.620193084637542E+002 -0.242091035532264E+000  0.584710028482240E+000 -0.107536384819057E+002 -0.897757403365842E+004
  0.964782273953656E+000  0.179551355249396E+005 -0.194043182723943E+002  0.614931061043454E+002 -0.208265049265034E+000  0.599584017678686E+000 -0.107536384819057E+002 -0.897756776246979E+004
  0.964782273953656E+000  0.179551315916628E+005 -0.193831586938032E+002  0.623193249530893E+002 -0.254628218154692E+000  0.584171764721834E+000 -0.107536384819057E+002 -0.897756579583139E+004
  0.964782273953656E+000  0.179551314331024E+005 -0.194148919034337E+002  0.612341419462774E+002 -0.230033024728697E+000  0.596072665253141E+000 -0.107536384819057E+002 -0.897756571655122E+004
  0.964782273953656E+000  0.179551307614627E+005 -0.193901546230028E+002  0.622347558431736E+002 -0.256223579659469E+000  0.585889127544389E+000 -0.107536384819057E+002 -0.897756538073136E+004
  0.964782273953656E+000  0.179551292640358E+005 -0.194106118176330E+002  0.613735048297843E+002 -0.212383213552646E+000  0.596317199065001E+000 -0.107536384819057E+002 -0.897756463201791E+004
  0.964782273953656E+000  0.179550741795378E+005 -0.194090840841825E+002  0.614269339673796E+002 -0.236416596145655E+000  0.605442261210283E+000 -0.107536384819057E+002 -0.897753708976892E+004
  0.964782273953656E+000  0.179550624250946E+005 -0.193924160223929E+002  0.620465068900042E+002 -0.246933023966367E+000  0.581898768470611E+000 -0.107536384819057E+002 -0.897753121254732E+004
  0.964782273953656E+000  0.179550602774221E+005 -0.193963079342858E+002  0.619985971653770E+002 -0.238759695540353E+000  0.600463300645016E+000 -0.107536384819057E+002 -0.897753013871103E+004
  0.964782273953656E+000  0.179550515786533E+005 -0.193998355440536E+002  0.618472560046799E+002 -0.232804697677363E+000  0.602719621096241E+000 -0.107536384819057E+002 -0.897752578932664E+004
  0.964782273953656E+000  0.179550034333195E+005 -0.193822213303240E+002  0.622572747234739E+002 -0.220817594197052E+000  0.582041431453551E+000 -0.107536384819057E+002 -0.897750171665975E+004
  0.964782273953656E+000  0.179549762537336E+005 -0.193951408280348E+002  0.619016530666230E+002 -0.223900275999973E+000  0.603857864082476E+000 -0.107536384819057E+002 -0.897748812686680E+004
  0.964782273953656E+000  0.179549303764617E+005 -0.193792966139201E+002  0.623079342991987E+002 -0.241401567749505E+000  0.603400322575349E+000 -0.107536384819057E+002 -0.897746518823084E+004
  0.964782273953656E+000  0.179549122414259E+005 -0.194142350391981E+002  0.612852659852652E+002 -0.220584065475202E+000  0.600744009692495E+000 -0.107536384819057E+002 -0.897745612071294E+004
  0.964782273953656E+000  0.179548969682903E+005 -0.193966274670270E+002  0.618668579200474E+002 -0.225388070339685E+000  0.583459214503216E+000 -0.107536384819057E+002 -0.897744848414517E+004
  0.964782273953656E+000  0.179548937113776E+005 -0.193807585164727E+002  0.622028374424971E+002 -0.209677029091722E+000  0.587434491103787E+000 -0.107536384819057E+002 -0.897744685568879E+004
  0.964782273953656E+000  0.179548623421081E+005 -0.194025632055823E+002  0.617316783816339E+002 -0.225277276358416E+000  0.593083247526649E+000 -0.107536384819057E+002 -0.897743117105403E+004
  0.964782273953656E+000  0.179548532525127E+005 -0.193937325512881E+002  0.619128151293414E+002 -0.241334673187168E+000  0.607322885085010E+000 -0.107536384819057E+002 -0.897742662625637E+004
  0.964782273953656E+000  0.179548467081861E+005 -0.193742866608001E+002  0.623821758578326E+002 -0.219865541061430E+000  0.585199530896166E+000 -0.107536384819057E+002 -0.897742335409307E+004
  0.964782273953656E+000  0.179548335759528E+005 -0.193939243833024E+002  0.617595118288928E+002 -0.211054579661337E+000  0.592133535558602E+000 -0.107536384819057E+002 -0.897741678797641E+004
  0.964782273953656E+000  0.179548313333510E+005 -0.193754148779354E+002  0.625620582410548E+002 -0.253641972143512E+000  0.585704503613790E+000 -0.107536384819057E+002 -0.897741566667548E+004
  0.964782273953656E+000  0.179548310737077E+005 -0.194003326682640E+002  0.618840810640852E+002 -0.241545705972902E+000  0.588805080398350E+000 -0.107536384819057E+002 -0.897741553685387E+004
  0.964782273953656E+000  0.179547859515875E+005 -0.194022721979092E+002  0.616294196462891E+002 -0.215722884689748E+000  0.599998639743796E+000 -0.107536384819057E+002 -0.897739297579376E+004
  0.964782273953656E+000  0.179547754620766E+005 -0.194122582656926E+002  0.614163977832573E+002 -0.248421869267467E+000  0.601372455093532E+000 -0.107536384819057E+002 -0.897738773103828E+004
  0.964782273953656E+000  0.179547694828703E+005 -0.193926870630923E+002  0.617955231680714E+002 -0.215134525298124E+000  0.595152039643068E+000 -0.107536384819057E+002 -0.897738474143513E+004
  0.964782273953656E+000  0.179547537969227E+005 -0.194002732984897E+002  0.616569967609664E+002 -0.211420629785196E+000  0.593122954318723E+000 -0.107536384819057E+002 -0.897737689846134E+004
  0.964782273953656E+000  0.179547105994204E+005 -0.193877397397388E+002  0.622027689268351E+002 -0.261669168255990E+000  0.593031160315021E+000 -0.107536384819057E+002 -0.897735529971020E+004
  0.964782273953656E+000  0.179546854874603E+005 -0.193841686612594E+002  0.623273335077734E+002 -0.261767746421856E+000  0.591289543564525E+000 -0.107536384819057E+002 -0.897734274373015E+004
  0.964782273953656E+000  0.179546762427398E+005 -0.193937624547507E+002  0.618797340252271E+002 -0.216254627283627E+000  0.599650815300279E+000 -0.107536384819057E+002 -0.897733812136991E+004
  0.964782273953656E+000  0.179546054964297E+005 -0.193905656840210E+002  0.622275961236925E+002 -0.257891247940668E+000  0.599340430590976E+000 -0.107536384819057E+002 -0.897730274821486E+004
  0.964782273953656E+000  0.179545752873989E+005 -0.193693025609137E+002  0.626286794678390E+002 -0.242052554494673E+000  0.594587173237821E+000 -0.107536384819057E+002 -0.897728764369944E+004
  0.964782273953656E+000  0.179545697145180E+005 -0.193975726952780E+002  0.617603407095781E+002 -0.239142450618110E+000  0.594795920890906E+000 -0.107536384819057E+002 -0.897728485725898E+004
  0.964782273953656E+000  0.179545697009819E+005 -0.194040887716699E+002  0.618310531366625E+002 -0.259744042730044E+000  0.597704956490693E+000 -0.107536384819057E+002 -0.897728485049097E+004
  0.964782273953656E+000  0.179545338468967E+005 -0.193877758370848E+002  0.622565978913696E+002 -0.245380711802131E+000  0.598032763008701E+000 -0.107536384819057E+002 -0.897726692344833E+004
  0.964782273953656E+000  0.179545065041574E+005 -0.194086289830557E+002  0.614765224309342E+002 -0.227712142641674E+000  0.590286060231985E+000 -0.107536384819057E+002 -0.897725325207869E+004
  0.964782273953656E+000  0.179544694015410E+005 -0.193746082869858E+002  0.624373898299449E+002 -0.234780614891578E+000  0.598718858971072E+000 -0.107536384819057E+002 -0.897723470077051E+004
  0.964782273953656E+000  0.179544387892057E+005 -0.194069508318662E+002  0.615231202128126E+002 -0.232740197735474E+000  0.603627319236503E+000 -0.107536384819057E+002 -0.897721939460284E+004
  0.964782273953656E+000  0.179544004909444E+005 -0.193836245581360E+002  0.622648268413442E+002 -0.241636076607805E+000  0.603914920438365E+000 -0.107536384819057E+002 -0.897720024547221E+004
  0.964782273953656E+000  0.179543930753155E+005 -0.193964856072200E+002  0.618912204098522E+002 -0.227788770596806E+000  0.589363636400250E+000 -0.107536384819057E+002 -0.897719653765777E+004
  0.964782273953656E+000  0.179543911844727E+005 -0.193969687965718E+002  0.618530112302843E+002 -0.243851354075838E+000  0.605047700680286E+000 -0.107536384819057E+002 -0.897719559223637E+004
  0.964782273953656E+000  0.179542857441939E+005 -0.193896687658639E+002  0.620578622873390E+002 -0.238241285515004E+000  0.585951712899062E+000 -0.107536384819057E+002 -0.897714287209693E+004
  0.964782273953656E+000  0.179542570993507E+005 -0.193863103597020E+002  0.622882700862201E+002 -0.249171997796882E+000  0.598995310629970E+000 -0.107536384819057E+002 -0.897712854967535E+004
  0.964782273953656E+000  0.179542536079880E+005 -0.193746741045461E+002  0.624984777477693E+002 -0.231014863608901E+000  0.588527697777912E+000 -0.107536384819057E+002 -0.897712680399398E+004
  0.964782273953656E+000  0.179542328832517E+005 -0.193865468053746E+002  0.620569078102388E+002 -0.222696568096069E+000  0.588772724710733E+000 -0.107536384819057E+002 -0.897711644162585E+004
  0.964782273953656E+000  0.179542257892814E+005 -0.193771586140680E+002  0.623802494309488E+002 -0.238412091322153E+000  0.593211608242856E+000 -0.107536384819057E+002 -0.897711289464068E+004
  0.964782273953656E+000  0.179542215667020E+005 -0.193827637119043E+002  0.623848189998030E+002 -0.250180619387003E+000  0.598391127715207E+000 -0.107536384819057E+002 -0.897711078335099E+004
  0.964782273953656E+000  0.179542068071992E+005 -0.194040763720600E+002  0.615720411076997E+002 -0.224795184908640E+000  0.596327452103433E+000 -0.107536384819057E+002 -0.897710340359958E+004
  0.964782273953656E+000  0.179541890446013E+005 -0.193976628678112E+002  0.619605249455078E+002 -0.254014571772367E+000  0.601206143193033E+000 -0.107536384819057E+002 -0.897709452230065E+004
  0.964782273953656E+000  0.179541766590223E+005 -0.193921694109595E+002  0.618835259585466E+002 -0.225328700701954E+000  0.593104436946422E+000 -0.107536384819057E+002 -0.897708832951114E+004
  0.964782273953656E+000  0.179541743582375E+005 -0.193879317998237E+002  0.622409623058299E+002 -0.254951561919976E+000  0.600115209565958E+000 -0.107536384819057E+002 -0.897708717911876E+004
  0.964782273953656E+000  0.179541707297038E+005 -0.193969643979460E+002  0.619207175470555E+002 -0.238693934780034E+000  0.589423555754522E+000 -0.107536384819057E+002 -0.897708536485192E+004
  0.964782273953656E+000  0.179541628941142E+005 -0.193769997059917E+002  0.624930074257295E+002 -0.238847446081458E+000  0.592014782148905E+000 -0.107536384819057E+002 -0.897708144705711E+004
  0.964782273953656E+000  0.179541283818566E+005 -0.193997543924499E+002  0.618738288201772E+002 -0.252320788249012E+000  0.601761979039708E+000 -0.107536384819057E+002 -0.897706419092828E+004
  0.964782273953656E+000  0.179541049023562E+005 -0.193789968643882E+002  0.623503420831781E+002 -0.229358050398745E+000  0.596530601296558E+000 -0.107536384819057E+002 -0.897705245117808E+004
  0.964782273953656E+000  0.179539548056456E+005 -0.193830442162396E+002  0.621936264807258E+002 -0.227559646489986E+000  0.592444160817306E+000 -0.107536384819057E+002 -0.897697740282281E+004
  0.964782273953656E+000  0.179538243271798E+005 -0.193898733396388E+002  0.621308516662840E+002 -0.245786274349734E+000  0.597550436755192E+000 -0.107536384819057E+002 -0.897691216358990E+004
