 -0.193916853939773E+002  0.620457394896911E+002 -0.238622897931488E+000  0.596535324020314E+000 -0.107536384819057E+002 -0.897689192228980E+004 -0.897689192228980E+004
 -0.193874344061636E+002  0.621601325331807E+002 -0.241198870488173E+000  0.595791202756341E+000 -0.107536384819057E+002 -0.897686784577729E+004 -0.897686784577729E+004
 -0.193965286227593E+002  0.619059373042958E+002 -0.238010496258476E+000  0.595837560517066E+000 -0.107536384819057E+002 -0.897690643400879E+004 -0.897690643400879E+004
 -0.193914936825543E+002  0.620278904935843E+002 -0.235346200752459E+000  0.597453372080120E+000 -0.107536384819057E+002 -0.897690650292708E+004 -0.897690650292708E+004
 -0.193938097873917E+002  0.619958999415266E+002 -0.243630344357918E+000  0.593499950891374E+000 -0.107536384819057E+002 -0.897688693077289E+004 -0.897688693077289E+004
 -0.193862406712429E+002  0.622016302683004E+002 -0.240026138922928E+000  0.594347907577165E+000 -0.107536384819057E+002 -0.897688167867091E+004 -0.897688167867091E+004
 -0.193962983082082E+002  0.619221863814744E+002 -0.241127311450012E+000  0.596978129491523E+000 -0.107536384819057E+002 -0.897689515434690E+004 -0.897689515434690E+004
 -0.193896450450692E+002  0.621280446281063E+002 -0.245981501139375E+000  0.596853938739730E+000 -0.107536384819057E+002 -0.897688991551530E+004 -0.897688991551530E+004
 -0.193923819004215E+002  0.620397871548472E+002 -0.241841974717075E+000  0.597018048558011E+000 -0.107536384819057E+002 -0.897688964867564E+004 -0.897688964867564E+004
 -0.193879657979198E+002  0.621652114540093E+002 -0.244680081402165E+000  0.597094906490311E+000 -0.107536384819057E+002 -0.897688993171100E+004 -0.897688993171100E+004
 -0.193900967795889E+002  0.621009191700129E+002 -0.243851097319782E+000  0.596664175647104E+000 -0.107536384819057E+002 -0.897687315611524E+004 -0.897687315611524E+004
 -0.193954313231821E+002  0.619209971830534E+002 -0.242880974033463E+000  0.596196495252138E+000 -0.107536384819057E+002 -0.897687998997993E+004 -0.897687998997993E+004
 -0.193945889772536E+002  0.619273124819223E+002 -0.238768094002735E+000  0.599282017179590E+000 -0.107536384819057E+002 -0.897690820851470E+004 -0.897690820851470E+004
 -0.193866610846801E+002  0.622033013276976E+002 -0.242915580783980E+000  0.593203370302372E+000 -0.107536384819057E+002 -0.897689102569425E+004 -0.897689102569425E+004
 -0.193900862631573E+002  0.620390735618299E+002 -0.231696504141622E+000  0.596306541195718E+000 -0.107536384819057E+002 -0.897690344766615E+004 -0.897690344766615E+004
 -0.193966906685572E+002  0.618565853269874E+002 -0.234588516973042E+000  0.593728595194055E+000 -0.107536384819057E+002 -0.897689643612478E+004 -0.897689643612478E+004
 -0.193896564581048E+002  0.620972543708797E+002 -0.244562786879396E+000  0.593061800702406E+000 -0.107536384819057E+002 -0.897689980171430E+004 -0.897689980171430E+004
 -0.193901271016839E+002  0.620500977257288E+002 -0.233333331119389E+000  0.592717989438828E+000 -0.107536384819057E+002 -0.897688958315540E+004 -0.897688958315540E+004
 -0.193953072804436E+002  0.619468381633869E+002 -0.246848349266175E+000  0.596263429590832E+000 -0.107536384819057E+002 -0.897690141602570E+004 -0.897690141602570E+004
 -0.193853960078067E+002  0.621958408693550E+002 -0.240872448574555E+000  0.594727903310224E+000 -0.107536384819057E+002 -0.897688772702939E+004 -0.897688772702939E+004
 -0.193949389182093E+002  0.619210900311987E+002 -0.234859599698783E+000  0.593440862698800E+000 -0.107536384819057E+002 -0.897689126506336E+004 -0.897689126506336E+004
 -0.193865050408200E+002  0.621655023383583E+002 -0.237742605456789E+000  0.596207341103607E+000 -0.107536384819057E+002 -0.897687797484510E+004 -0.897687797484510E+004
 -0.193960394766628E+002  0.619129554558870E+002 -0.240374068423924E+000  0.597268778454554E+000 -0.107536384819057E+002 -0.897687911373520E+004 -0.897687911373520E+004
 -0.193888877852313E+002  0.621038879267521E+002 -0.243219817357074E+000  0.597324434244749E+000 -0.107536384819057E+002 -0.897689444090236E+004 -0.897689444090236E+004
 -0.193943182745959E+002  0.619946218685366E+002 -0.246364344904606E+000  0.596825887842570E+000 -0.107536384819057E+002 -0.897688965485658E+004 -0.897688965485658E+004
 -0.193935314072458E+002  0.619489896642570E+002 -0.238157585093304E+000  0.598231152650538E+000 -0.107536384819057E+002 -0.897689092797325E+004 -0.897689092797325E+004
 -0.193912069533145E+002  0.620431640808523E+002 -0.244067515232242E+000  0.594313021588708E+000 -0.107536384819057E+002 -0.897689108433927E+004 -0.897689108433927E+004
 -0.193916424558141E+002  0.620431465079614E+002 -0.239298783255607E+000  0.594870504325576E+000 -0.107536384819057E+002 -0.897686708143930E+004 -0.897686708143930E+004
 -0.193985223651045E+002  0.618386049477116E+002 -0.244082604349622E+000  0.597380495332521E+000 -0.107536384819057E+002 -0.897690896382155E+004 -0.897690896382155E+004
 -0.193984182474522E+002  0.618377386150140E+002 -0.241254855875907E+000  0.597351632014621E+000 -0.107536384819057E+002 -0.897689199143343E+004 -0.897689199143343E+004
 -0.193968269684533E+002  0.618920865489748E+002 -0.237257841011665E+000  0.594435140712885E+000 -0.107536384819057E+002 -0.897690835868918E+004 -0.897690835868918E+004
 -0.193958151675283E+002  0.619078445256968E+002 -0.239272956158080E+000  0.596709965856377E+000 -0.107536384819057E+002 -0.897687052019208E+004 -0.897687052019208E+004
 -0.193908859359132E+002  0.620302308345265E+002 -0.242231713321357E+000  0.594935276287369E+000 -0.107536384819057E+002 -0.897690543861881E+004 -0.897690543861881E+004
 -0.193901879998043E+002  0.621115700057502E+002 -0.241510408678407E+000  0.595774412772281E+000 -0.107536384819057E+002 -0.897690596710880E+004 -0.897690596710880E+004
 -0.193906461610316E+002  0.620068031359329E+002 -0.232608453020700E+000  0.592104828085524E+000 -0.107536384819057E+002 -0.897690568119480E+004 -0.897690568119480E+004
 -0.193857337180445E+002  0.622033116909793E+002 -0.238193991384462E+000  0.595126494893540E+000 -0.107536384819057E+002 -0.897688397243097E+004 -0.897688397243097E+004
 -0.193904638100069E+002  0.620521161457340E+002 -0.241589634650736E+000  0.598182064515941E+000 -0.107536384819057E+002 -0.897689426852125E+004 -0.897689426852125E+004
 -0.193883621115636E+002  0.620856846672344E+002 -0.237661974267492E+000  0.596668508684241E+000 -0.107536384819057E+002 -0.897689306108929E+004 -0.897689306108929E+004
 -0.193882430011290E+002  0.621283351838993E+002 -0.239637925248110E+000  0.594039895133665E+000 -0.107536384819057E+002 -0.897686082245936E+004 -0.897686082245936E+004
 -0.193902033994757E+002  0.620197607542701E+002 -0.236373736779269E+000  0.595445876347284E+000 -0.107536384819057E+002 -0.897689883526328E+004 -0.897689883526328E+004
 -0.193951158676389E+002  0.619465000094197E+002 -0.244508100713199E+000  0.597966403019614E+000 -0.107536384819057E+002 -0.897688884604990E+004 -0.897688884604990E+004
 -0.193927696751276E+002  0.619824575259985E+002 -0.235735469120591E+000  0.593428505372443E+000 -0.107536384819057E+002 -0.897687302379061E+004 -0.897687302379061E+004
 -0.193951944931757E+002  0.619546161430846E+002 -0.243704696065164E+000  0.595193993207235E+000 -0.107536384819057E+002 -0.897687669742932E+004 -0.897687669742932E+004
 -0.193993475957229E+002  0.618309988368612E+002 -0.243152659885786E+000  0.597786048044889E+000 -0.107536384819057E+002 -0.897690913331954E+004 -0.897690913331954E+004
 -0.193918616379066E+002  0.620136021036817E+002 -0.242764858585464E+000  0.594980649546645E+000 -0.107536384819057E+002 -0.897688701261968E+004 -0.897688701261968E+004
 -0.193931246116916E+002  0.620152507977907E+002 -0.246358346061406E+000  0.597824492147206E+000 -0.107536384819057E+002 -0.897689271233124E+004 -0.897689271233124E+004
 -0.193934157618632E+002  0.619675338417279E+002 -0.240678370093637E+000  0.595324107528754E+000 -0.107536384819057E+002 -0.897686646981917E+004 -0.897686646981917E+004
 -0.193941674274423E+002  0.619426063219010E+002 -0.233252544354425E+000  0.593421053345278E+000 -0.107536384819057E+002 -0.897690675993124E+004 -0.897690675993124E+004
 -0.193907331596682E+002  0.620315077273228E+002 -0.236890714098480E+000  0.596283818098600E+000 -0.107536384819057E+002 -0.897686358810080E+004 -0.897686358810080E+004
 -0.193930952706001E+002  0.619757958297621E+002 -0.243398654899767E+000  0.595875622160053E+000 -0.107536384819057E+002 -0.897690213063167E+004 -0.897690213063167E+004
 -0.193923290480666E+002  0.620384302665276E+002 -0.241103350418309E+000  0.594398192677032E+000 -0.107536384819057E+002 -0.897687995544986E+004 -0.897687995544986E+004
 -0.193963570111120E+002  0.618592985812376E+002 -0.234045745275906E+000  0.595657750641056E+000 -0.107536384819057E+002 -0.897688795425459E+004 -0.897688795425459E+004
 -0.193987058763022E+002  0.618397635654204E+002 -0.242866676464611E+000  0.596406975487218E+000 -0.107536384819057E+002 -0.897689438172494E+004 -0.897689438172494E+004
 -0.193916307078369E+002  0.619889033677529E+002 -0.233307570751334E+000  0.595661564549913E+000 -0.107536384819057E+002 -0.897687661976513E+004 -0.897687661976513E+004
 -0.193904561557964E+002  0.620551551311866E+002 -0.240756984638683E+000  0.598241979012871E+000 -0.107536384819057E+002 -0.897688759309899E+004 -0.897688759309899E+004
 -0.193883772672826E+002  0.621016317007987E+002 -0.238282097319871E+000  0.594028418316659E+000 -0.107536384819057E+002 -0.897686677809273E+004 -0.897686677809273E+004
 -0.193964604598022E+002  0.618413093103918E+002 -0.232575398151410E+000  0.596106260057388E+000 -0.107536384819057E+002 -0.897690383460527E+004 -0.897690383460527E+004
 -0.193947156508178E+002  0.619202055490054E+002 -0.241992143094279E+000  0.597222198959062E+000 -0.107536384819057E+002 -0.897690890795893E+004 -0.897690890795893E+004
 -0.193820547806458E+002  0.622972906096827E+002 -0.240075449748740E+000  0.594531294955285E+000 -0.107536384819057E+002 -0.897690800301105E+004 -0.897690800301105E+004
 -0.193855356969847E+002  0.621641205640659E+002 -0.232168490294437E+000  0.594840279715275E+000 -0.107536384819057E+002 -0.897690196078231E+004 -0.897690196078231E+004
 -0.193863627678504E+002  0.621412401062289E+002 -0.233367168514676E+000  0.594756389819663E+000 -0.107536384819057E+002 -0.897688701593108E+004 -0.897688701593108E+004
 -0.193926269210164E+002  0.620251264924792E+002 -0.240162622967425E+000  0.592050336193916E+000 -0.107536384819057E+002 -0.897690733112603E+004 -0.897690733112603E+004
 -0.193835322556195E+002  0.622735757191771E+002 -0.240476216174208E+000  0.595857121886897E+000 -0.107536384819057E+002 -0.897690366354375E+004 -0.897690366354375E+004
 -0.193938525635742E+002  0.619587928474595E+002 -0.239940041149620E+000  0.595494976062582E+000 -0.107536384819057E+002 -0.897685969353181E+004 -0.897685969353181E+004
 -0.193890033310016E+002  0.621381896171615E+002 -0.242214311290292E+000  0.596510084183809E+000 -0.107536384819057E+002 -0.897689058227671E+004 -0.897689058227671E+004
 -0.193844013266940E+002  0.622596746740660E+002 -0.242382219992862E+000  0.594632780740710E+000 -0.107536384819057E+002 -0.897689207512573E+004 -0.897689207512573E+004
 -0.193902934560563E+002  0.620309803974462E+002 -0.236442435534830E+000  0.594794937758397E+000 -0.107536384819057E+002 -0.897687134558585E+004 -0.897687134558585E+004
 -0.193882087673588E+002  0.621794793319191E+002 -0.246938946020641E+000  0.595169068695829E+000 -0.107536384819057E+002 -0.897690009951805E+004 -0.897690009951805E+004
 -0.193890628596470E+002  0.620789870483334E+002 -0.235262753209115E+000  0.593928920984101E+000 -0.107536384819057E+002 -0.897686593708330E+004 -0.897686593708330E+004
 -0.193876124227593E+002  0.621471788824082E+002 -0.237448742381843E+000  0.594459583475117E+000 -0.107536384819057E+002 -0.897687411011675E+004 -0.897687411011675E+004
 -0.193916297095479E+002  0.620272762001499E+002 -0.243119928709631E+000  0.593385254040201E+000 -0.107536384819057E+002 -0.897689650555777E+004 -0.897689650555777E+004
 -0.193871082249664E+002  0.621541924432628E+002 -0.237934510438170E+000  0.595697310077963E+000 -0.107536384819057E+002 -0.897687097588843E+004 -0.897687097588843E+004
 -0.193961703172398E+002  0.619301375833945E+002 -0.241842355253262E+000  0.597838119490462E+000 -0.107536384819057E+002 -0.897690650181050E+004 -0.897690650181050E+004
 -0.193844663985370E+002  0.622485702023851E+002 -0.240277940088360E+000  0.593661609253488E+000 -0.107536384819057E+002 -0.897688912532435E+004 -0.897688912532435E+004
 -0.193865336457966E+002  0.621507784896456E+002 -0.234008652968750E+000  0.596553757122887E+000 -0.107536384819057E+002 -0.897690375526271E+004 -0.897690375526271E+004
 -0.193930964910747E+002  0.619836792684901E+002 -0.237087189978529E+000  0.591804181629367E+000 -0.107536384819057E+002 -0.897689844078985E+004 -0.897689844078985E+004
 -0.193989904075784E+002  0.617915181185893E+002 -0.237300816821031E+000  0.597595124567928E+000 -0.107536384819057E+002 -0.897690870906209E+004 -0.897690870906209E+004
 -0.193826870655173E+002  0.623011839388153E+002 -0.242986729644164E+000  0.595222972885568E+000 -0.107536384819057E+002 -0.897690876454486E+004 -0.897690876454486E+004
 -0.193898069321038E+002  0.620930427781035E+002 -0.239667753473873E+000  0.593455191903250E+000 -0.107536384819057E+002 -0.897686780792637E+004 -0.897686780792637E+004
 -0.193961553872329E+002  0.619016244241343E+002 -0.242557947687551E+000  0.598024981032610E+000 -0.107536384819057E+002 -0.897689012306649E+004 -0.897689012306649E+004
 -0.193933548222063E+002  0.619780865264869E+002 -0.235333261089287E+000  0.593875315460021E+000 -0.107536384819057E+002 -0.897689121741778E+004 -0.897689121741778E+004
 -0.193890893923886E+002  0.620819012639633E+002 -0.233739868281831E+000  0.596224914159635E+000 -0.107536384819057E+002 -0.897689307131289E+004 -0.897689307131289E+004
 -0.193927265858942E+002  0.619643279070714E+002 -0.232299960749955E+000  0.595630335619434E+000 -0.107536384819057E+002 -0.897688831969578E+004 -0.897688831969578E+004
 -0.193937386471809E+002  0.619564919903263E+002 -0.239769840669965E+000  0.593508700273649E+000 -0.107536384819057E+002 -0.897687874406411E+004 -0.897687874406411E+004
 -0.193903664610278E+002  0.620975223013946E+002 -0.245517411747367E+000  0.593313395933808E+000 -0.107536384819057E+002 -0.897689192266257E+004 -0.897689192266257E+004
 -0.193908775477380E+002  0.620490348149178E+002 -0.240792594965586E+000  0.591772706097484E+000 -0.107536384819057E+002 -0.897689829801811E+004 -0.897689829801811E+004
 -0.193966133567085E+002  0.619025489842493E+002 -0.240843437474992E+000  0.596856625965676E+000 -0.107536384819057E+002 -0.897688206505455E+004 -0.897688206505455E+004
 -0.193843411258122E+002  0.622110784963867E+002 -0.238748665772226E+000  0.593060064366623E+000 -0.107536384819057E+002 -0.897690801160703E+004 -0.897690801160703E+004
 -0.193827713786317E+002  0.622811872601453E+002 -0.237876037667534E+000  0.592727213028094E+000 -0.107536384819057E+002 -0.897690512103483E+004 -0.897690512103483E+004
 -0.193899050402225E+002  0.620481705091987E+002 -0.237151125715350E+000  0.596802070266364E+000 -0.107536384819057E+002 -0.897687597684456E+004 -0.897687597684456E+004
 -0.193875533153759E+002  0.621164127098049E+002 -0.237673969296326E+000  0.596790529259362E+000 -0.107536384819057E+002 -0.897688695753434E+004 -0.897688695753434E+004
 -0.193882703721162E+002  0.621396396848910E+002 -0.245932451903718E+000  0.595489129157563E+000 -0.107536384819057E+002 -0.897689670068357E+004 -0.897689670068357E+004
 -0.193840363829378E+002  0.622389292064732E+002 -0.237551161756697E+000  0.592569899806000E+000 -0.107536384819057E+002 -0.897689400579300E+004 -0.897689400579300E+004
 -0.193902515830333E+002  0.620151223247656E+002 -0.231493495929996E+000  0.595988329225286E+000 -0.107536384819057E+002 -0.897689602898634E+004 -0.897689602898634E+004
 -0.193928304283266E+002  0.619673833582679E+002 -0.240403825979043E+000  0.595315054890433E+000 -0.107536384819057E+002 -0.897689421659930E+004 -0.897689421659930E+004
 -0.193914175454648E+002  0.619868355104630E+002 -0.233588503520751E+000  0.592592782548414E+000 -0.107536384819057E+002 -0.897689835778968E+004 -0.897689835778968E+004
 -0.193953594589492E+002  0.619231093611003E+002 -0.236994671320788E+000  0.596051555161097E+000 -0.107536384819057E+002 -0.897688238441932E+004 -0.897688238441932E+004
 -0.193980539918638E+002  0.618520133284224E+002 -0.239966393355870E+000  0.595036284988707E+000 -0.107536384819057E+002 -0.897688785178152E+004 -0.897688785178152E+004
 -0.193941757558648E+002  0.619402062462199E+002 -0.235314028184887E+000  0.593035700975849E+000 -0.107536384819057E+002 -0.897688554659263E+004 -0.897688554659263E+004
 -0.193955980582016E+002  0.618915044882889E+002 -0.235347781677034E+000  0.595100194406465E+000 -0.107536384819057E+002 -0.897687592638633E+004 -0.897687592638633E+004
