  0.100000000000000E+001  0.142537903266316E+004  0.731013398241581E+002  0.285871398934208E+000 -0.340119738166216E+001 -0.712689516331578E+003
  0.100000000000000E+001  0.142598542095935E+004  0.704864718975183E+002  0.281634415862186E+000 -0.340119738166216E+001 -0.712992710479676E+003
  0.100000000000000E+001  0.142636562644543E+004  0.772050456104934E+002  0.314413751067746E+000 -0.340119738166216E+001 -0.713182813222715E+003
  0.100000000000000E+001  0.142659401166523E+004  0.757535948056869E+002  0.340122978932759E+000 -0.340119738166216E+001 -0.713297005832617E+003
  0.100000000000000E+001  0.142895850482890E+004  0.576816626640166E+002  0.314398137683879E+000 -0.340119738166216E+001 -0.714479252414451E+003
  0.100000000000000E+001  0.142689421126594E+004  0.761324867714053E+002  0.290341772894596E+000 -0.340119738166216E+001 -0.713447105632969E+003
  0.100000000000000E+001  0.142844868181709E+004  0.656389133957653E+002  0.389152477642437E+000 -0.340119738166216E+001 -0.714224340908546E+003
  0.100000000000000E+001  0.142495448990864E+004  0.588618405634900E+002  0.324892066106867E+000 -0.340119738166216E+001 -0.712477244954319E+003
  0.100000000000000E+001  0.142460641179336E+004  0.684733871610578E+002  0.372024575860875E+000 -0.340119738166216E+001 -0.712303205896678E+003
  0.100000000000000E+001  0.142380207249160E+004  0.677399879213103E+002  0.371158315326689E+000 -0.340119738166216E+001 -0.711901036245799E+003
  0.100000000000000E+001  0.142346568743962E+004  0.635453125724812E+002  0.373669595579454E+000 -0.340119738166216E+001 -0.711732843719810E+003
  0.100000000000000E+001  0.142344323639204E+004  0.668179497600688E+002  0.371769534120620E+000 -0.340119738166216E+001 -0.711721618196019E+003
  0.100000000000000E+001  0.142343509483570E+004  0.703029063183758E+002  0.289574318731615E+000 -0.340119738166216E+001 -0.711717547417848E+003
  0.100000000000000E+001  0.142339769370372E+004  0.729329627261257E+002  0.293425818231185E+000 -0.340119738166216E+001 -0.711698846851859E+003
  0.100000000000000E+001  0.142327538065538E+004  0.728725144828783E+002  0.293819200733611E+000 -0.340119738166216E+001 -0.711637690327690E+003
  0.100000000000000E+001  0.142325845895022E+004  0.597525124997631E+002  0.327366674052161E+000 -0.340119738166216E+001 -0.711629229475109E+003
  0.100000000000000E+001  0.142317436830224E+004  0.737783538612322E+002  0.339305735953191E+000 -0.340119738166216E+001 -0.711587184151118E+003
  0.100000000000000E+001  0.142310643829007E+004  0.710593447713219E+002  0.291241359051268E+000 -0.340119738166216E+001 -0.711553219145036E+003
  0.100000000000000E+001  0.142309933932256E+004  0.742242982048119E+002  0.334240432864495E+000 -0.340119738166216E+001 -0.711549669661278E+003
  0.100000000000000E+001  0.142303819084453E+004  0.605607496688307E+002  0.319958806615618E+000 -0.340119738166216E+001 -0.711519095422267E+003
  0.100000000000000E+001  0.142300375712527E+004  0.684206950230053E+002  0.366482102057725E+000 -0.340119738166216E+001 -0.711501878562634E+003
  0.100000000000000E+001  0.142298897283542E+004  0.700202292439405E+002  0.360971272792037E+000 -0.340119738166216E+001 -0.711494486417709E+003
  0.100000000000000E+001  0.142284118504177E+004  0.722824518399583E+002  0.348845377011835E+000 -0.340119738166216E+001 -0.711420592520884E+003
  0.100000000000000E+001  0.142283361172246E+004  0.601876634856722E+002  0.325484947407424E+000 -0.340119738166216E+001 -0.711416805861230E+003
  0.100000000000000E+001  0.142270589447548E+004  0.747451086288874E+002  0.319832059863972E+000 -0.340119738166216E+001 -0.711352947237738E+003
  0.100000000000000E+001  0.142260682854777E+004  0.727835801696674E+002  0.296850221211454E+000 -0.340119738166216E+001 -0.711303414273883E+003
  0.100000000000000E+001  0.142253871648179E+004  0.734789590830110E+002  0.300225009525420E+000 -0.340119738166216E+001 -0.711269358240895E+003
  0.100000000000000E+001  0.142243725407084E+004  0.615476348305708E+002  0.315613488979352E+000 -0.340119738166216E+001 -0.711218627035418E+003
  0.100000000000000E+001  0.142233381032344E+004  0.729112712872768E+002  0.298836296548113E+000 -0.340119738166216E+001 -0.711166905161721E+003
  0.100000000000000E+001  0.142233370952394E+004  0.603419166893682E+002  0.354538659823604E+000 -0.340119738166216E+001 -0.711166854761971E+003
  0.100000000000000E+001  0.142222356848041E+004  0.606734045075271E+002  0.356927293701874E+000 -0.340119738166216E+001 -0.711111784240206E+003
  0.100000000000000E+001  0.142220051901237E+004  0.655379086231871E+002  0.299108323080233E+000 -0.340119738166216E+001 -0.711100259506185E+003
  0.100000000000000E+001  0.142215014261508E+004  0.739457853744859E+002  0.328988366388503E+000 -0.340119738166216E+001 -0.711075071307541E+003
  0.100000000000000E+001  0.142211351557620E+004  0.621281616331291E+002  0.364459602780655E+000 -0.340119738166216E+001 -0.711056757788100E+003
  0.100000000000000E+001  0.142210292321054E+004  0.621493206197569E+002  0.313435528964699E+000 -0.340119738166216E+001 -0.711051461605268E+003
  0.100000000000000E+001  0.142210119979965E+004  0.636594836683761E+002  0.367783290080446E+000 -0.340119738166216E+001 -0.711050599899826E+003
  0.100000000000000E+001  0.142207684129677E+004  0.629465832556427E+002  0.309096787352530E+000 -0.340119738166216E+001 -0.711038420648384E+003
  0.100000000000000E+001  0.142207065377359E+004  0.618852325611222E+002  0.315355968975582E+000 -0.340119738166216E+001 -0.711035326886793E+003
  0.100000000000000E+001  0.142202520821059E+004  0.737657726447849E+002  0.330266961763906E+000 -0.340119738166216E+001 -0.711012604105294E+003
  0.100000000000000E+001  0.142199328494356E+004  0.628407752913539E+002  0.310043082138732E+000 -0.340119738166216E+001 -0.710996642471778E+003
  0.100000000000000E+001  0.142196709996517E+004  0.697531919610782E+002  0.294941850244164E+000 -0.340119738166216E+001 -0.710983549982586E+003
  0.100000000000000E+001  0.142194711039923E+004  0.612709668755578E+002  0.359221990306485E+000 -0.340119738166216E+001 -0.710973555199614E+003
  0.100000000000000E+001  0.142194159726098E+004  0.650747682429189E+002  0.367647064686957E+000 -0.340119738166216E+001 -0.710970798630491E+003
  0.100000000000000E+001  0.142193339995276E+004  0.655187414419544E+002  0.300195559855007E+000 -0.340119738166216E+001 -0.710966699976380E+003
  0.100000000000000E+001  0.142189667545255E+004  0.700504315397272E+002  0.356207735902795E+000 -0.340119738166216E+001 -0.710948337726277E+003
  0.100000000000000E+001  0.142184766468066E+004  0.687637691316081E+002  0.360789149766749E+000 -0.340119738166216E+001 -0.710923832340329E+003
  0.100000000000000E+001  0.142184066193024E+004  0.735071679261951E+002  0.331850917899374E+000 -0.340119738166216E+001 -0.710920330965121E+003
  0.100000000000000E+001  0.142181957020449E+004  0.724402371327654E+002  0.342080395476847E+000 -0.340119738166216E+001 -0.710909785102246E+003
  0.100000000000000E+001  0.142180697363035E+004  0.720590828224847E+002  0.344800755590152E+000 -0.340119738166216E+001 -0.710903486815175E+003
  0.100000000000000E+001  0.142174558074603E+004  0.661142615215652E+002  0.299494779336153E+000 -0.340119738166216E+001 -0.710872790373015E+003
  0.100000000000000E+001  0.142172033166184E+004  0.730646466816449E+002  0.303704099977247E+000 -0.340119738166216E+001 -0.710860165830918E+003
  0.100000000000000E+001  0.142171132317996E+004  0.628859791619498E+002  0.364426250254568E+000 -0.340119738166216E+001 -0.710855661589982E+003
  0.100000000000000E+001  0.142167356503609E+004  0.682522943043296E+002  0.361569838754480E+000 -0.340119738166216E+001 -0.710836782518045E+003
  0.100000000000000E+001  0.142164023683798E+004  0.617749071086032E+002  0.359884999984859E+000 -0.340119738166216E+001 -0.710820118418989E+003
  0.100000000000000E+001  0.142159551408186E+004  0.669762019525911E+002  0.364168567020540E+000 -0.340119738166216E+001 -0.710797757040928E+003
  0.100000000000000E+001  0.142145354807022E+004  0.701506475032736E+002  0.297324328506611E+000 -0.340119738166216E+001 -0.710726774035112E+003
  0.100000000000000E+001  0.142135564081539E+004  0.736118156813773E+002  0.314724158544521E+000 -0.340119738166216E+001 -0.710677820407697E+003
  0.100000000000000E+001  0.142129035078242E+004  0.727056250942978E+002  0.304944380724844E+000 -0.340119738166216E+001 -0.710645175391212E+003
  0.100000000000000E+001  0.142128574183322E+004  0.712289306916936E+002  0.347168173532246E+000 -0.340119738166216E+001 -0.710642870916609E+003
  0.100000000000000E+001  0.142122330506707E+004  0.680908147941194E+002  0.360003173681853E+000 -0.340119738166216E+001 -0.710611652533536E+003
  0.100000000000000E+001  0.142119431815429E+004  0.693258224903569E+002  0.298156111524217E+000 -0.340119738166216E+001 -0.710597159077143E+003
  0.100000000000000E+001  0.142102540794179E+004  0.611971503437725E+002  0.348707327737969E+000 -0.340119738166216E+001 -0.710512703970894E+003
  0.100000000000000E+001  0.142098966113830E+004  0.632266814805588E+002  0.361062878413335E+000 -0.340119738166216E+001 -0.710494830569152E+003
  0.100000000000000E+001  0.142098228969390E+004  0.625605374885247E+002  0.317466706161878E+000 -0.340119738166216E+001 -0.710491144846950E+003
  0.100000000000000E+001  0.142091483070113E+004  0.630939376764556E+002  0.314504323057644E+000 -0.340119738166216E+001 -0.710457415350563E+003
  0.100000000000000E+001  0.142089667563229E+004  0.620153208147770E+002  0.322470922050734E+000 -0.340119738166216E+001 -0.710448337816147E+003
  0.100000000000000E+001  0.142084886397905E+004  0.714466907671613E+002  0.343088954362518E+000 -0.340119738166216E+001 -0.710424431989523E+003
  0.100000000000000E+001  0.142082380626960E+004  0.672977753968193E+002  0.360015817422690E+000 -0.340119738166216E+001 -0.710411903134798E+003
  0.100000000000000E+001  0.142078048113918E+004  0.706277403817619E+002  0.301209758450305E+000 -0.340119738166216E+001 -0.710390240569591E+003
  0.100000000000000E+001  0.142077708906648E+004  0.640906267592631E+002  0.310254608382037E+000 -0.340119738166216E+001 -0.710388544533240E+003
  0.100000000000000E+001  0.142075343043965E+004  0.616355672572469E+002  0.350614988285576E+000 -0.340119738166216E+001 -0.710376715219826E+003
  0.100000000000000E+001  0.142074185768156E+004  0.673955154311234E+002  0.359412693443294E+000 -0.340119738166216E+001 -0.710370928840781E+003
  0.100000000000000E+001  0.142071092211237E+004  0.666015992450498E+002  0.360676861064235E+000 -0.340119738166216E+001 -0.710355461056183E+003
  0.100000000000000E+001  0.142070563968951E+004  0.636687600177340E+002  0.312624928020581E+000 -0.340119738166216E+001 -0.710352819844755E+003
  0.100000000000000E+001  0.142065839595843E+004  0.724263366997358E+002  0.308859245758920E+000 -0.340119738166216E+001 -0.710329197979216E+003
  0.100000000000000E+001  0.142064668727659E+004  0.727140449387393E+002  0.328762057049536E+000 -0.340119738166216E+001 -0.710323343638294E+003
  0.100000000000000E+001  0.142061656565198E+004  0.721080140703785E+002  0.335918840491890E+000 -0.340119738166216E+001 -0.710308282825988E+003
  0.100000000000000E+001  0.142059104719059E+004  0.729216623789486E+002  0.317635099237312E+000 -0.340119738166216E+001 -0.710295523595297E+003
  0.100000000000000E+001  0.142054857569452E+004  0.682491526807555E+002  0.356290702086992E+000 -0.340119738166216E+001 -0.710274287847261E+003
  0.100000000000000E+001  0.142051616347534E+004  0.728478458969112E+002  0.317886103156107E+000 -0.340119738166216E+001 -0.710258081737668E+003
  0.100000000000000E+001  0.142038386217318E+004  0.698015478146344E+002  0.349596891808456E+000 -0.340119738166216E+001 -0.710191931086591E+003
  0.100000000000000E+001  0.142037373831644E+004  0.620198993792921E+002  0.349791432313655E+000 -0.340119738166216E+001 -0.710186869158221E+003
  0.100000000000000E+001  0.142036414851756E+004  0.615971236092887E+002  0.340932471310304E+000 -0.340119738166216E+001 -0.710182074258781E+003
  0.100000000000000E+001  0.142033097205277E+004  0.638232378336158E+002  0.358261226391842E+000 -0.340119738166216E+001 -0.710165486026387E+003
  0.100000000000000E+001  0.142025846916483E+004  0.621871877678828E+002  0.349972816481389E+000 -0.340119738166216E+001 -0.710129234582416E+003
  0.100000000000000E+001  0.142025654154886E+004  0.712302884172714E+002  0.306001700005615E+000 -0.340119738166216E+001 -0.710128270774432E+003
  0.100000000000000E+001  0.142022615533365E+004  0.621862031697272E+002  0.349543161467586E+000 -0.340119738166216E+001 -0.710113077666826E+003
  0.100000000000000E+001  0.142021686911139E+004  0.721718108606936E+002  0.311870684704045E+000 -0.340119738166216E+001 -0.710108434555695E+003
  0.100000000000000E+001  0.142020448490065E+004  0.702113881662552E+002  0.303856341569777E+000 -0.340119738166216E+001 -0.710102242450323E+003
  0.100000000000000E+001  0.142016933773601E+004  0.724934781408468E+002  0.319208603741165E+000 -0.340119738166216E+001 -0.710084668868004E+003
  0.100000000000000E+001  0.142016139532443E+004  0.621241441255831E+002  0.329297337156488E+000 -0.340119738166216E+001 -0.710080697662213E+003
  0.100000000000000E+001  0.142011970800730E+004  0.696425049953857E+002  0.303677123201987E+000 -0.340119738166216E+001 -0.710059854003649E+003
  0.100000000000000E+001  0.142011334404652E+004  0.705548353479911E+002  0.343887384957059E+000 -0.340119738166216E+001 -0.710056672023259E+003
  0.100000000000000E+001  0.142009332924945E+004  0.620605014585719E+002  0.331561133520162E+000 -0.340119738166216E+001 -0.710046664624726E+003
  0.100000000000000E+001  0.142008729843703E+004  0.643672385436703E+002  0.357621522983472E+000 -0.340119738166216E+001 -0.710043649218513E+003
  0.100000000000000E+001  0.142008203229555E+004  0.722926101517113E+002  0.315886665133901E+000 -0.340119738166216E+001 -0.710041016147776E+003
  0.100000000000000E+001  0.142007257728454E+004  0.668231660383625E+002  0.305530956805249E+000 -0.340119738166216E+001 -0.710036288642269E+003
  0.100000000000000E+001  0.142007256075239E+004  0.709327160986836E+002  0.306369544388411E+000 -0.340119738166216E+001 -0.710036280376193E+003
  0.100000000000000E+001  0.142002076804176E+004  0.722296613549620E+002  0.316143106960099E+000 -0.340119738166216E+001 -0.710010384020880E+003
  0.100000000000000E+001  0.142000236793108E+004  0.646484794559995E+002  0.357414217450744E+000 -0.340119738166216E+001 -0.710001183965539E+003
  0.100000000000000E+001  0.141999474308207E+004  0.627391245926153E+002  0.351334606321854E+000 -0.340119738166216E+001 -0.709997371541036E+003
  0.100000000000000E+001  0.141998079372766E+004  0.622552250258013E+002  0.346636987483667E+000 -0.340119738166216E+001 -0.709990396863831E+003
  0.100000000000000E+001  0.141997665980415E+004  0.625451858029725E+002  0.326296153830930E+000 -0.340119738166216E+001 -0.709988329902076E+003
  0.100000000000000E+001  0.141995449809196E+004  0.691304714127436E+002  0.304315688338502E+000 -0.340119738166216E+001 -0.709977249045979E+003
  0.100000000000000E+001  0.141992017760569E+004  0.691340906205475E+002  0.304513134039323E+000 -0.340119738166216E+001 -0.709960088802843E+003
  0.100000000000000E+001  0.141991627895509E+004  0.620654667160577E+002  0.337569401385599E+000 -0.340119738166216E+001 -0.709958139477543E+003
  0.100000000000000E+001  0.141991587059937E+004  0.675580683537019E+002  0.354704786909196E+000 -0.340119738166216E+001 -0.709957935299687E+003
  0.100000000000000E+001  0.141989074203905E+004  0.721063331865336E+002  0.325786345549992E+000 -0.340119738166216E+001 -0.709945371019527E+003
  0.100000000000000E+001  0.141973969038801E+004  0.666816115187721E+002  0.355318671517855E+000 -0.340119738166216E+001 -0.709869845194004E+003
  0.100000000000000E+001  0.141971854606842E+004  0.692855963436270E+002  0.305791319038389E+000 -0.340119738166216E+001 -0.709859273034209E+003
  0.100000000000000E+001  0.141970635086744E+004  0.627350324958927E+002  0.347776283116009E+000 -0.340119738166216E+001 -0.709853175433718E+003
  0.100000000000000E+001  0.141968757767478E+004  0.625719295405454E+002  0.345633813316419E+000 -0.340119738166216E+001 -0.709843788837392E+003
  0.100000000000000E+001  0.141966802814320E+004  0.719044279454283E+002  0.319382892921976E+000 -0.340119738166216E+001 -0.709834014071602E+003
  0.100000000000000E+001  0.141956139037949E+004  0.714625786357027E+002  0.330902786642589E+000 -0.340119738166216E+001 -0.709780695189747E+003
  0.100000000000000E+001  0.141953164550857E+004  0.706743017711836E+002  0.338413727116781E+000 -0.340119738166216E+001 -0.709765822754285E+003
  0.100000000000000E+001  0.141953122578387E+004  0.715263227574868E+002  0.315536721664387E+000 -0.340119738166216E+001 -0.709765612891934E+003
  0.100000000000000E+001  0.141952957590801E+004  0.712819516054384E+002  0.332724766376481E+000 -0.340119738166216E+001 -0.709764787954006E+003
  0.100000000000000E+001  0.141952832792153E+004  0.717148659055753E+002  0.325136587962918E+000 -0.340119738166216E+001 -0.709764163960763E+003
  0.100000000000000E+001  0.141946981330003E+004  0.659501779392037E+002  0.310925969397524E+000 -0.340119738166216E+001 -0.709734906650014E+003
  0.100000000000000E+001  0.141945848496017E+004  0.632285169945769E+002  0.348501120194871E+000 -0.340119738166216E+001 -0.709729242480085E+003
  0.100000000000000E+001  0.141942111202282E+004  0.715975094184246E+002  0.324597456294308E+000 -0.340119738166216E+001 -0.709710556011409E+003
  0.100000000000000E+001  0.141940743112066E+004  0.641591502371688E+002  0.318787901826862E+000 -0.340119738166216E+001 -0.709703715560332E+003
  0.100000000000000E+001  0.141938846042306E+004  0.634791217953738E+002  0.349240636166156E+000 -0.340119738166216E+001 -0.709694230211530E+003
  0.100000000000000E+001  0.141938205350504E+004  0.636941306504081E+002  0.322103077463387E+000 -0.340119738166216E+001 -0.709691026752520E+003
  0.100000000000000E+001  0.141935718458505E+004  0.709491887240297E+002  0.313053461151564E+000 -0.340119738166216E+001 -0.709678592292523E+003
  0.100000000000000E+001  0.141935250363118E+004  0.670103507691617E+002  0.309235920497686E+000 -0.340119738166216E+001 -0.709676251815588E+003
  0.100000000000000E+001  0.141934026191201E+004  0.677727943468535E+002  0.350655348548506E+000 -0.340119738166216E+001 -0.709670130956007E+003
  0.100000000000000E+001  0.141933757542357E+004  0.692399236464707E+002  0.345389708280483E+000 -0.340119738166216E+001 -0.709668787711783E+003
  0.100000000000000E+001  0.141930163389624E+004  0.693274950917933E+002  0.344706822028835E+000 -0.340119738166216E+001 -0.709650816948122E+003
  0.100000000000000E+001  0.141927849254314E+004  0.632892853671288E+002  0.326997009319577E+000 -0.340119738166216E+001 -0.709639246271568E+003
  0.100000000000000E+001  0.141925128707408E+004  0.649437400019887E+002  0.315995598719242E+000 -0.340119738166216E+001 -0.709625643537041E+003
  0.100000000000000E+001  0.141923861199109E+004  0.679749846712014E+002  0.349411920250127E+000 -0.340119738166216E+001 -0.709619305995545E+003
  0.100000000000000E+001  0.141923234842177E+004  0.631623861192511E+002  0.329366647541841E+000 -0.340119738166216E+001 -0.709616174210887E+003
  0.100000000000000E+001  0.141923193589773E+004  0.675973571898845E+002  0.309170410966244E+000 -0.340119738166216E+001 -0.709615967948863E+003
  0.100000000000000E+001  0.141920552404235E+004  0.630306595447170E+002  0.332337891604581E+000 -0.340119738166216E+001 -0.709602762021176E+003
  0.100000000000000E+001  0.141919571905178E+004  0.691525945545507E+002  0.344721906378228E+000 -0.340119738166216E+001 -0.709597859525890E+003
  0.100000000000000E+001  0.141917780057806E+004  0.651183280060059E+002  0.315790984119029E+000 -0.340119738166216E+001 -0.709588900289031E+003
  0.100000000000000E+001  0.141916414743127E+004  0.692286303028811E+002  0.344116301859894E+000 -0.340119738166216E+001 -0.709582073715635E+003
  0.100000000000000E+001  0.141913465146925E+004  0.676730547963928E+002  0.309728518861705E+000 -0.340119738166216E+001 -0.709567325734624E+003
  0.100000000000000E+001  0.141912230430155E+004  0.634798386200421E+002  0.327135507742191E+000 -0.340119738166216E+001 -0.709561152150773E+003
  0.100000000000000E+001  0.141912062701904E+004  0.630953928978386E+002  0.333542332332345E+000 -0.340119738166216E+001 -0.709560313509518E+003
  0.100000000000000E+001  0.141908018643877E+004  0.681329376468559E+002  0.309777278629520E+000 -0.340119738166216E+001 -0.709540093219386E+003
  0.100000000000000E+001  0.141907474760248E+004  0.702039696544131E+002  0.337431678086289E+000 -0.340119738166216E+001 -0.709537373801241E+003
  0.100000000000000E+001  0.141907104076523E+004  0.633290397725514E+002  0.343308054506848E+000 -0.340119738166216E+001 -0.709535520382613E+003
  0.100000000000000E+001  0.141906783229818E+004  0.677534685784301E+002  0.348828362769309E+000 -0.340119738166216E+001 -0.709533916149089E+003
  0.100000000000000E+001  0.141906618667626E+004  0.666791562848383E+002  0.311722461551303E+000 -0.340119738166216E+001 -0.709533093338128E+003
  0.100000000000000E+001  0.141906291778301E+004  0.692195782600269E+002  0.343340380569629E+000 -0.340119738166216E+001 -0.709531458891505E+003
  0.100000000000000E+001  0.141903558715356E+004  0.643627219719433E+002  0.349318108699766E+000 -0.340119738166216E+001 -0.709517793576781E+003
  0.100000000000000E+001  0.141902996625779E+004  0.708829344780948E+002  0.329675776867549E+000 -0.340119738166216E+001 -0.709514983128897E+003
  0.100000000000000E+001  0.141902887033795E+004  0.668644698699041E+002  0.311604359620116E+000 -0.340119738166216E+001 -0.709514435168974E+003
  0.100000000000000E+001  0.141901627252606E+004  0.668177871584953E+002  0.311781840671343E+000 -0.340119738166216E+001 -0.709508136263030E+003
  0.100000000000000E+001  0.141900011534179E+004  0.632135233092184E+002  0.335596906919028E+000 -0.340119738166216E+001 -0.709500057670893E+003
  0.100000000000000E+001  0.141894748053286E+004  0.680380575706011E+002  0.310761088562532E+000 -0.340119738166216E+001 -0.709473740266428E+003
  0.100000000000000E+001  0.141893573810431E+004  0.633095351935384E+002  0.335283476164176E+000 -0.340119738166216E+001 -0.709467869052157E+003
  0.100000000000000E+001  0.141893465282765E+004  0.704971175371016E+002  0.333005062468077E+000 -0.340119738166216E+001 -0.709467326413823E+003
  0.100000000000000E+001  0.141888622581795E+004  0.676850255479763E+002  0.311450225981591E+000 -0.340119738166216E+001 -0.709443112908974E+003
  0.100000000000000E+001  0.141888475931364E+004  0.692793943166602E+002  0.341479221315795E+000 -0.340119738166216E+001 -0.709442379656819E+003
  0.100000000000000E+001  0.141886541831751E+004  0.659327945039338E+002  0.315145403537886E+000 -0.340119738166216E+001 -0.709432709158755E+003
  0.100000000000000E+001  0.141886023886218E+004  0.648956306683469E+002  0.348977979008023E+000 -0.340119738166216E+001 -0.709430119431091E+003
  0.100000000000000E+001  0.141884778875327E+004  0.676896488257445E+002  0.347346492228114E+000 -0.340119738166216E+001 -0.709423894376636E+003
  0.100000000000000E+001  0.141882114753845E+004  0.706675617073843E+002  0.328192577398277E+000 -0.340119738166216E+001 -0.709410573769223E+003
  0.100000000000000E+001  0.141880979032773E+004  0.637613073766347E+002  0.342869197355395E+000 -0.340119738166216E+001 -0.709404895163863E+003
  0.100000000000000E+001  0.141880824787690E+004  0.635103467090260E+002  0.338159938195419E+000 -0.340119738166216E+001 -0.709404123938450E+003
  0.100000000000000E+001  0.141880113242842E+004  0.684992156811433E+002  0.311833990666375E+000 -0.340119738166216E+001 -0.709400566214211E+003
  0.100000000000000E+001  0.141879789182046E+004  0.658173589559056E+002  0.316066401539005E+000 -0.340119738166216E+001 -0.709398945910232E+003
  0.100000000000000E+001  0.141879659693926E+004  0.679280432048216E+002  0.311947059107068E+000 -0.340119738166216E+001 -0.709398298469632E+003
  0.100000000000000E+001  0.141877890603784E+004  0.636157550585249E+002  0.332466126207028E+000 -0.340119738166216E+001 -0.709389453018922E+003
  0.100000000000000E+001  0.141877842875580E+004  0.681681101777518E+002  0.345350931753332E+000 -0.340119738166216E+001 -0.709389214377901E+003
  0.100000000000000E+001  0.141877259270580E+004  0.654175224053517E+002  0.348933960997955E+000 -0.340119738166216E+001 -0.709386296352901E+003
  0.100000000000000E+001  0.141876778939912E+004  0.699749136772998E+002  0.335626389706488E+000 -0.340119738166216E+001 -0.709383894699560E+003
  0.100000000000000E+001  0.141875713410244E+004  0.703975066287731E+002  0.317997094958100E+000 -0.340119738166216E+001 -0.709378567051222E+003
  0.100000000000000E+001  0.141875626000291E+004  0.675374482994030E+002  0.312572666427871E+000 -0.340119738166216E+001 -0.709378130001455E+003
  0.100000000000000E+001  0.141875539766878E+004  0.651730777843177E+002  0.348465011808754E+000 -0.340119738166216E+001 -0.709377698834390E+003
  0.100000000000000E+001  0.141874997941064E+004  0.701776458878917E+002  0.333505950486138E+000 -0.340119738166216E+001 -0.709374989705322E+003
  0.100000000000000E+001  0.141873880869614E+004  0.667081402312252E+002  0.348391688867934E+000 -0.340119738166216E+001 -0.709369404348069E+003
  0.100000000000000E+001  0.141872753160190E+004  0.705149622447021E+002  0.320193121727358E+000 -0.340119738166216E+001 -0.709363765800951E+003
  0.100000000000000E+001  0.141871545970888E+004  0.702453112918326E+002  0.332187003016059E+000 -0.340119738166216E+001 -0.709357729854442E+003
  0.100000000000000E+001  0.141871215254805E+004  0.640735434731612E+002  0.343834739855306E+000 -0.340119738166216E+001 -0.709356076274023E+003
  0.100000000000000E+001  0.141866371220516E+004  0.649614351905771E+002  0.347107976655947E+000 -0.340119738166216E+001 -0.709331856102582E+003
  0.100000000000000E+001  0.141866227591119E+004  0.696138204288362E+002  0.337092516031027E+000 -0.340119738166216E+001 -0.709331137955595E+003
  0.100000000000000E+001  0.141865306547119E+004  0.696860278032355E+002  0.315290833150877E+000 -0.340119738166216E+001 -0.709326532735594E+003
  0.100000000000000E+001  0.141863888492399E+004  0.677857630597996E+002  0.345365098994015E+000 -0.340119738166216E+001 -0.709319442461994E+003
  0.100000000000000E+001  0.141863099721161E+004  0.690058591990012E+002  0.313789564302806E+000 -0.340119738166216E+001 -0.709315498605805E+003
  0.100000000000000E+001  0.141862895506480E+004  0.701674907850389E+002  0.331469192027857E+000 -0.340119738166216E+001 -0.709314477532400E+003
  0.100000000000000E+001  0.141861207268916E+004  0.647257776451945E+002  0.345809182027841E+000 -0.340119738166216E+001 -0.709306036344579E+003
  0.100000000000000E+001  0.141861192501554E+004  0.638337568412871E+002  0.337741102485501E+000 -0.340119738166216E+001 -0.709305962507769E+003
  0.100000000000000E+001  0.141861150982691E+004  0.700720007581074E+002  0.332280624391115E+000 -0.340119738166216E+001 -0.709305754913456E+003
  0.100000000000000E+001  0.141860994326116E+004  0.643761621859988E+002  0.344180537002970E+000 -0.340119738166216E+001 -0.709304971630579E+003
  0.100000000000000E+001  0.141859679419707E+004  0.645971663191866E+002  0.324184789627097E+000 -0.340119738166216E+001 -0.709298397098534E+003
  0.100000000000000E+001  0.141858395246962E+004  0.638934182051338E+002  0.338071677766319E+000 -0.340119738166216E+001 -0.709291976234811E+003
  0.100000000000000E+001  0.141857356780541E+004  0.703354804697627E+002  0.326494014537585E+000 -0.340119738166216E+001 -0.709286783902703E+003
  0.100000000000000E+001  0.141856584433252E+004  0.639052574974189E+002  0.334192742615155E+000 -0.340119738166216E+001 -0.709282922166258E+003
  0.100000000000000E+001  0.141853641137813E+004  0.691217954729013E+002  0.314991549658137E+000 -0.340119738166216E+001 -0.709268205689065E+003
  0.100000000000000E+001  0.141853591113168E+004  0.693234335451462E+002  0.315504298188150E+000 -0.340119738166216E+001 -0.709267955565838E+003
  0.100000000000000E+001  0.141852879249549E+004  0.701732162243598E+002  0.328809717860417E+000 -0.340119738166216E+001 -0.709264396247746E+003
  0.100000000000000E+001  0.141852383485027E+004  0.669230689944391E+002  0.315374103199086E+000 -0.340119738166216E+001 -0.709261917425137E+003
  0.100000000000000E+001  0.141851535820298E+004  0.696547453833724E+002  0.334785587383276E+000 -0.340119738166216E+001 -0.709257679101492E+003
  0.100000000000000E+001  0.141850759505172E+004  0.652675038176165E+002  0.346039833592245E+000 -0.340119738166216E+001 -0.709253797525858E+003
  0.100000000000000E+001  0.141849345171067E+004  0.701856878497174E+002  0.326886017422298E+000 -0.340119738166216E+001 -0.709246725855336E+003
  0.100000000000000E+001  0.141849176603257E+004  0.641828976301177E+002  0.340164349981829E+000 -0.340119738166216E+001 -0.709245883016283E+003
  0.100000000000000E+001  0.141847154402620E+004  0.647136356596324E+002  0.343835791052495E+000 -0.340119738166216E+001 -0.709235772013101E+003
  0.100000000000000E+001  0.141842563724583E+004  0.686951222531755E+002  0.339851215173169E+000 -0.340119738166216E+001 -0.709212818622914E+003
  0.100000000000000E+001  0.141840827674217E+004  0.670504779016085E+002  0.316180974160493E+000 -0.340119738166216E+001 -0.709204138371083E+003
  0.100000000000000E+001  0.141840435435669E+004  0.691959082583516E+002  0.336693423808668E+000 -0.340119738166216E+001 -0.709202177178343E+003
  0.100000000000000E+001  0.141837386776692E+004  0.671932027688792E+002  0.344360464770582E+000 -0.340119738166216E+001 -0.709186933883462E+003
  0.100000000000000E+001  0.141837274146816E+004  0.662644500671195E+002  0.318411801309355E+000 -0.340119738166216E+001 -0.709186370734080E+003
  0.100000000000000E+001  0.141836095611536E+004  0.656999541912318E+002  0.345025396504676E+000 -0.340119738166216E+001 -0.709180478057682E+003
  0.100000000000000E+001  0.141835460120343E+004  0.692260116936806E+002  0.317568448199580E+000 -0.340119738166216E+001 -0.709177300601713E+003
  0.100000000000000E+001  0.141832358403879E+004  0.694014167300064E+002  0.318829701976357E+000 -0.340119738166216E+001 -0.709161792019393E+003
  0.100000000000000E+001  0.141830021088647E+004  0.664746627576469E+002  0.344532522557167E+000 -0.340119738166216E+001 -0.709150105443234E+003
  0.100000000000000E+001  0.141829409812959E+004  0.662077182249564E+002  0.319413416136660E+000 -0.340119738166216E+001 -0.709147049064797E+003
  0.100000000000000E+001  0.141828544973152E+004  0.653423030124089E+002  0.343415487213654E+000 -0.340119738166216E+001 -0.709142724865762E+003
  0.100000000000000E+001  0.141826664726108E+004  0.693128169999292E+002  0.333600379426246E+000 -0.340119738166216E+001 -0.709133323630540E+003
  0.100000000000000E+001  0.141826504016721E+004  0.687425759763596E+002  0.317453924689151E+000 -0.340119738166216E+001 -0.709132520083607E+003
  0.100000000000000E+001  0.141825639553697E+004  0.650351715267465E+002  0.325922111367799E+000 -0.340119738166216E+001 -0.709128197768487E+003
  0.100000000000000E+001  0.141825613464222E+004  0.666055151237757E+002  0.343960556504725E+000 -0.340119738166216E+001 -0.709128067321112E+003
  0.100000000000000E+001  0.141825387128688E+004  0.696507768856878E+002  0.322745934444681E+000 -0.340119738166216E+001 -0.709126935643442E+003
  0.100000000000000E+001  0.141824674500387E+004  0.661477453329562E+002  0.320145329599154E+000 -0.340119738166216E+001 -0.709123372501934E+003
  0.100000000000000E+001  0.141821238004778E+004  0.650313019247804E+002  0.341007729838838E+000 -0.340119738166216E+001 -0.709106190023889E+003
  0.100000000000000E+001  0.141820766849917E+004  0.657961732641199E+002  0.343247505725887E+000 -0.340119738166216E+001 -0.709103834249587E+003
  0.100000000000000E+001  0.141819643373136E+004  0.649443037050152E+002  0.327920107331757E+000 -0.340119738166216E+001 -0.709098216865681E+003
  0.100000000000000E+001  0.141818512139510E+004  0.674441257510637E+002  0.317902728470116E+000 -0.340119738166216E+001 -0.709092560697548E+003
  0.100000000000000E+001  0.141817617671516E+004  0.682661848258130E+002  0.338864152020101E+000 -0.340119738166216E+001 -0.709088088357580E+003
  0.100000000000000E+001  0.141816926056639E+004  0.662321214692845E+002  0.320759686924228E+000 -0.340119738166216E+001 -0.709084630283197E+003
  0.100000000000000E+001  0.141816880758452E+004  0.664245551866761E+002  0.343050394696158E+000 -0.340119738166216E+001 -0.709084403792259E+003
  0.100000000000000E+001  0.141815779609574E+004  0.669476864532361E+002  0.342451538491020E+000 -0.340119738166216E+001 -0.709078898047868E+003
  0.100000000000000E+001  0.141811481444885E+004  0.666825376726034E+002  0.342234259788815E+000 -0.340119738166216E+001 -0.709057407224427E+003
  0.100000000000000E+001  0.141809211735304E+004  0.681351789125913E+002  0.338299444434344E+000 -0.340119738166216E+001 -0.709046058676519E+003
  0.100000000000000E+001  0.141807875792338E+004  0.655822252269523E+002  0.340843949572416E+000 -0.340119738166216E+001 -0.709039378961688E+003
  0.100000000000000E+001  0.141806945167100E+004  0.692732679314370E+002  0.325193530131352E+000 -0.340119738166216E+001 -0.709034725835500E+003
  0.100000000000000E+001  0.141806320801423E+004  0.664638065426988E+002  0.321336452634621E+000 -0.340119738166216E+001 -0.709031604007115E+003
  0.100000000000000E+001  0.141806305445217E+004  0.692665973584807E+002  0.325676489715744E+000 -0.340119738166216E+001 -0.709031527226087E+003
  0.100000000000000E+001  0.141806232599289E+004  0.663716518328917E+002  0.341670847176309E+000 -0.340119738166216E+001 -0.709031162996443E+003
  0.100000000000000E+001  0.141804581169284E+004  0.651818901593072E+002  0.337976169963143E+000 -0.340119738166216E+001 -0.709022905846418E+003
  0.100000000000000E+001  0.141803589725338E+004  0.676212394699734E+002  0.339412987441386E+000 -0.340119738166216E+001 -0.709017948626692E+003
  0.100000000000000E+001  0.141802660519278E+004  0.681559981869229E+002  0.337227103260071E+000 -0.340119738166216E+001 -0.709013302596391E+003
  0.100000000000000E+001  0.141801595439555E+004  0.653689035055809E+002  0.338552820821643E+000 -0.340119738166216E+001 -0.709007977197777E+003
  0.100000000000000E+001  0.141800302720601E+004  0.682458711095134E+002  0.320389308617475E+000 -0.340119738166216E+001 -0.709001513603006E+003
  0.100000000000000E+001  0.141799497767884E+004  0.651313589589207E+002  0.333762161753094E+000 -0.340119738166216E+001 -0.708997488839420E+003
  0.100000000000000E+001  0.141799473053144E+004  0.651347826069371E+002  0.334197817948651E+000 -0.340119738166216E+001 -0.708997365265720E+003
  0.100000000000000E+001  0.141799092338988E+004  0.651457634191230E+002  0.333137010429319E+000 -0.340119738166216E+001 -0.708995461694942E+003
  0.100000000000000E+001  0.141798214562024E+004  0.651789876990904E+002  0.334608772608385E+000 -0.340119738166216E+001 -0.708991072810122E+003
  0.100000000000000E+001  0.141797653691897E+004  0.668232046401547E+002  0.321540366687676E+000 -0.340119738166216E+001 -0.708988268459485E+003
  0.100000000000000E+001  0.141797441306732E+004  0.672157790444115E+002  0.320830410328239E+000 -0.340119738166216E+001 -0.708987206533662E+003
  0.100000000000000E+001  0.141797187282913E+004  0.671328831219126E+002  0.339701761730578E+000 -0.340119738166216E+001 -0.708985936414563E+003
  0.100000000000000E+001  0.141796831708953E+004  0.684185330028876E+002  0.334750236418527E+000 -0.340119738166216E+001 -0.708984158544765E+003
  0.100000000000000E+001  0.141794782322803E+004  0.652773028803599E+002  0.332709370765555E+000 -0.340119738166216E+001 -0.708973911614017E+003
  0.100000000000000E+001  0.141794359343507E+004  0.663578409057811E+002  0.339845834218226E+000 -0.340119738166216E+001 -0.708971796717535E+003
  0.100000000000000E+001  0.141793117324393E+004  0.685617504280184E+002  0.322796399330100E+000 -0.340119738166216E+001 -0.708965586621965E+003
  0.100000000000000E+001  0.141791857452628E+004  0.654040776435023E+002  0.335071721081859E+000 -0.340119738166216E+001 -0.708959287263138E+003
  0.100000000000000E+001  0.141790726282180E+004  0.683120921648866E+002  0.334124529578764E+000 -0.340119738166216E+001 -0.708953631410899E+003
  0.100000000000000E+001  0.141790256578776E+004  0.687923596217517E+002  0.326787286136597E+000 -0.340119738166216E+001 -0.708951282893882E+003
  0.100000000000000E+001  0.141790137830931E+004  0.671837283154694E+002  0.338495456770124E+000 -0.340119738166216E+001 -0.708950689154653E+003
  0.100000000000000E+001  0.141787754867397E+004  0.686891356859134E+002  0.328815161071932E+000 -0.340119738166216E+001 -0.708938774336985E+003
  0.100000000000000E+001  0.141786552028957E+004  0.658022253812641E+002  0.328336547535757E+000 -0.340119738166216E+001 -0.708932760144787E+003
  0.100000000000000E+001  0.141786004097742E+004  0.662510598821337E+002  0.325512432195040E+000 -0.340119738166216E+001 -0.708930020488711E+003
  0.100000000000000E+001  0.141785516449393E+004  0.668600694003391E+002  0.323421333725294E+000 -0.340119738166216E+001 -0.708927582246964E+003
  0.100000000000000E+001  0.141783409795324E+004  0.657493353918466E+002  0.330247309170600E+000 -0.340119738166216E+001 -0.708917048976621E+003
  0.100000000000000E+001  0.141782500945761E+004  0.667035058906716E+002  0.337667562247491E+000 -0.340119738166216E+001 -0.708912504728806E+003
  0.100000000000000E+001  0.141782291245152E+004  0.673791246965681E+002  0.336587895112123E+000 -0.340119738166216E+001 -0.708911456225762E+003
  0.100000000000000E+001  0.141781306641277E+004  0.684198718801073E+002  0.329643444203379E+000 -0.340119738166216E+001 -0.708906533206383E+003
  0.100000000000000E+001  0.141781265920032E+004  0.659212302892900E+002  0.335601763023745E+000 -0.340119738166216E+001 -0.708906329600159E+003
  0.100000000000000E+001  0.141778712284848E+004  0.681855045427066E+002  0.331432543444412E+000 -0.340119738166216E+001 -0.708893561424241E+003
  0.100000000000000E+001  0.141776950492632E+004  0.676624637665806E+002  0.334338313448853E+000 -0.340119738166216E+001 -0.708884752463159E+003
  0.100000000000000E+001  0.141776530345943E+004  0.669779098314978E+002  0.336115995686622E+000 -0.340119738166216E+001 -0.708882651729715E+003
  0.100000000000000E+001  0.141776249412029E+004  0.682208850253263E+002  0.328964441946624E+000 -0.340119738166216E+001 -0.708881247060147E+003
  0.100000000000000E+001  0.141776085179076E+004  0.661528559480751E+002  0.329111379290975E+000 -0.340119738166216E+001 -0.708880425895380E+003
  0.100000000000000E+001  0.141775382723781E+004  0.660653906644276E+002  0.333528345747482E+000 -0.340119738166216E+001 -0.708876913618907E+003
  0.100000000000000E+001  0.141773916743847E+004  0.679151873006412E+002  0.331761222726778E+000 -0.340119738166216E+001 -0.708869583719237E+003
  0.100000000000000E+001  0.141771642516770E+004  0.679597751896105E+002  0.328608877700038E+000 -0.340119738166216E+001 -0.708858212583848E+003
  0.100000000000000E+001  0.141771483841411E+004  0.677495013484725E+002  0.331895549371666E+000 -0.340119738166216E+001 -0.708857419207057E+003
  0.100000000000000E+001  0.141771373190253E+004  0.679407965523689E+002  0.328581847469271E+000 -0.340119738166216E+001 -0.708856865951263E+003
  0.100000000000000E+001  0.141770855676911E+004  0.668350239229029E+002  0.334527427772573E+000 -0.340119738166216E+001 -0.708854278384555E+003
  0.100000000000000E+001  0.141769701569721E+004  0.667043233923996E+002  0.333957474363858E+000 -0.340119738166216E+001 -0.708848507848607E+003
  0.100000000000000E+001  0.141769617683484E+004  0.670150301904630E+002  0.333954759960575E+000 -0.340119738166216E+001 -0.708848088417419E+003
  0.100000000000000E+001  0.141768178713961E+004  0.666596155852727E+002  0.332968456072702E+000 -0.340119738166216E+001 -0.708840893569803E+003
  0.100000000000000E+001  0.141767123123978E+004  0.674019590625771E+002  0.331593968383978E+000 -0.340119738166216E+001 -0.708835615619889E+003
  0.100000000000000E+001  0.141766785471420E+004  0.669921125170081E+002  0.328511507700084E+000 -0.340119738166216E+001 -0.708833927357099E+003
  0.100000000000000E+001  0.141766136542334E+004  0.670175672054594E+002  0.328930163890062E+000 -0.340119738166216E+001 -0.708830682711670E+003
  0.100000000000000E+001  0.141765887767425E+004  0.670936847586985E+002  0.331738878518437E+000 -0.340119738166216E+001 -0.708829438837126E+003
  0.100000000000000E+001  0.141765826672257E+004  0.668329373252978E+002  0.330790255081930E+000 -0.340119738166216E+001 -0.708829133361283E+003
  0.100000000000000E+001  0.141765259348484E+004  0.670133017499531E+002  0.330430251013608E+000 -0.340119738166216E+001 -0.708826296742421E+003
