  0.116130556630545E-001  0.192183676856048E+002 -0.193060275932505E+002  0.653967028933889E+002 -0.396664197195939E+000  0.362294525532931E-001 -0.111984108524535E+002 -0.167451030290137E+002 -0.960918384280239E+001
  0.116130556630545E-001  0.199965567231572E+002 -0.192611595565110E+002  0.662892109136805E+002 -0.385582590021865E+000  0.392656025570046E+000 -0.303716959945206E+002 -0.167451030290137E+002 -0.999827836157862E+001
  0.116130556630545E-001  0.137547834783907E+002 -0.192283495977095E+002  0.672650719728154E+002 -0.341608050660539E+000  0.256892550431800E+000 -0.999163867702545E+002 -0.167451030290137E+002 -0.687739173919536E+001
  0.116130556630545E-001  0.170864388635927E+002 -0.192024893054587E+002  0.682156060553672E+002 -0.282603037538788E+000 -0.240020654304273E+001 -0.865621473395099E+002 -0.167451030290137E+002 -0.854321943179633E+001
  0.116130556630545E-001  0.170093201790901E+002 -0.192272749937698E+002  0.671077640464108E+002 -0.308015071450263E+000 -0.110172582462125E+001 -0.928328950537592E+002 -0.167451030290137E+002 -0.850466008954506E+001
  0.116130556630545E-001  0.164681768514598E+002 -0.192247918828497E+002  0.672734191450002E+002 -0.343457490988004E+000 -0.232243572162496E+000 -0.514167010616991E+002 -0.167451030290137E+002 -0.823408842572989E+001
  0.116130556630545E-001  0.164349918804225E+002 -0.192704740485583E+002  0.659816257322171E+002 -0.255221169265044E+000 -0.228732055420659E+001 -0.660988754511766E+002 -0.167451030290137E+002 -0.821749594021125E+001
  0.116130556630545E-001  0.163854667986447E+002 -0.192349693531574E+002  0.676216533825164E+002 -0.382101681040242E+000 -0.735456786362436E+000 -0.588806691860977E+002 -0.167451030290137E+002 -0.819273339932235E+001
  0.116130556630545E-001  0.162472216600303E+002 -0.191920891943130E+002  0.687798371033600E+002 -0.367306475581856E+000 -0.255989012283134E+000 -0.489172817805457E+002 -0.167451030290137E+002 -0.812361083001515E+001
  0.116130556630545E-001  0.159390602788151E+002 -0.192790812851663E+002  0.656775311296135E+002 -0.351319959363118E+000 -0.226288939415458E-001 -0.412738985997297E+002 -0.167451030290137E+002 -0.796953013940754E+001
  0.116130556630545E-001  0.146488605717689E+002 -0.192187535585944E+002  0.679127777795054E+002 -0.390909177917007E+000 -0.135034351020320E+000 -0.720878506337548E+002 -0.167451030290137E+002 -0.732443028588446E+001
  0.116130556630545E-001  0.147468471478235E+002 -0.192886155309830E+002  0.656262436213340E+002 -0.353253316654307E+000  0.187580852670413E+000 -0.293062092621789E+002 -0.167451030290137E+002 -0.737342357391177E+001
  0.116130556630545E-001  0.156583585218821E+002 -0.192272093885402E+002  0.672979956734307E+002 -0.315897191532340E+000 -0.399349778589810E+000 -0.654219031727975E+002 -0.167451030290137E+002 -0.782917926094104E+001
  0.116130556630545E-001  0.156263836087402E+002 -0.192202003764125E+002  0.678481102387476E+002 -0.313423509504883E+000 -0.169047508746858E+001 -0.890246120388582E+002 -0.167451030290137E+002 -0.781319180437011E+001
  0.116130556630545E-001  0.155242153128391E+002 -0.192033669432169E+002  0.683365159865769E+002 -0.383111614573166E+000 -0.556824968743292E-001 -0.327593098026493E+002 -0.167451030290137E+002 -0.776210765641955E+001
  0.116130556630545E-001  0.153038956789574E+002 -0.192890792807728E+002  0.656107594611546E+002 -0.318922157821175E+000 -0.140038857336428E+001 -0.918974579520590E+002 -0.167451030290137E+002 -0.765194783947869E+001
  0.116130556630545E-001  0.152887078403936E+002 -0.192519447539246E+002  0.665139074413648E+002 -0.303616890213021E+000 -0.488955917384486E+000 -0.301892098462189E+002 -0.167451030290137E+002 -0.764435392019680E+001
  0.116130556630545E-001  0.151377536576546E+002 -0.192651407745447E+002  0.664010089083581E+002 -0.368774001044777E+000 -0.775984079620315E+000 -0.565153223490716E+002 -0.167451030290137E+002 -0.756887682882728E+001
  0.116130556630545E-001  0.148823809030039E+002 -0.192311872334700E+002  0.671398790487824E+002 -0.302721692903156E+000 -0.673447075156819E+000 -0.211306175829046E+002 -0.167451030290137E+002 -0.744119045150197E+001
  0.116130556630545E-001  0.151046869256336E+002 -0.191981997587059E+002  0.684842173244774E+002 -0.358864023935339E+000 -0.301325669378691E-001 -0.623811809088253E+002 -0.167451030290137E+002 -0.755234346281678E+001
  0.116130556630545E-001  0.133140860228488E+002 -0.192587330434543E+002  0.665982411240302E+002 -0.376906097365339E+000 -0.265218241769382E+000 -0.462275356850116E+002 -0.167451030290137E+002 -0.665704301142438E+001
  0.116130556630545E-001  0.132032220146576E+002 -0.192175184994447E+002  0.678447824539585E+002 -0.359980191955328E+000  0.309444680757824E+000 -0.434641844883904E+002 -0.167451030290137E+002 -0.660161100732880E+001
  0.116130556630545E-001  0.130035245091707E+002 -0.192684776567156E+002  0.662628005951782E+002 -0.358165554987891E+000  0.275357546443820E+000 -0.633290589181130E+002 -0.167451030290137E+002 -0.650176225458534E+001
  0.116130556630545E-001  0.122489928025154E+002 -0.192387710629138E+002  0.671229572716284E+002 -0.355322602776762E+000 -0.400999227378870E+000 -0.506822297891879E+002 -0.167451030290137E+002 -0.612449640125768E+001
  0.116130556630545E-001  0.119862736457518E+002 -0.192441060758127E+002  0.670034239767030E+002 -0.363518065894945E+000  0.320937347938543E+000 -0.941949019131399E+002 -0.167451030290137E+002 -0.599313682287588E+001
  0.116130556630545E-001  0.119740012561217E+002 -0.192441139150687E+002  0.669992657837440E+002 -0.370095699029800E+000  0.273246092360576E+000 -0.421027322956513E+002 -0.167451030290137E+002 -0.598700062806086E+001
  0.116130556630545E-001  0.119490892654988E+002 -0.192480174861853E+002  0.669153377015510E+002 -0.370504143631756E+000  0.250757271935170E+000 -0.395518235938241E+002 -0.167451030290137E+002 -0.597454463274939E+001
