  0.494065645841247E-322  0.150541141139992E+004 -0.192687607568185E+002  0.647864660383638E+002 -0.290426403555523E+000 -0.198453105335953E+001 -0.250096735779557E+002 -0.167451030290137E+002 -0.751274443646940E+003
  0.266795448754273E-321  0.150193784036272E+004 -0.194266556198881E+002  0.617216355829959E+002 -0.104587693961247E+000  0.409680555679362E+001  0.786218863478799E+002 -0.167451030290137E+002 -0.749537658128342E+003
  0.533590897508546E-321  0.150054008349211E+004 -0.184473429594619E+002  0.969066881082640E+002 -0.103637684256711E+001  0.434345249477684E+001  0.251323245973298E+002 -0.167451030290137E+002 -0.748838779693035E+003
  0.372031431318459E-320  0.149664848890730E+004 -0.191966655020407E+002  0.717683795821224E+002 -0.218083114491950E+000  0.865278319809484E+000  0.308980895484487E+001 -0.167451030290137E+002 -0.746892982400629E+003
  0.176760877981331E-317  0.148430808397728E+004 -0.183466743904737E+002  0.981040246943787E+002 -0.364798240223232E-001 -0.338996312192883E-001 -0.110071322593655E+002 -0.167451030290137E+002 -0.740722779935623E+003
  0.402220324476296E-317  0.148265039212466E+004 -0.185134517248599E+002  0.889519390289727E+002 -0.460945132289584E+000  0.452133599227350E+001  0.918936810831742E+002 -0.167451030290137E+002 -0.739893934009309E+003
  0.215517758756219E-316  0.147927984558317E+004 -0.188161303969474E+002  0.893177118668897E+002 -0.113034402438355E+001  0.513471978069979E+001  0.269059265147295E+002 -0.167451030290137E+002 -0.738208660738564E+003
  0.359595601386376E-316  0.147824268309574E+004 -0.192758349967071E+002  0.684962424944591E+002 -0.110317964850419E+000  0.630176013163609E+000  0.716376832086173E+002 -0.167451030290137E+002 -0.737690079494851E+003
  0.799192090783692E-315  0.147202698133183E+004 -0.190345821907851E+002  0.710662279686377E+002 -0.173216706903160E+000 -0.432457912035413E+001 -0.790520820491512E+002 -0.167451030290137E+002 -0.734582228612893E+003
  0.463181486708349E-313  0.146389431662532E+004 -0.186486349173352E+002  0.894311681684294E+002 -0.351514656936123E-001 -0.532681363564892E+001 -0.790805910763787E+002 -0.167451030290137E+002 -0.730515896259638E+003
  0.156367231608567E-312  0.146144768068914E+004 -0.187553209147305E+002  0.927993298717839E+002 -0.126034860130004E+001  0.850363989456935E+001  0.871548534349161E+002 -0.167451030290137E+002 -0.729292578291551E+003
  0.227274594622008E-312  0.146068648827414E+004 -0.189963526340651E+002  0.693268326472797E+002 -0.212830024594806E+000  0.207703068599023E+001  0.473538380912214E+002 -0.167451030290137E+002 -0.728911982084050E+003
  0.103683239794653E-310  0.145303249576518E+004 -0.193969195878576E+002  0.613295911942468E+002 -0.490234647467571E+000 -0.374678683096640E+000 -0.657932498087245E+002 -0.167451030290137E+002 -0.725084985829570E+003
  0.316221825960463E-310  0.145078899974361E+004 -0.184917991259755E+002  0.891372522009523E+002 -0.140145192498266E+000 -0.551925239870794E+000  0.529386400724788E+002 -0.167451030290137E+002 -0.723963237818786E+003
  0.461869217636031E-307  0.143620252445202E+004 -0.194301346542103E+002  0.648627493360741E+002 -0.385817779853676E+000  0.303274873022490E+001  0.402303324624672E+002 -0.167451030290137E+002 -0.716670000172989E+003
  0.416742899157273E-302  0.141336900901549E+004 -0.188337543188516E+002  0.832903605731468E+002 -0.157627327929297E+000  0.222350953582582E+001  0.746839835596593E+002 -0.167451030290137E+002 -0.705253242454726E+003
  0.136522976321047E-300  0.140637733267351E+004 -0.189257988543791E+002  0.817760128640932E+002 -0.303874621438655E+000  0.121039549902950E+000  0.822992276123325E+002 -0.167451030290137E+002 -0.701757404283734E+003
  0.204930001450341E-298  0.139634135213743E+004 -0.193772926989647E+002  0.625243880752637E+002 -0.506512625480287E+000 -0.390787924518108E-001 -0.336547045350347E+002 -0.167451030290137E+002 -0.696739414015695E+003
  0.301288292969521E-297  0.139095209461435E+004 -0.189520009134433E+002  0.805979879893331E+002 -0.271230977986728E+000 -0.140822520783196E+000  0.836996521497672E+002 -0.167451030290137E+002 -0.694044785254153E+003
  0.380437148983606E-295  0.138126195837039E+004 -0.194225391669038E+002  0.602776114785868E+002 -0.569218110331963E+000  0.211717500322463E+001  0.258873198916267E+001 -0.167451030290137E+002 -0.689199717132176E+003
  0.898212727780507E-295  0.137953049739039E+004 -0.191107081002238E+002  0.734188352710779E+002 -0.522346517558190E+000  0.617162086429527E+000  0.542569607341929E+002 -0.167451030290137E+002 -0.688333986642173E+003
  0.402490198736267E-294  0.137651751048951E+004 -0.191160900342057E+002  0.724869981171576E+002 -0.250706016666619E+000  0.298911569383541E+001  0.241807776395000E+002 -0.167451030290137E+002 -0.686827493191737E+003
  0.169240971872828E-290  0.135981623501450E+004 -0.185692063990019E+002  0.955530687655811E+002 -0.158133088989883E+001  0.890826385443071E+001  0.706858274044802E+002 -0.167451030290137E+002 -0.678476855454231E+003
  0.718952402208805E-287  0.134309449219683E+004 -0.192685954371228E+002  0.639105816893090E+002 -0.356540986163468E+000  0.623520050396798E+001  0.758237971722853E+002 -0.167451030290137E+002 -0.670115984045395E+003
  0.952540671035261E-287  0.134251852781180E+004 -0.189296720372284E+002  0.799756458337818E+002 -0.315414410666047E+000  0.316928665933088E+001  0.338104555753925E+002 -0.167451030290137E+002 -0.669828001852880E+003
  0.201845165384643E-286  0.134100333236008E+004 -0.186484565595228E+002  0.883902641035032E+002 -0.412486179393952E-001  0.147359720493034E+000  0.584944235041899E+002 -0.167451030290137E+002 -0.669070404127019E+003
  0.125757030449843E-285  0.133733117144849E+004 -0.189423435263352E+002  0.759828541635993E+002 -0.515663587613964E+000 -0.941367717967767E+000  0.729005201307217E+002 -0.167451030290137E+002 -0.667234323671226E+003
  0.150777896437264E-285  0.133695497005523E+004 -0.188532427875830E+002  0.814654023486889E+002 -0.119320713602247E+001  0.787947352758959E+001  0.927373101522732E+002 -0.167451030290137E+002 -0.667046222974594E+003
  0.110199746847764E-283  0.132835836713776E+004 -0.188707823885022E+002  0.757004327798798E+002 -0.353569645480867E+000 -0.656474526402604E+000 -0.553070681334715E+002 -0.167451030290137E+002 -0.662747921515859E+003
  0.415525806444035E-283  0.132569057780786E+004 -0.189267631020768E+002  0.743570509443350E+002 -0.167897195767419E-001 -0.504253632363773E+001 -0.670817832432021E+002 -0.167451030290137E+002 -0.661414026850910E+003
  0.518364380320536E-282  0.132062985111616E+004 -0.194987423706570E+002  0.632805775460606E+002 -0.873910589091871E+000  0.272927591118319E+001  0.614067395103402E+001 -0.167451030290137E+002 -0.658883663505060E+003
  0.114544089712313E-281  0.131903082908475E+004 -0.187442547266561E+002  0.793710348696675E+002 -0.332502717215374E+000  0.203334691727367E+001  0.557955591756279E+002 -0.167451030290137E+002 -0.658084152489358E+003
  0.104479013125485E-280  0.131459631699726E+004 -0.194870398147982E+002  0.653778662445228E+002 -0.102626318779702E+001  0.658218361892028E+001  0.713066191579848E+002 -0.167451030290137E+002 -0.655866896445611E+003
  0.190927613078632E-280  0.131337721161743E+004 -0.190479052230760E+002  0.761367767996528E+002 -0.522232566123409E+000  0.152691743342761E+001  0.716051365443312E+002 -0.167451030290137E+002 -0.655257343755697E+003
  0.242917091818666E-276  0.129446159012385E+004 -0.185942357558099E+002  0.923079826990463E+002 -0.120125184127939E+001  0.560234638792767E+001  0.388736587298872E+002 -0.167451030290137E+002 -0.645799533008906E+003
  0.662023088799110E-272  0.127402245982751E+004 -0.185585282214600E+002  0.875982742168263E+002 -0.381764712380551E+000  0.143436935578082E+001  0.109664910886781E+002 -0.167451030290137E+002 -0.635579967860734E+003
  0.486584547176974E-271  0.127001978007518E+004 -0.192911522814396E+002  0.662560937092355E+002 -0.333722975813597E-001 -0.719429828602800E+000  0.763401086817560E+002 -0.167451030290137E+002 -0.633578627984571E+003
  0.155017740142898E-266  0.124926838228023E+004 -0.193342993640001E+002  0.670424587344775E+002 -0.103116086212567E+000 -0.177293134706760E+001 -0.356133861138938E+002 -0.167451030290137E+002 -0.623202929087096E+003
  0.265893339684843E-264  0.123896564144915E+004 -0.186787116660386E+002  0.902206402923433E+002 -0.361765615883327E+000 -0.961365534422248E+000 -0.511060963247561E+002 -0.167451030290137E+002 -0.618051558671554E+003
  0.461437623899145E-264  0.123784984909254E+004 -0.188593525131434E+002  0.796811142049871E+002 -0.114189894039788E+000  0.262516473737545E+001  0.341188859117877E+002 -0.167451030290137E+002 -0.617493662493249E+003
  0.210590633148933E-263  0.123480025134830E+004 -0.189939628287904E+002  0.696848064194532E+002 -0.141891110177028E+000  0.433525442164468E+000  0.949883400881266E+001 -0.167451030290137E+002 -0.615968863621128E+003
  0.326652384575710E-258  0.121088315045368E+004 -0.185097707336391E+002  0.938029345412772E+002 -0.748822330929676E+000  0.480050762486052E+001  0.679900690231173E+002 -0.167451030290137E+002 -0.604010313173820E+003
  0.257115486907554E-256  0.120213826342025E+004 -0.187231500917365E+002  0.842764441730855E+002 -0.152992194356739E+000  0.359762016772997E+001  0.680211419630009E+002 -0.167451030290137E+002 -0.599637869657107E+003
  0.322383449770403E-256  0.120167254168383E+004 -0.193682142913632E+002  0.640231868999756E+002 -0.255021245379818E+000 -0.374326314375811E+001 -0.762862719394263E+002 -0.167451030290137E+002 -0.599405008788893E+003
  0.423923002346498E-256  0.120111163226710E+004 -0.186605494895122E+002  0.846658842603798E+002 -0.384038813883151E+000  0.491773167472767E+000  0.837650915351962E+002 -0.167451030290137E+002 -0.599124554080528E+003
  0.408767632554785E-255  0.119656598295861E+004 -0.190271994374459E+002  0.688047038101833E+002 -0.111068547697005E+000 -0.222196937922890E+001 -0.723200035424427E+002 -0.167451030290137E+002 -0.596851729426287E+003
  0.179863737526644E-253  0.118898424811832E+004 -0.192150638186468E+002  0.644694164889013E+002 -0.202982669602185E+000 -0.970572371591267E+000 -0.706179965474773E+001 -0.167451030290137E+002 -0.593060862006141E+003
  0.558796908784528E-252  0.118209861575686E+004 -0.194158907864966E+002  0.576006075351757E+002 -0.166656071954658E-001  0.159406590052819E+001  0.296778580725906E+002 -0.167451030290137E+002 -0.589618045825412E+003
  0.487965424976126E-251  0.117775123957064E+004 -0.184473091703956E+002  0.990771695061702E+002 -0.456079410077825E+000  0.433223937697716E+001  0.885935685960298E+002 -0.167451030290137E+002 -0.587444357732301E+003
  0.131180072341223E-250  0.117576012745032E+004 -0.191784316344474E+002  0.683368760965099E+002 -0.774144068439346E+000  0.498078521874449E+001  0.832158144276970E+002 -0.167451030290137E+002 -0.586448801672141E+003
  0.402447914569669E-248  0.116429450858019E+004 -0.191866984851439E+002  0.681872009168597E+002 -0.109734344221748E+000  0.211235661888527E+001  0.118086963084271E+002 -0.167451030290137E+002 -0.580715992237076E+003
  0.168043654985399E-246  0.115681756289665E+004 -0.193820682698621E+002  0.583290801430979E+002 -0.145392702290768E+000  0.213203088418064E+000 -0.924203180394610E+002 -0.167451030290137E+002 -0.576977519395307E+003
  0.531697863827956E-245  0.114989540041298E+004 -0.186927849821813E+002  0.885962919074055E+002 -0.168030517409399E-001 -0.433399625394738E+001 -0.788168907939716E+002 -0.167451030290137E+002 -0.573516438153470E+003
  0.508052215591916E-243  0.114076275330353E+004 -0.192202966220018E+002  0.670763684246229E+002 -0.122263353615857E+001  0.719254729231737E+001  0.598312743355224E+002 -0.167451030290137E+002 -0.568950114598745E+003
  0.116147878640649E-241  0.113449056391373E+004 -0.184172023680847E+002  0.978602555832197E+002 -0.183945778216733E+000  0.145202196187659E+001  0.926192928901815E+002 -0.167451030290137E+002 -0.565814019903846E+003
  0.154717892668132E-240  0.112929862620984E+004 -0.190333897701511E+002  0.771619396805186E+002 -0.284996695986131E+000  0.154761033219937E+001  0.449739714304747E+002 -0.167451030290137E+002 -0.563218051051901E+003
  0.209317729927381E-240  0.112868083727412E+004 -0.191629129962012E+002  0.762796813352190E+002 -0.138573950895107E+001  0.819073224782172E+001  0.784975301789381E+002 -0.167451030290137E+002 -0.562909156584043E+003
  0.349889824288437E-240  0.112764001822724E+004 -0.189534367063353E+002  0.760358389507602E+002 -0.183055216218020E+000  0.323583659763470E+001  0.349621089180387E+002 -0.167451030290137E+002 -0.562388747060602E+003
  0.705174061711112E-239  0.112161990625341E+004 -0.187273889888177E+002  0.858907158749093E+002 -0.127014471724961E+001  0.748059531835176E+001  0.664494091516922E+002 -0.167451030290137E+002 -0.559378691073687E+003
  0.134685369451375E-236  0.111110211302335E+004 -0.186785723949425E+002  0.865894310606261E+002 -0.213147839298023E+000  0.306577740351645E+001  0.414986936116001E+002 -0.167451030290137E+002 -0.554119794458654E+003
  0.279521725534682E-236  0.110962854682219E+004 -0.191600770809028E+002  0.753041657483792E+002 -0.169914629817944E+001  0.853222620713232E+001  0.633152164317137E+002 -0.167451030290137E+002 -0.553383011358077E+003
  0.275513306531945E-234  0.110043380554993E+004 -0.184691443957020E+002  0.922867077663350E+002 -0.289401115983228E+000  0.335466519103256E+001  0.671248713494360E+002 -0.167451030290137E+002 -0.548785640721945E+003
  0.152152382620152E-233  0.109700285306070E+004 -0.190319991326269E+002  0.706083232541012E+002 -0.130095744199527E+000  0.145856990941686E+001  0.151482084144124E+001 -0.167451030290137E+002 -0.547070164477331E+003
  0.246394475763747E-233  0.109602546142383E+004 -0.189997767170201E+002  0.724530329318381E+002 -0.434251254520359E+000 -0.596432331964126E+000  0.780225062798800E+002 -0.167451030290137E+002 -0.546581468658894E+003
  0.104123080652552E-232  0.109312972244122E+004 -0.187296226609838E+002  0.863569524375180E+002 -0.628099605620287E+000  0.315232869725962E+001  0.557253855269637E+002 -0.167451030290137E+002 -0.545133599167591E+003
  0.417520333052051E-232  0.109033891420015E+004 -0.193470843586742E+002  0.650388938248361E+002 -0.128000370661700E+001  0.646058469266413E+001  0.394266732428509E+002 -0.167451030290137E+002 -0.543738195047055E+003
  0.129607323746084E-230  0.108345493264737E+004 -0.183994817865999E+002  0.959734164445431E+002 -0.181396508528723E+000  0.359354182185019E-001 -0.305256428022073E+002 -0.167451030290137E+002 -0.540296204270666E+003
  0.149828542136355E-230  0.108315167897157E+004 -0.187991499423756E+002  0.794095773973635E+002 -0.390018744942811E+000  0.437212983418966E-001 -0.784755108876971E+002 -0.167451030290137E+002 -0.540144577432766E+003
  0.180899959985059E-230  0.108276148471951E+004 -0.185761270919504E+002  0.888836846370973E+002 -0.152089462669549E-001 -0.506982309200049E+001 -0.825920460818748E+002 -0.167451030290137E+002 -0.539949480306735E+003
  0.274782020001825E-229  0.107730695753287E+004 -0.194824288212896E+002  0.570037105266103E+002 -0.256430856723842E+000 -0.161334824543216E+001 -0.468157157095667E+002 -0.167451030290137E+002 -0.537222216713413E+003
  0.412225443666866E-228  0.107187731373294E+004 -0.189410387419831E+002  0.740496856284148E+002 -0.465683848991547E+000  0.215814601481941E+001  0.478459864232587E+002 -0.167451030290137E+002 -0.534507394813451E+003
  0.426732899425524E-227  0.106718967866918E+004 -0.192588392616791E+002  0.693714251896299E+002 -0.137521825534143E+001  0.508769249808535E+001  0.230234012352827E+002 -0.167451030290137E+002 -0.532163577281572E+003
  0.295004473770901E-226  0.106330955493311E+004 -0.189848141972375E+002  0.774371527114576E+002 -0.827721172806063E+000  0.544184957765044E+001  0.905078375861140E+002 -0.167451030290137E+002 -0.530223515413536E+003
  0.647812696280502E-226  0.106172304367953E+004 -0.192775062252677E+002  0.667759810292349E+002 -0.411820313312676E-001  0.580631027083562E-001  0.912988078850887E+002 -0.167451030290137E+002 -0.529430259786747E+003
  0.165128187761559E-225  0.105983834348375E+004 -0.186350984878415E+002  0.898800170213433E+002 -0.116153837870306E+001  0.538772207896369E+001  0.345598247526878E+002 -0.167451030290137E+002 -0.528487909688856E+003
  0.195777864799880E-225  0.105948453718660E+004 -0.187653027036928E+002  0.870253107197922E+002 -0.812551152838653E+000  0.503685023653956E+001  0.326126917366290E+002 -0.167451030290137E+002 -0.528311006540282E+003
  0.261410333269955E-224  0.105428785660069E+004 -0.190318538956487E+002  0.763376805776411E+002 -0.538408290462910E+000  0.453586712852999E+001  0.380204091303626E+002 -0.167451030290137E+002 -0.525712666247325E+003
  0.160388859892503E-222  0.104604120732311E+004 -0.184648086483138E+002  0.927939042707588E+002 -0.161041595985261E+000  0.114693675473726E+001  0.203886905605551E+002 -0.167451030290137E+002 -0.521589341608538E+003
  0.116322136517010E-221  0.104206522377125E+004 -0.192638006911318E+002  0.679126698136393E+002 -0.245637217544806E+000  0.240955783113412E+001  0.213684185551127E+002 -0.167451030290137E+002 -0.519601349832606E+003
  0.589506540128682E-220  0.103420091963366E+004 -0.194918669477603E+002  0.580744071848625E+002 -0.422964457014491E+000  0.891089573360748E-001 -0.273215473640604E+002 -0.167451030290137E+002 -0.515669197763809E+003
  0.157884602710239E-216  0.101840179262565E+004 -0.193348103939366E+002  0.670840605419227E+002 -0.265028313244008E+000  0.743001245068346E+000  0.887566227955088E+002 -0.167451030290137E+002 -0.507769634259807E+003
  0.990040911766199E-216  0.101471673981281E+004 -0.192159320206477E+002  0.686072709580214E+002 -0.473128101873432E+000  0.670092381925006E+001  0.925389458975131E+002 -0.167451030290137E+002 -0.505927107853386E+003
  0.317069674260565E-215  0.101237552999128E+004 -0.186152114165195E+002  0.907062991529047E+002 -0.672680670545585E-001 -0.937349901530926E+000 -0.844790930953295E+001 -0.167451030290137E+002 -0.504756502942618E+003
  0.408511146417669E-214  0.100725027540426E+004 -0.189031340519659E+002  0.762208400695918E+002 -0.883930720868856E+000  0.606533304626866E+001  0.653643256681223E+002 -0.167451030290137E+002 -0.502193875649112E+003
  0.162596843285934E-213  0.100447430696724E+004 -0.190085409349399E+002  0.758743573264112E+002 -0.849396809270264E-001  0.262238539213904E-001  0.820602244682737E+002 -0.167451030290137E+002 -0.500805891430600E+003
  0.375077471526833E-213  0.100278930025694E+004 -0.193176509138774E+002  0.618928057523938E+002 -0.342207914163374E+000 -0.855669671573942E+000  0.431646733481579E+002 -0.167451030290137E+002 -0.499963388075449E+003
  0.275406814231135E-211  0.994183437332225E+003 -0.194647706933922E+002  0.607732808736282E+002 -0.120456983855723E+000 -0.477365051320526E+001 -0.813339712420331E+002 -0.167451030290137E+002 -0.495660456613093E+003
  0.111572112884917E-208  0.982161794078511E+003 -0.184339854894511E+002  0.957879823984961E+002 -0.306375103035621E+000  0.820608920245480E+000  0.925305492628212E+002 -0.167451030290137E+002 -0.489649634986236E+003
  0.112303409661460E-208  0.982135438814703E+003 -0.189661838471260E+002  0.839522302226059E+002 -0.137710208334262E+001  0.892381540699150E+001  0.892117010207940E+002 -0.167451030290137E+002 -0.489636457354332E+003
  0.448385201833783E-207  0.974748082613005E+003 -0.185050059027524E+002  0.935778864226515E+002 -0.414077542935195E+000  0.219325975031939E+001  0.901732441081332E+002 -0.167451030290137E+002 -0.485942779253483E+003
  0.127027759999568E-206  0.972652117428084E+003 -0.184381290575786E+002  0.949676807675147E+002 -0.316980515124691E+000  0.206605259821206E+001  0.805957978920323E+002 -0.167451030290137E+002 -0.484894796661022E+003
  0.128105692204060E-206  0.972621928346051E+003 -0.194136266152190E+002  0.616464173980973E+002 -0.706009493902355E+000  0.718993511178055E+001  0.713695562977728E+002 -0.167451030290137E+002 -0.484879702120006E+003
  0.422342785136238E-205  0.965617545818990E+003 -0.186150158475982E+002  0.873034331764449E+002 -0.206448754448921E+000  0.234079614168057E+001  0.248836561210208E+002 -0.167451030290137E+002 -0.481377510856475E+003
  0.167963115457642E-204  0.962843232281387E+003 -0.187816294565639E+002  0.779948474789222E+002 -0.139446338768380E+000  0.372681681350269E-001 -0.652112215614891E+002 -0.167451030290137E+002 -0.479990354087674E+003
  0.429099950637307E-204  0.960954052250932E+003 -0.191625528003243E+002  0.738318486935715E+002 -0.991500275839034E+000  0.385471320288715E+001  0.246572967235121E+002 -0.167451030290137E+002 -0.479045764072446E+003
  0.974911734395012E-204  0.959299449043266E+003 -0.184805731318229E+002  0.929807549860721E+002 -0.430535616230591E+000  0.374909376133544E+001  0.996200855574144E+002 -0.167451030290137E+002 -0.478218462468613E+003
  0.444313477872243E-203  0.956252622958883E+003 -0.192315518454555E+002  0.676420333156122E+002 -0.381923239297643E-001 -0.471605693453043E+000  0.740082189860069E+002 -0.167451030290137E+002 -0.476695049426421E+003
  0.231264730866458E-201  0.948334928039760E+003 -0.184516768890914E+002  0.960535212977968E+002 -0.150170257072392E+000 -0.122976343193857E+001 -0.478485892790571E+002 -0.167451030290137E+002 -0.472736201966860E+003
  0.877725260542897E-201  0.945654097846003E+003 -0.194757978592429E+002  0.586234003842217E+002 -0.437677587933168E+000 -0.133785529837554E+001  0.885594749457442E+002 -0.167451030290137E+002 -0.471395786869981E+003
  0.288118197105784E-200  0.943263564228594E+003 -0.191827059729441E+002  0.687704480796021E+002 -0.663941709181027E+000  0.414038210122558E+001  0.886270253649637E+002 -0.167451030290137E+002 -0.470200520061277E+003
  0.426047745709409E-200  0.942467913910037E+003 -0.187215145346455E+002  0.923719196534328E+002 -0.132056153707787E+001  0.833114450390818E+001  0.821158552239891E+002 -0.167451030290137E+002 -0.469802694901999E+003
  0.609595291423200E-200  0.941738137102239E+003 -0.185507003694327E+002  0.934572684887025E+002 -0.402810191071178E+000  0.144519861159381E+001  0.443644947528507E+002 -0.167451030290137E+002 -0.469437806498100E+003
  0.504897558464542E-198  0.932891387097081E+003 -0.188419770675011E+002  0.862292169100073E+002 -0.883630089584868E+000  0.578245357787685E+001  0.589681845872877E+002 -0.167451030290137E+002 -0.465014431495520E+003
  0.136289570519108E-195  0.921681734927610E+003 -0.184541277659742E+002  0.949627784938565E+002 -0.295379835398328E+000  0.143808949554334E+000  0.971628329722150E+002 -0.167451030290137E+002 -0.459409605410785E+003
  0.150191621669735E-195  0.921474185563358E+003 -0.189993406571057E+002  0.802773783486506E+002 -0.105384074254413E+001  0.697674361583601E+001  0.571777594249706E+002 -0.167451030290137E+002 -0.459305830728659E+003
  0.339307833994722E-194  0.915225734684720E+003 -0.187213300793796E+002  0.879194627363233E+002 -0.342053327084296E+000  0.121610609555846E+001  0.837145560098448E+002 -0.167451030290137E+002 -0.456181605289340E+003
  0.159805184814854E-193  0.912113179976823E+003 -0.185157773183301E+002  0.946381033214390E+002 -0.224984250789938E+000 -0.867749991897393E+000 -0.520267529949415E+002 -0.167451030290137E+002 -0.454625327935392E+003
  0.323188164634865E-193  0.910691332434990E+003 -0.191569509954478E+002  0.655820163256728E+002 -0.494075454196856E-001  0.162119475809986E+001  0.236595621376343E+002 -0.167451030290137E+002 -0.453914404164475E+003
  0.449938702941361E-192  0.905411119861271E+003 -0.185348282559868E+002  0.893619985914229E+002 -0.195673824148262E+000  0.101451495557124E+001  0.334665709402497E+002 -0.167451030290137E+002 -0.451274297877616E+003
  0.186512504058902E-191  0.902553886739989E+003 -0.191235727891448E+002  0.674416062759034E+002 -0.531071521954871E+000  0.377529339132810E+001  0.528912208535718E+002 -0.167451030290137E+002 -0.449845681316975E+003
  0.239111555829592E-191  0.902043733812357E+003 -0.184635297422095E+002  0.934853939953627E+002 -0.753623082319768E-001 -0.121703217089127E+001 -0.151043759053547E+002 -0.167451030290137E+002 -0.449590604853159E+003
  0.101811628697027E-189  0.894527716105779E+003 -0.188188268422244E+002  0.872873381015938E+002 -0.140453910961499E+001  0.992093229781901E+001  0.929100000489443E+002 -0.167451030290137E+002 -0.445832595999870E+003
  0.509985054738735E-188  0.886686742649460E+003 -0.192181083863276E+002  0.694022894454355E+002 -0.472257667170304E+000  0.767988856156187E+000  0.510157458423900E+002 -0.167451030290137E+002 -0.441912109271710E+003
  0.617925813576209E-188  0.886289479590743E+003 -0.188463081059327E+002  0.826637020053017E+002 -0.381233156010689E+000 -0.107593289439631E+001 -0.657114077934135E+002 -0.167451030290137E+002 -0.441713477742352E+003
  0.660119153899525E-188  0.886144086610421E+003 -0.191302292188638E+002  0.742650787607317E+002 -0.530447395689635E+000  0.385842739515458E+001  0.657575526233473E+002 -0.167451030290137E+002 -0.441640781252191E+003
  0.132006728392289E-187  0.884744762260958E+003 -0.186277295040267E+002  0.907543117858053E+002 -0.412104786960132E+000  0.184880379691427E+001  0.709249470622219E+002 -0.167451030290137E+002 -0.440941119077459E+003
  0.226513888530718E-187  0.883651566441313E+003 -0.190025721625787E+002  0.719780290389638E+002 -0.370403435497145E+000 -0.107936786389633E-001  0.795395546682095E+002 -0.167451030290137E+002 -0.440394521167637E+003
  0.603046707401445E-187  0.881679900573786E+003 -0.185102562996485E+002  0.979175859861911E+002 -0.103232204482916E+001  0.717538127166768E+001  0.813949300903412E+002 -0.167451030290137E+002 -0.439408688233873E+003
  0.126654362814239E-185  0.875577336773267E+003 -0.185737634427357E+002  0.918513421506202E+002 -0.323602969640543E+000  0.271328615596483E+001  0.374176767350108E+002 -0.167451030290137E+002 -0.436357406333614E+003
  0.333254679032969E-185  0.873629157336006E+003 -0.184678484269054E+002  0.940562343735055E+002 -0.223940264418719E+000  0.111935766671836E+001  0.308414605935735E+002 -0.167451030290137E+002 -0.435383316614983E+003
  0.975388482088361E-185  0.871468010580091E+003 -0.189560679611049E+002  0.730545804646230E+002 -0.350596391321131E+000  0.410830967795195E+001  0.464342739037350E+002 -0.167451030290137E+002 -0.434302743237026E+003
  0.131957464170223E-184  0.870850263719240E+003 -0.184557256987949E+002  0.995066954689267E+002 -0.107674811576345E+001  0.628960984307821E+001  0.515506258499846E+002 -0.167451030290137E+002 -0.433993869806600E+003
  0.181341470959474E-184  0.870201170225253E+003 -0.186829682857019E+002  0.832386676537036E+002 -0.289485403870158E+000  0.539319437980232E-001  0.128118699033479E+002 -0.167451030290137E+002 -0.433669323059607E+003
  0.446440322787192E-182  0.859175692963807E+003 -0.187527325609995E+002  0.867564616954958E+002 -0.419665390821173E+000  0.375097964909297E+001  0.803361446076148E+002 -0.167451030290137E+002 -0.428156584428884E+003
  0.102783741820861E-181  0.857494590789966E+003 -0.194425312786990E+002  0.604009861338988E+002 -0.587889038416568E+000  0.756409316330745E+001  0.967468874061048E+002 -0.167451030290137E+002 -0.427316033341963E+003
  0.265907456286014E-180  0.850975089213484E+003 -0.188834328895950E+002  0.743144585356944E+002 -0.845189090268990E-001 -0.129268455055025E+001 -0.417612291797012E+002 -0.167451030290137E+002 -0.424056282553722E+003
  0.615624439696418E-180  0.849282822603567E+003 -0.186444845194472E+002  0.890697454344738E+002 -0.942412272102251E+000  0.568195883083353E+001  0.399950419486176E+002 -0.167451030290137E+002 -0.423210149248763E+003
  0.577635260895967E-177  0.835581411897795E+003 -0.185503285030286E+002  0.932039492567561E+002 -0.282532119617579E+000 -0.359726407362723E+000  0.667621001309686E+002 -0.167451030290137E+002 -0.416359443895878E+003
  0.121164472239609E-176  0.834086540097662E+003 -0.187555581947395E+002  0.796408059043048E+002 -0.231973799497208E+000  0.261069284795548E+001  0.705631684637414E+002 -0.167451030290137E+002 -0.415612007995811E+003
  0.251389449753873E-176  0.832613542148277E+003 -0.185195120370130E+002  0.912081828470265E+002 -0.282596851684553E+000  0.105257041089701E+001  0.533367021014440E+002 -0.167451030290137E+002 -0.414875509021119E+003
  0.117934601375313E-174  0.824903658859079E+003 -0.185524000730621E+002  0.897112090306546E+002 -0.337180270617428E+000  0.169123927429461E+001  0.415700339525014E+002 -0.167451030290137E+002 -0.411020567376520E+003
  0.985234123976645E-174  0.820644871659538E+003 -0.192802890202748E+002  0.621315337826741E+002 -0.862175496882951E-001 -0.216981162213742E+001 -0.299788378463132E+002 -0.167451030290137E+002 -0.408891173776749E+003
  0.115768077205635E-173  0.820308993281932E+003 -0.191441416500897E+002  0.710798010074790E+002 -0.847405154179791E+000  0.579120762978770E+001  0.396491600625286E+002 -0.167451030290137E+002 -0.408723234587946E+003
  0.155170638582177E-173  0.819709831096248E+003 -0.194759938528750E+002  0.575242573210136E+002 -0.577042829634956E+000  0.556371185013682E+001  0.698980166016575E+002 -0.167451030290137E+002 -0.408423653495104E+003
  0.149638130484981E-171  0.810558812617783E+003 -0.193439614516195E+002  0.684135904419734E+002 -0.101690952299670E+001  0.714423584123600E+001  0.903789438119916E+002 -0.167451030290137E+002 -0.403848144255871E+003
  0.689523772180475E-170  0.802884790830210E+003 -0.187262473465339E+002  0.806808865567987E+002 -0.746970610807942E-001 -0.637764100230434E+000 -0.211192947252736E+002 -0.167451030290137E+002 -0.400011133362085E+003
  0.122589676212806E-169  0.801720648281134E+003 -0.190848594039192E+002  0.775183958124816E+002 -0.104790573389801E+001  0.761810602442384E+001  0.938134954939827E+002 -0.167451030290137E+002 -0.399429062087547E+003
  0.401145606571386E-169  0.799336395881352E+003 -0.194106618517746E+002  0.614093765120792E+002 -0.916596359796795E-002  0.107097393631921E+001  0.577717290556978E+002 -0.167451030290137E+002 -0.398236935887656E+003
  0.431004986729254E-168  0.794574346229689E+003 -0.191841874763611E+002  0.645835738355431E+002 -0.146736314570651E+000 -0.502958158000268E-001 -0.803776838339363E+001 -0.167451030290137E+002 -0.395855911061825E+003
  0.100948534843229E-165  0.783648564244704E+003 -0.186856173714836E+002  0.839952328604916E+002 -0.430592354839831E+000  0.317479249776996E+001  0.807805281522505E+002 -0.167451030290137E+002 -0.390393020069332E+003
  0.156000735728134E-164  0.778159605188322E+003 -0.189876038394097E+002  0.775633124103788E+002 -0.234841084210834E+000  0.156836091552386E+001  0.722486024036157E+002 -0.167451030290137E+002 -0.387648540541141E+003
  0.734578722752832E-164  0.775047443212638E+003 -0.187958493999735E+002  0.813415652082874E+002 -0.724153899391200E-001  0.125033611929668E+001  0.436391936342705E+002 -0.167451030290137E+002 -0.386092459553299E+003
  0.126709063147276E-163  0.773943791044133E+003 -0.187204013580502E+002  0.831516218227095E+002 -0.701974915545092E+000  0.683559161513259E+001  0.880797311665920E+002 -0.167451030290137E+002 -0.385540633469047E+003
  0.172007801683624E-163  0.773319209524090E+003 -0.190575500643049E+002  0.724105279459527E+002 -0.512295065914057E+000  0.269795578289243E+001  0.960992024005153E+002 -0.167451030290137E+002 -0.385228342709025E+003
  0.232610333065019E-163  0.772702270780911E+003 -0.187703725017674E+002  0.849291217465549E+002 -0.205437880157282E+000  0.438211193865607E+000  0.316319221688697E+002 -0.167451030290137E+002 -0.384919873337436E+003
  0.327743710344851E-162  0.767398076971938E+003 -0.187378569145850E+002  0.828769794221433E+002 -0.283981240497165E+000 -0.398387420614236E+000  0.246370101493368E+002 -0.167451030290137E+002 -0.382267776432949E+003
  0.236694099857079E-161  0.763430544385545E+003 -0.187688463306936E+002  0.808864776615288E+002 -0.252043957173927E+000  0.390215182065877E+001  0.680606405833518E+002 -0.167451030290137E+002 -0.380284010139753E+003
  0.403962094446408E-160  0.757742980197334E+003 -0.186434248640185E+002  0.849541140996053E+002 -0.182368421250949E+000  0.115055366470207E+001  0.162567733913542E+002 -0.167451030290137E+002 -0.377440228045647E+003
  0.624388696229300E-159  0.752253616851641E+003 -0.187179212057419E+002  0.876684325486395E+002 -0.522043761603576E+000  0.376058854503779E+001  0.878072241256721E+002 -0.167451030290137E+002 -0.374695546372801E+003
  0.739512170045093E-159  0.751901892458050E+003 -0.188143658883265E+002  0.849055055732536E+002 -0.137498402203836E+001  0.732926062477362E+001  0.572850949439742E+002 -0.167451030290137E+002 -0.374519684176005E+003
  0.402846806227691E-158  0.748498301952413E+003 -0.190040198088493E+002  0.771578754970487E+002 -0.527156046053393E+000  0.265830381943422E+001  0.614165648439926E+002 -0.167451030290137E+002 -0.372817888923187E+003
  0.993985073850479E-158  0.746678681198878E+003 -0.187541917502880E+002  0.872599010610731E+002 -0.606420006175373E+000  0.448232244522148E+001  0.547656767886549E+002 -0.167451030290137E+002 -0.371908078546419E+003
  0.103309020288758E-156  0.741983046734861E+003 -0.188998545446468E+002  0.815929061201533E+002 -0.504948064037087E+000  0.379069048623777E+001  0.806221121750251E+002 -0.167451030290137E+002 -0.369560261314411E+003
  0.378144204031561E-156  0.739374655806587E+003 -0.187157710192841E+002  0.842546031412538E+002 -0.376102341731624E+000  0.418900280781003E-001 -0.962345976900207E+002 -0.167451030290137E+002 -0.368256065850273E+003
  0.453342415286076E-155  0.734393452318034E+003 -0.194632727336538E+002  0.571374366143794E+002 -0.512314488198014E-001  0.395489285493372E+000  0.119323110513210E+001 -0.167451030290137E+002 -0.365765464105997E+003
  0.356626814535121E-154  0.730254908698576E+003 -0.189914337388440E+002  0.709020834055652E+002 -0.208425375307102E+000 -0.112619962415939E+001  0.666089021150468E+002 -0.167451030290137E+002 -0.363696192296268E+003
  0.167102307737829E-153  0.727152616730293E+003 -0.186163096249528E+002  0.938120482515081E+002 -0.110556204157881E+001  0.845953152446297E+001  0.894422898300892E+002 -0.167451030290137E+002 -0.362145046312127E+003
  0.371719392089495E-153  0.725540261642329E+003 -0.193267696212647E+002  0.663721596839997E+002 -0.491069581302337E+000  0.202802217784611E+001  0.572361253394105E+002 -0.167451030290137E+002 -0.361338868768145E+003
  0.128892659780053E-152  0.723040120938981E+003 -0.190467892650446E+002  0.697315404429259E+002 -0.188326211547976E+000  0.248489701185688E+001  0.306223938315016E+002 -0.167451030290137E+002 -0.360088798416470E+003
  0.844497819485148E-152  0.719267307471593E+003 -0.192400136908234E+002  0.658452016020437E+002 -0.373531181904061E+000 -0.125056162025511E+001 -0.657176505764017E+002 -0.167451030290137E+002 -0.358202391682776E+003
  0.832725631197696E-151  0.714676924081421E+003 -0.185615052342736E+002  0.915844575502953E+002 -0.568872360938007E+000  0.531885973681996E+001  0.720958685118934E+002 -0.167451030290137E+002 -0.355907199987691E+003
  0.161395382195430E-150  0.713340158948206E+003 -0.190627179834426E+002  0.723743682412367E+002 -0.465361575222768E+000  0.150885313316274E+001  0.585100137023815E+002 -0.167451030290137E+002 -0.355238817421083E+003
  0.435127581846654E-150  0.711343305592379E+003 -0.189116390659932E+002  0.797319447835732E+002 -0.170351890587766E+000 -0.165398913627359E+001 -0.229456009385540E+002 -0.167451030290137E+002 -0.354240390743169E+003
  0.108172876694778E-149  0.709508663565350E+003 -0.194529711612673E+002  0.581654528949032E+002 -0.813356120095978E-001  0.296660871475227E+001  0.881396902698261E+002 -0.167451030290137E+002 -0.353323069729655E+003
  0.625075516056112E-145  0.687566410114686E+003 -0.187603431177199E+002  0.806556933830558E+002 -0.129695385888577E+000  0.199743444185638E+001  0.556627574956472E+002 -0.167451030290137E+002 -0.342351943004323E+003
  0.262449512494274E-144  0.684683578319159E+003 -0.193956153857736E+002  0.668014038008475E+002 -0.161597433693550E+001  0.852134200783665E+001  0.650962878996434E+002 -0.167451030290137E+002 -0.340910527106560E+003
  0.688387067275547E-143  0.678136533953052E+003 -0.185584052814918E+002  0.939533631642615E+002 -0.824617657106257E+000  0.690159559804450E+001  0.847759516134024E+002 -0.167451030290137E+002 -0.337637004923506E+003
  0.862622698167915E-143  0.677671992627586E+003 -0.189871554917683E+002  0.729884684693207E+002 -0.368914503279049E+000 -0.490177519146457E+000  0.956826198727658E+002 -0.167451030290137E+002 -0.337404734260773E+003
  0.247179641779101E-142  0.675553257417368E+003 -0.185718965631231E+002  0.892713268919487E+002 -0.194213248549496E+000 -0.808688050055695E+000 -0.446927624127980E+002 -0.167451030290137E+002 -0.336345366655664E+003
  0.514370780724035E-142  0.674074310328442E+003 -0.193410278418202E+002  0.629510581855279E+002 -0.102722441193582E+001  0.792137121216884E+001  0.875715704077283E+002 -0.167451030290137E+002 -0.335605893111201E+003
  0.326779171886202E-141  0.670363170539492E+003 -0.191922363940930E+002  0.649571550245380E+002 -0.237595048764271E+000 -0.831159869251117E-001  0.251604691697321E+002 -0.167451030290137E+002 -0.333750323216726E+003
  0.408849604673639E-140  0.665296585775569E+003 -0.189770736337891E+002  0.802735195795991E+002 -0.957309978990381E+000  0.529082557845752E+001  0.344323703793314E+002 -0.167451030290137E+002 -0.331217030834765E+003
  0.187502030089646E-139  0.662237241906520E+003 -0.192404713883942E+002  0.673514261650799E+002 -0.743463245854095E-001  0.244215796838985E+000  0.350117550466904E+002 -0.167451030290137E+002 -0.329687358900240E+003
  0.519862065884810E-139  0.660184405129127E+003 -0.187209674184264E+002  0.882670237746726E+002 -0.556081189174888E+000  0.226503080824602E+001  0.134510617637219E+002 -0.167451030290137E+002 -0.328660940511544E+003
  0.350500071752663E-137  0.651749180886283E+003 -0.191024650299236E+002  0.679975189789832E+002 -0.338870037568697E+000  0.304515577658388E+001  0.359663647262004E+002 -0.167451030290137E+002 -0.324443328390122E+003
  0.108438282239702E-136  0.649477081069531E+003 -0.187612407382638E+002  0.815940339508273E+002 -0.335162503309772E+000 -0.473670411177416E-001 -0.564029864705908E+002 -0.167451030290137E+002 -0.323307278481746E+003
  0.360835422068133E-136  0.647059310432133E+003 -0.188385999699100E+002  0.797062982326138E+002 -0.199703103784954E+000 -0.237775147782414E+001 -0.420009407166436E+002 -0.167451030290137E+002 -0.322098393163047E+003
  0.423134361156455E-136  0.646727485731808E+003 -0.187455282323120E+002  0.858491537609402E+002 -0.318927973361050E+000 -0.245160841450542E+000 -0.469248752040592E+002 -0.167451030290137E+002 -0.321932480812884E+003
  0.673860934080860E-136  0.645783528660192E+003 -0.192276808250447E+002  0.654591067363366E+002 -0.703241055318643E+000  0.494812757548868E+001  0.408473979342594E+002 -0.167451030290137E+002 -0.321460502277076E+003
  0.652343749493354E-135  0.641229973617214E+003 -0.186444475272918E+002  0.897316396010907E+002 -0.671641137714038E+000  0.660599409299960E+001  0.930976899855992E+002 -0.167451030290137E+002 -0.319183724755587E+003
  0.878201068432095E-135  0.640622076674577E+003 -0.186270037197707E+002  0.888903644510406E+002 -0.324121441164332E+000  0.386799250334819E+000 -0.374603728620102E+002 -0.167451030290137E+002 -0.318879776284269E+003
  0.748785668066490E-134  0.636322462982414E+003 -0.186423903058762E+002  0.853688276934711E+002 -0.164437654752532E-001 -0.402688806243233E+001 -0.975420423720062E+002 -0.167451030290137E+002 -0.316729969438187E+003
  0.185598702857297E-133  0.634493735618387E+003 -0.193940154813661E+002  0.643845308068344E+002 -0.317792001749914E+000 -0.108266102491674E+001 -0.466950092571283E+002 -0.167451030290137E+002 -0.315815605756174E+003
  0.925586847349342E-132  0.626661594077958E+003 -0.190637419952851E+002  0.754863205490017E+002 -0.437953039921230E+000  0.223668348094151E+001  0.377321620310579E+002 -0.167451030290137E+002 -0.311899534985959E+003
  0.274089803602136E-131  0.624477079132236E+003 -0.192359040103413E+002  0.643983122585923E+002 -0.451099850638573E+000  0.501676869056304E+001  0.670697138166778E+002 -0.167451030290137E+002 -0.310807277513098E+003
  0.135650651458385E-128  0.612055025411783E+003 -0.190282805657530E+002  0.706746754081590E+002 -0.280276192044435E+000 -0.608180737542341E-002  0.951814679584639E+002 -0.167451030290137E+002 -0.304596250652872E+003
  0.170406028077493E-128  0.611585534029900E+003 -0.190651554043626E+002  0.726487316047490E+002 -0.114190627640291E+001  0.797774797708130E+001  0.844447546987512E+002 -0.167451030290137E+002 -0.304361504961930E+003
  0.251476584880796E-128  0.610793913157405E+003 -0.186119499845855E+002  0.923991058748539E+002 -0.111519056997520E+001  0.778977244862044E+001  0.751143169257939E+002 -0.167451030290137E+002 -0.303965694525682E+003
  0.531934226985173E-128  0.609282284142223E+003 -0.194285504180320E+002  0.600781002077810E+002 -0.809627906756351E+000  0.514365736263987E+001  0.467688351401568E+002 -0.167451030290137E+002 -0.303209880018092E+003
  0.131441333169912E-127  0.607459743334262E+003 -0.188825649136448E+002  0.753550122368529E+002 -0.120676934652082E+000 -0.226013325397960E+001 -0.703888397607042E+002 -0.167451030290137E+002 -0.302298609614111E+003
  0.377592170178937E-127  0.605335946085181E+003 -0.187152933799508E+002  0.823266803095790E+002 -0.218602293930874E+000  0.747788290174547E+000  0.610595465419261E+002 -0.167451030290137E+002 -0.301236710989571E+003
  0.546613177808490E-127  0.604582803632566E+003 -0.189479568066114E+002  0.737759168161296E+002 -0.264645648990884E+000  0.258651113043703E+001  0.253847421346685E+002 -0.167451030290137E+002 -0.300860139763263E+003
  0.133736234295321E-126  0.602780088206276E+003 -0.186392461680109E+002  0.859619781498060E+002 -0.280297137819869E-001 -0.215316974005960E+001 -0.473344795442043E+002 -0.167451030290137E+002 -0.299958782050118E+003
  0.160322159367783E-126  0.602404167465652E+003 -0.189577345114496E+002  0.746485492804439E+002 -0.442426737084074E-001  0.965264816965298E+000  0.306967652972805E+002 -0.167451030290137E+002 -0.299770821679806E+003
  0.910587163423402E-126  0.598917069702111E+003 -0.186451535765265E+002  0.916546011947721E+002 -0.114227211072454E+001  0.738167430777001E+001  0.642464356880994E+002 -0.167451030290137E+002 -0.298027272798036E+003
  0.118276302291245E-124  0.593775572632308E+003 -0.190396448780575E+002  0.712817011394844E+002 -0.705902697689161E+000  0.576349939470971E+001  0.689186758560827E+002 -0.167451030290137E+002 -0.295456524263134E+003
  0.144681479027549E-124  0.593359261151632E+003 -0.190132421571912E+002  0.798246326447274E+002 -0.154105520442258E+001  0.884871090044144E+001  0.696394228246164E+002 -0.167451030290137E+002 -0.295248368522796E+003
  0.195639081620762E-124  0.592742498242899E+003 -0.194386909697993E+002  0.601055654498242E+002 -0.409712450731774E+000 -0.753452379324667E+000  0.882955789564428E+002 -0.167451030290137E+002 -0.294939987068430E+003
  0.124411325542570E-123  0.589029395619333E+003 -0.189706723764009E+002  0.760851923426787E+002 -0.587469762975179E+000  0.198962930855510E+001  0.165220404185814E+002 -0.167451030290137E+002 -0.293083435756647E+003
  0.640516876685643E-123  0.585738742028445E+003 -0.190751782603547E+002  0.745313643535270E+002 -0.280108019423943E+000  0.739185896082532E+000  0.915408418196051E+002 -0.167451030290137E+002 -0.291438108961203E+003
  0.138450751756242E-122  0.584183804338660E+003 -0.191356639125474E+002  0.761754026187647E+002 -0.133976229604126E+001  0.833618883012475E+001  0.812022427428292E+002 -0.167451030290137E+002 -0.290660640116310E+003
  0.414107991526724E-122  0.581979291034216E+003 -0.190955240894119E+002  0.714393253981693E+002 -0.592430041469370E-001 -0.292640893821712E+000 -0.899642279432746E+002 -0.167451030290137E+002 -0.289558383464088E+003
  0.481594470523136E-122  0.581664050701682E+003 -0.189976807284562E+002  0.721591312799443E+002 -0.339059782751164E+000  0.420798594659147E+001  0.615911268862073E+002 -0.167451030290137E+002 -0.289400763297821E+003
  0.161503051630040E-121  0.579230748179118E+003 -0.193848984199346E+002  0.599524879868214E+002 -0.172962171625092E+000 -0.156778996152938E+001  0.898835124462500E+002 -0.167451030290137E+002 -0.288184112036539E+003
  0.273699475990743E-121  0.578162445766721E+003 -0.191296325658791E+002  0.693027604976657E+002 -0.459455504033462E+000  0.161245111068922E+001  0.287627619869123E+002 -0.167451030290137E+002 -0.287649960830341E+003
  0.280538286984709E-121  0.578099797662021E+003 -0.189167946351147E+002  0.821133577265701E+002 -0.113625814750107E+001  0.488220377804428E+001  0.307878665927622E+002 -0.167451030290137E+002 -0.287618636777991E+003
  0.965119754055997E-121  0.575615424616645E+003 -0.188041469547992E+002  0.837238388742311E+002 -0.124358659662223E+001  0.817524474896778E+001  0.801920605986112E+002 -0.167451030290137E+002 -0.286376450255302E+003
  0.192132566363329E-120  0.574225098560261E+003 -0.193829627184602E+002  0.660806466755329E+002 -0.911689472523435E+000  0.484203684451380E+001  0.455654667265835E+002 -0.167451030290137E+002 -0.285681287227111E+003
  0.208105506167839E-120  0.574052090257417E+003 -0.189671716099790E+002  0.780811034462043E+002 -0.350170221727353E+000 -0.140890001996446E+000 -0.749585536542557E+002 -0.167451030290137E+002 -0.285594783075688E+003
  0.347194072243567E-119  0.568409953551352E+003 -0.189800277268238E+002  0.821398878020121E+002 -0.152124719882036E+001  0.930060090456189E+001  0.858713230230258E+002 -0.167451030290137E+002 -0.282773714722656E+003
  0.329926172527096E-117  0.559288354093523E+003 -0.190561634488924E+002  0.694558735930089E+002 -0.780362618123465E-001  0.106813233563021E+001  0.964330426112547E+002 -0.167451030290137E+002 -0.278212914993742E+003
  0.458802721741835E-117  0.558615562192633E+003 -0.186801855584853E+002  0.883920483277876E+002 -0.526062004659257E+000  0.418742270511867E+001  0.678364062988406E+002 -0.167451030290137E+002 -0.277876519043297E+003
  0.219332865826962E-116  0.555473162533960E+003 -0.193441821631473E+002  0.626364002931960E+002 -0.210746776666111E-001  0.220999294152636E+000 -0.671703776926518E+002 -0.167451030290137E+002 -0.276305319213960E+003
  0.122037922573957E-115  0.552027220610464E+003 -0.191324604086725E+002  0.721918122627427E+002 -0.366083667219447E+000 -0.879894124918927E+000 -0.706275890374751E+002 -0.167451030290137E+002 -0.274582348252212E+003
  0.275294411520594E-115  0.550386912974743E+003 -0.186168627703623E+002  0.918749805179466E+002 -0.979231419758259E+000  0.610612499366431E+001  0.562459986866471E+002 -0.167451030290137E+002 -0.273762194434351E+003
  0.122453010724274E-114  0.547388681187061E+003 -0.188941611674350E+002  0.753626067582723E+002 -0.382106159576847E-001 -0.138519169033590E+001 -0.871479422265574E+002 -0.167451030290137E+002 -0.272263078540510E+003
  0.519926556385432E-113  0.539878301528820E+003 -0.190952268918998E+002  0.782183135312702E+002 -0.163494512779959E+001  0.971894191390918E+001  0.854140947180521E+002 -0.167451030290137E+002 -0.268507888711390E+003
  0.153411487091885E-112  0.537700969846378E+003 -0.189063252543162E+002  0.823220793490545E+002 -0.905815228988711E+000  0.399768553167572E+001  0.273839052833918E+002 -0.167451030290137E+002 -0.267419222870169E+003
  0.170213123581341E-112  0.537479825659737E+003 -0.191870693099446E+002  0.662004154859279E+002 -0.584702588219936E+000  0.515768286151668E+001  0.745977499789455E+002 -0.167451030290137E+002 -0.267308650776849E+003
  0.265440163326965E-112  0.536577860330783E+003 -0.191986393338359E+002  0.658567948204259E+002 -0.183347518653474E-001  0.572760143693898E+000  0.547068550820319E+002 -0.167451030290137E+002 -0.266857668112372E+003
  0.552908014556187E-112  0.535096966831386E+003 -0.193662914598842E+002  0.670087235220213E+002 -0.130936681796717E+001  0.510147706826067E+001  0.245862169193049E+002 -0.167451030290137E+002 -0.266117221362673E+003
  0.893803390170734E-112  0.534123089384450E+003 -0.188486728187914E+002  0.823047301876898E+002 -0.424932266256568E+000  0.294894698037179E+001  0.692744682540823E+002 -0.167451030290137E+002 -0.265630282639205E+003
  0.191836244563025E-111  0.532582317541567E+003 -0.188143800502692E+002  0.852032710659772E+002 -0.124944887812473E+001  0.864385598157686E+001  0.959966227504578E+002 -0.167451030290137E+002 -0.264859896717763E+003
  0.316027041734051E-111  0.531570657116476E+003 -0.191518551816381E+002  0.690576024913100E+002 -0.696278763085646E+000  0.388448626958402E+001  0.446175101212424E+002 -0.167451030290137E+002 -0.264354066505218E+003
  0.155269594137973E-110  0.528373527568961E+003 -0.192682632132255E+002  0.665976631710725E+002 -0.309408685755893E+000  0.343783283286672E+001  0.432425959620954E+002 -0.167451030290137E+002 -0.262755501731461E+003
  0.521944958689636E-110  0.525935440051280E+003 -0.190385014517308E+002  0.701335725297710E+002 -0.181621378654918E+000 -0.435239625977268E+000 -0.124314517861182E+002 -0.167451030290137E+002 -0.261536457972620E+003
  0.339780120994138E-109  0.522175507647356E+003 -0.187443043744848E+002  0.839580245730280E+002 -0.231537070570087E+000 -0.249613273691692E+001 -0.893154748860274E+002 -0.167451030290137E+002 -0.259656491770658E+003
  0.354597434682405E-109  0.522076849654386E+003 -0.191903098361902E+002  0.655323571962958E+002 -0.740068891811032E-001  0.176543755721601E+001  0.821765285654447E+002 -0.167451030290137E+002 -0.259607162774173E+003
  0.588649330454935E-109  0.521049865603182E+003 -0.190044701565818E+002  0.751672773095862E+002 -0.416813625144107E+000  0.892366450631009E+000  0.401352336610683E+002 -0.167451030290137E+002 -0.259093670748571E+003
  0.209466071775160E-108  0.518497944060595E+003 -0.193856487925453E+002  0.651603716141891E+002 -0.537352880445091E+000  0.360521906462319E+001  0.368948890973319E+002 -0.167451030290137E+002 -0.257817709977278E+003
  0.249893457627624E-107  0.513526539029456E+003 -0.191408865301699E+002  0.675464933183250E+002 -0.466577883137298E-001 -0.342237724272845E+000  0.599378517913656E+002 -0.167451030290137E+002 -0.255332007461708E+003
  0.521969396343215E-107  0.512040101342154E+003 -0.191972943429394E+002  0.676352706543958E+002 -0.511764711064422E-002 -0.716060082844253E+000 -0.345924254375435E+002 -0.167451030290137E+002 -0.254588788618057E+003
  0.382514934928420E-106  0.508043324591529E+003 -0.194330182561495E+002  0.611341153055830E+002 -0.381648134412535E+000 -0.204786008086118E+001  0.879679680971594E+002 -0.167451030290137E+002 -0.252590400242745E+003
  0.293541711172584E-105  0.503954361225037E+003 -0.190083216780473E+002  0.736568627135743E+002 -0.274467933355262E+000  0.396476503918699E+001  0.663300404032011E+002 -0.167451030290137E+002 -0.250545918559499E+003
  0.299620897600326E-105  0.503900075629043E+003 -0.189566086798080E+002  0.746015713933170E+002 -0.356446952169759E+000 -0.413628921031229E+000  0.812735959525036E+002 -0.167451030290137E+002 -0.250518775761501E+003
  0.352795557412266E-104  0.498954874896009E+003 -0.192935755271314E+002  0.677899158269431E+002 -0.755267614247122E+000  0.504750486641102E+001  0.375589366200166E+002 -0.167451030290137E+002 -0.248046175394985E+003
  0.640129244930788E-104  0.497750023071601E+003 -0.186708008750437E+002  0.863006587976326E+002 -0.215613553465650E+000 -0.241340359413794E+000 -0.677196762772418E+002 -0.167451030290137E+002 -0.247443749482781E+003
  0.910437480521021E-104  0.497032223724876E+003 -0.188767853067617E+002  0.761109242945690E+002 -0.162925999697618E+000  0.138144094869182E+001  0.361428635462300E+002 -0.167451030290137E+002 -0.247084849809418E+003
  0.158670138669412E-103  0.495907960021690E+003 -0.191604070158999E+002  0.682616175233747E+002 -0.439661381670695E-001  0.520796936834031E-001  0.541689315513100E+002 -0.167451030290137E+002 -0.246522717957825E+003
  0.972277021658963E-103  0.492269044300517E+003 -0.193657845814020E+002  0.611713908408347E+002 -0.164505153656179E+000 -0.971040681034019E+000  0.823074373289584E+002 -0.167451030290137E+002 -0.244703260097239E+003
  0.710738579090236E-102  0.488277257197040E+003 -0.187840773307996E+002  0.851366497029834E+002 -0.592084593668237E+000  0.266052482073423E+001  0.211955503220347E+002 -0.167451030290137E+002 -0.242707366545500E+003
  0.940061234218928E-102  0.487704687442921E+003 -0.190553799876731E+002  0.749338738614335E+002 -0.301600238154608E+000  0.559246003855725E+000  0.745342022014111E+002 -0.167451030290137E+002 -0.242421081668441E+003
  0.248654887945342E-101  0.485745986317549E+003 -0.187918008823490E+002  0.847036618118605E+002 -0.869984807688786E+000  0.712538474951463E+001  0.759240267748741E+002 -0.167451030290137E+002 -0.241441731105755E+003
  0.877139736749881E-101  0.483211496488659E+003 -0.187445277909237E+002  0.849103769610667E+002 -0.464215546724132E+000  0.339726093969301E+001  0.846350006364710E+002 -0.167451030290137E+002 -0.240174486191309E+003
  0.328933922386569E-099  0.475949485886934E+003 -0.194646967642224E+002  0.599669664184545E+002 -0.452378579410359E+000 -0.184766518692828E+001  0.980227948794823E+002 -0.167451030290137E+002 -0.236543480890447E+003
  0.887138819687242E-099  0.473951907625495E+003 -0.194616112748564E+002  0.585507280737354E+002 -0.487706096771164E+000  0.378927682821707E+001  0.633608710459267E+002 -0.167451030290137E+002 -0.235544691759728E+003
  0.187519159877500E-098  0.472441689251233E+003 -0.188429556552007E+002  0.824597163075435E+002 -0.115467137147310E+001  0.603842913061694E+001  0.438840718683439E+002 -0.167451030290137E+002 -0.234789582572596E+003
  0.290535744955687E-098  0.471552708988119E+003 -0.187606174366477E+002  0.811675232092565E+002 -0.232550109928658E+000  0.166637353456057E+000 -0.358364705844170E+002 -0.167451030290137E+002 -0.234345092441040E+003
  0.322434969417631E-098  0.471331070191392E+003 -0.190067658800516E+002  0.736148432240888E+002 -0.378224314069698E+000  0.497907707157042E+000  0.194999243205811E+002 -0.167451030290137E+002 -0.234234273042676E+003
  0.565070522448108E-098  0.470195682963628E+003 -0.191808737096979E+002  0.658113388763729E+002 -0.179025026511601E+000 -0.586883968188573E+000  0.616974249296776E+002 -0.167451030290137E+002 -0.233666579428794E+003
  0.239487054922494E-097  0.467294126045977E+003 -0.194172549161688E+002  0.639080241952542E+002 -0.125461676213934E+001  0.650913927382343E+001  0.498164826366209E+002 -0.167451030290137E+002 -0.232215800969969E+003
  0.817118977703080E-097  0.464826266266862E+003 -0.192736946222471E+002  0.679662472249521E+002 -0.431766578628042E+000  0.285129516103589E+001  0.912241655715853E+002 -0.167451030290137E+002 -0.230981871080411E+003
  0.145899636692193E-095  0.459048368302230E+003 -0.186745730610120E+002  0.897918963825672E+002 -0.972079942906153E+000  0.556341665347834E+001  0.436390985249819E+002 -0.167451030290137E+002 -0.228092922098095E+003
  0.223625053439253E-095  0.458180975586019E+003 -0.186607320162631E+002  0.876793811020984E+002 -0.490549856590650E+000  0.155671426829150E+001  0.438973825480582E+001 -0.167451030290137E+002 -0.227659225739990E+003
  0.355101776462577E-095  0.457242819176882E+003 -0.190854763470691E+002  0.734058057107469E+002 -0.313516282670181E+000  0.220341460697591E+001  0.273729748717711E+002 -0.167451030290137E+002 -0.227190147535421E+003
  0.463704387671254E-095  0.456695844469422E+003 -0.194626184544150E+002  0.603093962630147E+002 -0.394873136340897E+000  0.110461779526718E+000  0.194332386507363E+002 -0.167451030290137E+002 -0.226916660181691E+003
  0.517274846254209E-095  0.456463901189776E+003 -0.188989875159413E+002  0.796558548888611E+002 -0.222142538395642E+000 -0.178429581152694E+001 -0.590545349657241E+002 -0.167451030290137E+002 -0.226800688541868E+003
  0.339680890313781E-094  0.452686577381899E+003 -0.193638369975739E+002  0.646939747616826E+002 -0.746028710381036E+000  0.548049175865305E+001  0.440773228265019E+002 -0.167451030290137E+002 -0.224912026637930E+003
  0.495671089339586E-092  0.442707136001607E+003 -0.194425094448352E+002  0.589485442160276E+002 -0.350548602599752E+000 -0.151293421741322E+001  0.829759016583367E+002 -0.167451030290137E+002 -0.219922305947783E+003
  0.600285036519231E-092  0.442310862870473E+003 -0.192029674189753E+002  0.673509843899045E+002 -0.906565432146544E+000  0.671114864121483E+001  0.775818813128894E+002 -0.167451030290137E+002 -0.219724169382217E+003
  0.202145016908894E-091  0.439869242114960E+003 -0.194525560288815E+002  0.603097489980999E+002 -0.402223364872072E+000 -0.800761535096090E+000  0.660709274100604E+002 -0.167451030290137E+002 -0.218503359004460E+003
  0.407855141954263E-091  0.438452099585900E+003 -0.188724183541406E+002  0.766957360314290E+002 -0.311884945534015E+000  0.248001422225109E+001  0.580081350836994E+002 -0.167451030290137E+002 -0.217794787739930E+003
  0.700171529345740E-091  0.437357983940829E+003 -0.192759027861372E+002  0.634307042484425E+002 -0.348146295972518E+000 -0.153940999386975E+001  0.826613696672115E+002 -0.167451030290137E+002 -0.217247729917395E+003
  0.707125861051795E-091  0.437324928206603E+003 -0.191476010306923E+002  0.731406935788983E+002 -0.722515925030276E+000  0.602370993728475E+001  0.931629879899185E+002 -0.167451030290137E+002 -0.217231202050282E+003
  0.214926567832964E-089  0.430483123242224E+003 -0.190481836282976E+002  0.782606445317628E+002 -0.120377859798896E+001  0.836117961609273E+001  0.794160009966780E+002 -0.167451030290137E+002 -0.213810299568092E+003
  0.305704480421900E-089  0.429765189236317E+003 -0.187297697892319E+002  0.830962518816417E+002 -0.232215425221592E+000  0.133610261628917E+001  0.719514116332097E+002 -0.167451030290137E+002 -0.213451332565139E+003
  0.477847307743627E-089  0.428858555437814E+003 -0.191177563641439E+002  0.720284776641849E+002 -0.343775973997499E+000  0.299265916739265E+001  0.385368920558388E+002 -0.167451030290137E+002 -0.212998015665887E+003
  0.734459740583261E-089  0.427985578471346E+003 -0.193939587937811E+002  0.634960596388316E+002 -0.114243769228665E+000 -0.211944280801315E+001 -0.532584228685983E+002 -0.167451030290137E+002 -0.212561527182653E+003
  0.788316788712839E-088  0.423225589513728E+003 -0.190565371024708E+002  0.739928418074900E+002 -0.605628508518408E+000  0.193590064347532E+001  0.125385072734508E+002 -0.167451030290137E+002 -0.210181532703844E+003
  0.255228883497942E-086  0.416257438656889E+003 -0.192002371563247E+002  0.691953257360186E+002 -0.916810483919621E+000  0.607094024146364E+001  0.737472415152912E+002 -0.167451030290137E+002 -0.206697457275425E+003
  0.479036927861520E-086  0.414984915645094E+003 -0.189270908351836E+002  0.807916630942485E+002 -0.693788535657204E+000  0.352305407682672E+001  0.256911928127719E+002 -0.167451030290137E+002 -0.206061195769527E+003
  0.660396595015312E-086  0.414329500823669E+003 -0.193218964551497E+002  0.656904873410010E+002 -0.183210334685274E+000 -0.639739689013917E+000 -0.467909985364440E+002 -0.167451030290137E+002 -0.205733488358815E+003
  0.130772792429696E-085  0.412949799847545E+003 -0.187432594388399E+002  0.825403477072252E+002 -0.184925791603574E+000 -0.692752641319608E+000 -0.546389432440745E+002 -0.167451030290137E+002 -0.205043637870753E+003
  0.241721572258033E-085  0.411707860507122E+003 -0.187079013333842E+002  0.867088431251768E+002 -0.711153169401346E+000  0.666209374902069E+001  0.981211349938928E+002 -0.167451030290137E+002 -0.204422668200541E+003
  0.271969453001798E-085  0.411458764983851E+003 -0.187464209290996E+002  0.830537759735305E+002 -0.195268118371885E+000  0.193012176106304E+000  0.509376353861874E+002 -0.167451030290137E+002 -0.204298120438905E+003
  0.463542535858156E-085  0.410379059104522E+003 -0.191408895028370E+002  0.724743717211211E+002 -0.688425759608971E+000  0.329823131204583E+001  0.324928403405200E+002 -0.167451030290137E+002 -0.203758267499241E+003
  0.216669736944334E-084  0.407281647647419E+003 -0.188206838093675E+002  0.794881301180438E+002 -0.219590943623652E+000  0.218108605895902E+001  0.496845696560528E+002 -0.167451030290137E+002 -0.202209561770689E+003
  0.340614128173996E-084  0.406363606556007E+003 -0.187314216912795E+002  0.860195765137209E+002 -0.940461103278602E+000  0.645005092835835E+001  0.612294863521443E+002 -0.167451030290137E+002 -0.201750541224983E+003
  0.432655799834589E-084  0.405871932981139E+003 -0.187697641727367E+002  0.865432248714846E+002 -0.814123585390369E+000  0.411080739767515E+001  0.283828448956633E+002 -0.167451030290137E+002 -0.201504704437550E+003
  0.141585537119544E-083  0.403487550620272E+003 -0.194535315002812E+002  0.601189136224737E+002 -0.428969460263416E+000 -0.194507363753478E+001  0.983315550183384E+002 -0.167451030290137E+002 -0.200312513257116E+003
  0.146135066130707E-083  0.403411006999865E+003 -0.188340407922963E+002  0.817520838039834E+002 -0.417113599653136E+000  0.288544417661858E+001  0.839673366554785E+002 -0.167451030290137E+002 -0.200274241446913E+003
  0.241938672489634E-083  0.402389411974358E+003 -0.194892830616105E+002  0.579038516299693E+002 -0.423076303249360E+000  0.168692829646664E+001  0.801592112012501E+001 -0.167451030290137E+002 -0.199763443934159E+003
  0.247097179007873E-083  0.402333928045012E+003 -0.188755530861360E+002  0.774511376071585E+002 -0.444038010766496E+000  0.364649702268816E+001  0.830067739976318E+002 -0.167451030290137E+002 -0.199735701969486E+003
  0.265086921253037E-083  0.402180086798770E+003 -0.192051404814791E+002  0.671309675065413E+002 -0.758155542921979E+000  0.774162635688267E+001  0.987047694871203E+002 -0.167451030290137E+002 -0.199658781346365E+003
  0.825718338121999E-083  0.399894405826480E+003 -0.191788057550963E+002  0.729485098865502E+002 -0.150790125798192E+001  0.946832013843959E+001  0.896388716586090E+002 -0.167451030290137E+002 -0.198515940860220E+003
  0.456480457318843E-082  0.396461362217169E+003 -0.188661672135827E+002  0.778182473155089E+002 -0.552580388579698E-001 -0.308159843194428E+001 -0.484338083156725E+002 -0.167451030290137E+002 -0.196799419055565E+003
  0.505402742940218E-082  0.396244453665925E+003 -0.193255066737334E+002  0.622902530849555E+002 -0.526906867554450E+000  0.522459921568315E+001  0.898317673469755E+002 -0.167451030290137E+002 -0.196690964779943E+003
  0.655633768516982E-082  0.395710671118202E+003 -0.189960045244324E+002  0.787445003017964E+002 -0.102752474086388E+001  0.735495025109476E+001  0.895032028416397E+002 -0.167451030290137E+002 -0.196424073506081E+003
  0.137001817918990E-081  0.394223428163030E+003 -0.194806143979995E+002  0.600781920514859E+002 -0.303228488780153E+000  0.416824472050420E+001  0.899407259871999E+002 -0.167451030290137E+002 -0.195680452028495E+003
  0.242802836214281E-081  0.393065627987246E+003 -0.192199670226383E+002  0.655461522545593E+002 -0.277145569051710E+000  0.308737039451757E+001  0.390015413072230E+002 -0.167451030290137E+002 -0.195101551940603E+003
  0.834457933946825E-081  0.390583273716319E+003 -0.187581524419210E+002  0.822994353216615E+002 -0.259657302030881E+000  0.183258898046736E+000  0.939082567006464E+002 -0.167451030290137E+002 -0.193860374805140E+003
  0.883817741730810E-081  0.390455047563425E+003 -0.189128749248009E+002  0.764975572514127E+002 -0.325627655832162E+000  0.197108990546412E+001  0.105560426033007E+002 -0.167451030290137E+002 -0.193796261728693E+003
  0.119017459172977E-080  0.389846549629558E+003 -0.191829629386868E+002  0.723211365311826E+002 -0.842913874787964E+000  0.698247115226999E+001  0.982027140716486E+002 -0.167451030290137E+002 -0.193492012761759E+003
  0.266291535591173E-080  0.388222617526145E+003 -0.188718734433610E+002  0.803932439600132E+002 -0.329549718736735E+000  0.798588959658357E+000  0.148846969922728E+002 -0.167451030290137E+002 -0.192680046710053E+003
  0.323634910263465E-080  0.387819279734304E+003 -0.188462949705349E+002  0.792667454273150E+002 -0.208355925905076E+000  0.205034321284268E+001  0.476488113582247E+002 -0.167451030290137E+002 -0.192478377814132E+003
  0.431031729213580E-080  0.387232859359306E+003 -0.191639256001218E+002  0.666267134070480E+002 -0.971205970898144E-001  0.120781755764827E+001  0.969827357924264E+002 -0.167451030290137E+002 -0.192185167626633E+003
  0.894346664520282E-080  0.385759746748125E+003 -0.193784849505791E+002  0.622019508243835E+002 -0.152924758235394E+000  0.242949943581644E+001  0.677206190439043E+002 -0.167451030290137E+002 -0.191448611321043E+003
  0.115655627798343E-079  0.385232240312916E+003 -0.187676995656898E+002  0.854668496411373E+002 -0.839809071639741E+000  0.697645344002246E+001  0.822417323827942E+002 -0.167451030290137E+002 -0.191184858103438E+003
  0.427947360625876E-079  0.382602184929471E+003 -0.192505930087686E+002  0.685011114412646E+002 -0.648433256339275E+000  0.436181947610810E+001  0.731594964146391E+002 -0.167451030290137E+002 -0.189869830411716E+003
  0.465059538924752E-079  0.382422565365508E+003 -0.189234259922564E+002  0.785756790248589E+002 -0.272134344231170E+000  0.183455906878977E+001  0.796129282636763E+002 -0.167451030290137E+002 -0.189780020629734E+003
  0.113835610460321E-078  0.380618926181888E+003 -0.187376002091701E+002  0.847148728400400E+002 -0.506649618816600E+000  0.406948178974182E+001  0.696287250709742E+002 -0.167451030290137E+002 -0.188878201037924E+003
  0.508169375897643E-076  0.368403177894590E+003 -0.189793085109435E+002  0.728140143048729E+002 -0.132288888803352E+000  0.739532511883178E+000  0.694796100827727E+002 -0.167451030290137E+002 -0.182770326894275E+003
  0.554242259314355E-076  0.368216314662721E+003 -0.193476070135312E+002  0.634560932972009E+002 -0.162157457299461E+000 -0.350371947287686E+001 -0.791348688431679E+002 -0.167451030290137E+002 -0.182676895278341E+003
  0.947485221103015E-076  0.367130606663864E+003 -0.190904435786967E+002  0.708844872129299E+002 -0.205365386934660E+000 -0.295877129264333E+001 -0.785801990681643E+002 -0.167451030290137E+002 -0.182134041278912E+003
  0.196878323751323E-075  0.365654598286580E+003 -0.193833529287614E+002  0.632906849109715E+002 -0.189385359060912E+000 -0.437433564028222E+000  0.528537345268188E+002 -0.167451030290137E+002 -0.181396037090270E+003
  0.227407891238104E-075  0.365352990419652E+003 -0.194401106385156E+002  0.604981680705483E+002 -0.429285388028651E+000 -0.193717145156585E+001  0.986405681703339E+002 -0.167451030290137E+002 -0.181245233156806E+003
  0.254467687785002E-075  0.365114844170846E+003 -0.188915564766631E+002  0.772095814246529E+002 -0.128971810720825E+000  0.696195001157081E+000  0.402179169241730E+002 -0.167451030290137E+002 -0.181126160032403E+003
  0.355270871144761E-075  0.364434141782566E+003 -0.188073272117056E+002  0.820908387266105E+002 -0.283164151749126E+000  0.874425322629627E+000  0.764085156556156E+002 -0.167451030290137E+002 -0.180785808838263E+003
  0.123963461664516E-074  0.361921469826435E+003 -0.194198129576931E+002  0.627809220464511E+002 -0.240869791202474E+000  0.458118508646040E+000 -0.443493392333465E+002 -0.167451030290137E+002 -0.179529472860198E+003
  0.223939045203720E-074  0.360725406666978E+003 -0.189434045988167E+002  0.777777420529634E+002 -0.283773901610999E+000 -0.277670184136532E+000  0.367882173290104E+002 -0.167451030290137E+002 -0.178931441280469E+003
  0.826319074644286E-074  0.358100903396243E+003 -0.190216464972615E+002  0.715555278602486E+002 -0.299241911108034E+000  0.306049489326445E+001  0.546590606668390E+002 -0.167451030290137E+002 -0.177619189645102E+003
  0.832171965346510E-074  0.358073498069333E+003 -0.187426427234230E+002  0.847288665779067E+002 -0.659234383708704E+000  0.273317671729157E+001  0.140888869255717E+002 -0.167451030290137E+002 -0.177605486981647E+003
  0.170768822717479E-073  0.356622495559253E+003 -0.194556015335645E+002  0.604060897981322E+002 -0.689334907908936E-001 -0.433685924832080E+001 -0.859425990594729E+002 -0.167451030290137E+002 -0.176879985726607E+003
  0.188539996037174E-073  0.356411207599736E+003 -0.190106884338225E+002  0.756584490095829E+002 -0.216187822419113E+000 -0.220769744530984E+001 -0.971388599212408E+002 -0.167451030290137E+002 -0.176774341746848E+003
  0.199935426615723E-073  0.356280549949210E+003 -0.191790573327127E+002  0.662733527961155E+002 -0.276486662702800E+000  0.311148683472204E+001  0.630229546730830E+002 -0.167451030290137E+002 -0.176709012921585E+003
  0.141470839608115E-072  0.352353892342097E+003 -0.193713771923386E+002  0.646234435841005E+002 -0.802401705059589E+000  0.507173540251358E+001  0.634115300365042E+002 -0.167451030290137E+002 -0.174745684118029E+003
  0.206912100783166E-072  0.351580202348965E+003 -0.191618488406494E+002  0.680834300339313E+002 -0.573671860696008E+000  0.370974147080465E+001  0.502758675315946E+002 -0.167451030290137E+002 -0.174358839121463E+003
  0.277945141069942E-072  0.350976653882024E+003 -0.193266127125184E+002  0.644884890996030E+002 -0.508863340156010E+000  0.244539228708143E+001  0.416477188807205E+002 -0.167451030290137E+002 -0.174057064887992E+003
  0.205912466373066E-071  0.346958139814540E+003 -0.189765371487893E+002  0.759833844523307E+002 -0.177612332169768E+000  0.184690013228909E+000  0.427485881357000E+002 -0.167451030290137E+002 -0.172047807854250E+003
  0.206506652115261E-071  0.346939087794004E+003 -0.192685816117094E+002  0.692647800019743E+002 -0.105181646078129E+001  0.558817340123269E+001  0.475191671813107E+002 -0.167451030290137E+002 -0.172038281843982E+003
  0.345566758575537E-071  0.345896092264344E+003 -0.189183815889920E+002  0.751281699413949E+002 -0.172868448671722E+000 -0.249428304004478E+000  0.828566029036311E+002 -0.167451030290137E+002 -0.171516784079152E+003
  0.439883885615761E-071  0.345400153282645E+003 -0.193195728703333E+002  0.651192897632106E+002 -0.114496920238227E+001  0.812707782137787E+001  0.846290965708665E+002 -0.167451030290137E+002 -0.171268814588303E+003
  0.538540417661858E-071  0.344982160689141E+003 -0.193883739376729E+002  0.632905357922306E+002 -0.220514061801830E+000  0.189999095067837E+001  0.853618658033222E+002 -0.167451030290137E+002 -0.171059818291551E+003
  0.763466190869025E-070  0.339665688833480E+003 -0.189360527136602E+002  0.780475394517318E+002 -0.267674822119419E+000 -0.793115835209527E+000 -0.543056699520018E+002 -0.167451030290137E+002 -0.168401582363720E+003
  0.110663196284981E-069  0.338909984604100E+003 -0.190869220169594E+002  0.690469077071850E+002 -0.648557429775993E-001 -0.334030587603952E+001 -0.849068220326007E+002 -0.167451030290137E+002 -0.168023730249030E+003
  0.383596733918834E-069  0.336410494503066E+003 -0.194484950660542E+002  0.592500024451702E+002 -0.321628738879563E+000  0.372077478549316E+001  0.587850903789012E+002 -0.167451030290137E+002 -0.166773985198513E+003
  0.440545442897794E-069  0.336120361870720E+003 -0.188662004454347E+002  0.842022261511141E+002 -0.128979110446732E+001  0.781742174525248E+001  0.682272133430063E+002 -0.167451030290137E+002 -0.166628918882340E+003
  0.147894105260129E-068  0.333684936778234E+003 -0.188563224723322E+002  0.830890591718837E+002 -0.126537831599722E+001  0.856496956346347E+001  0.813897583028475E+002 -0.167451030290137E+002 -0.165411206336097E+003
  0.167776103422941E-064  0.314602355528287E+003 -0.190781865127480E+002  0.695305048969388E+002 -0.128245647648760E+000 -0.556815044100194E-001 -0.917215907773774E+002 -0.167451030290137E+002 -0.157301177764143E+003
  0.122746167352209E-062  0.305926114067832E+003 -0.194507058219945E+002  0.587349016660403E+002 -0.143623305218868E+000 -0.109355462648882E+001 -0.192325210541797E+002 -0.167451030290137E+002 -0.152963057033916E+003
  0.587773779360029E-062  0.302748721152318E+003 -0.189463279878726E+002  0.743512283089706E+002 -0.158302534329821E+000  0.128329734785577E+000 -0.395871003536683E+002 -0.167451030290137E+002 -0.151374360576159E+003
  0.455288771780883E-061  0.298609425782626E+003 -0.193585012335740E+002  0.607964682106743E+002 -0.425630787782516E-001 -0.221325934824612E+001 -0.629180351541425E+002 -0.167451030290137E+002 -0.149304712891313E+003
  0.617206807065058E-060  0.293350765347971E+003 -0.192713565411699E+002  0.668646846389690E+002 -0.248247644457354E+000 -0.151702667122399E+001 -0.445471264639021E+002 -0.167451030290137E+002 -0.146675382673985E+003
  0.639532906819996E-060  0.293279697493113E+003 -0.189913760308426E+002  0.752329938599987E+002 -0.408174127868768E-001 -0.395846931066948E+001 -0.831883179918437E+002 -0.167451030290137E+002 -0.146639848746557E+003
  0.771756547829616E-060  0.292903835351241E+003 -0.192246868644566E+002  0.686512152456183E+002 -0.325151239320266E+000 -0.175208684350029E+000 -0.524125627067960E+002 -0.167451030290137E+002 -0.146451917675620E+003
  0.983686450635004E-058  0.283161157882832E+003 -0.188554842722349E+002  0.788324927340943E+002 -0.191962205339677E+000 -0.218746691034355E+001 -0.976094665293743E+002 -0.167451030290137E+002 -0.141580578941416E+003
  0.126711404033387E-055  0.273262493982680E+003 -0.190237854673351E+002  0.716027188260607E+002 -0.589842985959017E-001 -0.352649563304519E+001 -0.849727522543214E+002 -0.167451030290137E+002 -0.136631246991340E+003
  0.324960944426224E-055  0.271378908157321E+003 -0.191981220092943E+002  0.684338562969674E+002 -0.155975483656871E+000  0.407652331963746E+000 -0.131351739955649E+002 -0.167451030290137E+002 -0.135689454078660E+003
  0.414883181305303E-055  0.270845378474293E+003 -0.194637400826531E+002  0.584802881851804E+002 -0.148368507260720E+000  0.205920177144987E+000 -0.250400443958797E+002 -0.167451030290137E+002 -0.135422689237146E+003
  0.709078360954311E-055  0.269728494654872E+003 -0.188898600158601E+002  0.778621848874719E+002 -0.360727398369569E-001 -0.315969321553590E+001 -0.611999872501004E+002 -0.167451030290137E+002 -0.134864247327436E+003
  0.877065464436096E-055  0.269303263471206E+003 -0.190855639862178E+002  0.721144697505761E+002 -0.452586481795263E-001 -0.243139754624865E+001 -0.551663372269103E+002 -0.167451030290137E+002 -0.134651631735603E+003
  0.433467971829023E-054  0.266107620734662E+003 -0.192227708561633E+002  0.672125333895780E+002 -0.253086773155260E+000 -0.144390294127544E+001 -0.352199277915413E+002 -0.167451030290137E+002 -0.133053810367331E+003
  0.654286320750933E-052  0.255935840331270E+003 -0.192790976446880E+002  0.652267906856141E+002 -0.294353811349151E+000 -0.149935700078268E+001 -0.736835844136144E+002 -0.167451030290137E+002 -0.127967920165635E+003
  0.954201696634684E-052  0.255136234587193E+003 -0.188634485487453E+002  0.790659692150756E+002 -0.190362668499247E+000 -0.139550742751348E+001 -0.744435382871629E+002 -0.167451030290137E+002 -0.127568117293597E+003
  0.369859753824040E-051  0.252337663238237E+003 -0.189714651584474E+002  0.761687983211133E+002 -0.283572234324245E+000 -0.157551617758454E+000 -0.106727129960432E+002 -0.167451030290137E+002 -0.126168831619118E+003
  0.539139097613895E-051  0.251583963810986E+003 -0.191354069548542E+002  0.676921958723195E+002 -0.745865522210805E-001 -0.226412916341750E+001 -0.951849418482139E+002 -0.167451030290137E+002 -0.125791981905493E+003
  0.295636406041010E-050  0.248135534438064E+003 -0.190398683915996E+002  0.711416959350488E+002 -0.165587491195337E+000  0.365035177267657E+000 -0.273970500400782E+002 -0.167451030290137E+002 -0.124067767219032E+003
  0.769180917320298E-049  0.241617972524823E+003 -0.194781249953608E+002  0.581456187547244E+002 -0.115320293889750E+000 -0.115796227021604E+001 -0.464450634395666E+002 -0.167451030290137E+002 -0.120808986262411E+003
  0.115645657223511E-047  0.236197222888822E+003 -0.193506959787900E+002  0.644491298610105E+002 -0.245178706816708E+000  0.115938994863074E+000 -0.829917030529912E+002 -0.167451030290137E+002 -0.118098611444411E+003
  0.188529639148237E-047  0.235172713105112E+003 -0.194429634623685E+002  0.590886937389837E+002 -0.113532201148410E+000 -0.142212677578321E+001 -0.838072409592616E+002 -0.167451030290137E+002 -0.117586356552556E+003
  0.421414009002466E-045  0.224086588921119E+003 -0.193132295807807E+002  0.631384397102609E+002 -0.997597823577898E-001 -0.432892219063131E+000 -0.566849794356679E+002 -0.167451030290137E+002 -0.112043294460559E+003
  0.509272209509874E-045  0.223707855077963E+003 -0.189536555984311E+002  0.751955104575067E+002 -0.230247842667461E-001 -0.268913162784175E+001 -0.404014070506721E+002 -0.167451030290137E+002 -0.111853927538981E+003
  0.930693121890981E-045  0.222501961208842E+003 -0.190701331652519E+002  0.715978104916025E+002 -0.305097083777203E+000 -0.799204326449480E+000 -0.870937132323532E+002 -0.167451030290137E+002 -0.111250980604421E+003
  0.969841717312943E-045  0.222419554650354E+003 -0.192188057019980E+002  0.652061193627482E+002 -0.471269134982806E-001 -0.256028589206944E+001 -0.953716345130648E+002 -0.167451030290137E+002 -0.111209777325177E+003
  0.501259536187362E-044  0.219089456506466E+003 -0.190070046175497E+002  0.739136311131202E+002 -0.146289515022773E-001 -0.347708148956256E+001 -0.597423030064845E+002 -0.167451030290137E+002 -0.109544728253233E+003
  0.192188027998292E-042  0.211751470018680E+003 -0.194763168201677E+002  0.604161276832630E+002 -0.221963245659302E+000 -0.952581109679254E+000 -0.427770927942258E+002 -0.167451030290137E+002 -0.105875735009340E+003
  0.287276889862413E-042  0.210902579670176E+003 -0.193229621081669E+002  0.651017864217359E+002 -0.297710339516662E+000 -0.720531448386220E+000 -0.595789889894318E+002 -0.167451030290137E+002 -0.105451289835088E+003
  0.714705072444313E-042  0.209079732774574E+003 -0.192985090069873E+002  0.641303588413781E+002 -0.207816101217180E+000 -0.948229414407898E+000 -0.157637321335069E+002 -0.167451030290137E+002 -0.104539866387287E+003
  0.187946613987048E-041  0.207145986622900E+003 -0.190495228610050E+002  0.714186485571794E+002 -0.112012037961992E+000 -0.916970033244795E+000 -0.617312871431658E+002 -0.167451030290137E+002 -0.103572993311450E+003
  0.306121549895187E-040  0.201518106860869E+003 -0.192193275420906E+002  0.661674296727330E+002 -0.335411376643406E-001 -0.218895441451672E+001 -0.932355150912041E+002 -0.167451030290137E+002 -0.100759053430435E+003
  0.481690800476103E-040  0.200611466519954E+003 -0.193990099258735E+002  0.603924056669531E+002 -0.105546006970184E+000 -0.126277814154319E+001 -0.594389281950347E+002 -0.167451030290137E+002 -0.100305733259977E+003
  0.593289892920367E-040  0.200194705075273E+003 -0.192560298673793E+002  0.670415578977047E+002 -0.325460150685257E+000 -0.191048337135712E+000 -0.937466207721097E+002 -0.167451030290137E+002 -0.100097352537636E+003
  0.316204747887785E-039  0.196750540956222E+003 -0.194474407741863E+002  0.611855211963834E+002 -0.276955566805466E+000 -0.734245424706854E+000 -0.592123702544347E+002 -0.167451030290137E+002 -0.983752704781109E+002
  0.426012896357658E-039  0.196106186495402E+003 -0.190315222734250E+002  0.719138169967072E+002 -0.222277145014564E+000 -0.917458367859904E+000 -0.960168804462254E+002 -0.167451030290137E+002 -0.980530932477012E+002
  0.357429760751850E-038  0.191665896962366E+003 -0.190348308178790E+002  0.727252536809580E+002 -0.558580744247748E-001 -0.216212981335503E+001 -0.663016288919454E+002 -0.167451030290137E+002 -0.958329484811831E+002
  0.126923429545666E-037  0.189131436539861E+003 -0.194668384285948E+002  0.589731221051632E+002 -0.146509742812859E+000 -0.547706877137911E+000 -0.566939355454839E+002 -0.167451030290137E+002 -0.945657182699305E+002
  0.157259450608974E-037  0.188656831492674E+003 -0.194749881952874E+002  0.595832476042441E+002 -0.276652523417100E+000 -0.819150645242399E+000 -0.675410688844607E+002 -0.167451030290137E+002 -0.943284157463368E+002
  0.536741323120928E-037  0.186155613900216E+003 -0.190208823422841E+002  0.726561922674311E+002 -0.166381517314149E+000  0.277542193740480E+000 -0.671848993585106E+002 -0.167451030290137E+002 -0.930778069501081E+002
  0.537207016174255E-037  0.186153879391896E+003 -0.189665915609375E+002  0.749452092861345E+002 -0.214000926978776E+000 -0.177554919451266E+001 -0.975293805618574E+002 -0.167451030290137E+002 -0.930769396959480E+002
  0.355901265233010E-036  0.182325108566422E+003 -0.191675075767616E+002  0.690407300411078E+002 -0.319433410252651E+000 -0.653295753413214E-001 -0.167129456087076E+002 -0.167451030290137E+002 -0.911625542832109E+002
  0.642630420648716E-036  0.181143275690477E+003 -0.194182498188522E+002  0.617520328675240E+002 -0.141938273101734E+000 -0.149358011757034E+001 -0.525518014238528E+002 -0.167451030290137E+002 -0.905716378452383E+002
  0.189653973458493E-034  0.174373672450613E+003 -0.193774341730709E+002  0.615707779378731E+002 -0.244364021989130E-002 -0.274304994477618E+001 -0.803229046036535E+002 -0.167451030290137E+002 -0.871868362253067E+002
  0.486952476653079E-034  0.172487741820620E+003 -0.189794930633544E+002  0.744034195390653E+002 -0.963414157644260E-001 -0.178013571417516E+001 -0.350447092916086E+002 -0.167451030290137E+002 -0.862438709103102E+002
  0.648145430021033E-034  0.171915844689080E+003 -0.192216994220234E+002  0.672553919080734E+002 -0.948744167297209E-001 -0.326963906330549E+001 -0.695653877374279E+002 -0.167451030290137E+002 -0.859579223445399E+002
  0.183097141379148E-033  0.169838871025103E+003 -0.192293871117108E+002  0.673540616717479E+002 -0.767827191796964E-001 -0.321937275210821E+001 -0.737847497364979E+002 -0.167451030290137E+002 -0.849194355125515E+002
  0.413814334607605E-033  0.168208069891320E+003 -0.194112039317596E+002  0.607809094218054E+002 -0.153014088779590E+000  0.910055842219180E-001 -0.508156989363987E+002 -0.167451030290137E+002 -0.841040349456600E+002
  0.242426967291251E-032  0.164672333519119E+003 -0.193257591096182E+002  0.624989661180287E+002 -0.137361133165887E-001 -0.389496598621337E+001 -0.867732747226735E+002 -0.167451030290137E+002 -0.823361667595597E+002
  0.486893307462681E-032  0.163277644481746E+003 -0.193825057734430E+002  0.627015209021500E+002 -0.313571799236435E+000  0.196351466635933E+000 -0.203257770319037E+002 -0.167451030290137E+002 -0.816388222408731E+002
  0.280851362539424E-031  0.159714938116900E+003 -0.191253929798976E+002  0.690298890261733E+002 -0.780546685108110E-001 -0.339334885875533E+001 -0.808793544097796E+002 -0.167451030290137E+002 -0.798574690584500E+002
  0.683206886090876E-031  0.157936993814610E+003 -0.193537645616688E+002  0.635726250515471E+002 -0.197492501510469E+000 -0.140053564187599E+001 -0.352624027275239E+002 -0.167451030290137E+002 -0.789684969073048E+002
  0.930674688929058E-031  0.157318769667629E+003 -0.194974790644385E+002  0.585949648577901E+002 -0.188420582508763E+000 -0.213353175144764E+000 -0.324505380501166E+002 -0.167451030290137E+002 -0.786593848338147E+002
  0.129514445694610E-030  0.156657834222447E+003 -0.189924232797773E+002  0.737772582442221E+002 -0.106667488052047E+000 -0.270625414648205E+001 -0.943285286250549E+002 -0.167451030290137E+002 -0.783289171112234E+002
  0.398634081513574E-030  0.154409331257478E+003 -0.192439084297257E+002  0.657173155338844E+002 -0.139837980677970E+000 -0.526940312997777E-001 -0.488960587757670E+002 -0.167451030290137E+002 -0.772046656287390E+002
  0.748439920053840E-030  0.153149437204796E+003 -0.192011133014943E+002  0.667504782945235E+002 -0.183580932001850E+000 -0.202336974008938E+001 -0.686634513762804E+002 -0.167451030290137E+002 -0.765747186023981E+002
  0.875894037963778E-030  0.152834928827031E+003 -0.191502402320682E+002  0.682918928598183E+002 -0.151764064899019E+000  0.299148246415939E-001 -0.439398189585544E+002 -0.167451030290137E+002 -0.764174644135157E+002
  0.211001666612130E-029  0.151076516821665E+003 -0.190891111508922E+002  0.711931027328026E+002 -0.151962452179351E+000 -0.428562960852236E+000 -0.271173564055704E+002 -0.167451030290137E+002 -0.755382584108325E+002
  0.263220218187093E-029  0.150634266859184E+003 -0.191594443120971E+002  0.679614882823423E+002 -0.216531256747095E-001 -0.285970840912947E+001 -0.956488398581485E+002 -0.167451030290137E+002 -0.753171334295919E+002
  0.435332135139670E-029  0.149628030348215E+003 -0.191901359153692E+002  0.675510825755244E+002 -0.282453559580327E+000 -0.842120984938957E+000 -0.985455521874070E+002 -0.167451030290137E+002 -0.748140151741077E+002
  0.443672398011345E-029  0.149511634563968E+003 -0.190549968531766E+002  0.712550293531361E+002 -0.386071422891110E-002 -0.233574083890579E+001 -0.400022725418678E+002 -0.167451030290137E+002 -0.747558172819840E+002
  0.588476760359347E-029  0.148868291160609E+003 -0.192581970921640E+002  0.662093689933309E+002 -0.872925980770412E-001 -0.238961035684174E+001 -0.833452217206834E+002 -0.167451030290137E+002 -0.744341455803047E+002
  0.112805082885597E-028  0.147566873049042E+003 -0.192978052834672E+002  0.653108166368362E+002 -0.305144879113138E+000 -0.348076447173140E+000 -0.612717500925212E+002 -0.167451030290137E+002 -0.737834365245212E+002
  0.561983045499313E-028  0.144273608495609E+003 -0.192652244094662E+002  0.647107715775215E+002 -0.139892940372551E+000 -0.251985992096891E+001 -0.730392596576340E+002 -0.167451030290137E+002 -0.721368042478043E+002
  0.151413613249905E-027  0.142131265751356E+003 -0.191160961176296E+002  0.691692422527252E+002 -0.210455182156167E+000  0.339677346786759E+000 -0.586753673480212E+002 -0.167451030290137E+002 -0.710656328756781E+002
  0.294585704363363E-027  0.140721714876006E+003 -0.193773678829164E+002  0.613305700813459E+002 -0.655418288373864E-001 -0.315755499918474E+001 -0.797663936819977E+002 -0.167451030290137E+002 -0.703608574380028E+002
  0.305003117486464E-027  0.140573769408592E+003 -0.192178359895571E+002  0.677240367152073E+002 -0.197388527115262E+000 -0.238172558918405E+001 -0.884986053489159E+002 -0.167451030290137E+002 -0.702868847042958E+002
  0.321543927970135E-027  0.140468145066683E+003 -0.194164485204512E+002  0.615090932789084E+002 -0.185617101254090E+000 -0.183239314555040E+001 -0.600697961723585E+002 -0.167451030290137E+002 -0.702340725333413E+002
  0.278642175709812E-026  0.135989300934210E+003 -0.192574639363485E+002  0.659008353857835E+002 -0.287991719869441E+000  0.145774650552681E-001 -0.585253970338339E+001 -0.167451030290137E+002 -0.679946504671049E+002
  0.599422003469121E-026  0.134230568705554E+003 -0.192182447937825E+002  0.675380834248757E+002 -0.182441024017333E+000  0.147362970644377E+000 -0.314316413902127E+001 -0.167451030290137E+002 -0.671152843527770E+002
  0.112566061481036E-025  0.132970249721365E+003 -0.193305693287993E+002  0.634357796830405E+002 -0.149472235130143E+000 -0.104298939237420E+000 -0.171709284567353E+002 -0.167451030290137E+002 -0.664851248606824E+002
  0.254559254552470E-025  0.131262782317916E+003 -0.193108618738193E+002  0.647402213381808E+002 -0.201457893497862E+000  0.297347097035598E+000 -0.883740037846219E+001 -0.167451030290137E+002 -0.656313911589579E+002
  0.608692447193892E-024  0.124765837205378E+003 -0.190604833457496E+002  0.713465307012544E+002 -0.104846288303792E+000 -0.268175111963188E+001 -0.986776396298857E+002 -0.167451030290137E+002 -0.623829186026888E+002
  0.174433092515296E-023  0.122449489754463E+003 -0.194201054033499E+002  0.609949668319241E+002 -0.144030299424435E+000 -0.815748882452908E+000 -0.151262599976998E+002 -0.167451030290137E+002 -0.612247448772313E+002
  0.107107744524184E-022  0.118686348735769E+003 -0.192502495549695E+002  0.649239265435994E+002 -0.538880459727120E-002 -0.290159600754886E+001 -0.506348068935789E+002 -0.167451030290137E+002 -0.593431743678847E+002
  0.155295931655701E-022  0.117943354241484E+003 -0.193516323615136E+002  0.637055886419863E+002 -0.233328226747235E+000 -0.113028705896425E+001 -0.834921867867251E+002 -0.167451030290137E+002 -0.589716771207421E+002
  0.232401408973485E-022  0.117137087132412E+003 -0.192671929325950E+002  0.656385355901468E+002 -0.178542575737411E+000 -0.118888002020604E+000 -0.903085509408216E+002 -0.167451030290137E+002 -0.585685435662062E+002
  0.417017777791205E-022  0.115897578961160E+003 -0.191308337116568E+002  0.689382660637253E+002 -0.209125616714584E+000 -0.300601368557231E+000 -0.242085052666934E+002 -0.167451030290137E+002 -0.579487894805801E+002
  0.701990116932560E-022  0.114855998017160E+003 -0.190746269826552E+002  0.715066829518275E+002 -0.267888561791749E+000  0.553549717019138E+000 -0.623685847675643E+002 -0.167451030290137E+002 -0.574279990085799E+002
  0.967051899357827E-022  0.114215332339132E+003 -0.191565447446818E+002  0.690643492625461E+002 -0.143783045181169E+000 -0.246512518151651E+001 -0.675922856776039E+002 -0.167451030290137E+002 -0.571076661695661E+002
  0.224032178596751E-021  0.112459606434197E+003 -0.193826476261673E+002  0.623605413555224E+002 -0.134775137948900E+000 -0.214358053796791E+001 -0.737884098780677E+002 -0.167451030290137E+002 -0.562298032170985E+002
  0.416340272138850E-021  0.111071964106295E+003 -0.192510514799185E+002  0.657614351076803E+002 -0.104732907086226E+000 -0.127706759342176E+001 -0.443712632395344E+002 -0.167451030290137E+002 -0.555359820531473E+002
  0.287824448895850E-020  0.106865300138609E+003 -0.193659926694526E+002  0.621564362857325E+002 -0.190258601603928E+000  0.489784900919336E+000 -0.592874688445712E+002 -0.167451030290137E+002 -0.534326500693045E+002
  0.340701436744964E-020  0.106464491142264E+003 -0.193943521844149E+002  0.621051910582082E+002 -0.213518269092601E+000 -0.422839450238765E+000 -0.210160527440726E+002 -0.167451030290137E+002 -0.532322455711319E+002
  0.663293680656555E-020  0.105132068526939E+003 -0.191819587629352E+002  0.673008353215200E+002 -0.209776760611314E+000 -0.341141568081138E-001 -0.242196196619230E+002 -0.167451030290137E+002 -0.525660342634694E+002
  0.895709344278624E-020  0.104531272290052E+003 -0.192811275793370E+002  0.652478580959204E+002 -0.235034570715393E+000 -0.101718586072258E+001 -0.406330405098613E+002 -0.167451030290137E+002 -0.522656361450262E+002
  0.101791977925421E-019  0.104275471442254E+003 -0.193924912074446E+002  0.620737612718252E+002 -0.208824820553314E+000 -0.314056521204554E+000 -0.380387620006250E+002 -0.167451030290137E+002 -0.521377357211272E+002
  0.147574381944199E-019  0.103532669373591E+003 -0.191368149705878E+002  0.694021578641248E+002 -0.188109601841977E+000 -0.311927968158781E-001 -0.489188871372122E+002 -0.167451030290137E+002 -0.517663346867956E+002
  0.185832935346005E-019  0.103071637893613E+003 -0.191839347882976E+002  0.674187208082210E+002 -0.980833131963423E-001 -0.147668896136727E+001 -0.459892326505731E+002 -0.167451030290137E+002 -0.515358189468063E+002
  0.187400749695803E-019  0.103054835299053E+003 -0.192006045055374E+002  0.669979916847014E+002 -0.128394568776475E+000 -0.147395412061612E+001 -0.276684151124943E+002 -0.167451030290137E+002 -0.515274176495267E+002
  0.256035214674809E-019  0.102352262628676E+003 -0.193738002878124E+002  0.626416947775046E+002 -0.179473759708451E+000 -0.120999793349108E+001 -0.601109322729170E+002 -0.167451030290137E+002 -0.511761313143381E+002
  0.274225506141355E-019  0.102214991047339E+003 -0.194115031779234E+002  0.612498138935622E+002 -0.200513198905151E+000 -0.786218290623475E+000 -0.826918693281026E+002 -0.167451030290137E+002 -0.511074955236697E+002
  0.290372084982376E-019  0.102100566308889E+003 -0.190945836486989E+002  0.709293576078951E+002 -0.201987140142420E+000 -0.224128380612195E+000 -0.369233035605121E+002 -0.167451030290137E+002 -0.510502831544445E+002
  0.333505229428774E-019  0.101823575522004E+003 -0.193372643306847E+002  0.638714860595469E+002 -0.281592157391383E+000  0.125252121858262E+000 -0.726637939816212E+002 -0.167451030290137E+002 -0.509117877610021E+002
  0.898462002835825E-019  0.998415237818110E+002 -0.192154491620379E+002  0.663851733281112E+002 -0.136507330177949E+000 -0.204922569943558E+001 -0.595653529086576E+002 -0.167451030290137E+002 -0.499207618909055E+002
  0.105573874446021E-018  0.994258605169359E+002 -0.191036892791457E+002  0.707229449358992E+002 -0.237416041155853E+000 -0.607244490210203E+000 -0.394187747942926E+002 -0.167451030290137E+002 -0.497129302584679E+002
  0.182830362389420E-018  0.983275649132045E+002 -0.192514465477825E+002  0.657519938458353E+002 -0.260366518354028E+000 -0.681676730929636E+000 -0.770556825610232E+002 -0.167451030290137E+002 -0.491637824566022E+002
  0.313841065605147E-018  0.972469090015589E+002 -0.192978552297119E+002  0.644075046555066E+002 -0.271475046386767E+000  0.495565279361969E-001 -0.231491602283156E+002 -0.167451030290137E+002 -0.486234545007794E+002
  0.343885940732064E-018  0.970640623265974E+002 -0.192886719029002E+002  0.652482435572211E+002 -0.284060111732067E+000 -0.363844435610829E-001 -0.522525075453483E+002 -0.167451030290137E+002 -0.485320311632987E+002
  0.377470563543714E-018  0.968776972195420E+002 -0.192436404206309E+002  0.653706587314115E+002 -0.866510147933273E-001 -0.310609173170728E+001 -0.997818978122914E+002 -0.167451030290137E+002 -0.484388486097710E+002
  0.585780696724771E-018  0.958844746047011E+002 -0.193755813766680E+002  0.619394383528562E+002 -0.224734357210043E+000 -0.567871720507414E+000 -0.774423609115722E+002 -0.167451030290137E+002 -0.479422373023505E+002
  0.598225782899707E-018  0.958424290762863E+002 -0.192628635743401E+002  0.662329210455971E+002 -0.218750400017417E+000 -0.429171392983038E+000 -0.244497827948902E+002 -0.167451030290137E+002 -0.479212145381431E+002
  0.733330088485771E-018  0.954351737166715E+002 -0.192042606781022E+002  0.669313854022662E+002 -0.110076770543760E+000 -0.192369291278374E+001 -0.399632285847087E+002 -0.167451030290137E+002 -0.477175868583357E+002
  0.165862303988237E-017  0.938028794822577E+002 -0.193623657405884E+002  0.631052188677958E+002 -0.257487485339270E+000  0.367058315971406E+000 -0.375784542586659E+002 -0.167451030290137E+002 -0.469014397411288E+002
  0.242491591931154E-017  0.930432613077810E+002 -0.191326101597139E+002  0.692464981379712E+002 -0.108070938533861E+000 -0.205464317313267E+001 -0.644523167623842E+002 -0.167451030290137E+002 -0.465216306538905E+002
  0.266890236913524E-017  0.928515204300876E+002 -0.193391167040522E+002  0.630540390138114E+002 -0.156877101909200E+000 -0.214521251503198E+000 -0.820804408043880E+001 -0.167451030290137E+002 -0.464257602150438E+002
  0.141199873485615E-016  0.893595869229719E+002 -0.192030274638710E+002  0.674893040252410E+002 -0.273908831496629E+000 -0.520214706742088E-001 -0.394433400228424E+002 -0.167451030290137E+002 -0.446797934614860E+002
  0.255649195665989E-016  0.881723274305213E+002 -0.191896989743467E+002  0.678063902992598E+002 -0.736111387818943E-001 -0.339617438414503E+001 -0.977604936463205E+002 -0.167451030290137E+002 -0.440861637152606E+002
  0.432488313044326E-016  0.871208291728129E+002 -0.192246601372495E+002  0.661806941107101E+002 -0.229782352439883E+000  0.355887168603379E+000 -0.292468263683469E+002 -0.167451030290137E+002 -0.435604145864065E+002
  0.100759218414978E-015  0.852386818463912E+002 -0.193417407104073E+002  0.628983518456731E+002 -0.231251823026029E+000  0.195645705586859E+000 -0.733089946378511E+002 -0.167451030290137E+002 -0.426193409231956E+002
  0.120858502922086E-015  0.848749083075442E+002 -0.193134778345196E+002  0.636111257732422E+002 -0.222593204635037E+000  0.276631071647566E+000 -0.682814096276712E+002 -0.167451030290137E+002 -0.424374541537721E+002
  0.503627460291038E-015  0.816191341872515E+002 -0.191733710634687E+002  0.679109224552883E+002 -0.206669703809574E+000 -0.100218139111778E+000 -0.187486368667584E+002 -0.167451030290137E+002 -0.408095670936257E+002
  0.980525376958106E-015  0.802866307906764E+002 -0.193594738349871E+002  0.627262647709670E+002 -0.231071345163177E+000  0.414314986476887E+000 -0.318357241177807E+002 -0.167451030290137E+002 -0.401433153953382E+002
  0.310668850938994E-014  0.779801825447673E+002 -0.192428522318544E+002  0.658776306879739E+002 -0.199467158334757E+000 -0.135503438197230E+001 -0.703296288315300E+002 -0.167451030290137E+002 -0.389900912723836E+002
  0.541260093244531E-014  0.764235507016241E+002 -0.192463886148662E+002  0.661252959869134E+002 -0.125957965408401E+000 -0.228715579324914E+001 -0.755586477439697E+002 -0.167451030290137E+002 -0.382117753508120E+002
  0.735714482148593E-014  0.754083249418381E+002 -0.191587419113032E+002  0.690171792419220E+002 -0.227198144070425E+000 -0.722221610121411E+000 -0.919832798019434E+002 -0.167451030290137E+002 -0.377041624709190E+002
  0.758141675677003E-014  0.753482686142331E+002 -0.192821718317255E+002  0.650579114730732E+002 -0.177856278965135E+000 -0.180151942117622E+001 -0.729091933040052E+002 -0.167451030290137E+002 -0.376741343071166E+002
  0.716502709248608E-014  0.752505240767488E+002 -0.192482264153779E+002  0.659777488293113E+002 -0.165471193895385E+000 -0.438047429356768E+000 -0.115446088953245E+002 -0.167451030290137E+002 -0.376252620383744E+002
  0.937424181024242E-014  0.747130163717235E+002 -0.192854105835294E+002  0.649424045359769E+002 -0.210391981170310E+000 -0.162519987734916E+001 -0.982190989538786E+002 -0.167451030290137E+002 -0.373565081858617E+002
  0.198861961867758E-013  0.729733300262710E+002 -0.191655127392273E+002  0.687644345360192E+002 -0.247211981758702E+000  0.137545671919714E+000 -0.967977453438267E+002 -0.167451030290137E+002 -0.364866650131355E+002
  0.288555151369328E-013  0.719932133379035E+002 -0.192110384385187E+002  0.670213976320778E+002 -0.207815107920537E+000  0.130610271051728E+000 -0.132570706156976E+002 -0.167451030290137E+002 -0.359966066689518E+002
  0.341658335240760E-013  0.716553633692180E+002 -0.191140384556383E+002  0.707641698722927E+002 -0.283875387857047E+000  0.453330464094041E+000 -0.704608882271017E+000 -0.167451030290137E+002 -0.358276816846090E+002
  0.501356454581322E-013  0.708883511365322E+002 -0.192645516109711E+002  0.652802142676624E+002 -0.156567342779722E+000 -0.174961286153328E+001 -0.866067739425544E+002 -0.167451030290137E+002 -0.354441755682661E+002
  0.105026295455703E-012  0.694093941156899E+002 -0.191131101184948E+002  0.707729273300976E+002 -0.285128865504515E+000  0.474351362689658E+000 -0.510313378140694E+000 -0.167451030290137E+002 -0.347046970578450E+002
  0.212300421515697E-012  0.680018109107633E+002 -0.192345717474845E+002  0.664194849680945E+002 -0.225661177872492E+000 -0.428617386755098E+000 -0.299270855986330E+002 -0.167451030290137E+002 -0.340009054553817E+002
  0.261554013391327E-012  0.675845339904383E+002 -0.192576822319039E+002  0.656276359002063E+002 -0.246299265366095E+000  0.406269688381759E+000 -0.562834895044557E+002 -0.167451030290137E+002 -0.337922669952192E+002
  0.618401099412193E-012  0.658635410689116E+002 -0.191137386392579E+002  0.707482551713714E+002 -0.282209093427077E+000  0.435190398097976E+000 -0.664695339414820E+000 -0.167451030290137E+002 -0.329317705344558E+002
  0.196334121565072E-011  0.627420793974411E+002 -0.191464939053331E+002  0.697138070434929E+002 -0.317570129291886E+000  0.966067069571153E+000  0.313909436550941E+001 -0.167451030290137E+002 -0.313710396987206E+002
  0.408091284808957E-009  0.520683930716300E+002 -0.191710010284282E+002  0.688091901554360E+002 -0.300595962525169E+000  0.653140079507949E+000  0.361042840804245E+000 -0.167451030290137E+002 -0.260341965358150E+002
