  0.178077026316989E+002  0.689456023718323E+002 -0.594803547745958E+000  0.245665885022754E+001 -0.114467856624657E+002 -0.709233139486604E+003 -0.709233139486604E+003
  0.158584771479943E+002  0.693915848412498E+002 -0.592895273642967E+000  0.245915771658086E+001 -0.114467856624657E+002 -0.709246954017827E+003 -0.709246954017827E+003
  0.913980021830877E+001  0.689852032490761E+002 -0.584269008071443E+000  0.238363265343639E+001 -0.114467856624657E+002 -0.709246125318653E+003 -0.709246125318653E+003
  0.141571342778065E+002  0.687091260186721E+002 -0.600857795390132E+000  0.247706044703232E+001 -0.114467856624657E+002 -0.709241483213149E+003 -0.709241483213149E+003
  0.268075918110613E+001  0.689027422512054E+002 -0.590127264801718E+000  0.241582438874772E+001 -0.114467856624657E+002 -0.709237933759423E+003 -0.709237933759423E+003
  0.142044862270534E+002  0.695954646193678E+002 -0.592208261609663E+000  0.243650574669130E+001 -0.114467856624657E+002 -0.709244473399904E+003 -0.709244473399904E+003
  0.121850061184363E+002  0.690092357212751E+002 -0.608214098421525E+000  0.253002253447344E+001 -0.114467856624657E+002 -0.709244862671851E+003 -0.709244862671851E+003
  0.107133915042711E+002  0.690937672526065E+002 -0.588946879023246E+000  0.242769136427981E+001 -0.114467856624657E+002 -0.709239520288419E+003 -0.709239520288419E+003
  0.172870155979512E+002  0.687753286953204E+002 -0.597432305713028E+000  0.246686132517054E+001 -0.114467856624657E+002 -0.709235660525112E+003 -0.709235660525112E+003
  0.466659952606408E+001  0.686467364317518E+002 -0.591072042022548E+000  0.241875462747808E+001 -0.114467856624657E+002 -0.709247081293584E+003 -0.709247081293584E+003
  0.809497401680855E+001  0.696109248439054E+002 -0.597513454704274E+000  0.245822097073573E+001 -0.114467856624657E+002 -0.709242738332875E+003 -0.709242738332875E+003
  0.102548278424889E+002  0.695501018509083E+002 -0.588514247101440E+000  0.239421369135932E+001 -0.114467856624657E+002 -0.709242563022900E+003 -0.709242563022900E+003
  0.899447096744066E+001  0.689677270877986E+002 -0.606894246285499E+000  0.252335162942985E+001 -0.114467856624657E+002 -0.709242119919169E+003 -0.709242119919169E+003
  0.220727540879155E+001  0.692878860883905E+002 -0.592365070402656E+000  0.241434519930003E+001 -0.114467856624657E+002 -0.709236067506239E+003 -0.709236067506239E+003
  0.125803679349276E+002  0.696807385926242E+002 -0.594804203527710E+000  0.244405571054697E+001 -0.114467856624657E+002 -0.709245472279948E+003 -0.709245472279948E+003
  0.980060875429757E+001  0.689964701460219E+002 -0.596880337786105E+000  0.244945860559501E+001 -0.114467856624657E+002 -0.709233901534036E+003 -0.709233901534036E+003
  0.146541358209462E+002  0.686778195875415E+002 -0.594304679179827E+000  0.247391863908123E+001 -0.114467856624657E+002 -0.709244831270466E+003 -0.709244831270466E+003
  0.120671856246128E+002  0.692771780592556E+002 -0.603779073196161E+000  0.251268534620186E+001 -0.114467856624657E+002 -0.709242325076555E+003 -0.709242325076555E+003
  0.102087373623009E+002  0.691427686788993E+002 -0.594740349241737E+000  0.245185023518918E+001 -0.114467856624657E+002 -0.709232035032053E+003 -0.709232035032053E+003
  0.956882521038592E+001  0.695076742941384E+002 -0.584603441135130E+000  0.237943756650332E+001 -0.114467856624657E+002 -0.709247091847016E+003 -0.709247091847016E+003
  0.644534062185647E+001  0.691331014891351E+002 -0.602196585877256E+000  0.249337164358974E+001 -0.114467856624657E+002 -0.709235113637309E+003 -0.709235113637309E+003
  0.150959508294104E+002  0.690066297874208E+002 -0.605808264093866E+000  0.253398459460641E+001 -0.114467856624657E+002 -0.709244601228143E+003 -0.709244601228143E+003
  0.185894735224484E+001  0.693953810409483E+002 -0.590365163382259E+000  0.239917074315879E+001 -0.114467856624657E+002 -0.709239426985353E+003 -0.709239426985353E+003
  0.143142180038857E+002  0.690622222441291E+002 -0.588627010572845E+000  0.238927548120790E+001 -0.114467856624657E+002 -0.709242952439192E+003 -0.709242952439192E+003
  0.113397286636905E+002  0.689112825927486E+002 -0.602188675617080E+000  0.247966299064598E+001 -0.114467856624657E+002 -0.709238999481730E+003 -0.709238999481730E+003
  0.191485645742846E+002  0.688298169992721E+002 -0.590639387209444E+000  0.245051687681390E+001 -0.114467856624657E+002 -0.709244835764550E+003 -0.709244835764550E+003
  0.111679508561349E+002  0.687546310071917E+002 -0.597255349144126E+000  0.247351649918216E+001 -0.114467856624657E+002 -0.709236232353775E+003 -0.709236232353775E+003
  0.153884086643165E+002  0.689775604288335E+002 -0.598592143491290E+000  0.250394297136422E+001 -0.114467856624657E+002 -0.709245242073529E+003 -0.709245242073529E+003
  0.101591749095870E+002  0.688869204299935E+002 -0.604040030154989E+000  0.248796921942345E+001 -0.114467856624657E+002 -0.709243080751849E+003 -0.709243080751849E+003
  0.151281169366221E+002  0.685624406740797E+002 -0.597500380165445E+000  0.247317416136830E+001 -0.114467856624657E+002 -0.709242730480773E+003 -0.709242730480773E+003
  0.920646189924959E+001  0.684709574849259E+002 -0.596936356348440E+000  0.247588851101275E+001 -0.114467856624657E+002 -0.709247016437365E+003 -0.709247016437365E+003
  0.165832627858811E+002  0.694282801979674E+002 -0.591804879013031E+000  0.243273801652568E+001 -0.114467856624657E+002 -0.709237903206139E+003 -0.709237903206139E+003
  0.217262191795560E+001  0.690348285013320E+002 -0.605389381546581E+000  0.251714156948423E+001 -0.114467856624657E+002 -0.709239595109987E+003 -0.709239595109987E+003
  0.567454468975485E+001  0.686890467341963E+002 -0.600515780939509E+000  0.246771551096071E+001 -0.114467856624657E+002 -0.709245820907798E+003 -0.709245820907798E+003
  0.119484343221227E+002  0.687542013052865E+002 -0.593231755351282E+000  0.246655529400816E+001 -0.114467856624657E+002 -0.709243571489765E+003 -0.709243571489765E+003
  0.802869573283758E+001  0.694229567815531E+002 -0.589858547344810E+000  0.242635455371316E+001 -0.114467856624657E+002 -0.709241187434647E+003 -0.709241187434647E+003
  0.184253241663273E+002  0.689367562803399E+002 -0.603111947030902E+000  0.247323144439959E+001 -0.114467856624657E+002 -0.709246460505072E+003 -0.709246460505072E+003
  0.158016388918585E+002  0.687513675628510E+002 -0.595143656112419E+000  0.247845352960381E+001 -0.114467856624657E+002 -0.709242655948488E+003 -0.709242655948488E+003
  0.692700088420982E+001  0.687424010427323E+002 -0.596461541557453E+000  0.249063231313113E+001 -0.114467856624657E+002 -0.709244991119758E+003 -0.709244991119758E+003
  0.192185947866416E+002  0.687966896657223E+002 -0.586769733165839E+000  0.239014277799220E+001 -0.114467856624657E+002 -0.709248376098797E+003 -0.709248376098797E+003
  0.810990867724997E+001  0.692772523391639E+002 -0.605158680033708E+000  0.252492705013562E+001 -0.114467856624657E+002 -0.709246572317623E+003 -0.709246572317623E+003
  0.115171654455991E+002  0.695654610319322E+002 -0.595916204852809E+000  0.242294396299413E+001 -0.114467856624657E+002 -0.709245263747867E+003 -0.709245263747867E+003
  0.185940637434844E+001  0.692092701122409E+002 -0.604310421498713E+000  0.250380285597117E+001 -0.114467856624657E+002 -0.709238862275251E+003 -0.709238862275251E+003
  0.683775927873720E+001  0.693038720787877E+002 -0.590211919008161E+000  0.241074946311707E+001 -0.114467856624657E+002 -0.709235594842840E+003 -0.709235594842840E+003
  0.365934111119734E+001  0.691123159343645E+002 -0.582737597618311E+000  0.237203248972308E+001 -0.114467856624657E+002 -0.709248072250821E+003 -0.709248072250821E+003
  0.536914719469194E+001  0.691416889683384E+002 -0.605783179763070E+000  0.253189682471238E+001 -0.114467856624657E+002 -0.709245762705007E+003 -0.709245762705007E+003
  0.135340039743436E+002  0.691786163602892E+002 -0.607961980369704E+000  0.252868588891936E+001 -0.114467856624657E+002 -0.709245860956947E+003 -0.709245860956947E+003
  0.115153273515295E+001  0.692742083275048E+002 -0.603520057537355E+000  0.249628624773635E+001 -0.114467856624657E+002 -0.709238633538790E+003 -0.709238633538790E+003
  0.916456825144655E+001  0.695993916377258E+002 -0.601517066077105E+000  0.249062620562539E+001 -0.114467856624657E+002 -0.709248530899045E+003 -0.709248530899045E+003
  0.107879644828765E+002  0.685007848839432E+002 -0.601077431884435E+000  0.250983057415195E+001 -0.114467856624657E+002 -0.709247715651956E+003 -0.709247715651956E+003
  0.192655345676879E+002  0.687721771870708E+002 -0.587569210086980E+000  0.240935058318641E+001 -0.114467856624657E+002 -0.709244615131583E+003 -0.709244615131583E+003
  0.935608395918725E+001  0.690879598457292E+002 -0.601976021844270E+000  0.247957197970901E+001 -0.114467856624657E+002 -0.709236187254537E+003 -0.709236187254537E+003
  0.141301194292947E+002  0.689159620103935E+002 -0.607936631899206E+000  0.254122243902074E+001 -0.114467856624657E+002 -0.709246103290599E+003 -0.709246103290599E+003
  0.643978137026042E+001  0.687558732277639E+002 -0.599140070958772E+000  0.248219735302507E+001 -0.114467856624657E+002 -0.709236301242186E+003 -0.709236301242186E+003
  0.186098366534714E+002  0.689946202167404E+002 -0.595706898855013E+000  0.246226940116518E+001 -0.114467856624657E+002 -0.709232579434727E+003 -0.709232579434727E+003
  0.122227270511239E+002  0.691190369627894E+002 -0.594720264302735E+000  0.245745373090159E+001 -0.114467856624657E+002 -0.709233199818659E+003 -0.709233199818659E+003
  0.451822418463131E+001  0.687557083799369E+002 -0.589709270565034E+000  0.241530479798446E+001 -0.114467856624657E+002 -0.709242632475024E+003 -0.709242632475024E+003
  0.178267727810853E+002  0.689630336880027E+002 -0.591372574537258E+000  0.240588943228682E+001 -0.114467856624657E+002 -0.709242108423555E+003 -0.709242108423555E+003
  0.107302689102165E+002  0.694783108433097E+002 -0.599419185496650E+000  0.244087003992415E+001 -0.114467856624657E+002 -0.709247536773351E+003 -0.709247536773351E+003
  0.102896042599628E+002  0.696111570903777E+002 -0.595777424411637E+000  0.245341125444194E+001 -0.114467856624657E+002 -0.709243317918259E+003 -0.709243317918259E+003
  0.101825926996619E+001  0.691990391762356E+002 -0.600495423236526E+000  0.246532429648207E+001 -0.114467856624657E+002 -0.709236398002909E+003 -0.709236398002909E+003
  0.487541639970983E+001  0.687006268665937E+002 -0.605825011842003E+000  0.253357915192970E+001 -0.114467856624657E+002 -0.709245618407613E+003 -0.709245618407613E+003
  0.179259095191079E+002  0.696482806972605E+002 -0.596079300720639E+000  0.244211192325196E+001 -0.114467856624657E+002 -0.709243053937721E+003 -0.709243053937721E+003
  0.340820169325599E+001  0.694195916856230E+002 -0.587822024355878E+000  0.238557051358818E+001 -0.114467856624657E+002 -0.709241869580855E+003 -0.709241869580855E+003
  0.108710705721722E+002  0.688380454040601E+002 -0.601992664679240E+000  0.249845373549175E+001 -0.114467856624657E+002 -0.709236384144442E+003 -0.709236384144442E+003
  0.109375661126832E+002  0.687758356421990E+002 -0.608620600940982E+000  0.254110351624594E+001 -0.114467856624657E+002 -0.709247765628714E+003 -0.709247765628714E+003
  0.170105001754697E+002  0.691846276313299E+002 -0.602659649157723E+000  0.248843788265331E+001 -0.114467856624657E+002 -0.709236287924110E+003 -0.709236287924110E+003
  0.419178339893117E+001  0.686372806683430E+002 -0.600829843698537E+000  0.247097048817356E+001 -0.114467856624657E+002 -0.709247514328496E+003 -0.709247514328496E+003
  0.823962343931698E+001  0.689521064114029E+002 -0.591850844000255E+000  0.242669820378019E+001 -0.114467856624657E+002 -0.709234910765723E+003 -0.709234910765723E+003
  0.506903236173916E+001  0.693461648402115E+002 -0.596547321460081E+000  0.242315740234621E+001 -0.114467856624657E+002 -0.709244935200862E+003 -0.709244935200862E+003
  0.174848180663092E+002  0.686365779524289E+002 -0.597534105846933E+000  0.249775082676380E+001 -0.114467856624657E+002 -0.709247150689905E+003 -0.709247150689905E+003
  0.123360256515908E+002  0.685993697149862E+002 -0.590206494946742E+000  0.244001644019185E+001 -0.114467856624657E+002 -0.709248022263557E+003 -0.709248022263557E+003
  0.166882656064938E+002  0.693852472331836E+002 -0.603236077195368E+000  0.249668080215350E+001 -0.114467856624657E+002 -0.709241122429631E+003 -0.709241122429631E+003
  0.483723536784579E+001  0.694591248906372E+002 -0.601917828876453E+000  0.245817126541752E+001 -0.114467856624657E+002 -0.709248538107279E+003 -0.709248538107279E+003
  0.929128815732556E+001  0.696619680486957E+002 -0.590193147927611E+000  0.239289477633956E+001 -0.114467856624657E+002 -0.709247128909983E+003 -0.709247128909983E+003
  0.155281317733563E+002  0.690551876392398E+002 -0.586491271716990E+000  0.240690035833990E+001 -0.114467856624657E+002 -0.709241536350935E+003 -0.709241536350935E+003
  0.248298547428013E+001  0.686684429083888E+002 -0.605925893073116E+000  0.252940308532749E+001 -0.114467856624657E+002 -0.709245396344838E+003 -0.709245396344838E+003
  0.127886819058036E+002  0.684762607435539E+002 -0.594708013361268E+000  0.246426050433681E+001 -0.114467856624657E+002 -0.709248009426613E+003 -0.709248009426613E+003
  0.595968065543123E+001  0.688913753306487E+002 -0.586804258426172E+000  0.238664167629617E+001 -0.114467856624657E+002 -0.709246402863444E+003 -0.709246402863444E+003
  0.136775027993715E+002  0.689669206532631E+002 -0.583954783479752E+000  0.238623955683247E+001 -0.114467856624657E+002 -0.709247164542006E+003 -0.709247164542006E+003
  0.160376112477991E+002  0.694752400783919E+002 -0.592416559358313E+000  0.245325034618966E+001 -0.114467856624657E+002 -0.709248255248391E+003 -0.709248255248391E+003
  0.496749054055818E+001  0.686951598977821E+002 -0.606039393379586E+000  0.251252767180435E+001 -0.114467856624657E+002 -0.709246169744598E+003 -0.709246169744598E+003
  0.163529723068649E+002  0.688477212084817E+002 -0.596054977065243E+000  0.245722769477908E+001 -0.114467856624657E+002 -0.709234107147385E+003 -0.709234107147385E+003
  0.112860838445679E+002  0.690462768209700E+002 -0.602273830978998E+000  0.247383337166245E+001 -0.114467856624657E+002 -0.709239915528736E+003 -0.709239915528736E+003
  0.192904090157972E+002  0.689752972455703E+002 -0.591274068047446E+000  0.245296266567961E+001 -0.114467856624657E+002 -0.709242442338729E+003 -0.709242442338729E+003
  0.100787259046879E+001  0.685842731225013E+002 -0.594208345675490E+000  0.244427807878992E+001 -0.114467856624657E+002 -0.709244701652401E+003 -0.709244701652401E+003
  0.142842442414150E+001  0.686373393106476E+002 -0.591324779461158E+000  0.245364086625968E+001 -0.114467856624657E+002 -0.709247582601203E+003 -0.709247582601203E+003
  0.169948686368249E+001  0.689336103769195E+002 -0.590745754025232E+000  0.245014734043711E+001 -0.114467856624657E+002 -0.709243290292274E+003 -0.709243290292274E+003
  0.146873534404414E+001  0.689131486243928E+002 -0.591140708693109E+000  0.245200048446530E+001 -0.114467856624657E+002 -0.709242616558582E+003 -0.709242616558582E+003
  0.120218590192733E+002  0.687440345640999E+002 -0.595545795965087E+000  0.246587467753343E+001 -0.114467856624657E+002 -0.709237188737624E+003 -0.709237188737624E+003
  0.178634578751476E+002  0.686417413848898E+002 -0.601705712831785E+000  0.251071568805133E+001 -0.114467856624657E+002 -0.709242757632905E+003 -0.709242757632905E+003
  0.188381751354918E+002  0.692780276615561E+002 -0.593188543950946E+000  0.240127044379776E+001 -0.114467856624657E+002 -0.709246698265717E+003 -0.709246698265717E+003
  0.117455802405050E+002  0.691699764083550E+002 -0.594587821024112E+000  0.245098974720138E+001 -0.114467856624657E+002 -0.709232269503773E+003 -0.709232269503773E+003
  0.103658315886855E+002  0.687165580478691E+002 -0.605068889759888E+000  0.251491300777200E+001 -0.114467856624657E+002 -0.709242546379999E+003 -0.709242546379999E+003
  0.155259787345596E+002  0.686868342369702E+002 -0.590340384843454E+000  0.243092285187802E+001 -0.114467856624657E+002 -0.709243139530993E+003 -0.709243139530993E+003
  0.132333923328383E+002  0.687999582362982E+002 -0.603003819239695E+000  0.250163488499963E+001 -0.114467856624657E+002 -0.709238070895566E+003 -0.709238070895566E+003
  0.116863371006271E+002  0.692715631620098E+002 -0.584455561876938E+000  0.239637289229958E+001 -0.114467856624657E+002 -0.709247068049926E+003 -0.709247068049926E+003
  0.176075968140102E+002  0.689105210852443E+002 -0.591904655055438E+000  0.242806654029718E+001 -0.114467856624657E+002 -0.709235540160054E+003 -0.709235540160054E+003
  0.143426744667152E+002  0.687968275345071E+002 -0.595819335318946E+000  0.245814573996788E+001 -0.114467856624657E+002 -0.709235227093128E+003 -0.709235227093128E+003
  0.668354121791799E+001  0.692426980800300E+002 -0.583502083855194E+000  0.237156092744409E+001 -0.114467856624657E+002 -0.709245995616363E+003 -0.709245995616363E+003
  0.141429063636489E+002  0.695077466470584E+002 -0.590537507152991E+000  0.241110699032132E+001 -0.114467856624657E+002 -0.709239148710879E+003 -0.709239148710879E+003
  0.185994157386052E+002  0.692560775847159E+002 -0.594880874811764E+000  0.247171896546150E+001 -0.114467856624657E+002 -0.709242391458703E+003 -0.709242391458703E+003
  0.158861912765427E+002  0.691266129239449E+002 -0.602090459528262E+000  0.251386103069865E+001 -0.114467856624657E+002 -0.709242193713620E+003 -0.709242193713620E+003
  0.914202237254431E+001  0.687826807205681E+002 -0.606690294476738E+000  0.250845109459693E+001 -0.114467856624657E+002 -0.709247685828601E+003 -0.709247685828601E+003
