 -0.192505791265181E+002  0.671707311325757E+002 -0.451678203344575E+000  0.582860746611725E+000 -0.638599052772761E+000 -0.167451030290137E+002 -0.239649988803130E+001 -0.239649988803130E+001 -0.245883186791946E+001
 -0.192452584441224E+002  0.672856828163967E+002 -0.453730791130177E+000  0.586522362079833E+000 -0.642526288756912E+000 -0.167451030290137E+002 -0.243979558314282E+001 -0.243979558314282E+001 -0.256615911639375E+001
 -0.192485461015949E+002  0.672210373488550E+002 -0.457153146334480E+000  0.583915394938440E+000 -0.621682307706024E+000 -0.167451030290137E+002 -0.242436923018189E+001 -0.242436923018188E+001 -0.250594905004642E+001
 -0.192495041338156E+002  0.672403556569409E+002 -0.465690378619102E+000  0.593885105073198E+000 -0.619265893449793E+000 -0.167451030290137E+002 -0.243744193600193E+001 -0.243744193600193E+001 -0.246017290325946E+001
 -0.192466346220444E+002  0.673093568295791E+002 -0.461122768600841E+000  0.589854967046232E+000 -0.624297184233384E+000 -0.167451030290137E+002 -0.237851083254234E+001 -0.237851083254234E+001 -0.245727734184367E+001
 -0.192416795017559E+002  0.673891913264969E+002 -0.451249972487742E+000  0.578809720909575E+000 -0.627497745407041E+000 -0.167451030290137E+002 -0.243618845076867E+001 -0.243618845076867E+001 -0.246834974013929E+001
 -0.192465995419877E+002  0.672922326052285E+002 -0.456242401997958E+000  0.587545597939169E+000 -0.635477382982714E+000 -0.167451030290137E+002 -0.234779269112130E+001 -0.234779269112131E+001 -0.245422609065823E+001
 -0.192583980196957E+002  0.668956414074623E+002 -0.451511826394635E+000  0.582673285591799E+000 -0.637949847599486E+000 -0.167451030290137E+002 -0.244560359539120E+001 -0.244560359539120E+001 -0.249100924056493E+001
 -0.192573261146842E+002  0.669199753793726E+002 -0.452362482097927E+000  0.588294607936453E+000 -0.652532736207206E+000 -0.167451030290137E+002 -0.242545939263005E+001 -0.242545939263005E+001 -0.245936628033696E+001
 -0.192510247232423E+002  0.671355216545114E+002 -0.455221270330032E+000  0.591376192461468E+000 -0.651790239626123E+000 -0.167451030290137E+002 -0.244048859459758E+001 -0.244048859459758E+001 -0.246489522537139E+001
 -0.192582688272805E+002  0.669180488958178E+002 -0.454424637746109E+000  0.586221596535569E+000 -0.638140760071423E+000 -0.167451030290137E+002 -0.239758666011227E+001 -0.239758666011227E+001 -0.246017772658928E+001
 -0.192444624531204E+002  0.673729965741709E+002 -0.460518269027625E+000  0.596085599115412E+000 -0.645676684987748E+000 -0.167451030290137E+002 -0.242446827409634E+001 -0.242446827409634E+001 -0.247148406986209E+001
 -0.192452153336354E+002  0.673604847712243E+002 -0.461015985875354E+000  0.587757879658394E+000 -0.618213519318388E+000 -0.167451030290137E+002 -0.241453687896162E+001 -0.241453687896162E+001 -0.259281774381324E+001
 -0.192495159066599E+002  0.671359946887277E+002 -0.450497345670742E+000  0.582893296589884E+000 -0.642975272640470E+000 -0.167451030290137E+002 -0.237201874771656E+001 -0.237201874771656E+001 -0.249181932592017E+001
 -0.192476366131424E+002  0.673062545466291E+002 -0.463960765348109E+000  0.591286915499545E+000 -0.617962051587270E+000 -0.167451030290137E+002 -0.242751227571479E+001 -0.242751227571479E+001 -0.246946248500841E+001
 -0.192570185401497E+002  0.669437313277578E+002 -0.455975244004072E+000  0.591348787139998E+000 -0.648776995451499E+000 -0.167451030290137E+002 -0.244591870848776E+001 -0.244591870848776E+001 -0.295613026116690E+001
 -0.192456804583296E+002  0.672656208186073E+002 -0.447751469279587E+000  0.576845638946388E+000 -0.634772992750612E+000 -0.167451030290137E+002 -0.238197485724290E+001 -0.238197485724290E+001 -0.246477566276148E+001
 -0.192547638573271E+002  0.670487932517843E+002 -0.456422136438869E+000  0.586338382449284E+000 -0.631053596606350E+000 -0.167451030290137E+002 -0.237365517092965E+001 -0.237365517092965E+001 -0.253909703792578E+001
 -0.192397432438254E+002  0.674886271834256E+002 -0.459126289811227E+000  0.588974420720454E+000 -0.629084722476364E+000 -0.167451030290137E+002 -0.243283061253347E+001 -0.243283061253347E+001 -0.251142071984910E+001
 -0.192579903527719E+002  0.669537762541980E+002 -0.457723531697195E+000  0.586251261971476E+000 -0.626549255927628E+000 -0.167451030290137E+002 -0.243808011344647E+001 -0.243808011344647E+001 -0.251951380082117E+001
 -0.192565345316369E+002  0.669395495131737E+002 -0.447033820628316E+000  0.575045880580006E+000 -0.632510913708444E+000 -0.167451030290137E+002 -0.244059540331737E+001 -0.244059540331737E+001 -0.252430531314898E+001
 -0.192434684755840E+002  0.673022855073669E+002 -0.450167953153304E+000  0.581869079093476E+000 -0.641133483858326E+000 -0.167451030290137E+002 -0.244034884063009E+001 -0.244034884063009E+001 -0.245307120011576E+001
 -0.192470815382119E+002  0.672114915022681E+002 -0.447303003526549E+000  0.581215868714864E+000 -0.649383758617034E+000 -0.167451030290137E+002 -0.241439303446440E+001 -0.241439303446440E+001 -0.246406037074137E+001
 -0.192550641378719E+002  0.669625768993241E+002 -0.453633205295143E+000  0.585116722419601E+000 -0.638152052945529E+000 -0.167451030290137E+002 -0.243087246055930E+001 -0.243087246055930E+001 -0.249891450536861E+001
 -0.192583043919176E+002  0.669470375843125E+002 -0.457302907888357E+000  0.588371553275431E+000 -0.634180041371508E+000 -0.167451030290137E+002 -0.239797355928499E+001 -0.239797355928499E+001 -0.248288966914556E+001
 -0.192508683456904E+002  0.672071186421079E+002 -0.465592609245949E+000  0.595055282688708E+000 -0.623575808602681E+000 -0.167451030290137E+002 -0.243600292328903E+001 -0.243600292328903E+001 -0.260143332737164E+001
 -0.192530815514368E+002  0.671198477507307E+002 -0.460957399007896E+000  0.588740128275639E+000 -0.621858105475951E+000 -0.167451030290137E+002 -0.241818686188597E+001 -0.241818686188597E+001 -0.248813557901456E+001
 -0.192497905991013E+002  0.671502864121767E+002 -0.447537070975779E+000  0.579110698959139E+000 -0.642675375764355E+000 -0.167451030290137E+002 -0.238817949991753E+001 -0.238817949991753E+001 -0.247628912988910E+001
 -0.192550813204925E+002  0.670153456821004E+002 -0.449891929274411E+000  0.575519532155347E+000 -0.623285107635041E+000 -0.167451030290137E+002 -0.244915567516996E+001 -0.244915567516996E+001 -0.251442256143748E+001
 -0.192448378105960E+002  0.673417541493068E+002 -0.456588614712331E+000  0.584391318861702E+000 -0.624716650309153E+000 -0.167451030290137E+002 -0.237110498927194E+001 -0.237110498927194E+001 -0.378071012712316E+001
 -0.192411052008222E+002  0.674506969460936E+002 -0.456840104271248E+000  0.589916911451468E+000 -0.640676936535527E+000 -0.167451030290137E+002 -0.239051582933112E+001 -0.239051582933112E+001 -0.282716895010984E+001
 -0.192458464549208E+002  0.673450074700987E+002 -0.453794252902274E+000  0.583709901104971E+000 -0.633345922058112E+000 -0.167451030290137E+002 -0.245008802921604E+001 -0.245008802921604E+001 -0.245343354241429E+001
 -0.192523175366802E+002  0.670483000700655E+002 -0.448134716137345E+000  0.576019096183970E+000 -0.630546185416591E+000 -0.167451030290137E+002 -0.242991811085913E+001 -0.242991811085913E+001 -0.245675540604217E+001
 -0.192418692059879E+002  0.674477047455784E+002 -0.461655996228032E+000  0.592091607113293E+000 -0.629236400164430E+000 -0.167451030290137E+002 -0.241225142201672E+001 -0.241225142201672E+001 -0.250131703224239E+001
 -0.192509484352022E+002  0.671858140457214E+002 -0.464252907793167E+000  0.596544859626372E+000 -0.633071395715362E+000 -0.167451030290137E+002 -0.239577639341941E+001 -0.239577639341941E+001 -0.247600166631877E+001
 -0.192534541609163E+002  0.670888163883574E+002 -0.451500414291904E+000  0.579500563821584E+000 -0.628751603096660E+000 -0.167451030290137E+002 -0.244156125986584E+001 -0.244156125986584E+001 -0.247758255456854E+001
 -0.192467669639428E+002  0.673004206937666E+002 -0.454719695615724E+000  0.581987617144755E+000 -0.624922105137770E+000 -0.167451030290137E+002 -0.242543558242381E+001 -0.242543558242381E+001 -0.248770562074138E+001
 -0.192497531261337E+002  0.671104985044791E+002 -0.448613013041398E+000  0.578717937305765E+000 -0.637118094348551E+000 -0.167451030290137E+002 -0.240784342839611E+001 -0.240784342839611E+001 -0.246048964611801E+001
 -0.192453923094312E+002  0.672583085588598E+002 -0.445743654616594E+000  0.574278052842390E+000 -0.634088102317008E+000 -0.167451030290137E+002 -0.244846942366076E+001 -0.244846942366076E+001 -0.252890511942531E+001
 -0.192464198295474E+002  0.672669042571834E+002 -0.457249055597704E+000  0.592162060165343E+000 -0.645954807008820E+000 -0.167451030290137E+002 -0.239712336043807E+001 -0.239712336043807E+001 -0.248743242914644E+001
 -0.192479602396687E+002  0.671823479083169E+002 -0.448528159376589E+000  0.581955959213529E+000 -0.646925388226691E+000 -0.167451030290137E+002 -0.242199144529992E+001 -0.242199144529992E+001 -0.247903785605767E+001
 -0.192450707624700E+002  0.672936871424293E+002 -0.445431270268823E+000  0.576657628012923E+000 -0.642939050369193E+000 -0.167451030290137E+002 -0.242951544862394E+001 -0.242951544862395E+001 -0.249347859689655E+001
 -0.192550431714536E+002  0.669897972181468E+002 -0.454066734471416E+000  0.586569351912537E+000 -0.640337133349760E+000 -0.167451030290137E+002 -0.241313173132971E+001 -0.241313173132971E+001 -0.247684058695182E+001
 -0.192440424471572E+002  0.673766922596501E+002 -0.458776092197878E+000  0.585942151265115E+000 -0.621483483009087E+000 -0.167451030290137E+002 -0.240831392232249E+001 -0.240831392232249E+001 -0.246115586541055E+001
 -0.192590285967059E+002  0.668623720349718E+002 -0.454718761326644E+000  0.584903353003872E+000 -0.632992568318357E+000 -0.167451030290137E+002 -0.244291353012685E+001 -0.244291353012685E+001 -0.245344954493009E+001
 -0.192403798649727E+002  0.674079701849780E+002 -0.446257271503908E+000  0.575729052363652E+000 -0.636975859816232E+000 -0.167451030290137E+002 -0.243914579743562E+001 -0.243914579743562E+001 -0.273166265459284E+001
 -0.192566329635202E+002  0.669094212272918E+002 -0.447728516380578E+000  0.576647766678962E+000 -0.634202685106729E+000 -0.167451030290137E+002 -0.242592560270903E+001 -0.242592560270903E+001 -0.269765661890443E+001
 -0.192537955925346E+002  0.670569867901254E+002 -0.457277699993225E+000  0.585350968627711E+000 -0.625110626401721E+000 -0.167451030290137E+002 -0.237627429215527E+001 -0.237627429215527E+001 -0.263538230020040E+001
 -0.192487323267717E+002  0.672227751860049E+002 -0.454902490991868E+000  0.580449006596284E+000 -0.619650838119739E+000 -0.167451030290137E+002 -0.242890073865706E+001 -0.242890073865706E+001 -0.260430305955772E+001
 -0.192464245118329E+002  0.672466151868468E+002 -0.455067666723855E+000  0.591096874277497E+000 -0.650676517345545E+000 -0.167451030290137E+002 -0.244657898198108E+001 -0.244657898198108E+001 -0.250617423962391E+001
 -0.192474035310535E+002  0.672304659342989E+002 -0.454388036386275E+000  0.579201677816725E+000 -0.617554414304479E+000 -0.167451030290137E+002 -0.243595844666497E+001 -0.243595844666497E+001 -0.255895123136169E+001
 -0.192624286219963E+002  0.667877081198118E+002 -0.454747834508701E+000  0.584788742588604E+000 -0.632710852446507E+000 -0.167451030290137E+002 -0.244449204249193E+001 -0.244449204249193E+001 -0.256235691547257E+001
 -0.192573252581543E+002  0.668822558783498E+002 -0.448623671053948E+000  0.583319984090666E+000 -0.651144298060984E+000 -0.167451030290137E+002 -0.244922245276867E+001 -0.244922245276867E+001 -0.248553718940946E+001
 -0.192431616060728E+002  0.673232171254021E+002 -0.448721696136179E+000  0.578171490498542E+000 -0.635010985536496E+000 -0.167451030290137E+002 -0.242040899625168E+001 -0.242040899625168E+001 -0.246733016198312E+001
 -0.192456308468403E+002  0.673415179643900E+002 -0.461983370444627E+000  0.588747464857258E+000 -0.617834700362366E+000 -0.167451030290137E+002 -0.243021710421853E+001 -0.243021710421852E+001 -0.245172353990730E+001
 -0.192564438334680E+002  0.669980643531478E+002 -0.455042450989476E+000  0.581137439385826E+000 -0.620902881074187E+000 -0.167451030290137E+002 -0.243558879102588E+001 -0.243558879102588E+001 -0.245798384114092E+001
 -0.192527452445759E+002  0.671656067883439E+002 -0.464031907396979E+000  0.592765695626094E+000 -0.622459546653161E+000 -0.167451030290137E+002 -0.244990456047526E+001 -0.244990456047525E+001 -0.248794685595447E+001
 -0.192592272879285E+002  0.668826503483453E+002 -0.455508825047754E+000  0.582574790460761E+000 -0.623324226546416E+000 -0.167451030290137E+002 -0.243338594694075E+001 -0.243338594694075E+001 -0.250014515580632E+001
 -0.192501064464555E+002  0.671949643485037E+002 -0.460855949364293E+000  0.595611192836698E+000 -0.643089906292801E+000 -0.167451030290137E+002 -0.238338250621347E+001 -0.238338250621347E+001 -0.246237402176319E+001
 -0.192471776739677E+002  0.672549862052111E+002 -0.461257898043081E+000  0.593451538884832E+000 -0.634584262743715E+000 -0.167451030290137E+002 -0.243546259172366E+001 -0.243546259172366E+001 -0.245586030622871E+001
 -0.192528037555038E+002  0.671146054158181E+002 -0.453755113354728E+000  0.583576387712180E+000 -0.632457313528860E+000 -0.167451030290137E+002 -0.242344722173558E+001 -0.242344722173558E+001 -0.248187577013121E+001
 -0.192423702541778E+002  0.674120169475175E+002 -0.459397622886780E+000  0.589847553689582E+000 -0.631051127352080E+000 -0.167451030290137E+002 -0.241136162316024E+001 -0.241136162316024E+001 -0.246356897365969E+001
 -0.192482386131930E+002  0.671445077790534E+002 -0.444798770785646E+000  0.573768558208025E+000 -0.636890683401717E+000 -0.167451030290137E+002 -0.243881719066527E+001 -0.243881719066527E+001 -0.266895479440037E+001
 -0.192523035391856E+002  0.670813907246882E+002 -0.456832897044066E+000  0.586949279849627E+000 -0.631509273082756E+000 -0.167451030290137E+002 -0.237828826003223E+001 -0.237828826003223E+001 -0.255742135501086E+001
 -0.192474261714967E+002  0.672541339565386E+002 -0.449649101548387E+000  0.576751461113654E+000 -0.628006805455101E+000 -0.167451030290137E+002 -0.243199710373640E+001 -0.243199710373640E+001 -0.255956227569417E+001
 -0.192384847915781E+002  0.675433651775574E+002 -0.459870981404395E+000  0.590981417682912E+000 -0.632317359458739E+000 -0.167451030290137E+002 -0.243832904442027E+001 -0.243832904442027E+001 -0.263079443194415E+001
 -0.192487049084528E+002  0.671341911613002E+002 -0.448576512269897E+000  0.576985060998286E+000 -0.632565640036546E+000 -0.167451030290137E+002 -0.244924318420189E+001 -0.244924318420189E+001 -0.248020693380471E+001
 -0.192428182643230E+002  0.673889616735030E+002 -0.454742287773498E+000  0.588895447574664E+000 -0.645996233041529E+000 -0.167451030290137E+002 -0.245015463587150E+001 -0.245015463587150E+001 -0.263647000052797E+001
 -0.192423505040983E+002  0.674254230245253E+002 -0.455042413877350E+000  0.588667977839066E+000 -0.644023776928464E+000 -0.167451030290137E+002 -0.243395563577187E+001 -0.243395563577187E+001 -0.249287083032483E+001
 -0.192411769296866E+002  0.674009858245198E+002 -0.449658790030927E+000  0.583489264708454E+000 -0.647797285931176E+000 -0.167451030290137E+002 -0.241912613762939E+001 -0.241912613762939E+001 -0.256230440221029E+001
 -0.192533457395926E+002  0.670716741618305E+002 -0.458682639746029E+000  0.593594355178443E+000 -0.645506566047047E+000 -0.167451030290137E+002 -0.242453298997963E+001 -0.242453298997962E+001 -0.251600268897993E+001
 -0.192488651067593E+002  0.671933678726357E+002 -0.451006648315521E+000  0.577876226999184E+000 -0.626261579913560E+000 -0.167451030290137E+002 -0.238737449064281E+001 -0.238737449064281E+001 -0.251867573807608E+001
 -0.192523846922207E+002  0.671504375470601E+002 -0.462091033370946E+000  0.591208526439361E+000 -0.625053445509067E+000 -0.167451030290137E+002 -0.240393973113395E+001 -0.240393973113395E+001 -0.245200299657601E+001
 -0.192413609788415E+002  0.674975987122914E+002 -0.457895734933239E+000  0.588502741852487E+000 -0.632337995049355E+000 -0.167451030290137E+002 -0.244591566766473E+001 -0.244591566766473E+001 -0.247640305953827E+001
 -0.192467777104697E+002  0.673224533587878E+002 -0.460492367668112E+000  0.588793782870148E+000 -0.623810793565696E+000 -0.167451030290137E+002 -0.241800446856573E+001 -0.241800446856573E+001 -0.255805812496228E+001
 -0.192555219075787E+002  0.669889703290646E+002 -0.456437213038050E+000  0.589597062454370E+000 -0.641093250213032E+000 -0.167451030290137E+002 -0.237841990636778E+001 -0.237841990636777E+001 -0.245189394727559E+001
 -0.192567045355799E+002  0.669853152782337E+002 -0.456110097128502E+000  0.581999813652448E+000 -0.619501468244863E+000 -0.167451030290137E+002 -0.243226107814332E+001 -0.243226107814332E+001 -0.252455245673009E+001
 -0.192608822203184E+002  0.668526807161081E+002 -0.457669470727097E+000  0.592481019972606E+000 -0.645466928616642E+000 -0.167451030290137E+002 -0.244279403084319E+001 -0.244279403084319E+001 -0.246543748891082E+001
 -0.192480652113706E+002  0.671856717016865E+002 -0.451513615389548E+000  0.579694567428408E+000 -0.629341525892883E+000 -0.167451030290137E+002 -0.239174794201269E+001 -0.239174794201269E+001 -0.258679972891892E+001
 -0.192543633344585E+002  0.669936171827442E+002 -0.444435872580198E+000  0.574098673113950E+000 -0.638935204952915E+000 -0.167451030290137E+002 -0.243305005377595E+001 -0.243305005377595E+001 -0.252678614980475E+001
 -0.192472337991873E+002  0.672568541627687E+002 -0.453153433254690E+000  0.583173418352537E+000 -0.633142521621153E+000 -0.167451030290137E+002 -0.244434310069873E+001 -0.244434310069873E+001 -0.255569324792662E+001
 -0.192556119893937E+002  0.670254579567373E+002 -0.457431366416349E+000  0.585786240999319E+000 -0.625612587253784E+000 -0.167451030290137E+002 -0.239002540955885E+001 -0.239002540955885E+001 -0.253690984664822E+001
 -0.192503782410023E+002  0.671191751263928E+002 -0.449692559737396E+000  0.587223756047205E+000 -0.659114124033096E+000 -0.167451030290137E+002 -0.244469052416942E+001 -0.244469052416942E+001 -0.247441753577317E+001
 -0.192573973643396E+002  0.669829342902531E+002 -0.463019500072398E+000  0.593691691252330E+000 -0.629121423696006E+000 -0.167451030290137E+002 -0.242682475591260E+001 -0.242682475591260E+001 -0.247548465913650E+001
 -0.192440055968170E+002  0.673236394121517E+002 -0.447841630836094E+000  0.577393220806679E+000 -0.636753893194381E+000 -0.167451030290137E+002 -0.243314397246488E+001 -0.243314397246488E+001 -0.247540144265256E+001
 -0.192442682715562E+002  0.673497554894998E+002 -0.458804351276656E+000  0.594935493364350E+000 -0.648765118298840E+000 -0.167451030290137E+002 -0.242493135247799E+001 -0.242493135247799E+001 -0.264517082806238E+001
 -0.192433537918094E+002  0.674271816978823E+002 -0.460838437625745E+000  0.590198202522195E+000 -0.625917390748768E+000 -0.167451030290137E+002 -0.244696259572732E+001 -0.244696259572732E+001 -0.252160701653292E+001
 -0.192491962880316E+002  0.671311069465134E+002 -0.448140063971776E+000  0.578762337816963E+000 -0.639633299804274E+000 -0.167451030290137E+002 -0.241779426208830E+001 -0.241779426208830E+001 -0.250959708155264E+001
 -0.192506594101045E+002  0.671871994986696E+002 -0.462512109392729E+000  0.589749041909005E+000 -0.618967950407765E+000 -0.167451030290137E+002 -0.242766278199116E+001 -0.242766278199116E+001 -0.265019777149534E+001
 -0.192412189820368E+002  0.674811322778769E+002 -0.460384025453471E+000  0.593414607036468E+000 -0.638102532682069E+000 -0.167451030290137E+002 -0.240911293107865E+001 -0.240911293107865E+001 -0.245310593713068E+001
 -0.192454999374745E+002  0.672981452994117E+002 -0.455859829121447E+000  0.583465273017136E+000 -0.624500844243570E+000 -0.167451030290137E+002 -0.238983697981558E+001 -0.238983697981558E+001 -0.245135740427460E+001
 -0.192469714545384E+002  0.672147221352205E+002 -0.447723321420788E+000  0.572961269820386E+000 -0.623502778977212E+000 -0.167451030290137E+002 -0.242729858107785E+001 -0.242729858107785E+001 -0.270156083447575E+001
 -0.192429224737438E+002  0.673770804852117E+002 -0.449378870330546E+000  0.577610353694071E+000 -0.631121963508789E+000 -0.167451030290137E+002 -0.240009884095397E+001 -0.240009884095397E+001 -0.250968406549347E+001
 -0.192511498699549E+002  0.671077329013845E+002 -0.453031700545033E+000  0.580432995495304E+000 -0.625877780052136E+000 -0.167451030290137E+002 -0.238803894657325E+001 -0.238803894657325E+001 -0.252507699864223E+001
 -0.192470732228223E+002  0.672697199481245E+002 -0.455615366765493E+000  0.586444381801304E+000 -0.634291963289016E+000 -0.167451030290137E+002 -0.235908382331701E+001 -0.235908382331701E+001 -0.262815144955173E+001
 -0.192475323103283E+002  0.672484171101332E+002 -0.450903923622557E+000  0.579638715709784E+000 -0.631591242412227E+000 -0.167451030290137E+002 -0.237307563813714E+001 -0.237307563813714E+001 -0.250232599658717E+001
 -0.192570275677940E+002  0.669820255006714E+002 -0.459569162109624E+000  0.588726192736519E+000 -0.627031624834643E+000 -0.167451030290137E+002 -0.241294670354956E+001 -0.241294670354956E+001 -0.245522580113772E+001
 -0.192541105325313E+002  0.670046961772019E+002 -0.446626260004394E+000  0.580833653353496E+000 -0.650795916342872E+000 -0.167451030290137E+002 -0.243443828917539E+001 -0.243443828917539E+001 -0.297244682292293E+001
 -0.192445727093048E+002  0.673627282013943E+002 -0.456622561641966E+000  0.584020434471821E+000 -0.624050116380161E+000 -0.167451030290137E+002 -0.243703339687305E+001 -0.243703339687304E+001 -0.245493596956059E+001
 -0.192537190836156E+002  0.670291270140548E+002 -0.448898685695426E+000  0.578307943013417E+000 -0.634786675417132E+000 -0.167451030290137E+002 -0.238597363814410E+001 -0.238597363814410E+001 -0.252605572631628E+001
 -0.192434645188704E+002  0.674539229196249E+002 -0.464468343134871E+000  0.594575496482745E+000 -0.625942645884379E+000 -0.167451030290137E+002 -0.244971972051796E+001 -0.244971972051796E+001 -0.245304792586855E+001
 -0.192435511047399E+002  0.674199507771360E+002 -0.460504349271744E+000  0.593856086814517E+000 -0.639186435999306E+000 -0.167451030290137E+002 -0.241276239799148E+001 -0.241276239799148E+001 -0.283136349880683E+001
 -0.192468025415899E+002  0.672690607644234E+002 -0.459537848695606E+000  0.593522393931408E+000 -0.641207145770821E+000 -0.167451030290137E+002 -0.242609311295087E+001 -0.242609311295087E+001 -0.250658966481832E+001
 -0.192430383145172E+002  0.673870144209998E+002 -0.457166682613614E+000  0.585385752700862E+000 -0.625675461406487E+000 -0.167451030290137E+002 -0.238967604081376E+001 -0.238967604081376E+001 -0.257301600896383E+001
 -0.192490494562907E+002  0.671959120582186E+002 -0.452867684283472E+000  0.586111405255238E+000 -0.644044961221596E+000 -0.167451030290137E+002 -0.235543161694651E+001 -0.235543161694651E+001 -0.260454717668971E+001
 -0.192502859745871E+002  0.671335861766807E+002 -0.452911658554336E+000  0.586729130116188E+000 -0.645291649591613E+000 -0.167451030290137E+002 -0.238165792701225E+001 -0.238165792701226E+001 -0.275459588916158E+001
 -0.192501576539110E+002  0.672099848320518E+002 -0.461969506137841E+000  0.588661908128357E+000 -0.617032300330564E+000 -0.167451030290137E+002 -0.244756109611300E+001 -0.244756109611300E+001 -0.245157508801877E+001
 -0.192525319054751E+002  0.670827026372286E+002 -0.449179272998034E+000  0.583560401792830E+000 -0.649928084327357E+000 -0.167451030290137E+002 -0.241504990608021E+001 -0.241504990608021E+001 -0.248337653730410E+001
 -0.192392202290435E+002  0.675349126962697E+002 -0.456570749452717E+000  0.588123918452435E+000 -0.636438164940088E+000 -0.167451030290137E+002 -0.243453053486607E+001 -0.243453053486607E+001 -0.248118220358227E+001
 -0.192481470543345E+002  0.672141255804158E+002 -0.453108314784441E+000  0.578992550055355E+000 -0.621184985869391E+000 -0.167451030290137E+002 -0.240828857628463E+001 -0.240828857628463E+001 -0.247486710673483E+001
 -0.192427391463086E+002  0.673850800286463E+002 -0.448726157306010E+000  0.578077656106535E+000 -0.634528072123572E+000 -0.167451030290137E+002 -0.244246677927097E+001 -0.244246677927097E+001 -0.249132733495105E+001
 -0.192548337565615E+002  0.670107198762184E+002 -0.450815893377579E+000  0.583671534543711E+000 -0.643759960270657E+000 -0.167451030290137E+002 -0.240185078711140E+001 -0.240185078711140E+001 -0.256403195789043E+001
 -0.192545702424252E+002  0.670703133767865E+002 -0.458463270553909E+000  0.592224312995862E+000 -0.642150291785853E+000 -0.167451030290137E+002 -0.244162198991913E+001 -0.244162198991913E+001 -0.248594154388862E+001
 -0.192576865524041E+002  0.669317095949339E+002 -0.459103442462388E+000  0.587710675045589E+000 -0.625086129841108E+000 -0.167451030290137E+002 -0.244793931124355E+001 -0.244793931124355E+001 -0.252708668955672E+001
 -0.192444139086804E+002  0.673515632799368E+002 -0.451359209268589E+000  0.578071126762191E+000 -0.625746454685370E+000 -0.167451030290137E+002 -0.244795293497293E+001 -0.244795293497293E+001 -0.247576607727208E+001
 -0.192415443080990E+002  0.673749870547475E+002 -0.449811475708148E+000  0.577667959944320E+000 -0.629621489147667E+000 -0.167451030290137E+002 -0.244201169268943E+001 -0.244201169268943E+001 -0.245761372294151E+001
 -0.192518150704862E+002  0.670943585977439E+002 -0.450521426261259E+000  0.579654164097157E+000 -0.632872791096361E+000 -0.167451030290137E+002 -0.236393414875426E+001 -0.236393414875426E+001 -0.245159824935822E+001
 -0.192479801360033E+002  0.672463172105016E+002 -0.457129680273650E+000  0.585387563785202E+000 -0.625777710720598E+000 -0.167451030290137E+002 -0.235619650443136E+001 -0.235619650443136E+001 -0.245944432016670E+001
 -0.192507587122194E+002  0.671184575259242E+002 -0.450248504856732E+000  0.583273342032820E+000 -0.645362222167833E+000 -0.167451030290137E+002 -0.238019365949601E+001 -0.238019365949601E+001 -0.267710206021782E+001
 -0.192517440331415E+002  0.670723496054067E+002 -0.446130322764771E+000  0.577817540644459E+000 -0.643803867607716E+000 -0.167451030290137E+002 -0.239346606865036E+001 -0.239346606865036E+001 -0.264407024645114E+001
 -0.192471009852013E+002  0.672535637878964E+002 -0.449382173198288E+000  0.575705242428876E+000 -0.625581123032532E+000 -0.167451030290137E+002 -0.240672306283396E+001 -0.240672306283396E+001 -0.255724002717424E+001
 -0.192391241483469E+002  0.674658532550750E+002 -0.447799980553470E+000  0.577100882640929E+000 -0.635550242805934E+000 -0.167451030290137E+002 -0.243383271510375E+001 -0.243383271510375E+001 -0.248879565640467E+001
 -0.192473889962427E+002  0.672313328830484E+002 -0.455148060761715E+000  0.588672997567015E+000 -0.642828258044133E+000 -0.167451030290137E+002 -0.238974263950587E+001 -0.238974263950587E+001 -0.249827528453595E+001
 -0.192462314033614E+002  0.672373324119660E+002 -0.446473904335288E+000  0.575588114799150E+000 -0.635454138001222E+000 -0.167451030290137E+002 -0.241342613817209E+001 -0.241342613817209E+001 -0.247322384554595E+001
 -0.192574523536795E+002  0.669216823626394E+002 -0.457764698303510E+000  0.586862090331614E+000 -0.628019773832605E+000 -0.167451030290137E+002 -0.244740598499052E+001 -0.244740598499052E+001 -0.280336770398635E+001
 -0.192451103755324E+002  0.673576488922542E+002 -0.453192310329045E+000  0.584028595741458E+000 -0.636568282526511E+000 -0.167451030290137E+002 -0.243336615284591E+001 -0.243336615284591E+001 -0.248830936664442E+001
 -0.192479591567863E+002  0.671689488767834E+002 -0.444168682172154E+000  0.571589437947463E+000 -0.632137752352705E+000 -0.167451030290137E+002 -0.243752098871181E+001 -0.243752098871181E+001 -0.246262303374327E+001
 -0.192415748788676E+002  0.673954510083378E+002 -0.452712615076167E+000  0.582930297771355E+000 -0.635016905859715E+000 -0.167451030290137E+002 -0.240574870566227E+001 -0.240574870566228E+001 -0.245839667661342E+001
 -0.192507019071733E+002  0.671483501869806E+002 -0.455264862690034E+000  0.590715343375317E+000 -0.648619848509895E+000 -0.167451030290137E+002 -0.241492146183004E+001 -0.241492146183004E+001 -0.248944618156659E+001
 -0.192540774449516E+002  0.671021807213021E+002 -0.460056586715540E+000  0.587198485210189E+000 -0.620376998395727E+000 -0.167451030290137E+002 -0.242640565144993E+001 -0.242640565144993E+001 -0.247219781330361E+001
 -0.192517169212079E+002  0.671191360185248E+002 -0.450375866802693E+000  0.580670035399960E+000 -0.637257392692732E+000 -0.167451030290137E+002 -0.243548096624991E+001 -0.243548096624991E+001 -0.248074561557554E+001
 -0.192443579716021E+002  0.673223498831682E+002 -0.451868064340903E+000  0.581427523019789E+000 -0.634089391468194E+000 -0.167451030290137E+002 -0.243768580874586E+001 -0.243768580874587E+001 -0.252100729997922E+001
 -0.192517835703724E+002  0.671440374002390E+002 -0.458596001075081E+000  0.592789148972566E+000 -0.642352573869488E+000 -0.167451030290137E+002 -0.243353176832972E+001 -0.243353176832972E+001 -0.254093295876099E+001
 -0.192432476688347E+002  0.674339839180354E+002 -0.460647436590324E+000  0.587768595302482E+000 -0.619941932403904E+000 -0.167451030290137E+002 -0.243596777023263E+001 -0.243596777023263E+001 -0.254447352805226E+001
 -0.192580699041740E+002  0.669432475084392E+002 -0.457708462484644E+000  0.590508056536672E+000 -0.639408280534866E+000 -0.167451030290137E+002 -0.239780927483969E+001 -0.239780927483968E+001 -0.269178309172746E+001
 -0.192460004416527E+002  0.672422998559100E+002 -0.451239750518978E+000  0.580353371668798E+000 -0.631969106742517E+000 -0.167451030290137E+002 -0.244551832104041E+001 -0.244551832104041E+001 -0.305018405597448E+001
 -0.192503406807755E+002  0.670904485900841E+002 -0.443521726645503E+000  0.573828433789110E+000 -0.640979705355988E+000 -0.167451030290137E+002 -0.244923041353737E+001 -0.244923041353736E+001 -0.246300963881098E+001
 -0.192498583009740E+002  0.672080202131671E+002 -0.464204391404883E+000  0.595320409819662E+000 -0.629393345771135E+000 -0.167451030290137E+002 -0.240570223634808E+001 -0.240570223634808E+001 -0.246611224819987E+001
 -0.192476944895100E+002  0.672697853732824E+002 -0.460802059849126E+000  0.591780433903233E+000 -0.630926574004491E+000 -0.167451030290137E+002 -0.241117488803919E+001 -0.241117488803919E+001 -0.252946492957660E+001
 -0.192569207839716E+002  0.669538227637349E+002 -0.458574443938594E+000  0.590997295637397E+000 -0.637133884943395E+000 -0.167451030290137E+002 -0.241646271041307E+001 -0.241646271041307E+001 -0.245331333242659E+001
 -0.192489769113964E+002  0.671709519218002E+002 -0.447878242225853E+000  0.583862662845915E+000 -0.655782650711316E+000 -0.167451030290137E+002 -0.243486139357113E+001 -0.243486139357113E+001 -0.245086802805593E+001
 -0.192499457518320E+002  0.671697820729364E+002 -0.451880382048504E+000  0.587405436477887E+000 -0.651209819795781E+000 -0.167451030290137E+002 -0.242128501266821E+001 -0.242128501266821E+001 -0.246296308004144E+001
 -0.192420912429199E+002  0.674264002967981E+002 -0.457579196398648E+000  0.593996234138263E+000 -0.650651711908310E+000 -0.167451030290137E+002 -0.243944916951740E+001 -0.243944916951740E+001 -0.247679839373373E+001
 -0.192570245421339E+002  0.669521217799965E+002 -0.454132548799654E+000  0.580176762768044E+000 -0.621508497020343E+000 -0.167451030290137E+002 -0.243226206178697E+001 -0.243226206178697E+001 -0.249991849150876E+001
 -0.192567597336731E+002  0.670044692709757E+002 -0.464164860665119E+000  0.597136234047031E+000 -0.635316147259374E+000 -0.167451030290137E+002 -0.242848493519501E+001 -0.242848493519501E+001 -0.255289236758314E+001
 -0.192399340597797E+002  0.674717122370055E+002 -0.455879113614490E+000  0.583451500579784E+000 -0.624233326003250E+000 -0.167451030290137E+002 -0.244818879569112E+001 -0.244818879569112E+001 -0.252360045343847E+001
 -0.192428606017194E+002  0.674139069164594E+002 -0.458283039036504E+000  0.590966555907064E+000 -0.638924225113556E+000 -0.167451030290137E+002 -0.242354332332464E+001 -0.242354332332464E+001 -0.246778943875659E+001
 -0.192514969890831E+002  0.671276307037119E+002 -0.461552882545519E+000  0.595639738122687E+000 -0.640541885542916E+000 -0.167451030290137E+002 -0.241783252548509E+001 -0.241783252548509E+001 -0.253836905766942E+001
 -0.192416941159909E+002  0.673921446903090E+002 -0.449728179232833E+000  0.576965127901479E+000 -0.628195584591708E+000 -0.167451030290137E+002 -0.241848505526315E+001 -0.241848505526314E+001 -0.251581266062586E+001
 -0.192524993515806E+002  0.670638190290887E+002 -0.451875457315737E+000  0.586053203932288E+000 -0.646964495740363E+000 -0.167451030290137E+002 -0.241041672947341E+001 -0.241041672947341E+001 -0.245038570860564E+001
