  0.189797564770690E+002  0.662391615337887E+002 -0.435237901637695E+000  0.524850936929444E+000 -0.107536384819057E+002 -0.718879323186336E+003 -0.718879323186336E+003
  0.192825687473536E+002  0.660559370397323E+002 -0.436841329002563E+000  0.523105167812309E+000 -0.107536384819057E+002 -0.718884829825215E+003 -0.718884829825215E+003
  0.190969882326968E+002  0.662043689942024E+002 -0.434229850866404E+000  0.525411917158368E+000 -0.107536384819057E+002 -0.718886808406675E+003 -0.718886808406675E+003
  0.194710189549896E+002  0.658526363597054E+002 -0.438568494130343E+000  0.526172264392022E+000 -0.107536384819057E+002 -0.718882886427316E+003 -0.718882886427316E+003
  0.193128798232391E+002  0.659820449018468E+002 -0.440003917916714E+000  0.528458428520634E+000 -0.107536384819057E+002 -0.718880311203788E+003 -0.718880311203788E+003
  0.190917047305596E+002  0.658344738084886E+002 -0.435367041487606E+000  0.524159488946312E+000 -0.107536384819057E+002 -0.718880098122009E+003 -0.718880098122009E+003
  0.193687012615721E+002  0.657916782214413E+002 -0.433864657870183E+000  0.522699761367411E+000 -0.107536384819057E+002 -0.718885014564593E+003 -0.718885014564594E+003
  0.190651473965417E+002  0.657746740640944E+002 -0.438790018041000E+000  0.527564629656913E+000 -0.107536384819057E+002 -0.718881645980676E+003 -0.718881645980676E+003
  0.190561740585539E+002  0.659846719594714E+002 -0.433117498681566E+000  0.521695804178176E+000 -0.107536384819057E+002 -0.718884500756737E+003 -0.718884500756737E+003
  0.193409988456822E+002  0.657169585192393E+002 -0.436314449554045E+000  0.526047068301699E+000 -0.107536384819057E+002 -0.718880829334047E+003 -0.718880829334047E+003
