  0.164991053998286E+002  0.681007302254652E+002 -0.360098628956144E+000  0.399683775905967E+000 -0.107536384819057E+002 -0.715667194056647E+003 -0.715667194056647E+003
  0.183267234334297E+002  0.677658170904400E+002 -0.361387849767920E+000  0.400646579911307E+000 -0.107536384819057E+002 -0.715665576487686E+003 -0.715665576487686E+003
  0.157882961579981E+002  0.674652542705321E+002 -0.361482439673256E+000  0.400384817827630E+000 -0.107536384819057E+002 -0.715670521924474E+003 -0.715670521924474E+003
  0.160750210666358E+002  0.678534888549439E+002 -0.359320467532024E+000  0.399402292594412E+000 -0.107536384819057E+002 -0.715669622847879E+003 -0.715669622847879E+003
  0.193812958760570E+002  0.677369548035823E+002 -0.360856054922778E+000  0.400457725831114E+000 -0.107536384819057E+002 -0.715668445464596E+003 -0.715668445464596E+003
  0.190159829654138E+002  0.680212108073222E+002 -0.360945992544152E+000  0.399833211954320E+000 -0.107536384819057E+002 -0.715663155240538E+003 -0.715663155240538E+003
  0.176860973028082E+002  0.675563574591628E+002 -0.362062772402781E+000  0.400246930347647E+000 -0.107536384819057E+002 -0.715670535041124E+003 -0.715670535041124E+003
  0.185844184851589E+002  0.682322004652408E+002 -0.361996960645832E+000  0.400993465962038E+000 -0.107536384819057E+002 -0.715670039628325E+003 -0.715670039628325E+003
  0.158625148788765E+002  0.682820806000176E+002 -0.362308545779478E+000  0.400890515226566E+000 -0.107536384819057E+002 -0.715667021027755E+003 -0.715667021027755E+003
 -0.777740978205981E+001  0.679931498264525E+002 -0.360679043275893E+000  0.400038204670821E+000 -0.107536384819057E+002 -0.715663338080049E+003 -0.715663338080049E+003
 -0.884820537421504E+001  0.681162171481213E+002 -0.362199232902338E+000  0.400485184428820E+000 -0.107536384819057E+002 -0.715662391825863E+003 -0.715662391825863E+003
 -0.835224575775855E+001  0.681971805077242E+002 -0.363234046119510E+000  0.400771829106905E+000 -0.107536384819057E+002 -0.715668241670018E+003 -0.715668241670018E+003
 -0.920113311559327E+001  0.683047867827632E+002 -0.363073209533376E+000  0.401162283124218E+000 -0.107536384819057E+002 -0.715667460316047E+003 -0.715667460316047E+003
 -0.746229166543275E+001  0.679833854262611E+002 -0.362751599105886E+000  0.401089187567733E+000 -0.107536384819057E+002 -0.715661704879893E+003 -0.715661704879893E+003
  0.390207817619896E+001  0.681002872517561E+002 -0.361001955420536E+000  0.400358353079733E+000 -0.107536384819057E+002 -0.715665788231262E+003 -0.715665788231262E+003
  0.415933494057607E+001  0.678724938671578E+002 -0.361962849217209E+000  0.400439988165711E+000 -0.107536384819057E+002 -0.715660661742296E+003 -0.715660661742296E+003
  0.847447264255465E+001  0.678137898087265E+002 -0.363807755789133E+000  0.401326452497069E+000 -0.107536384819057E+002 -0.715666244685228E+003 -0.715666244685229E+003
  0.433423813038095E+001  0.676270249475888E+002 -0.363072793520280E+000  0.400953771065710E+000 -0.107536384819057E+002 -0.715667834162945E+003 -0.715667834162945E+003
  0.610363784149569E+001  0.679940188103286E+002 -0.362482161471491E+000  0.401382154365228E+000 -0.107536384819057E+002 -0.715669710034503E+003 -0.715669710034503E+003
  0.677666895378124E+001  0.679370635964715E+002 -0.361048717578132E+000  0.399982580697319E+000 -0.107536384819057E+002 -0.715661600153279E+003 -0.715661600153279E+003
  0.820856164327743E+001  0.683460713413766E+002 -0.362992210250519E+000  0.401273984379885E+000 -0.107536384819057E+002 -0.715670197151931E+003 -0.715670197151931E+003
  0.505398676605635E+001  0.680279308931308E+002 -0.361418770468059E+000  0.400400721009162E+000 -0.107536384819057E+002 -0.715661764984974E+003 -0.715661764984974E+003
  0.520727552899776E+001  0.681500113600290E+002 -0.362413665517566E+000  0.400482573782130E+000 -0.107536384819057E+002 -0.715664188968079E+003 -0.715664188968079E+003
  0.666918796531655E+001  0.677140793203707E+002 -0.362727374220398E+000  0.400917573409742E+000 -0.107536384819057E+002 -0.715663732698266E+003 -0.715663732698266E+003
  0.516084747821623E+001  0.680641640273652E+002 -0.361640726175786E+000  0.399913114359206E+000 -0.107536384819057E+002 -0.715666526930412E+003 -0.715666526930412E+003
  0.796450517518678E+001  0.676621133564976E+002 -0.363021540801775E+000  0.400713788411236E+000 -0.107536384819057E+002 -0.715669393842162E+003 -0.715669393842162E+003
  0.737190248686364E+001  0.681615964222156E+002 -0.363825921985875E+000  0.401576639828755E+000 -0.107536384819057E+002 -0.715666243849766E+003 -0.715666243849766E+003
  0.812922208720967E+001  0.682385407387211E+002 -0.363679033902482E+000  0.401116097806585E+000 -0.107536384819057E+002 -0.715668476611648E+003 -0.715668476611648E+003
  0.500520294383253E+001  0.681002325067439E+002 -0.363682957634727E+000  0.401243765566477E+000 -0.107536384819057E+002 -0.715664878410358E+003 -0.715664878410358E+003
  0.653450112929154E+001  0.679735232957634E+002 -0.363445282092966E+000  0.401661547999835E+000 -0.107536384819057E+002 -0.715666802351900E+003 -0.715666802351900E+003
  0.620386130715521E+001  0.679383793163328E+002 -0.362035906323402E+000  0.400996461742913E+000 -0.107536384819057E+002 -0.715664912717736E+003 -0.715664912717737E+003
  0.360299392642836E+001  0.679367761234289E+002 -0.361226181181094E+000  0.399586299781379E+000 -0.107536384819057E+002 -0.715669557054361E+003 -0.715669557054361E+003
  0.126858897947398E+002  0.682546075778312E+002 -0.363277720499071E+000  0.401275298175442E+000 -0.107536384819057E+002 -0.715666412111119E+003 -0.715666412111119E+003
  0.143162218034020E+002  0.680585286998057E+002 -0.362570980421491E+000  0.401358505588913E+000 -0.107536384819057E+002 -0.715668453622288E+003 -0.715668453622288E+003
  0.109617767407937E+002  0.676347467052118E+002 -0.362434285012804E+000  0.400689414173403E+000 -0.107536384819057E+002 -0.715665435801120E+003 -0.715665435801120E+003
  0.115744104781802E+002  0.676814641493428E+002 -0.363600325511920E+000  0.401170651665530E+000 -0.107536384819057E+002 -0.715668778851633E+003 -0.715668778851633E+003
  0.117112575021676E+002  0.678522151298366E+002 -0.359625088807203E+000  0.399028447475248E+000 -0.107536384819057E+002 -0.715670178679736E+003 -0.715670178679736E+003
  0.147958398168146E+002  0.677383438787263E+002 -0.362248236984542E+000  0.400938320829979E+000 -0.107536384819057E+002 -0.715663904159936E+003 -0.715663904159936E+003
  0.148492488761703E+002  0.679288091383896E+002 -0.361881717045894E+000  0.400523898015194E+000 -0.107536384819057E+002 -0.715660279757861E+003 -0.715660279757861E+003
  0.123687180518409E+002  0.682496777306192E+002 -0.362858474344413E+000  0.401278058953398E+000 -0.107536384819057E+002 -0.715667854698654E+003 -0.715667854698654E+003
  0.129870527444326E+002  0.682330515064906E+002 -0.362541148982394E+000  0.400677626882873E+000 -0.107536384819057E+002 -0.715664851354447E+003 -0.715664851354447E+003
  0.953292683350330E+001  0.682014093973326E+002 -0.362014973502432E+000  0.400689548707920E+000 -0.107536384819057E+002 -0.715664245330514E+003 -0.715664245330514E+003
  0.118951797777214E+002  0.681462050343720E+002 -0.360969447270178E+000  0.399530327436798E+000 -0.107536384819057E+002 -0.715670576643377E+003 -0.715670576643377E+003
  0.140315672052095E+002  0.680049127949255E+002 -0.363887893395142E+000  0.401612534313074E+000 -0.107536384819057E+002 -0.715665069444656E+003 -0.715665069444656E+003
  0.117219579018811E+002  0.680531293678494E+002 -0.364076073783994E+000  0.401193648928235E+000 -0.107536384819057E+002 -0.715669581274230E+003 -0.715669581274230E+003
  0.103464650294205E+002  0.679000592065015E+002 -0.360291554801755E+000  0.400024436746844E+000 -0.107536384819057E+002 -0.715666305116431E+003 -0.715666305116431E+003
  0.290527390197654E+001  0.679294939485234E+002 -0.362933284858630E+000  0.401279954000779E+000 -0.107536384819057E+002 -0.715663166325898E+003 -0.715663166325898E+003
  0.217594087648875E+001  0.679688984139149E+002 -0.363237689747184E+000  0.400596062988978E+000 -0.107536384819057E+002 -0.715670498627372E+003 -0.715670498627372E+003
  0.261591207586518E+001  0.679663663860464E+002 -0.360997199611413E+000  0.400463466787349E+000 -0.107536384819057E+002 -0.715665937701425E+003 -0.715665937701425E+003
  0.179395131361320E+001  0.676225594269670E+002 -0.360774532492793E+000  0.400301443718909E+000 -0.107536384819057E+002 -0.715668524052852E+003 -0.715668524052852E+003
  0.838659175259664E+000  0.676085345786574E+002 -0.362363402903700E+000  0.401126529807440E+000 -0.107536384819057E+002 -0.715669395006519E+003 -0.715669395006519E+003
  0.130183058430641E+001  0.680327953804034E+002 -0.361241088792244E+000  0.400473805839474E+000 -0.107536384819057E+002 -0.715664016540757E+003 -0.715664016540757E+003
 -0.256738933797366E+001  0.678500167083716E+002 -0.360429583896414E+000  0.399395257363277E+000 -0.107536384819057E+002 -0.715666986126733E+003 -0.715666986126733E+003
 -0.147683125959135E+001  0.680203615570588E+002 -0.361808722837830E+000  0.400915025237605E+000 -0.107536384819057E+002 -0.715666201047314E+003 -0.715666201047314E+003
 -0.108826184332088E+000  0.682510484130509E+002 -0.361020857217033E+000  0.400108749233310E+000 -0.107536384819057E+002 -0.715667280966725E+003 -0.715667280966725E+003
 -0.184601547145985E+001  0.677450362571001E+002 -0.360976838178514E+000  0.400550744281415E+000 -0.107536384819057E+002 -0.715668885292770E+003 -0.715668885292770E+003
 -0.331940471822204E+000  0.679900707579021E+002 -0.360157900398388E+000  0.399398474752265E+000 -0.107536384819057E+002 -0.715666328972291E+003 -0.715666328972291E+003
 -0.110776202879213E+001  0.682464277357173E+002 -0.361903839453285E+000  0.400163145993069E+000 -0.107536384819057E+002 -0.715667635054908E+003 -0.715667635054908E+003
 -0.250294879094543E+000  0.678229357525538E+002 -0.360705728412138E+000  0.399570687524939E+000 -0.107536384819057E+002 -0.715665538588906E+003 -0.715665538588906E+003
 -0.189236169749583E+001  0.679248534928809E+002 -0.364035497963474E+000  0.401274645294580E+000 -0.107536384819057E+002 -0.715667844248333E+003 -0.715667844248333E+003
 -0.469295789175597E+000  0.682752878181387E+002 -0.361694033334159E+000  0.400151172029592E+000 -0.107536384819057E+002 -0.715667552381417E+003 -0.715667552381417E+003
 -0.127758515576553E+002  0.676573844323947E+002 -0.361583250992094E+000  0.400257922804297E+000 -0.107536384819057E+002 -0.715664082541152E+003 -0.715664082541153E+003
 -0.124852084985496E+002  0.679853293411946E+002 -0.364211468811439E+000  0.402010433706490E+000 -0.107536384819057E+002 -0.715669626982818E+003 -0.715669626982818E+003
 -0.127996926507243E+002  0.675648032451401E+002 -0.362077862149097E+000  0.400325037327443E+000 -0.107536384819057E+002 -0.715669062121097E+003 -0.715669062121097E+003
 -0.121465808854549E+002  0.676635077324802E+002 -0.363560193509528E+000  0.401613359927611E+000 -0.107536384819057E+002 -0.715669931475754E+003 -0.715669931475755E+003
 -0.126264109798664E+002  0.680918507125344E+002 -0.362495999108357E+000  0.401198799956449E+000 -0.107536384819057E+002 -0.715665877703580E+003 -0.715665877703580E+003
 -0.128258090792733E+002  0.677871451205204E+002 -0.363246452995347E+000  0.401289501854388E+000 -0.107536384819057E+002 -0.715664112602101E+003 -0.715664112602101E+003
 -0.120692815092896E+002  0.680301952018818E+002 -0.362200411194500E+000  0.401000579343910E+000 -0.107536384819057E+002 -0.715663931221921E+003 -0.715663931221921E+003
 -0.129377121961277E+002  0.680250122710649E+002 -0.362112677419676E+000  0.401039287738780E+000 -0.107536384819057E+002 -0.715665537780954E+003 -0.715665537780954E+003
 -0.129370413207875E+002  0.676807819184138E+002 -0.362628339370709E+000  0.400449818677120E+000 -0.107536384819057E+002 -0.715669096369843E+003 -0.715669096369843E+003
 -0.128900045928559E+002  0.680251439495976E+002 -0.364432727110385E+000  0.401521946664323E+000 -0.107536384819057E+002 -0.715669052327278E+003 -0.715669052327278E+003
 -0.126663901565889E+002  0.680716070783652E+002 -0.362763875483097E+000  0.400688130621011E+000 -0.107536384819057E+002 -0.715663021588691E+003 -0.715663021588691E+003
 -0.123862201457649E+002  0.680539976528050E+002 -0.361833907337046E+000  0.400606795428693E+000 -0.107536384819057E+002 -0.715661568722667E+003 -0.715661568722667E+003
 -0.125725318363287E+002  0.682115825137802E+002 -0.364407213169067E+000  0.401649157020803E+000 -0.107536384819057E+002 -0.715669617756331E+003 -0.715669617756331E+003
 -0.101599490736765E+002  0.677519097028963E+002 -0.361321608165515E+000  0.400171285249723E+000 -0.107536384819057E+002 -0.715662117669162E+003 -0.715662117669162E+003
 -0.978752497338051E+001  0.678881886479204E+002 -0.363924194432136E+000  0.401337193121027E+000 -0.107536384819057E+002 -0.715666173008360E+003 -0.715666173008360E+003
 -0.981512772217573E+001  0.680978326799784E+002 -0.360744876316625E+000  0.400411062612644E+000 -0.107536384819057E+002 -0.715670277127809E+003 -0.715670277127809E+003
 -0.100471880381579E+002  0.680021376791082E+002 -0.361846944891807E+000  0.400941069781071E+000 -0.107536384819057E+002 -0.715666171147028E+003 -0.715666171147029E+003
 -0.462108292721438E+001  0.677718234573466E+002 -0.363453018477178E+000  0.401034551147573E+000 -0.107536384819057E+002 -0.715666560980674E+003 -0.715666560980674E+003
 -0.643528378978294E+001  0.682606271566684E+002 -0.363887431807557E+000  0.401565827158993E+000 -0.107536384819057E+002 -0.715668388321883E+003 -0.715668388321883E+003
 -0.339792751948289E+001  0.675786744755574E+002 -0.362562371834288E+000  0.401211138151042E+000 -0.107536384819057E+002 -0.715670545242374E+003 -0.715670545242374E+003
 -0.496393407377104E+001  0.680661197015952E+002 -0.361266794880291E+000  0.400388942883384E+000 -0.107536384819057E+002 -0.715663150626197E+003 -0.715663150626197E+003
 -0.386164707481789E+001  0.680928186381612E+002 -0.359690546115663E+000  0.399603730913977E+000 -0.107536384819057E+002 -0.715670261224082E+003 -0.715670261224082E+003
 -0.168413686509729E+002  0.678052278050826E+002 -0.361684363637151E+000  0.400925898066458E+000 -0.107536384819057E+002 -0.715667996071732E+003 -0.715667996071732E+003
 -0.164077731167368E+002  0.678192102652592E+002 -0.363041665894875E+000  0.400751738524959E+000 -0.107536384819057E+002 -0.715665376503369E+003 -0.715665376503369E+003
 -0.176843762546952E+002  0.680188571723797E+002 -0.361003815523582E+000  0.400346615146051E+000 -0.107536384819057E+002 -0.715664274540580E+003 -0.715664274540580E+003
 -0.163978810684140E+002  0.681576891500501E+002 -0.362861509751866E+000  0.401312228228003E+000 -0.107536384819057E+002 -0.715666151053119E+003 -0.715666151053119E+003
 -0.176461662772703E+002  0.681168709977659E+002 -0.362743355302891E+000  0.401130341812461E+000 -0.107536384819057E+002 -0.715663437113384E+003 -0.715663437113384E+003
 -0.149797375311538E+002  0.675926190237498E+002 -0.362529828870263E+000  0.401174692581709E+000 -0.107536384819057E+002 -0.715669634899425E+003 -0.715669634899425E+003
 -0.157801900717739E+002  0.680381606524574E+002 -0.363084812173105E+000  0.401259550241591E+000 -0.107536384819057E+002 -0.715662745674377E+003 -0.715662745674377E+003
 -0.133298480124505E+002  0.676743333264945E+002 -0.362635379965229E+000  0.400494698957069E+000 -0.107536384819057E+002 -0.715668421788570E+003 -0.715668421788570E+003
 -0.153294941402247E+002  0.681995920635984E+002 -0.361198204826238E+000  0.399835662918524E+000 -0.107536384819057E+002 -0.715667325990124E+003 -0.715667325990124E+003
 -0.135440426156762E+002  0.679767139114983E+002 -0.364627124691485E+000  0.401691038213794E+000 -0.107536384819057E+002 -0.715669594949309E+003 -0.715669594949309E+003
 -0.154608772878548E+002  0.677187069755219E+002 -0.362658981826240E+000  0.401153845014203E+000 -0.107536384819057E+002 -0.715665177705359E+003 -0.715665177705359E+003
 -0.143983683631419E+002  0.678433644313315E+002 -0.362505245054414E+000  0.400449031199481E+000 -0.107536384819057E+002 -0.715664437070517E+003 -0.715664437070517E+003
 -0.149374109964341E+002  0.676761975528537E+002 -0.360892283602604E+000  0.400071237515518E+000 -0.107536384819057E+002 -0.715664189323771E+003 -0.715664189323771E+003
 -0.135982618899968E+002  0.679588597143729E+002 -0.362707127265073E+000  0.400598638307137E+000 -0.107536384819057E+002 -0.715663237823941E+003 -0.715663237823941E+003
 -0.190950338923597E+002  0.677257271833510E+002 -0.360595831839990E+000  0.399719254235671E+000 -0.107536384819057E+002 -0.715664496659014E+003 -0.715664496659014E+003
 -0.192917793979848E+002  0.678320992116216E+002 -0.363311254948103E+000  0.400963347991161E+000 -0.107536384819057E+002 -0.715664947166694E+003 -0.715664947166694E+003
 -0.185540955324563E+002  0.677291843708491E+002 -0.363013887981403E+000  0.400943287139617E+000 -0.107536384819057E+002 -0.715664619827317E+003 -0.715664619827317E+003
