  0.165217023198149E+000  0.142437654127746E+004  0.171619250727906E+001  0.714802201079880E+002 -0.422575856880399E+000  0.478295277682289E+000 -0.107536384819057E+002 -0.712244668385802E+003
  0.165217023198149E+000  0.142368746213257E+004 -0.932378443560573E+000  0.741026099333539E+002 -0.493069266040809E+000  0.614578124512689E+000 -0.107536384819057E+002 -0.711900128813360E+003
  0.165217023198149E+000  0.142229259386002E+004  0.253139014115574E+001  0.762492337201109E+002 -0.412445464160581E+000  0.521120137373537E+000 -0.107536384819057E+002 -0.711202694677085E+003
  0.165217023198149E+000  0.142188294399192E+004 -0.127618343000569E+001  0.697154345053444E+002 -0.473737952677100E+000  0.590936484139660E+000 -0.107536384819057E+002 -0.710997869743034E+003
  0.165217023198149E+000  0.142165295547623E+004  0.477556346269655E+001  0.702036331887174E+002 -0.477459330722136E+000  0.583625896566035E+000 -0.107536384819057E+002 -0.710882875485189E+003
  0.165217023198149E+000  0.142158225933689E+004  0.813194391972514E+001  0.683251241070184E+002 -0.457983095865648E+000  0.579280327489084E+000 -0.107536384819057E+002 -0.710847527415520E+003
  0.165217023198149E+000  0.142148355658787E+004  0.403525599577783E+001  0.720435576941849E+002 -0.454779364665015E+000  0.575381791311907E+000 -0.107536384819057E+002 -0.710798176041007E+003
  0.165217023198149E+000  0.142151360709877E+004  0.586629179940867E+001  0.703167152966797E+002 -0.432145925724250E+000  0.525072178143188E+000 -0.107536384819057E+002 -0.710756803549386E+003
  0.165217023198149E+000  0.142149401149847E+004 -0.233015678555020E+000  0.750312279206965E+002 -0.466564557453078E+000  0.579860517734034E+000 -0.107536384819057E+002 -0.710747005749236E+003
  0.165217023198149E+000  0.142144901544327E+004  0.890197840978752E+001  0.728980838743446E+002 -0.470382304793281E+000  0.568431631749762E+000 -0.107536384819057E+002 -0.710724507721634E+003
  0.165217023198149E+000  0.142118850390882E+004  0.113591827518833E+002  0.719561156261233E+002 -0.463053826377158E+000  0.564914014673990E+000 -0.107536384819057E+002 -0.710594251954410E+003
  0.165217023198149E+000  0.142118238913190E+004  0.138615728174254E+002  0.741337602567251E+002 -0.441517348332248E+000  0.550973386729172E+000 -0.107536384819057E+002 -0.710591194565949E+003
  0.165217023198149E+000  0.142113969115775E+004  0.159295752365208E+001  0.697661804234536E+002 -0.460590712355267E+000  0.565136134244425E+000 -0.107536384819057E+002 -0.710569845578875E+003
  0.165217023198149E+000  0.142109145037556E+004  0.881501933266532E+001  0.712681289614616E+002 -0.453838229287313E+000  0.561742077300230E+000 -0.107536384819057E+002 -0.710545725187781E+003
