 -0.192658718811395E+002  0.728181219108887E+002 -0.470927827268460E+000  0.515240069542643E+000  0.517496100440397E+000 -0.343732443968006E+002 -0.209935982710631E+002 -0.740246735064326E+003 -0.740246735064326E+003
 -0.192711656762234E+002  0.727434978015790E+002 -0.481232076118810E+000  0.526078562442742E+000  0.410835845673645E+000 -0.298288775801824E+002 -0.209935982710631E+002 -0.739786263768223E+003 -0.739786263768223E+003
 -0.192751044078021E+002  0.725062945178985E+002 -0.468627015299957E+000  0.510716112234821E+000  0.508759152482639E+000 -0.338855898182107E+002 -0.209935982710631E+002 -0.739427329734785E+003 -0.739427329734785E+003
 -0.192506229918043E+002  0.734296441130599E+002 -0.469444728808607E+000  0.489727500329994E+000  0.702030948806737E+000 -0.391749903593684E+002 -0.209935982710631E+002 -0.739771979364584E+003 -0.739771979364584E+003
 -0.192525771419794E+002  0.731772430286302E+002 -0.456283725408915E+000  0.504332590001217E+000  0.634413180275587E+000 -0.398797842895232E+002 -0.209935982710631E+002 -0.740068801037916E+003 -0.740068801037916E+003
 -0.192664433151718E+002  0.728223254188820E+002 -0.464116021743699E+000  0.515539149602157E+000  0.402580458406547E+000 -0.308808507520037E+002 -0.209935982710631E+002 -0.739576256860439E+003 -0.739576256860439E+003
 -0.192740972440831E+002  0.725159839591237E+002 -0.474273909835402E+000  0.512102828683727E+000  0.524510659596899E+000 -0.338384658492113E+002 -0.209935982710631E+002 -0.739624278178538E+003 -0.739624278178538E+003
 -0.192769744283082E+002  0.722527949854604E+002 -0.449317584830278E+000  0.472216124632431E+000  0.848044890725475E+000 -0.458512461853593E+002 -0.209935982710631E+002 -0.739614793036725E+003 -0.739614793036725E+003
 -0.192736774789646E+002  0.724053854465757E+002 -0.442588628046844E+000  0.462444117588553E+000  0.911934156203330E+000 -0.482680101623083E+002 -0.209935982710631E+002 -0.740006580634192E+003 -0.740006580634192E+003
 -0.192804709276129E+002  0.724051367357521E+002 -0.474610631389253E+000  0.518120953893167E+000  0.410453038456680E+000 -0.299654818570264E+002 -0.209935982710631E+002 -0.739994039468838E+003 -0.739994039468838E+003
 -0.192374494422436E+002  0.735102691878020E+002 -0.454344795070183E+000  0.487338861847792E+000  0.560472814683010E+000 -0.355039072542333E+002 -0.209935982710631E+002 -0.740077003599706E+003 -0.740077003599706E+003
 -0.192639421723230E+002  0.728128417718903E+002 -0.473639230168053E+000  0.509727059473088E+000  0.619240493747554E+000 -0.373763706326575E+002 -0.209935982710631E+002 -0.739870223633552E+003 -0.739870223633552E+003
 -0.192805013519795E+002  0.722340008399591E+002 -0.455750167307324E+000  0.485817677364397E+000  0.544505833388754E+000 -0.345308526163638E+002 -0.209935982710631E+002 -0.739187288028361E+003 -0.739187288028361E+003
 -0.192460697070485E+002  0.733132809899844E+002 -0.453008779317570E+000  0.504011622438530E+000  0.460235581538058E+000 -0.334932355781533E+002 -0.209935982710631E+002 -0.739817414471192E+003 -0.739817414471192E+003
 -0.192840353398264E+002  0.723944054845617E+002 -0.481504634226791E+000  0.514660593001100E+000  0.507063039955014E+000 -0.323788595055264E+002 -0.209935982710631E+002 -0.740180102333375E+003 -0.740180102333375E+003
 -0.192461674921600E+002  0.731556751197770E+002 -0.448146246482909E+000  0.473758244698539E+000  0.749235945952762E+000 -0.423155401812427E+002 -0.209935982710631E+002 -0.740265298596668E+003 -0.740265298596668E+003
 -0.192852618758520E+002  0.721317839442167E+002 -0.470176305404993E+000  0.502295716825270E+000  0.690381013110368E+000 -0.398762688516519E+002 -0.209935982710631E+002 -0.739852692441415E+003 -0.739852692441415E+003
 -0.192712793694528E+002  0.724427980694503E+002 -0.444095389358659E+000  0.472640005595198E+000  0.845300653396563E+000 -0.465076313440169E+002 -0.209935982710631E+002 -0.739638734289977E+003 -0.739638734289977E+003
 -0.192833591613148E+002  0.722927944498125E+002 -0.459302888908342E+000  0.482963726333001E+000  0.559475614746532E+000 -0.343445161798869E+002 -0.209935982710631E+002 -0.739778287497067E+003 -0.739778287497067E+003
 -0.192749559362559E+002  0.724501548468444E+002 -0.465285979237555E+000  0.475031502683315E+000  0.950435063348266E+000 -0.479484957831450E+002 -0.209935982710631E+002 -0.740154290911415E+003 -0.740154290911415E+003
 -0.192670878481627E+002  0.725929091374353E+002 -0.455539996514898E+000  0.506220825874899E+000  0.560686298991783E+000 -0.373077987103604E+002 -0.209935982710631E+002 -0.740144616365669E+003 -0.740144616365669E+003
 -0.192882360432121E+002  0.722090159637585E+002 -0.475685872278814E+000  0.513319263086571E+000  0.511742885028809E+000 -0.332577209448909E+002 -0.209935982710631E+002 -0.740151689246474E+003 -0.740151689246474E+003
 -0.192672131219208E+002  0.725941702913790E+002 -0.459235081151878E+000  0.463630198584037E+000  0.959992683608590E+000 -0.479944632536963E+002 -0.209935982710631E+002 -0.740282047663598E+003 -0.740282047663598E+003
 -0.192811998448021E+002  0.721511413405783E+002 -0.451247663644474E+000  0.487549735127875E+000  0.777460299826743E+000 -0.444195110575286E+002 -0.209935982710631E+002 -0.739840443320266E+003 -0.739840443320266E+003
 -0.192522304706271E+002  0.733042133091703E+002 -0.475241730748067E+000  0.507967554349118E+000  0.772851999798604E+000 -0.429501097748595E+002 -0.209935982710631E+002 -0.740182487962992E+003 -0.740182487962992E+003
 -0.192660167282899E+002  0.729161097153220E+002 -0.479325988081415E+000  0.530498626174742E+000  0.350381609097838E+000 -0.282061888064337E+002 -0.209935982710631E+002 -0.740228553456373E+003 -0.740228553456373E+003
 -0.192665661604353E+002  0.726789198120879E+002 -0.460378782390076E+000  0.489661823377022E+000  0.879143537834125E+000 -0.473392435546069E+002 -0.209935982710631E+002 -0.740016532787352E+003 -0.740016532787352E+003
 -0.192716064041640E+002  0.725844852160863E+002 -0.472483698828799E+000  0.494912708375583E+000  0.745812561474580E+000 -0.409795440466591E+002 -0.209935982710631E+002 -0.740198397317025E+003 -0.740198397317025E+003
 -0.192529256246927E+002  0.732585952958662E+002 -0.469612464948613E+000  0.479321988617735E+000  0.818842683171468E+000 -0.426687136514466E+002 -0.209935982710631E+002 -0.740203180088506E+003 -0.740203180088506E+003
 -0.192381850958730E+002  0.737654306807868E+002 -0.465435308876424E+000  0.492266214120747E+000  0.657883603598535E+000 -0.382630765924595E+002 -0.209935982710631E+002 -0.739628760051466E+003 -0.739628760051466E+003
 -0.192620382633530E+002  0.730260473164072E+002 -0.471479208990933E+000  0.512814229009422E+000  0.599675016637903E+000 -0.372353185821219E+002 -0.209935982710631E+002 -0.739926409269129E+003 -0.739926409269129E+003
 -0.192630933563802E+002  0.728047839811471E+002 -0.455546347122511E+000  0.478232818507801E+000  0.786607905828745E+000 -0.432239595798341E+002 -0.209935982710631E+002 -0.739246236830150E+003 -0.739246236830150E+003
 -0.192675527745094E+002  0.728739856783502E+002 -0.482418041556688E+000  0.523829504149567E+000  0.386857740020062E+000 -0.284925578808202E+002 -0.209935982710631E+002 -0.739653373513859E+003 -0.739653373513859E+003
 -0.192675581013085E+002  0.727136197175128E+002 -0.455585132552610E+000  0.473999770192232E+000  0.623979082463890E+000 -0.364540092904109E+002 -0.209935982710631E+002 -0.739556301261740E+003 -0.739556301261740E+003
 -0.192749857027487E+002  0.724020147633729E+002 -0.459995506346720E+000  0.512200961694838E+000  0.492312696532764E+000 -0.346342193261631E+002 -0.209935982710631E+002 -0.740265216064572E+003 -0.740265216064572E+003
 -0.192649437442964E+002  0.728736176807241E+002 -0.461121914661861E+000  0.461853401305918E+000  0.815924684835096E+000 -0.419875227339940E+002 -0.209935982710631E+002 -0.740218187083473E+003 -0.740218187083473E+003
 -0.192454078923671E+002  0.735249875667674E+002 -0.463919612631436E+000  0.508938762659853E+000  0.472995284686505E+000 -0.329759646505018E+002 -0.209935982710631E+002 -0.739616771124784E+003 -0.739616771124784E+003
 -0.192535307792040E+002  0.732740303108583E+002 -0.459618395376213E+000  0.490483033367319E+000  0.467107546189297E+000 -0.314770786744454E+002 -0.209935982710631E+002 -0.739829855047821E+003 -0.739829855047821E+003
 -0.192526556934343E+002  0.733101722607433E+002 -0.463880637513238E+000  0.496176967728944E+000  0.774808639432592E+000 -0.434351905042640E+002 -0.209935982710631E+002 -0.740048573832970E+003 -0.740048573832970E+003
 -0.192659860509582E+002  0.726703012367050E+002 -0.455713052694684E+000  0.483476634900374E+000  0.681969309060136E+000 -0.396591005081951E+002 -0.209935982710631E+002 -0.739196726605346E+003 -0.739196726605346E+003
 -0.192585751063458E+002  0.731736759389301E+002 -0.473193083519991E+000  0.508157513179447E+000  0.500973791221512E+000 -0.326669204372511E+002 -0.209935982710631E+002 -0.740126705863150E+003 -0.740126705863150E+003
 -0.192813260727664E+002  0.722132103661925E+002 -0.470749774050760E+000  0.504876221559893E+000  0.524040732743700E+000 -0.335856735428281E+002 -0.209935982710631E+002 -0.739659805117317E+003 -0.739659805117317E+003
 -0.192654594348586E+002  0.728792030888767E+002 -0.462438497492336E+000  0.476736067247207E+000  0.746049754986387E+000 -0.405653705154278E+002 -0.209935982710631E+002 -0.739983085059789E+003 -0.739983085059789E+003
 -0.192754063687052E+002  0.724914151337638E+002 -0.454900446397118E+000  0.475589016847524E+000  0.819040228052103E+000 -0.443163887289047E+002 -0.209935982710631E+002 -0.739911481056162E+003 -0.739911481056162E+003
 -0.192887543942274E+002  0.719563930954446E+002 -0.462716462441715E+000  0.498173926235140E+000  0.760817890372280E+000 -0.432645039865814E+002 -0.209935982710631E+002 -0.740151119480257E+003 -0.740151119480257E+003
 -0.192832473155929E+002  0.722317109214375E+002 -0.466200027988492E+000  0.471447601336453E+000  0.716746113079324E+000 -0.383856097019537E+002 -0.209935982710631E+002 -0.740178679098265E+003 -0.740178679098265E+003
 -0.192729573964260E+002  0.727298451101842E+002 -0.477253013062478E+000  0.491239400341784E+000  0.538376293327559E+000 -0.318880552475785E+002 -0.209935982710631E+002 -0.740218126648734E+003 -0.740218126648734E+003
 -0.192597849763847E+002  0.729211256353204E+002 -0.466377669944832E+000  0.509273864377954E+000  0.589730479907615E+000 -0.372233230211457E+002 -0.209935982710631E+002 -0.740108019532170E+003 -0.740108019532170E+003
 -0.192671826786274E+002  0.728439524224888E+002 -0.457690208835694E+000  0.502170209654379E+000  0.478218779093652E+000 -0.333562869169306E+002 -0.209935982710631E+002 -0.739938870103852E+003 -0.739938870103852E+003
 -0.192693347617208E+002  0.725469781770894E+002 -0.459042670974031E+000  0.475600037961247E+000  0.876495733902075E+000 -0.459902155475879E+002 -0.209935982710631E+002 -0.740049559674451E+003 -0.740049559674451E+003
 -0.192738311703455E+002  0.724033080143410E+002 -0.459716365447207E+000  0.478747889784838E+000  0.626792193054953E+000 -0.364994312101350E+002 -0.209935982710631E+002 -0.740075418271483E+003 -0.740075418271483E+003
 -0.192560159451630E+002  0.730821086732346E+002 -0.461131539870510E+000  0.490245130819221E+000  0.591501200863405E+000 -0.360674060330648E+002 -0.209935982710631E+002 -0.739441858079534E+003 -0.739441858079534E+003
 -0.192715751678403E+002  0.724555519302920E+002 -0.464029572908048E+000  0.513790948279842E+000  0.468015872870424E+000 -0.332660917192734E+002 -0.209935982710631E+002 -0.739911258923651E+003 -0.739911258923651E+003
 -0.192740993826415E+002  0.725509606832797E+002 -0.478325787304171E+000  0.496988230516457E+000  0.821028815027461E+000 -0.432742660543213E+002 -0.209935982710631E+002 -0.740065583410978E+003 -0.740065583410978E+003
 -0.192706398389651E+002  0.724732269317924E+002 -0.464381353468936E+000  0.488244353388108E+000  0.695847446454550E+000 -0.394834362488275E+002 -0.209935982710631E+002 -0.739967596307396E+003 -0.739967596307396E+003
 -0.192608441782862E+002  0.727894733087706E+002 -0.452176917855969E+000  0.478759842141868E+000  0.727462222353552E+000 -0.414285291910408E+002 -0.209935982710631E+002 -0.739354706137615E+003 -0.739354706137615E+003
 -0.192679022848357E+002  0.729067380078808E+002 -0.475001674608988E+000  0.509873768586639E+000  0.642735115965564E+000 -0.381024247620252E+002 -0.209935982710631E+002 -0.740253618915568E+003 -0.740253618915568E+003
 -0.192845231317355E+002  0.721005559212955E+002 -0.456556873264192E+000  0.493366721417287E+000  0.720201932078865E+000 -0.420455661407012E+002 -0.209935982710631E+002 -0.739791965048283E+003 -0.739791965048283E+003
 -0.192469849173845E+002  0.735318165380338E+002 -0.464214649726938E+000  0.498826105263621E+000  0.652306880653143E+000 -0.388911921825449E+002 -0.209935982710631E+002 -0.740099853751411E+003 -0.740099853751411E+003
 -0.192711938682163E+002  0.723994777443336E+002 -0.445698973168554E+000  0.480086769591002E+000  0.808650853719683E+000 -0.456211482951558E+002 -0.209935982710631E+002 -0.739873578910421E+003 -0.739873578910421E+003
 -0.192734145655594E+002  0.725149390041083E+002 -0.466728527846594E+000  0.504764287492655E+000  0.574123367968895E+000 -0.360986052719917E+002 -0.209935982710631E+002 -0.739591423666216E+003 -0.739591423666216E+003
 -0.192800540888554E+002  0.723544566626021E+002 -0.461153654561375E+000  0.480398545434585E+000  0.889210725888219E+000 -0.466655544979432E+002 -0.209935982710631E+002 -0.739915655372673E+003 -0.739915655372673E+003
 -0.192538899953978E+002  0.730207068833243E+002 -0.453483537795704E+000  0.478845899772803E+000  0.644031310818846E+000 -0.380090754846030E+002 -0.209935982710631E+002 -0.739316074425918E+003 -0.739316074425918E+003
 -0.192648284842436E+002  0.728853059945928E+002 -0.470403977036007E+000  0.501596139546359E+000  0.840360688938830E+000 -0.456192432063303E+002 -0.209935982710631E+002 -0.740055990352969E+003 -0.740055990352969E+003
 -0.192880170141769E+002  0.720661293357927E+002 -0.468772312335044E+000  0.491014433846822E+000  0.851655562221424E+000 -0.452192614216469E+002 -0.209935982710631E+002 -0.740151404437533E+003 -0.740151404437533E+003
 -0.192586437238997E+002  0.728953818279786E+002 -0.452825150853581E+000  0.474591361812497E+000  0.601957167471227E+000 -0.360339840688039E+002 -0.209935982710631E+002 -0.739079795414841E+003 -0.739079795414841E+003
 -0.192604536212968E+002  0.728692592990172E+002 -0.460189742335378E+000  0.516687060060892E+000  0.444340058062011E+000 -0.331865897883562E+002 -0.209935982710631E+002 -0.740079724961397E+003 -0.740079724961397E+003
 -0.192348609597710E+002  0.738349843309785E+002 -0.457599392826664E+000  0.494417633420815E+000  0.575764044409397E+000 -0.363854168218962E+002 -0.209935982710631E+002 -0.740066278489903E+003 -0.740066278489903E+003
 -0.192755457127703E+002  0.724251076493626E+002 -0.462221516831720E+000  0.490496689623814E+000  0.735838651581460E+000 -0.415644148859620E+002 -0.209935982710631E+002 -0.739545619148370E+003 -0.739545619148370E+003
 -0.192519272280517E+002  0.733528136066353E+002 -0.467518457750845E+000  0.511781641915581E+000  0.526931298658837E+000 -0.348607757355563E+002 -0.209935982710631E+002 -0.739879982810617E+003 -0.739879982810617E+003
 -0.192815576497226E+002  0.723813788795776E+002 -0.480674614975828E+000  0.507992696914203E+000  0.711025450956384E+000 -0.397639656974539E+002 -0.209935982710631E+002 -0.740163502206315E+003 -0.740163502206315E+003
 -0.192492375701947E+002  0.732739644302839E+002 -0.446709815840584E+000  0.492122555567818E+000  0.541432847752418E+000 -0.362920348986040E+002 -0.209935982710631E+002 -0.740287269238631E+003 -0.740287269238631E+003
 -0.192760470208143E+002  0.724877457063189E+002 -0.468178065283794E+000  0.481217649315797E+000  0.762740473516843E+000 -0.408686858259774E+002 -0.209935982710631E+002 -0.739911243137811E+003 -0.739911243137811E+003
 -0.192771291596370E+002  0.725620888464647E+002 -0.481849595581514E+000  0.517455920817921E+000  0.445967768349902E+000 -0.302384030240864E+002 -0.209935982710631E+002 -0.739684112484496E+003 -0.739684112484496E+003
 -0.192609332272534E+002  0.731019994874634E+002 -0.476426393956050E+000  0.504087378998995E+000  0.576997732384157E+000 -0.347616501849532E+002 -0.209935982710631E+002 -0.739615584426312E+003 -0.739615584426312E+003
 -0.192635774876772E+002  0.727672634714080E+002 -0.448864454123925E+000  0.485922985556138E+000  0.509693389774597E+000 -0.341313383573481E+002 -0.209935982710631E+002 -0.739084053109514E+003 -0.739084053109514E+003
 -0.192585896739033E+002  0.730239566489031E+002 -0.466319686655838E+000  0.494410802428518E+000  0.508088885169826E+000 -0.325396922704209E+002 -0.209935982710631E+002 -0.739305745071454E+003 -0.739305745071454E+003
 -0.192712937930698E+002  0.724505672644853E+002 -0.446272339013237E+000  0.498578260757199E+000  0.447251548770140E+000 -0.333724656205116E+002 -0.209935982710631E+002 -0.740278655291727E+003 -0.740278655291727E+003
 -0.192626265138884E+002  0.730028054228566E+002 -0.484270050199131E+000  0.536219302151840E+000  0.379177871584730E+000 -0.291818393986668E+002 -0.209935982710631E+002 -0.740093719176462E+003 -0.740093719176462E+003
 -0.192723982876475E+002  0.723847647874875E+002 -0.455819907145528E+000  0.491685928313558E+000  0.728831273345364E+000 -0.423158301319308E+002 -0.209935982710631E+002 -0.739910745909500E+003 -0.739910745909500E+003
 -0.192695958970001E+002  0.725748747757002E+002 -0.463998516216831E+000  0.481419766973802E+000  0.883950067753290E+000 -0.461740892797956E+002 -0.209935982710631E+002 -0.739811632002440E+003 -0.739811632002440E+003
 -0.192827089322883E+002  0.723521001262226E+002 -0.481093939262537E+000  0.513649571006663E+000  0.526130718280086E+000 -0.330736662231145E+002 -0.209935982710631E+002 -0.739999741101932E+003 -0.739999741101932E+003
 -0.192729279200081E+002  0.724164022830547E+002 -0.457256785584232E+000  0.487432626869774E+000  0.835707730252395E+000 -0.458527190560431E+002 -0.209935982710631E+002 -0.740016372192279E+003 -0.740016372192279E+003
 -0.192437688408612E+002  0.735233310804863E+002 -0.457778245980750E+000  0.476345689620113E+000  0.683202265008731E+000 -0.387156920377406E+002 -0.209935982710631E+002 -0.739766270243494E+003 -0.739766270243494E+003
 -0.192628410875888E+002  0.727730019836548E+002 -0.461409448201907E+000  0.488975081243542E+000  0.813254723897643E+000 -0.445536170194896E+002 -0.209935982710631E+002 -0.739884737963303E+003 -0.739884737963303E+003
 -0.192672361728915E+002  0.724777554361390E+002 -0.447675203801279E+000  0.490055381797418E+000  0.729355303203249E+000 -0.432999283590883E+002 -0.209935982710631E+002 -0.740286760655200E+003 -0.740286760655200E+003
 -0.192654695235312E+002  0.727522513286353E+002 -0.473375201868796E+000  0.497442401125650E+000  0.921937042686793E+000 -0.479467352519578E+002 -0.209935982710631E+002 -0.740232427817170E+003 -0.740232427817170E+003
 -0.192664977867887E+002  0.728861888652431E+002 -0.470913322179298E+000  0.501164281192473E+000  0.606545876360741E+000 -0.364125864769476E+002 -0.209935982710631E+002 -0.740150213682715E+003 -0.740150213682715E+003
 -0.192599515056107E+002  0.731047097351009E+002 -0.480041876977664E+000  0.527611403650710E+000  0.375286687919811E+000 -0.287735510386928E+002 -0.209935982710631E+002 -0.739744749466242E+003 -0.739744749466242E+003
 -0.192704428526950E+002  0.723687894288974E+002 -0.435129332160620E+000  0.481336270208493E+000  0.595856805164431E+000 -0.388720530699792E+002 -0.209935982710631E+002 -0.739609884509891E+003 -0.739609884509891E+003
 -0.192640108632827E+002  0.727433158803511E+002 -0.440242061691254E+000  0.481047180746417E+000  0.672247855665631E+000 -0.411430467779147E+002 -0.209935982710631E+002 -0.739659186174222E+003 -0.739659186174222E+003
 -0.192823107807034E+002  0.721031874777043E+002 -0.452763409371956E+000  0.461003970648177E+000  0.808395675707928E+000 -0.427190302524346E+002 -0.209935982710631E+002 -0.740021519533454E+003 -0.740021519533454E+003
 -0.192563731897984E+002  0.729986972193676E+002 -0.458367234428752E+000  0.466557279725873E+000  0.689867999402850E+000 -0.379132363820066E+002 -0.209935982710631E+002 -0.739704980626917E+003 -0.739704980626917E+003
 -0.192451266048100E+002  0.732870629651900E+002 -0.451418348380836E+000  0.491018180453439E+000  0.635619482060278E+000 -0.392206782971050E+002 -0.209935982710631E+002 -0.739837693065971E+003 -0.739837693065971E+003
 -0.192600008593592E+002  0.729012186488232E+002 -0.451682115051094E+000  0.478269464518048E+000  0.751118237635978E+000 -0.423763343640167E+002 -0.209935982710631E+002 -0.739246873094335E+003 -0.739246873094335E+003
 -0.192729819486012E+002  0.725954918587708E+002 -0.459862947975683E+000  0.485711990587533E+000  0.623653509196259E+000 -0.370580133366437E+002 -0.209935982710631E+002 -0.739959602766876E+003 -0.739959602766876E+003
 -0.192765937935255E+002  0.722285562224214E+002 -0.441172617934622E+000  0.490103115719346E+000  0.633519968543581E+000 -0.404571504456762E+002 -0.209935982710631E+002 -0.739981206263053E+003 -0.739981206263053E+003
 -0.192755149021166E+002  0.723875488569290E+002 -0.461378558772068E+000  0.484230132788196E+000  0.826355871161624E+000 -0.445842822079018E+002 -0.209935982710631E+002 -0.739781479685734E+003 -0.739781479685734E+003
 -0.192893324121273E+002  0.719403085618002E+002 -0.452759693490340E+000  0.488828203263322E+000  0.780665903986332E+000 -0.444646101731263E+002 -0.209935982710631E+002 -0.740144569203243E+003 -0.740144569203243E+003
 -0.192708017974645E+002  0.723487556381507E+002 -0.452617118539733E+000  0.484804532977261E+000  0.638812549504621E+000 -0.385363459864547E+002 -0.209935982710631E+002 -0.740217893109796E+003 -0.740217893109796E+003
 -0.192680594283223E+002  0.726374897171378E+002 -0.462694019756265E+000  0.477728045432953E+000  0.497735565960653E+000 -0.309799014551808E+002 -0.209935982710631E+002 -0.739857214720453E+003 -0.739857214720453E+003
 -0.192432192775690E+002  0.735597465753402E+002 -0.460666161511966E+000  0.502857647707602E+000  0.635624972753249E+000 -0.391495507964009E+002 -0.209935982710631E+002 -0.739983659804163E+003 -0.739983659804163E+003
 -0.192602341061821E+002  0.729743802521688E+002 -0.475430914119605E+000  0.522447619176782E+000  0.555305152220129E+000 -0.359204966817625E+002 -0.209935982710631E+002 -0.740107660175823E+003 -0.740107660175823E+003
 -0.192756848199397E+002  0.723200222507843E+002 -0.455670291019991E+000  0.481407349411626E+000  0.756848657610988E+000 -0.423654024630849E+002 -0.209935982710631E+002 -0.739560993240028E+003 -0.739560993240028E+003
 -0.192582546074776E+002  0.730273694252483E+002 -0.481266001336547E+000  0.508938308484698E+000  0.561190854017497E+000 -0.339498228336432E+002 -0.209935982710631E+002 -0.740081344683144E+003 -0.740081344683144E+003
 -0.192669603595671E+002  0.727792217101620E+002 -0.467436980856329E+000  0.502387609110788E+000  0.626932688346074E+000 -0.378093301733326E+002 -0.209935982710631E+002 -0.739413295143655E+003 -0.739413295143655E+003
 -0.192466160167095E+002  0.734284325725609E+002 -0.464830167987008E+000  0.482029730837597E+000  0.666458263234929E+000 -0.376734965195454E+002 -0.209935982710631E+002 -0.739980212237199E+003 -0.739980212237199E+003
 -0.192599068088115E+002  0.730302815233397E+002 -0.474337476702171E+000  0.515607398838430E+000  0.438148248412617E+000 -0.308333048845090E+002 -0.209935982710631E+002 -0.740182263173518E+003 -0.740182263173518E+003
 -0.192839181976230E+002  0.720406899261109E+002 -0.457535719196539E+000  0.470812952113532E+000  0.811070352045036E+000 -0.431627352037103E+002 -0.209935982710631E+002 -0.740200942459601E+003 -0.740200942459601E+003
 -0.192608604333000E+002  0.731403898521525E+002 -0.465053095362391E+000  0.491984570640449E+000  0.488922982260959E+000 -0.317279681330011E+002 -0.209935982710631E+002 -0.740240660011771E+003 -0.740240660011771E+003
 -0.192459085013488E+002  0.734085953299420E+002 -0.451090079469148E+000  0.452317195744265E+000  0.814088882748223E+000 -0.422971129925784E+002 -0.209935982710631E+002 -0.739756456455231E+003 -0.739756456455231E+003
 -0.192661825010025E+002  0.727040264033805E+002 -0.447714579556223E+000  0.458828160399129E+000  0.765789446377255E+000 -0.415260715424382E+002 -0.209935982710631E+002 -0.740044964597886E+003 -0.740044964597886E+003
