 -0.192590849678765E+002  0.729937193894351E+002 -0.497564865917082E+000  0.122133268274318E+001  0.301965153294764E+001 -0.128330800235856E+002 -0.734450075532195E+003 -0.734450075532195E+003 -0.734470647783120E+003
 -0.192586254705367E+002  0.730231797967792E+002 -0.504886893900896E+000  0.122730967486274E+001  0.261891529578097E+001 -0.128330800235856E+002 -0.734450473305608E+003 -0.734450473305608E+003 -0.734505819334030E+003
 -0.192575720765002E+002  0.730047297460555E+002 -0.477662828774277E+000  0.941489774645593E+000  0.634867848769173E+000 -0.128330800235856E+002 -0.734404335083978E+003 -0.734404335083978E+003 -0.734481530134271E+003
 -0.192581223785659E+002  0.729363478383833E+002 -0.477435246482061E+000  0.103413360140238E+001  0.153151724742777E+001 -0.128330800235856E+002 -0.734430225164753E+003 -0.734430225164753E+003 -0.734504422559924E+003
 -0.192572181906644E+002  0.730148991854101E+002 -0.481066364031761E+000  0.980264305733415E+000  0.869907589596918E+000 -0.128330800235856E+002 -0.734397501594440E+003 -0.734397501594440E+003 -0.734464936791295E+003
 -0.192568565504987E+002  0.730868552052831E+002 -0.499021781300899E+000  0.114114992121123E+001  0.178869554444278E+001 -0.128330800235856E+002 -0.734406257983997E+003 -0.734406257983997E+003 -0.734617999872881E+003
 -0.192524570354439E+002  0.732117711495444E+002 -0.488245610965359E+000  0.111572511375835E+001  0.173796755681273E+001 -0.128330800235856E+002 -0.734446277704999E+003 -0.734446277704999E+003 -0.734458029583330E+003
 -0.192584311883347E+002  0.730419941550334E+002 -0.497827403826768E+000  0.108271602415115E+001  0.153546232163340E+001 -0.128330800235856E+002 -0.734451814462805E+003 -0.734451814462805E+003 -0.734477398092369E+003
 -0.192536548201069E+002  0.731566236150928E+002 -0.491945080254683E+000  0.117206976914798E+001  0.238026124552054E+001 -0.128330800235856E+002 -0.734394176560535E+003 -0.734394176560535E+003 -0.734464204446683E+003
 -0.192597757946715E+002  0.729429379793158E+002 -0.465200542521350E+000  0.791732503895276E+000  0.261702713932603E-001 -0.128330800235856E+002 -0.734439741866739E+003 -0.734439741866739E+003 -0.735326194618882E+003
 -0.192573272909656E+002  0.730508827352975E+002 -0.485237522607769E+000  0.990813295367243E+000  0.124662214451735E+001 -0.128330800235856E+002 -0.734455687581606E+003 -0.734455687581606E+003 -0.734459075004492E+003
 -0.192463704560156E+002  0.733884540000168E+002 -0.488783353951007E+000  0.112627396633900E+001  0.190602975745285E+001 -0.128330800235856E+002 -0.734449378493362E+003 -0.734449378493362E+003 -0.734462824049930E+003
 -0.192579034399199E+002  0.729265336373120E+002 -0.473035885439496E+000  0.994531725339018E+000  0.111796153205175E+001 -0.128330800235856E+002 -0.734445427684953E+003 -0.734445427684953E+003 -0.734528896196172E+003
 -0.192505605762468E+002  0.732592276561116E+002 -0.488428285190355E+000  0.101474509150263E+001  0.990106534551809E+000 -0.128330800235856E+002 -0.734435173971603E+003 -0.734435173971603E+003 -0.734463472561250E+003
 -0.192554227437205E+002  0.731305958978602E+002 -0.494973814121236E+000  0.109388382826510E+001  0.130700783158159E+001 -0.128330800235856E+002 -0.734444282693063E+003 -0.734444282693063E+003 -0.734549219969212E+003
 -0.192497687453343E+002  0.733718738359992E+002 -0.504532213176121E+000  0.119226272590772E+001  0.230418486337006E+001 -0.128330800235856E+002 -0.734445394952881E+003 -0.734445394952881E+003 -0.734679109830863E+003
 -0.192522861522476E+002  0.731792058761990E+002 -0.490929724461880E+000  0.118018827718897E+001  0.247675195045799E+001 -0.128330800235856E+002 -0.734409996441143E+003 -0.734409996441143E+003 -0.734490207432902E+003
 -0.192539920643885E+002  0.730653598196076E+002 -0.472511123540813E+000  0.974237819105151E+000  0.116843910962370E+001 -0.128330800235856E+002 -0.734423269939083E+003 -0.734423269939083E+003 -0.734462131591602E+003
 -0.192558970415562E+002  0.730339437743229E+002 -0.464259644670909E+000  0.915371637095244E+000  0.965741561415597E+000 -0.128330800235856E+002 -0.734445424750871E+003 -0.734445424750871E+003 -0.734586128401302E+003
 -0.192606892324839E+002  0.728992478362986E+002 -0.470157462049899E+000  0.790263391577541E+000  0.507292895785572E-002 -0.128330800235856E+002 -0.734451010501462E+003 -0.734451010501462E+003 -0.734662022229428E+003
 -0.192496969728482E+002  0.733494142768508E+002 -0.495849770185385E+000  0.116434413156107E+001  0.228993614253864E+001 -0.128330800235856E+002 -0.734438422927627E+003 -0.734438422927627E+003 -0.734490258929867E+003
 -0.192605608555739E+002  0.729580602274510E+002 -0.499526243925388E+000  0.120736381812663E+001  0.225447729756956E+001 -0.128330800235856E+002 -0.734434052938578E+003 -0.734434052938578E+003 -0.734476301609764E+003
 -0.192585724472003E+002  0.729570930446289E+002 -0.465402303015783E+000  0.867826699738626E+000  0.689479693297859E+000 -0.128330800235856E+002 -0.734435687396968E+003 -0.734435687396968E+003 -0.734537108259791E+003
 -0.192535592841652E+002  0.731721387587998E+002 -0.492378102102843E+000  0.106294192745657E+001  0.124382879299167E+001 -0.128330800235856E+002 -0.734416807353486E+003 -0.734416807353486E+003 -0.734461423383273E+003
 -0.192511551178260E+002  0.731988628821661E+002 -0.473465640422614E+000  0.955853936961510E+000  0.117285588770232E+001 -0.128330800235856E+002 -0.734420881422490E+003 -0.734420881422490E+003 -0.734476963015081E+003
 -0.192528444745557E+002  0.731805168528342E+002 -0.498505105245627E+000  0.117583532557727E+001  0.223580292559144E+001 -0.128330800235856E+002 -0.734452958750325E+003 -0.734452958750325E+003 -0.734526851134411E+003
 -0.192628985360269E+002  0.727775439267973E+002 -0.467073296487248E+000  0.870255206197291E+000  0.385168285778597E+000 -0.128330800235856E+002 -0.734441638742266E+003 -0.734441638742266E+003 -0.734481573641489E+003
 -0.192602551662812E+002  0.729205924951731E+002 -0.474012528540391E+000  0.849747523008618E+000  0.237873057107965E+000 -0.128330800235856E+002 -0.734418709292684E+003 -0.734418709292684E+003 -0.734475400018762E+003
 -0.192531388058089E+002  0.731478597545136E+002 -0.477747626879722E+000  0.938605261218529E+000  0.966783641840920E+000 -0.128330800235856E+002 -0.734445403322497E+003 -0.734445403322497E+003 -0.734490547025900E+003
 -0.192586791616867E+002  0.729589160526429E+002 -0.480975211181394E+000  0.111944529742912E+001  0.253351696546789E+001 -0.128330800235856E+002 -0.734456603821848E+003 -0.734456603821848E+003 -0.734469942076159E+003
 -0.192469090937843E+002  0.733640729480685E+002 -0.491801471406543E+000  0.121841210208040E+001  0.277815293976884E+001 -0.128330800235856E+002 -0.734453771163666E+003 -0.734453771163666E+003 -0.734500256451511E+003
 -0.192543072411646E+002  0.731698386234230E+002 -0.477854433924565E+000  0.892613194005572E+000  0.446395794867115E+000 -0.128330800235856E+002 -0.734420526311609E+003 -0.734420526311609E+003 -0.734515791701489E+003
 -0.192488207114438E+002  0.732672006778382E+002 -0.474145234601103E+000  0.985080833518371E+000  0.133578206152355E+001 -0.128330800235856E+002 -0.734427671123080E+003 -0.734427671123080E+003 -0.734462077752087E+003
 -0.192574537849904E+002  0.729635827335318E+002 -0.481265503577974E+000  0.111970903115697E+001  0.235432123805730E+001 -0.128330800235856E+002 -0.734449236777856E+003 -0.734449236777856E+003 -0.734488059666279E+003
 -0.192537386701144E+002  0.730572904446651E+002 -0.451814790449805E+000  0.740787438986392E+000 -0.273684133552861E-001 -0.128330800235856E+002 -0.734418879625708E+003 -0.734418879625708E+003 -0.734458867669260E+003
 -0.192542596133492E+002  0.731576773615042E+002 -0.489489311264754E+000  0.106538433660794E+001  0.130302494131764E+001 -0.128330800235856E+002 -0.734409521852716E+003 -0.734409521852716E+003 -0.734469934603293E+003
 -0.192561594942297E+002  0.731315620642991E+002 -0.507719494736660E+000  0.121789414198624E+001  0.221603801126246E+001 -0.128330800235856E+002 -0.734431968976542E+003 -0.734431968976542E+003 -0.734575404412027E+003
 -0.192544571148550E+002  0.732263056692732E+002 -0.507306136202014E+000  0.116452326644148E+001  0.182718486652327E+001 -0.128330800235856E+002 -0.734447517638172E+003 -0.734447517638172E+003 -0.734461605981403E+003
 -0.192580837578145E+002  0.729340705830692E+002 -0.463558105086989E+000  0.913217033978522E+000  0.874582288189070E+000 -0.128330800235856E+002 -0.734430223993484E+003 -0.734430223993484E+003 -0.734508102400861E+003
 -0.192601988144111E+002  0.729833759277170E+002 -0.501630579412700E+000  0.126281003858990E+001  0.326321853353927E+001 -0.128330800235856E+002 -0.734444842880637E+003 -0.734444842880637E+003 -0.734490273588934E+003
 -0.192491241613171E+002  0.732868903669713E+002 -0.485776526275525E+000  0.112867839109823E+001  0.247460989850302E+001 -0.128330800235856E+002 -0.734451663423121E+003 -0.734451663423121E+003 -0.734480458076615E+003
 -0.192489462042938E+002  0.733329110733812E+002 -0.484825017247363E+000  0.108287699425091E+001  0.204450298669514E+001 -0.128330800235856E+002 -0.734448045966524E+003 -0.734448045966524E+003 -0.734457731451664E+003
 -0.192489768181833E+002  0.733029638934422E+002 -0.487213396406447E+000  0.113493333307213E+001  0.205101193966341E+001 -0.128330800235856E+002 -0.734429665833696E+003 -0.734429665833696E+003 -0.734471337648162E+003
 -0.192494191855649E+002  0.732860385194949E+002 -0.478702475080154E+000  0.949726410726541E+000  0.825543742758874E+000 -0.128330800235856E+002 -0.734401810379346E+003 -0.734401810379346E+003 -0.734487732684463E+003
 -0.192507466419899E+002  0.733318471608433E+002 -0.492168371659577E+000  0.101619050463529E+001  0.101019629767768E+001 -0.128330800235856E+002 -0.734451930371798E+003 -0.734451930371798E+003 -0.734559416774479E+003
 -0.192505593045521E+002  0.732284141027969E+002 -0.478134805833336E+000  0.923089417758218E+000  0.702697362514993E+000 -0.128330800235856E+002 -0.734436102821825E+003 -0.734436102821825E+003 -0.734491263312306E+003
 -0.192511127085434E+002  0.731902378433272E+002 -0.481685779179247E+000  0.110367315027385E+001  0.210719880235434E+001 -0.128330800235856E+002 -0.734422495920654E+003 -0.734422495920654E+003 -0.734566715577520E+003
 -0.192469504546040E+002  0.733406920623752E+002 -0.477322324918639E+000  0.101814089748000E+001  0.156252481113726E+001 -0.128330800235856E+002 -0.734444018691588E+003 -0.734444018691588E+003 -0.734536974021830E+003
 -0.192533687887182E+002  0.732377998151840E+002 -0.487843401504643E+000  0.100509668556973E+001  0.114060451575158E+001 -0.128330800235856E+002 -0.734447360048621E+003 -0.734447360048621E+003 -0.734618049421907E+003
 -0.192617788582013E+002  0.729077574250106E+002 -0.493756922987725E+000  0.117608701719900E+001  0.253048153233321E+001 -0.128330800235856E+002 -0.734435516055893E+003 -0.734435516055893E+003 -0.734457405453679E+003
 -0.192528594866337E+002  0.731910836628498E+002 -0.495857065142795E+000  0.122611996483278E+001  0.273362291995182E+001 -0.128330800235856E+002 -0.734404403188062E+003 -0.734404403188062E+003 -0.734551558377680E+003
 -0.192526816839512E+002  0.731969467077154E+002 -0.498939808843432E+000  0.119719993457144E+001  0.238303727521218E+001 -0.128330800235856E+002 -0.734418335397333E+003 -0.734418335397333E+003 -0.734498657850703E+003
 -0.192505138806666E+002  0.733079703149447E+002 -0.503435360895772E+000  0.116813424939004E+001  0.197791982676468E+001 -0.128330800235856E+002 -0.734445736456260E+003 -0.734445736456260E+003 -0.734549811299781E+003
 -0.192620048746431E+002  0.728510378123090E+002 -0.484476845829622E+000  0.100567172849446E+001  0.101871548671644E+001 -0.128330800235856E+002 -0.734437017972880E+003 -0.734437017972880E+003 -0.734462036856382E+003
 -0.192587541769865E+002  0.729899116607357E+002 -0.506146036687863E+000  0.132041046947496E+001  0.325963563817380E+001 -0.128330800235856E+002 -0.734448434759580E+003 -0.734448434759580E+003 -0.734480713042961E+003
 -0.192547247861222E+002  0.731880608065185E+002 -0.517172836793982E+000  0.141694359478208E+001  0.398437708145227E+001 -0.128330800235856E+002 -0.734433446136280E+003 -0.734433446136280E+003 -0.734500014850433E+003
 -0.192483765222092E+002  0.733734469202990E+002 -0.502312032573807E+000  0.122526101496698E+001  0.245927588661854E+001 -0.128330800235856E+002 -0.734437747556301E+003 -0.734437747556301E+003 -0.734484407558586E+003
 -0.192557931155872E+002  0.730738538633900E+002 -0.495306468395980E+000  0.120795392518380E+001  0.246531593033571E+001 -0.128330800235856E+002 -0.734412632384736E+003 -0.734412632384736E+003 -0.734463955661636E+003
 -0.192455033184743E+002  0.734361439596965E+002 -0.491625883304349E+000  0.112034817921853E+001  0.185931691399480E+001 -0.128330800235856E+002 -0.734448621590877E+003 -0.734448621590877E+003 -0.734574809061523E+003
 -0.192642053888644E+002  0.728346832468014E+002 -0.499009158972699E+000  0.117393643078451E+001  0.224223553169772E+001 -0.128330800235856E+002 -0.734454606074086E+003 -0.734454606074086E+003 -0.734475015624383E+003
 -0.192513125770644E+002  0.732693173690792E+002 -0.490610163396314E+000  0.103196468922320E+001  0.103413448590385E+001 -0.128330800235856E+002 -0.734427228256729E+003 -0.734427228256729E+003 -0.734501907763367E+003
 -0.192492052912174E+002  0.733374927254884E+002 -0.481132001417365E+000  0.954555758184270E+000  0.104116444723464E+001 -0.128330800235856E+002 -0.734452307820221E+003 -0.734452307820221E+003 -0.734462367613213E+003
 -0.192538463214730E+002  0.730964463325552E+002 -0.462625914988698E+000  0.802196523479683E+000  0.131293765426753E+000 -0.128330800235856E+002 -0.734395900324031E+003 -0.734395900324031E+003 -0.734464483221037E+003
 -0.192457905250154E+002  0.734539556451422E+002 -0.491411788879409E+000  0.105478306730313E+001  0.127790064264506E+001 -0.128330800235856E+002 -0.734455777395889E+003 -0.734455777395889E+003 -0.734473467809378E+003
 -0.192507921095655E+002  0.732953047375783E+002 -0.503742789415191E+000  0.126651174399877E+001  0.268949568789916E+001 -0.128330800235856E+002 -0.734448344970386E+003 -0.734448344970386E+003 -0.734464068399694E+003
 -0.192524285594822E+002  0.732804846789255E+002 -0.509353089783478E+000  0.123486651394606E+001  0.228860077675536E+001 -0.128330800235856E+002 -0.734446370230260E+003 -0.734446370230260E+003 -0.734488443285250E+003
 -0.192594544221893E+002  0.729888511000718E+002 -0.495167265514415E+000  0.117045359786344E+001  0.195974886540663E+001 -0.128330800235856E+002 -0.734456041696855E+003 -0.734456041696855E+003 -0.734466617185586E+003
 -0.192519862007593E+002  0.733095527172039E+002 -0.513541983944357E+000  0.135459700093462E+001  0.347272272151011E+001 -0.128330800235856E+002 -0.734453950024945E+003 -0.734453950024945E+003 -0.734492566049681E+003
 -0.192536705616654E+002  0.732047844206476E+002 -0.500001420594455E+000  0.127409716139592E+001  0.347069532050097E+001 -0.128330800235856E+002 -0.734434678673371E+003 -0.734434678673371E+003 -0.734696696912624E+003
 -0.192620061444609E+002  0.728240781890754E+002 -0.469511165876956E+000  0.842803304487065E+000  0.185308563061807E+000 -0.128330800235856E+002 -0.734444333632792E+003 -0.734444333632792E+003 -0.734628368042341E+003
 -0.192605242727764E+002  0.729954831006424E+002 -0.505431866348466E+000  0.122394484044028E+001  0.259456078370131E+001 -0.128330800235856E+002 -0.734439168496627E+003 -0.734439168496627E+003 -0.734498807089390E+003
 -0.192506513835681E+002  0.732966433161762E+002 -0.503402008789350E+000  0.125788598566338E+001  0.274955222231623E+001 -0.128330800235856E+002 -0.734421771443113E+003 -0.734421771443113E+003 -0.734628150991574E+003
 -0.192599377093469E+002  0.729417870728335E+002 -0.492711032573282E+000  0.121602090612917E+001  0.264017458890303E+001 -0.128330800235856E+002 -0.734432783453511E+003 -0.734432783453511E+003 -0.734559481806029E+003
 -0.192581824510305E+002  0.730134685777806E+002 -0.490041386287230E+000  0.115564403360626E+001  0.259811154573600E+001 -0.128330800235856E+002 -0.734436756707225E+003 -0.734436756707225E+003 -0.734506067155807E+003
 -0.192554703121595E+002  0.731707204429178E+002 -0.511400484284587E+000  0.130943271530597E+001  0.299162439836677E+001 -0.128330800235856E+002 -0.734427226410919E+003 -0.734427226410919E+003 -0.734506359531913E+003
 -0.192562430370814E+002  0.731101587293242E+002 -0.482191966645056E+000  0.978599694250640E+000  0.120444841759651E+001 -0.128330800235856E+002 -0.734447655559060E+003 -0.734447655559060E+003 -0.734477667236097E+003
 -0.192552983404084E+002  0.730804015834679E+002 -0.490416171250517E+000  0.127135530376236E+001  0.363583548092071E+001 -0.128330800235856E+002 -0.734439566428186E+003 -0.734439566428186E+003 -0.734463029201662E+003
 -0.192461151949501E+002  0.733993251364816E+002 -0.481467762361073E+000  0.105181869184025E+001  0.174293595199688E+001 -0.128330800235856E+002 -0.734443533599550E+003 -0.734443533599550E+003 -0.734460020954256E+003
 -0.192553512765400E+002  0.731511786692480E+002 -0.498858268322115E+000  0.123111449864193E+001  0.304875024448779E+001 -0.128330800235856E+002 -0.734431972680722E+003 -0.734431972680722E+003 -0.734487185116652E+003
 -0.192611092935367E+002  0.728720162793437E+002 -0.472141814057879E+000  0.975298021708799E+000  0.133064605171169E+001 -0.128330800235856E+002 -0.734446198727974E+003 -0.734446198727974E+003 -0.734506723527077E+003
 -0.192575858224633E+002  0.729925339013151E+002 -0.484531638460192E+000  0.104038528504930E+001  0.146720855986397E+001 -0.128330800235856E+002 -0.734425145328205E+003 -0.734425145328205E+003 -0.734499729560653E+003
 -0.192536151516196E+002  0.732193260787061E+002 -0.499473491204816E+000  0.121297220008434E+001  0.283830084938270E+001 -0.128330800235856E+002 -0.734435309765784E+003 -0.734435309765784E+003 -0.734577880787768E+003
 -0.192586194219995E+002  0.730243355088731E+002 -0.482171714411356E+000  0.101182054443166E+001  0.124798250307266E+001 -0.128330800235856E+002 -0.734438491170925E+003 -0.734438491170925E+003 -0.734518028995361E+003
 -0.192628178378930E+002  0.728134324565281E+002 -0.479380794552534E+000  0.102518920689294E+001  0.117563507779053E+001 -0.128330800235856E+002 -0.734450387195885E+003 -0.734450387195885E+003 -0.734513038662362E+003
 -0.192576020905155E+002  0.729880815394035E+002 -0.467817062182643E+000  0.846826392282621E+000  0.276902432048966E+000 -0.128330800235856E+002 -0.734395647460654E+003 -0.734395647460654E+003 -0.734475724130910E+003
 -0.192514331603339E+002  0.731997248351290E+002 -0.495353980939178E+000  0.129230604997563E+001  0.366583250701883E+001 -0.128330800235856E+002 -0.734445250201342E+003 -0.734445250201342E+003 -0.734695787346875E+003
 -0.192621041583641E+002  0.728856196339843E+002 -0.471106829566015E+000  0.796460017904308E+000 -0.434571000045736E-003 -0.128330800235856E+002 -0.734457046524267E+003 -0.734457046524267E+003 -0.734694414202279E+003
 -0.192525477761558E+002  0.732054497842679E+002 -0.505247642655167E+000  0.129455535999148E+001  0.330197217117775E+001 -0.128330800235856E+002 -0.734451344952099E+003 -0.734451344952099E+003 -0.734504637492213E+003
 -0.192500837852323E+002  0.731854855506436E+002 -0.469811897527060E+000  0.965079419150125E+000  0.103404129989879E+001 -0.128330800235856E+002 -0.734444475735885E+003 -0.734444475735885E+003 -0.734509411430308E+003
 -0.192560799182324E+002  0.731722499887524E+002 -0.506077866228581E+000  0.120007832652536E+001  0.234521278722731E+001 -0.128330800235856E+002 -0.734441303253391E+003 -0.734441303253391E+003 -0.734518150020983E+003
 -0.192601331982500E+002  0.729242596016790E+002 -0.500448275016808E+000  0.132764887530745E+001  0.353345223722649E+001 -0.128330800235856E+002 -0.734452860844012E+003 -0.734452860844012E+003 -0.734528232077617E+003
 -0.192479637405434E+002  0.734225893514111E+002 -0.507320685322212E+000  0.127589506633043E+001  0.295761625870871E+001 -0.128330800235856E+002 -0.734449656738354E+003 -0.734449656738354E+003 -0.734515578373247E+003
 -0.192575413250357E+002  0.730020423095590E+002 -0.469417528123019E+000  0.860165019362950E+000  0.510123725939218E+000 -0.128330800235856E+002 -0.734403251414527E+003 -0.734403251414527E+003 -0.734481662631293E+003
 -0.192449626448217E+002  0.734408712979369E+002 -0.481344296380741E+000  0.102116344956739E+001  0.142426118382807E+001 -0.128330800235856E+002 -0.734447087750879E+003 -0.734447087750879E+003 -0.734470702153813E+003
 -0.192528570330298E+002  0.731911711011175E+002 -0.487918970087788E+000  0.966783301063928E+000  0.668263733284353E+000 -0.128330800235856E+002 -0.734450905270815E+003 -0.734450905270815E+003 -0.734505729761147E+003
 -0.192604544180960E+002  0.728542470270555E+002 -0.456247898188914E+000  0.805181695521391E+000  0.346273832589552E+000 -0.128330800235856E+002 -0.734444149357171E+003 -0.734444149357171E+003 -0.734619551624523E+003
 -0.192581384211381E+002  0.728950857646956E+002 -0.461782097220739E+000  0.906608532356192E+000  0.859755971234785E+000 -0.128330800235856E+002 -0.734448536114571E+003 -0.734448536114571E+003 -0.734534770634036E+003
 -0.192507682528003E+002  0.732127662047323E+002 -0.478409455409652E+000  0.101765393461102E+001  0.152185192543343E+001 -0.128330800235856E+002 -0.734420062920341E+003 -0.734420062920341E+003 -0.734462044213449E+003
 -0.192524053521398E+002  0.731567836143211E+002 -0.464146311561922E+000  0.891233245874041E+000  0.914096918469342E+000 -0.128330800235856E+002 -0.734447917493296E+003 -0.734447917493296E+003 -0.734483214531971E+003
 -0.192546212002386E+002  0.731511927460904E+002 -0.481952901066119E+000  0.961682247279781E+000  0.809323898467950E+000 -0.128330800235856E+002 -0.734399091966830E+003 -0.734399091966830E+003 -0.734549008224573E+003
 -0.192567530515406E+002  0.729851070853781E+002 -0.473060460009281E+000  0.995446140097405E+000  0.104043660601346E+001 -0.128330800235856E+002 -0.734454452209066E+003 -0.734454452209066E+003 -0.734533488302243E+003
 -0.192604870220465E+002  0.728984697029234E+002 -0.484205304251986E+000  0.115413278578204E+001  0.257177392527550E+001 -0.128330800235856E+002 -0.734440630572579E+003 -0.734440630572579E+003 -0.734530123617552E+003
 -0.192559480842575E+002  0.730523048838303E+002 -0.476324964173947E+000  0.104671972350586E+001  0.178797707041643E+001 -0.128330800235856E+002 -0.734423640791591E+003 -0.734423640791591E+003 -0.734471392689105E+003
 -0.192552821087302E+002  0.732120145626075E+002 -0.517789969550676E+000  0.136693287736788E+001  0.345810623628382E+001 -0.128330800235856E+002 -0.734451491479094E+003 -0.734451491479094E+003 -0.734526227329504E+003
 -0.192574816934931E+002  0.730176630878327E+002 -0.468469472968378E+000  0.833181380286470E+000  0.426320054723213E+000 -0.128330800235856E+002 -0.734434096766271E+003 -0.734434096766271E+003 -0.734459460301392E+003
 -0.192523472667849E+002  0.732699580536017E+002 -0.508972438380920E+000  0.131318468618705E+001  0.315117092521217E+001 -0.128330800235856E+002 -0.734429300147269E+003 -0.734429300147269E+003 -0.734485136228811E+003
 -0.192512867999601E+002  0.732190258243827E+002 -0.470435724894224E+000  0.950674995725871E+000  0.122382134600052E+001 -0.128330800235856E+002 -0.734449039378640E+003 -0.734449039378640E+003 -0.734461062952934E+003
 -0.192489169400416E+002  0.733729958602459E+002 -0.493017033596877E+000  0.101898697083845E+001  0.104956875787120E+001 -0.128330800235856E+002 -0.734444798782624E+003 -0.734444798782624E+003 -0.734466537793286E+003
 -0.192589013610605E+002  0.729881016424643E+002 -0.486074067483000E+000  0.106814306025936E+001  0.174446014054794E+001 -0.128330800235856E+002 -0.734408257136703E+003 -0.734408257136703E+003 -0.734462192350463E+003
 -0.192631780080478E+002  0.728451417737590E+002 -0.497669757657609E+000  0.123492432855714E+001  0.278266925560388E+001 -0.128330800235856E+002 -0.734440400807215E+003 -0.734440400807215E+003 -0.734536903996179E+003
 -0.192541659022048E+002  0.731916465335367E+002 -0.497228365138864E+000  0.118608699939859E+001  0.237545913989446E+001 -0.128330800235856E+002 -0.734411188960264E+003 -0.734411188960264E+003 -0.734499225268469E+003
 -0.192512410905779E+002  0.732335212645989E+002 -0.492014050919677E+000  0.117872751654308E+001  0.218503649647264E+001 -0.128330800235856E+002 -0.734440522937119E+003 -0.734440522937119E+003 -0.734468938633524E+003
 -0.192585348970531E+002  0.729362103082439E+002 -0.478063624203853E+000  0.105547112486460E+001  0.180706702109736E+001 -0.128330800235856E+002 -0.734426934479465E+003 -0.734426934479465E+003 -0.734497993727746E+003
 -0.192585610601579E+002  0.730452079314403E+002 -0.489118332906461E+000  0.977588031442388E+000  0.933864541372120E+000 -0.128330800235856E+002 -0.734437179992785E+003 -0.734437179992785E+003 -0.734459399564323E+003
 -0.192567426324734E+002  0.730226465909887E+002 -0.490900728849172E+000  0.129067241800176E+001  0.392427426012383E+001 -0.128330800235856E+002 -0.734449995054050E+003 -0.734449995054050E+003 -0.734486881618801E+003
 -0.192530053942939E+002  0.730948224739388E+002 -0.466770893633750E+000  0.916233330443738E+000  0.675499704479998E+000 -0.128330800235856E+002 -0.734428831830859E+003 -0.734428831830859E+003 -0.734573449008521E+003
 -0.192548059714660E+002  0.731073820256549E+002 -0.483222833431386E+000  0.101852176996005E+001  0.134549107714226E+001 -0.128330800235856E+002 -0.734392518078223E+003 -0.734392518078223E+003 -0.734465901225806E+003
 -0.192460021602930E+002  0.734311187245958E+002 -0.489357351005477E+000  0.115232053553972E+001  0.235460590011611E+001 -0.128330800235856E+002 -0.734455632992615E+003 -0.734455632992615E+003 -0.734511063613482E+003
 -0.192482202088004E+002  0.732833976814653E+002 -0.463192946847742E+000  0.851405314072856E+000  0.546546452818952E+000 -0.128330800235856E+002 -0.734426061615130E+003 -0.734426061615130E+003 -0.734535831224052E+003
 -0.192551042969088E+002  0.731468557716067E+002 -0.512933552983542E+000  0.133286544617163E+001  0.314034719166292E+001 -0.128330800235856E+002 -0.734455815884094E+003 -0.734455815884094E+003 -0.734509336536105E+003
 -0.192536203373326E+002  0.731732560436705E+002 -0.488179846345864E+000  0.984999130902141E+000  0.764571312364950E+000 -0.128330800235856E+002 -0.734425631039927E+003 -0.734425631039927E+003 -0.734485040163713E+003
 -0.192505286248806E+002  0.733311883802653E+002 -0.507753232927064E+000  0.123097005854103E+001  0.250931310620683E+001 -0.128330800235856E+002 -0.734438902111549E+003 -0.734438902111549E+003 -0.734701724506006E+003
 -0.192538181920245E+002  0.731546635379876E+002 -0.498295563744545E+000  0.131344966835689E+001  0.355410783266126E+001 -0.128330800235856E+002 -0.734429428788264E+003 -0.734429428788264E+003 -0.734466893520701E+003
 -0.192560306464964E+002  0.730233549896494E+002 -0.466333663735998E+000  0.885161107866397E+000  0.531374003367580E+000 -0.128330800235856E+002 -0.734402826894935E+003 -0.734402826894935E+003 -0.734517357568825E+003
 -0.192572143510749E+002  0.730535519447148E+002 -0.491389678111631E+000  0.115613489221248E+001  0.218423591871618E+001 -0.128330800235856E+002 -0.734403901382259E+003 -0.734403901382259E+003 -0.734490381366090E+003
 -0.192462615560432E+002  0.733702129755861E+002 -0.470613916740308E+000  0.928481935565975E+000  0.104774730189456E+001 -0.128330800235856E+002 -0.734456341430257E+003 -0.734456341430257E+003 -0.734480025450895E+003
 -0.192551376327454E+002  0.730988346520323E+002 -0.486148535251442E+000  0.110960351014194E+001  0.178248286175489E+001 -0.128330800235856E+002 -0.734414008749299E+003 -0.734414008749299E+003 -0.734481977289596E+003
 -0.192488136382680E+002  0.732476392359978E+002 -0.471892676159887E+000  0.101303571596238E+001  0.140036518665494E+001 -0.128330800235856E+002 -0.734447616014146E+003 -0.734447616014146E+003 -0.734540888703135E+003
 -0.192527108968008E+002  0.732482548485957E+002 -0.499409141763520E+000  0.118675595460560E+001  0.253165019728817E+001 -0.128330800235856E+002 -0.734426806873632E+003 -0.734426806873632E+003 -0.734478361405952E+003
 -0.192537814967627E+002  0.731045378308640E+002 -0.475689225150209E+000  0.914061807144316E+000  0.757700347716537E+000 -0.128330800235856E+002 -0.734454188997472E+003 -0.734454188997472E+003 -0.734509904970254E+003
 -0.192620906684439E+002  0.728416161300906E+002 -0.475493992516094E+000  0.952543661588400E+000  0.736933296402442E+000 -0.128330800235856E+002 -0.734433201086709E+003 -0.734433201086709E+003 -0.734630206778354E+003
 -0.192640471817246E+002  0.728462341995454E+002 -0.486727694274307E+000  0.101682145251340E+001  0.126360896128334E+001 -0.128330800235856E+002 -0.734455856926602E+003 -0.734455856926602E+003 -0.734469094381223E+003
 -0.192541184704263E+002  0.732056574509791E+002 -0.504148434011088E+000  0.130875409398683E+001  0.347089625316705E+001 -0.128330800235856E+002 -0.734433407536660E+003 -0.734433407536660E+003 -0.734489881272007E+003
 -0.192598884717698E+002  0.729820342431571E+002 -0.507937636286357E+000  0.126232989424442E+001  0.271235704872727E+001 -0.128330800235856E+002 -0.734451305715782E+003 -0.734451305715782E+003 -0.734462498874991E+003
 -0.192595976690977E+002  0.729689430967638E+002 -0.490996547151106E+000  0.111461897843446E+001  0.185093846270783E+001 -0.128330800235856E+002 -0.734397723440824E+003 -0.734397723440824E+003 -0.734489199305655E+003
 -0.192561304304428E+002  0.731260668040639E+002 -0.503558018015603E+000  0.118257514868388E+001  0.195638191245250E+001 -0.128330800235856E+002 -0.734422799779957E+003 -0.734422799779957E+003 -0.734477185037599E+003
 -0.192595022998253E+002  0.729955757575973E+002 -0.510301117323751E+000  0.135699277954663E+001  0.349931759603381E+001 -0.128330800235856E+002 -0.734437016282668E+003 -0.734437016282668E+003 -0.734477476718752E+003
 -0.192495945861209E+002  0.732768273604902E+002 -0.483074239632539E+000  0.108431221832874E+001  0.179699990102973E+001 -0.128330800235856E+002 -0.734412227466023E+003 -0.734412227466023E+003 -0.734509995223094E+003
 -0.192491365939388E+002  0.733881230525242E+002 -0.510632836312197E+000  0.135120889068242E+001  0.366277135663007E+001 -0.128330800235856E+002 -0.734450337801286E+003 -0.734450337801286E+003 -0.734462550491563E+003
 -0.192504922794305E+002  0.732897771044201E+002 -0.486059106692265E+000  0.956630434948758E+000  0.663615926576753E+000 -0.128330800235856E+002 -0.734428173495621E+003 -0.734428173495621E+003 -0.734476419161729E+003
 -0.192561642202730E+002  0.730590880210629E+002 -0.491839976536062E+000  0.123383301361562E+001  0.283073271589549E+001 -0.128330800235856E+002 -0.734435931263390E+003 -0.734435931263390E+003 -0.734486132039891E+003
 -0.192597354073369E+002  0.729780679422860E+002 -0.498754233056609E+000  0.117453765759029E+001  0.193119567354977E+001 -0.128330800235856E+002 -0.734433796872119E+003 -0.734433796872119E+003 -0.734571334722977E+003
 -0.192574573740925E+002  0.730411675658817E+002 -0.483657868915019E+000  0.104584962582326E+001  0.147818015510279E+001 -0.128330800235856E+002 -0.734398973660592E+003 -0.734398973660592E+003 -0.734493066421865E+003
 -0.192491892029748E+002  0.732556133337740E+002 -0.481027796958086E+000  0.112579353816921E+001  0.238591308763722E+001 -0.128330800235856E+002 -0.734439309866969E+003 -0.734439309866969E+003 -0.736436015360934E+003
 -0.192582289415390E+002  0.730734119247549E+002 -0.502129825569917E+000  0.119079417091708E+001  0.208752371537237E+001 -0.128330800235856E+002 -0.734435270330336E+003 -0.734435270330336E+003 -0.734910001976393E+003
 -0.192550086402123E+002  0.731816206907153E+002 -0.493291521162080E+000  0.102810831652393E+001  0.121248138824158E+001 -0.128330800235856E+002 -0.734431150185314E+003 -0.734431150185314E+003 -0.734585777373881E+003
 -0.192636883904002E+002  0.727943754272293E+002 -0.474852524759950E+000  0.892365279895527E+000  0.559646011423937E+000 -0.128330800235856E+002 -0.734445209860796E+003 -0.734445209860796E+003 -0.734495733687245E+003
 -0.192482612749861E+002  0.732968477420998E+002 -0.483329908929539E+000  0.105934233749030E+001  0.162007544762684E+001 -0.128330800235856E+002 -0.734437039067514E+003 -0.734437039067514E+003 -0.734466508918873E+003
 -0.192587694004066E+002  0.730361614772996E+002 -0.508704219843062E+000  0.138903942459096E+001  0.396362558771512E+001 -0.128330800235856E+002 -0.734447232697055E+003 -0.734447232697055E+003 -0.734467763721217E+003
 -0.192574856097479E+002  0.730209451730433E+002 -0.487957041623112E+000  0.106522548706935E+001  0.172079166874542E+001 -0.128330800235856E+002 -0.734438249493649E+003 -0.734438249493649E+003 -0.734465471071230E+003
 -0.192620120675642E+002  0.729152255409924E+002 -0.492997207963257E+000  0.114430774839401E+001  0.201348691539284E+001 -0.128330800235856E+002 -0.734441621482793E+003 -0.734441621482793E+003 -0.734481957852259E+003
 -0.192599163225313E+002  0.729756584647966E+002 -0.485282870400602E+000  0.927612201098098E+000  0.617500630959988E+000 -0.128330800235856E+002 -0.734443680057732E+003 -0.734443680057732E+003 -0.734461737983343E+003
 -0.192527136285496E+002  0.731748682680898E+002 -0.485372795663214E+000  0.112300530729614E+001  0.204881092635273E+001 -0.128330800235856E+002 -0.734407012456327E+003 -0.734407012456327E+003 -0.734517601453515E+003
 -0.192537222293709E+002  0.731132505075250E+002 -0.495260159225266E+000  0.127341676619740E+001  0.312604909299353E+001 -0.128330800235856E+002 -0.734453257799151E+003 -0.734453257799151E+003 -0.734468827259990E+003
 -0.192610535053591E+002  0.728837862823722E+002 -0.467183157825824E+000  0.856685649675983E+000  0.506795218041710E+000 -0.128330800235856E+002 -0.734425479665181E+003 -0.734425479665181E+003 -0.734463923452859E+003
 -0.192478222685445E+002  0.733161997045969E+002 -0.471941123157275E+000  0.925360824586921E+000  0.870908649772232E+000 -0.128330800235856E+002 -0.734417326075962E+003 -0.734417326075962E+003 -0.734469161428452E+003
 -0.192558241749370E+002  0.731529972307922E+002 -0.511221272619545E+000  0.129439814893498E+001  0.281649974403522E+001 -0.128330800235856E+002 -0.734428977876426E+003 -0.734428977876426E+003 -0.734468986084629E+003
 -0.192606390966775E+002  0.729369158923148E+002 -0.496416613000248E+000  0.127955761654652E+001  0.342593166346656E+001 -0.128330800235856E+002 -0.734441911527182E+003 -0.734441911527182E+003 -0.734473091037403E+003
 -0.192503433511726E+002  0.732977458694397E+002 -0.500373141006649E+000  0.122521292383744E+001  0.240989238619818E+001 -0.128330800235856E+002 -0.734438019795229E+003 -0.734438019795229E+003 -0.734516963882107E+003
 -0.192548775731527E+002  0.731304412476105E+002 -0.489672749593289E+000  0.106440625164438E+001  0.129759120001556E+001 -0.128330800235856E+002 -0.734402882739387E+003 -0.734402882739387E+003 -0.734515697955166E+003
 -0.192609280917620E+002  0.728316244268706E+002 -0.462679673440170E+000  0.839813089375538E+000  0.451909480589485E+000 -0.128330800235856E+002 -0.734437281377421E+003 -0.734437281377421E+003 -0.734457069387476E+003
 -0.192570192736218E+002  0.730343435043227E+002 -0.495871475273507E+000  0.129303262930179E+001  0.356261125206722E+001 -0.128330800235856E+002 -0.734422632512963E+003 -0.734422632512963E+003 -0.734461555426976E+003
 -0.192494761615800E+002  0.733171835553002E+002 -0.496376203107887E+000  0.129360948185972E+001  0.373491368887059E+001 -0.128330800235856E+002 -0.734447356604611E+003 -0.734447356604611E+003 -0.734478505514431E+003
 -0.192614057596264E+002  0.728967298045599E+002 -0.471367492935479E+000  0.885321983516719E+000  0.651968913353339E+000 -0.128330800235856E+002 -0.734442282864085E+003 -0.734442282864085E+003 -0.734474860034774E+003
 -0.192611591270845E+002  0.728781818589536E+002 -0.494371655107456E+000  0.122508827002643E+001  0.281406949153096E+001 -0.128330800235856E+002 -0.734446146574490E+003 -0.734446146574490E+003 -0.734472018716835E+003
 -0.192478883597479E+002  0.733147864421583E+002 -0.479463231222574E+000  0.102765723504764E+001  0.126995125560329E+001 -0.128330800235856E+002 -0.734436527583042E+003 -0.734436527583042E+003 -0.734747619403404E+003
 -0.192544190860538E+002  0.730616528704649E+002 -0.455828516539386E+000  0.780829346746208E+000  0.602955860407048E-001 -0.128330800235856E+002 -0.734438881420656E+003 -0.734438881420656E+003 -0.734514593437070E+003
 -0.192507690533507E+002  0.731703334351656E+002 -0.473899071558546E+000  0.106423943003335E+001  0.187147160475103E+001 -0.128330800235856E+002 -0.734449301193155E+003 -0.734449301193155E+003 -0.734463125474335E+003
 -0.192571013331113E+002  0.731371610402731E+002 -0.508647700416445E+000  0.120585542886362E+001  0.232503052592550E+001 -0.128330800235856E+002 -0.734449905647755E+003 -0.734449905647755E+003 -0.734467082180073E+003
 -0.192567266133850E+002  0.729829099382136E+002 -0.476128254641989E+000  0.104729284028467E+001  0.178906833489883E+001 -0.128330800235856E+002 -0.734433020184851E+003 -0.734433020184851E+003 -0.734475079830358E+003
 -0.192533380701798E+002  0.732189411671140E+002 -0.502087647195773E+000  0.116204706521152E+001  0.189957669081597E+001 -0.128330800235856E+002 -0.734416528694393E+003 -0.734416528694393E+003 -0.734459445064600E+003
 -0.192550166513357E+002  0.730443107223830E+002 -0.478555902950655E+000  0.105303150797706E+001  0.145297044518978E+001 -0.128330800235856E+002 -0.734432504641102E+003 -0.734432504641102E+003 -0.734523121659129E+003
 -0.192575902893676E+002  0.730268474587868E+002 -0.501687050205981E+000  0.125499482874360E+001  0.264169587719396E+001 -0.128330800235856E+002 -0.734436471834961E+003 -0.734436471834961E+003 -0.734495605559837E+003
 -0.192485277919256E+002  0.733081653872596E+002 -0.483870798097898E+000  0.105216778682055E+001  0.128314329391664E+001 -0.128330800235856E+002 -0.734449742962528E+003 -0.734449742962528E+003 -0.734469201454893E+003
 -0.192501405630609E+002  0.732643323848609E+002 -0.489045044449153E+000  0.114768691888455E+001  0.212483830049985E+001 -0.128330800235856E+002 -0.734416266058812E+003 -0.734416266058812E+003 -0.734460542375362E+003
 -0.192490431798736E+002  0.732435647922794E+002 -0.465364536902846E+000  0.870801081634097E+000  0.698224510877086E+000 -0.128330800235856E+002 -0.734441610269412E+003 -0.734441610269412E+003 -0.734563551721795E+003
 -0.192573751971696E+002  0.730127967870413E+002 -0.478085256843480E+000  0.972103115789103E+000  0.738886425137454E+000 -0.128330800235856E+002 -0.734450558978995E+003 -0.734450558978995E+003 -0.734465953545785E+003
 -0.192562142880283E+002  0.730554087627494E+002 -0.492190337176133E+000  0.123347848045265E+001  0.281717333967131E+001 -0.128330800235856E+002 -0.734431108398217E+003 -0.734431108398217E+003 -0.734512479160742E+003
 -0.192602865657887E+002  0.728742618590587E+002 -0.464221213703267E+000  0.800086387399388E+000  0.382094322775615E-001 -0.128330800235856E+002 -0.734431734315367E+003 -0.734431734315367E+003 -0.734457653521521E+003
 -0.192542873846566E+002  0.730851150651128E+002 -0.460319182741663E+000  0.764669190690785E+000  0.630001545150227E-001 -0.128330800235856E+002 -0.734402842714293E+003 -0.734402842714293E+003 -0.734457605244359E+003
 -0.192502737295272E+002  0.732785761706088E+002 -0.483767912213728E+000  0.107514538432781E+001  0.181678790697722E+001 -0.128330800235856E+002 -0.734416029807214E+003 -0.734416029807214E+003 -0.734510436861224E+003
 -0.192540999566505E+002  0.731519529098578E+002 -0.495486912343980E+000  0.119734836202970E+001  0.255295729353225E+001 -0.128330800235856E+002 -0.734395045440824E+003 -0.734395045440824E+003 -0.734502644451525E+003
 -0.192473342834756E+002  0.733430226889795E+002 -0.484173320718900E+000  0.113188746588586E+001  0.226328277518715E+001 -0.128330800235856E+002 -0.734439065948790E+003 -0.734439065948790E+003 -0.734462190437897E+003
 -0.192546890770584E+002  0.731833101993455E+002 -0.485918431110728E+000  0.926020939167835E+000  0.628153191483251E+000 -0.128330800235856E+002 -0.734441213096734E+003 -0.734441213096734E+003 -0.734519255530344E+003
 -0.192549995598050E+002  0.731891281427061E+002 -0.504587936065902E+000  0.116616807333157E+001  0.190523812743672E+001 -0.128330800235856E+002 -0.734424264722194E+003 -0.734424264722194E+003 -0.734523583718559E+003
 -0.192603084913784E+002  0.729277103339004E+002 -0.494860923888444E+000  0.121323012760206E+001  0.267739670035089E+001 -0.128330800235856E+002 -0.734418627078681E+003 -0.734418627078681E+003 -0.734647108357892E+003
 -0.192536553224169E+002  0.731693591709605E+002 -0.496524507941607E+000  0.126330964247574E+001  0.331273740886351E+001 -0.128330800235856E+002 -0.734410699596025E+003 -0.734410699596025E+003 -0.734479560471434E+003
 -0.192579676128339E+002  0.730550971527657E+002 -0.487025251693380E+000  0.940778212044274E+000  0.583709668800220E+000 -0.128330800235856E+002 -0.734425615649931E+003 -0.734425615649931E+003 -0.734458005063378E+003
 -0.192544087478273E+002  0.731511417272515E+002 -0.492983715315892E+000  0.118702995240515E+001  0.270517143140044E+001 -0.128330800235856E+002 -0.734409383367573E+003 -0.734409383367573E+003 -0.734471083123360E+003
 -0.192475816935156E+002  0.733688387967420E+002 -0.501709181602937E+000  0.132473638600191E+001  0.379607077759961E+001 -0.128330800235856E+002 -0.734449463339252E+003 -0.734449463339252E+003 -0.734500990794207E+003
 -0.192592352298334E+002  0.728737679354042E+002 -0.450057315997551E+000  0.713034966513472E+000 -0.133215030700805E+000 -0.128330800235856E+002 -0.734433339357849E+003 -0.734433339357849E+003 -0.734460069962798E+003
 -0.192504222661278E+002  0.733208693784660E+002 -0.499960013858873E+000  0.120119162807547E+001  0.273036246757076E+001 -0.128330800235856E+002 -0.734446728153587E+003 -0.734446728153587E+003 -0.734465371949133E+003
 -0.192481008034518E+002  0.733894381869474E+002 -0.498541457049627E+000  0.121452016336384E+001  0.274857789471868E+001 -0.128330800235856E+002 -0.734435625716435E+003 -0.734435625716435E+003 -0.734477956685107E+003
 -0.192562986549783E+002  0.730608816415568E+002 -0.483343072403667E+000  0.104892608164868E+001  0.170752506013281E+001 -0.128330800235856E+002 -0.734410693047705E+003 -0.734410693047705E+003 -0.734469837338940E+003
 -0.192616485248655E+002  0.729028748004489E+002 -0.502466064499220E+000  0.127374515706828E+001  0.304093229414924E+001 -0.128330800235856E+002 -0.734436210967042E+003 -0.734436210967042E+003 -0.734498378939778E+003
 -0.192539878514622E+002  0.730721858142313E+002 -0.467103662262313E+000  0.912709710746890E+000  0.575696092106221E+000 -0.128330800235856E+002 -0.734449277709152E+003 -0.734449277709152E+003 -0.734482999676010E+003
 -0.192615816090224E+002  0.728413730718803E+002 -0.460673155191624E+000  0.741894410606624E+000 -0.166330606475293E+000 -0.128330800235856E+002 -0.734454586634894E+003 -0.734454586634894E+003 -0.734585606662146E+003
 -0.192621319632666E+002  0.728462288362294E+002 -0.479000231769336E+000  0.104419618565232E+001  0.148367743716727E+001 -0.128330800235856E+002 -0.734435438881408E+003 -0.734435438881408E+003 -0.734470857581873E+003
 -0.192587114644841E+002  0.730364888575299E+002 -0.503033687691980E+000  0.116117764290369E+001  0.201605500146359E+001 -0.128330800235856E+002 -0.734441312638256E+003 -0.734441312638256E+003 -0.734521519865756E+003
 -0.192547099461590E+002  0.730783705707041E+002 -0.485565254453365E+000  0.103149416733147E+001  0.108415432073242E+001 -0.128330800235856E+002 -0.734456275182364E+003 -0.734456275182364E+003 -0.734459659749166E+003
 -0.192626827560489E+002  0.728717319213413E+002 -0.491030728936118E+000  0.107499578620126E+001  0.143163219306820E+001 -0.128330800235856E+002 -0.734421251907225E+003 -0.734421251907225E+003 -0.734471413205218E+003
 -0.192535522248898E+002  0.731125791251304E+002 -0.483306919102305E+000  0.103769965955745E+001  0.119730702503456E+001 -0.128330800235856E+002 -0.734435580350446E+003 -0.734435580350446E+003 -0.734647670994812E+003
 -0.192544176297133E+002  0.731365966262343E+002 -0.499136629622162E+000  0.132285343949412E+001  0.375371956145335E+001 -0.128330800235856E+002 -0.734419219001540E+003 -0.734419219001540E+003 -0.734493501394139E+003
 -0.192474497012810E+002  0.734209442474531E+002 -0.496575519923752E+000  0.110891302717690E+001  0.165012645404348E+001 -0.128330800235856E+002 -0.734442458402922E+003 -0.734442458402922E+003 -0.734464685939298E+003
 -0.192540981803216E+002  0.730969023782671E+002 -0.490845759616411E+000  0.118264011226292E+001  0.246153243976786E+001 -0.128330800235856E+002 -0.734437191827879E+003 -0.734437191827879E+003 -0.734477883632604E+003
 -0.192607618407879E+002  0.729118390207626E+002 -0.498163678548419E+000  0.129718199723844E+001  0.336060999675713E+001 -0.128330800235856E+002 -0.734440749337111E+003 -0.734440749337111E+003 -0.734535003658398E+003
 -0.192545240073488E+002  0.730263249418854E+002 -0.453414407014465E+000  0.720908393508557E+000 -0.140800915946257E+000 -0.128330800235856E+002 -0.734434470466603E+003 -0.734434470466603E+003 -0.735677713184034E+003
 -0.192489676424308E+002  0.733116788614262E+002 -0.494051545170359E+000  0.111982194886746E+001  0.186220283806767E+001 -0.128330800235856E+002 -0.734448173996134E+003 -0.734448173996134E+003 -0.734638345775079E+003
 -0.192470746012091E+002  0.732871596045193E+002 -0.457946551123704E+000  0.814796296161172E+000  0.307216029049926E+000 -0.128330800235856E+002 -0.734445143546082E+003 -0.734445143546082E+003 -0.734604659548547E+003
 -0.192606543799050E+002  0.729402340809042E+002 -0.472394596087399E+000  0.844116684291540E+000  0.357837232339620E+000 -0.128330800235856E+002 -0.734440958083879E+003 -0.734440958083879E+003 -0.734463877395581E+003
 -0.192526046445010E+002  0.732411419649886E+002 -0.512142006651427E+000  0.138053586346668E+001  0.367108718810399E+001 -0.128330800235856E+002 -0.734437457302085E+003 -0.734437457302085E+003 -0.734464257975206E+003
 -0.192471906956090E+002  0.734037481648199E+002 -0.482114003417268E+000  0.924965836122372E+000  0.715004100599915E+000 -0.128330800235856E+002 -0.734454472615256E+003 -0.734454472615256E+003 -0.734475786827031E+003
 -0.192554208486784E+002  0.731489089038366E+002 -0.501793782043630E+000  0.120087216878174E+001  0.215640501896225E+001 -0.128330800235856E+002 -0.734420825286592E+003 -0.734420825286592E+003 -0.734534852065588E+003
 -0.192531854842313E+002  0.731346758581943E+002 -0.482889810759366E+000  0.104271532286406E+001  0.164160809565693E+001 -0.128330800235856E+002 -0.734441228072216E+003 -0.734441228072216E+003 -0.734487037778052E+003
 -0.192511439712087E+002  0.732642937422875E+002 -0.498794911394380E+000  0.118567114065795E+001  0.238377795223401E+001 -0.128330800235856E+002 -0.734416993635069E+003 -0.734416993635069E+003 -0.734472758151377E+003
 -0.192582195098084E+002  0.730462315595621E+002 -0.496863003820521E+000  0.115357358225764E+001  0.233939776337097E+001 -0.128330800235856E+002 -0.734442065930134E+003 -0.734442065930134E+003 -0.734485723877610E+003
 -0.192539613991737E+002  0.730926503408788E+002 -0.472636105260323E+000  0.869209183169970E+000  0.465486443641405E+000 -0.128330800235856E+002 -0.734447993724460E+003 -0.734447993724460E+003 -0.734515008519782E+003
 -0.192601161989227E+002  0.729110322260767E+002 -0.470558707154856E+000  0.939195960653761E+000  0.799710024452481E+000 -0.128330800235856E+002 -0.734445651941272E+003 -0.734445651941272E+003 -0.734493485431209E+003
 -0.192640658554747E+002  0.727407086010410E+002 -0.467255655474749E+000  0.884753044999645E+000  0.514890060950595E+000 -0.128330800235856E+002 -0.734445607336063E+003 -0.734445607336063E+003 -0.734528629815452E+003
 -0.192494263856618E+002  0.732808982504437E+002 -0.498362618060852E+000  0.134222592995709E+001  0.396621423321212E+001 -0.128330800235856E+002 -0.734451784892790E+003 -0.734451784892790E+003 -0.734472092687785E+003
 -0.192553265151237E+002  0.730905413903481E+002 -0.495404561571546E+000  0.114805027232151E+001  0.187581362494699E+001 -0.128330800235856E+002 -0.734428775508830E+003 -0.734428775508830E+003 -0.734465048633506E+003
 -0.192545836887975E+002  0.730914172758816E+002 -0.491802780143977E+000  0.124669761563028E+001  0.300598797207507E+001 -0.128330800235856E+002 -0.734433803421958E+003 -0.734433803421958E+003 -0.734460611844406E+003
 -0.192491951913774E+002  0.732778786269297E+002 -0.464328427702690E+000  0.769477920971360E+000 -0.540353696864875E-001 -0.128330800235856E+002 -0.734441282092722E+003 -0.734441282092722E+003 -0.734487679707851E+003
 -0.192507619549757E+002  0.733063444442771E+002 -0.497665322370907E+000  0.125288754338516E+001  0.322347895992530E+001 -0.128330800235856E+002 -0.734452302047279E+003 -0.734452302047279E+003 -0.734515240466577E+003
 -0.192566345372843E+002  0.730434673961671E+002 -0.497123255294778E+000  0.134419268908188E+001  0.393204992959450E+001 -0.128330800235856E+002 -0.734452402136817E+003 -0.734452402136817E+003 -0.734481958386326E+003
 -0.192568841872756E+002  0.730548495342244E+002 -0.479460724870722E+000  0.101970188760270E+001  0.164086379047152E+001 -0.128330800235856E+002 -0.734444120991536E+003 -0.734444120991536E+003 -0.734461214690506E+003
 -0.192510988673954E+002  0.732481809491731E+002 -0.503753978053233E+000  0.128890870855714E+001  0.312034309963019E+001 -0.128330800235856E+002 -0.734438989799871E+003 -0.734438989799871E+003 -0.734489576036575E+003
 -0.192536488445497E+002  0.731599778532672E+002 -0.472429769437750E+000  0.915227645938836E+000  0.594415010028678E+000 -0.128330800235856E+002 -0.734453584008529E+003 -0.734453584008529E+003 -0.734464427588899E+003
 -0.192562534041753E+002  0.730517841859022E+002 -0.494334683827410E+000  0.118908996541901E+001  0.211160459656316E+001 -0.128330800235856E+002 -0.734454423040015E+003 -0.734454423040015E+003 -0.734469784872415E+003
 -0.192562135401005E+002  0.730545835220147E+002 -0.493572729604718E+000  0.124189285020719E+001  0.331190520497714E+001 -0.128330800235856E+002 -0.734434252682668E+003 -0.734434252682668E+003 -0.734465418096181E+003
 -0.192535740202925E+002  0.732307468832891E+002 -0.504544124169793E+000  0.121349357040669E+001  0.256219134044815E+001 -0.128330800235856E+002 -0.734426000047826E+003 -0.734426000047826E+003 -0.734526141595349E+003
 -0.192602474120095E+002  0.729615611132982E+002 -0.473522609452942E+000  0.834724928044910E+000  0.144276147369043E+000 -0.128330800235856E+002 -0.734448282476976E+003 -0.734448282476976E+003 -0.734464419694414E+003
 -0.192553530511890E+002  0.730427537725735E+002 -0.473575956406389E+000  0.920729615480939E+000  0.485523379373427E+000 -0.128330800235856E+002 -0.734450567825692E+003 -0.734450567825692E+003 -0.734480827088698E+003
 -0.192533441871847E+002  0.731032430908174E+002 -0.467624979804246E+000  0.906992117361670E+000  0.527173678620578E+000 -0.128330800235856E+002 -0.734449281410258E+003 -0.734449281410258E+003 -0.734897549162482E+003
 -0.192486601156800E+002  0.732841989093425E+002 -0.470921935343031E+000  0.857416834166786E+000  0.398060454538697E+000 -0.128330800235856E+002 -0.734427511063480E+003 -0.734427511063480E+003 -0.734461414208735E+003
 -0.192565465413257E+002  0.731418320515663E+002 -0.499124028878558E+000  0.107995274498435E+001  0.154130108324059E+001 -0.128330800235856E+002 -0.734456714283452E+003 -0.734456714283452E+003 -0.734561823661515E+003
 -0.192500143458807E+002  0.733390116757596E+002 -0.510961001118379E+000  0.134541386328491E+001  0.353291246972034E+001 -0.128330800235856E+002 -0.734433057371127E+003 -0.734433057371127E+003 -0.734502464305166E+003
 -0.192540294064342E+002  0.730730487303786E+002 -0.454359685384516E+000  0.753698492293225E+000  0.137217558712748E+000 -0.128330800235856E+002 -0.734425328190426E+003 -0.734425328190426E+003 -0.734486448498352E+003
 -0.192574834765418E+002  0.730937044616623E+002 -0.508811873574298E+000  0.120022235443306E+001  0.203726841843661E+001 -0.128330800235856E+002 -0.734451575432245E+003 -0.734451575432245E+003 -0.734543334857375E+003
 -0.192584014443073E+002  0.729669318988995E+002 -0.479482309155870E+000  0.977429050702746E+000  0.881197826611756E+000 -0.128330800235856E+002 -0.734400376367826E+003 -0.734400376367826E+003 -0.734479923114378E+003
 -0.192561759994192E+002  0.730526183705492E+002 -0.474869467590119E+000  0.941695101542815E+000  0.756734023678942E+000 -0.128330800235856E+002 -0.734392486537578E+003 -0.734392486537578E+003 -0.734492509927847E+003
 -0.192526197533975E+002  0.731760558373403E+002 -0.474125059874988E+000  0.907589035461866E+000  0.850025243507490E+000 -0.128330800235856E+002 -0.734434941297384E+003 -0.734434941297384E+003 -0.734648663419807E+003
 -0.192530504524124E+002  0.731648930647507E+002 -0.481320514649047E+000  0.104137257289121E+001  0.176052778828189E+001 -0.128330800235856E+002 -0.734424438663244E+003 -0.734424438663244E+003 -0.734595354959929E+003
 -0.192584582409145E+002  0.730938220311229E+002 -0.504811288928471E+000  0.115971595939232E+001  0.202981349691050E+001 -0.128330800235856E+002 -0.734456019848528E+003 -0.734456019848528E+003 -0.734557170488610E+003
 -0.192611055692286E+002  0.729204610062155E+002 -0.477161413199356E+000  0.924537908607560E+000  0.767228997250039E+000 -0.128330800235856E+002 -0.734422820275239E+003 -0.734422820275239E+003 -0.734495537299287E+003
 -0.192529105620811E+002  0.731822282947165E+002 -0.493140528074767E+000  0.112645993573104E+001  0.167274952245764E+001 -0.128330800235856E+002 -0.734424977499310E+003 -0.734424977499310E+003 -0.734510936644232E+003
 -0.192619180411124E+002  0.729082713084847E+002 -0.494967281094789E+000  0.114377871271635E+001  0.197015735645833E+001 -0.128330800235856E+002 -0.734417639895997E+003 -0.734417639895997E+003 -0.734471324217430E+003
 -0.192550233666011E+002  0.731148185214250E+002 -0.475177447551272E+000  0.994880949421829E+000  0.138902144388277E+001 -0.128330800235856E+002 -0.734448867062736E+003 -0.734448867062736E+003 -0.734556979648817E+003
 -0.192580318627620E+002  0.730640099339713E+002 -0.488137112101416E+000  0.104122625296659E+001  0.146459895519847E+001 -0.128330800235856E+002 -0.734433316193313E+003 -0.734433316193313E+003 -0.734479858642984E+003
 -0.192513064776505E+002  0.732076946620518E+002 -0.468539964926937E+000  0.951258827442098E+000  0.112679501943799E+001 -0.128330800235856E+002 -0.734452555879730E+003 -0.734452555879730E+003 -0.734473647841002E+003
 -0.192581752214907E+002  0.729540104747419E+002 -0.466922077795458E+000  0.800236771802444E+000  0.951137977820453E-001 -0.128330800235856E+002 -0.734423866792329E+003 -0.734423866792329E+003 -0.734460315309534E+003
 -0.192556628946258E+002  0.730544651103028E+002 -0.474744061848363E+000  0.934530184308406E+000  0.103871962323950E+001 -0.128330800235856E+002 -0.734447392227190E+003 -0.734447392227190E+003 -0.734463390885519E+003
 -0.192558009690154E+002  0.731541085948417E+002 -0.509057197063282E+000  0.132437638524284E+001  0.366239793492115E+001 -0.128330800235856E+002 -0.734436916419556E+003 -0.734436916419556E+003 -0.734655216916956E+003
 -0.192567838645641E+002  0.730955898926489E+002 -0.484962349746482E+000  0.927157046283246E+000  0.541251317498848E+000 -0.128330800235856E+002 -0.734418864212606E+003 -0.734418864212606E+003 -0.734487216857589E+003
 -0.192571391491312E+002  0.730249268554668E+002 -0.487972390460204E+000  0.121685994010972E+001  0.290978907516036E+001 -0.128330800235856E+002 -0.734448740363960E+003 -0.734448740363960E+003 -0.734472289003389E+003
 -0.192514360666886E+002  0.731683215871331E+002 -0.466700902136365E+000  0.950507744023246E+000  0.116498647261415E+001 -0.128330800235856E+002 -0.734428187644360E+003 -0.734428187644360E+003 -0.734461980613928E+003
 -0.192518416753586E+002  0.731992636909139E+002 -0.491163183086493E+000  0.111772546527838E+001  0.165408366638353E+001 -0.128330800235856E+002 -0.734435965973586E+003 -0.734435965973586E+003 -0.734478761337697E+003
 -0.192517720055348E+002  0.732573394632671E+002 -0.506687323915787E+000  0.132408274158450E+001  0.351369406399085E+001 -0.128330800235856E+002 -0.734417162302405E+003 -0.734417162302405E+003 -0.734548675064634E+003
 -0.192545958652543E+002  0.730882906687865E+002 -0.485041073418004E+000  0.111981201695598E+001  0.210069267314687E+001 -0.128330800235856E+002 -0.734403041263700E+003 -0.734403041263700E+003 -0.734523105643292E+003
 -0.192628972627552E+002  0.728669873558663E+002 -0.500323286549338E+000  0.123703598367373E+001  0.251723233146796E+001 -0.128330800235856E+002 -0.734450958803066E+003 -0.734450958803066E+003 -0.734459172723218E+003
 -0.192598173984162E+002  0.729996774138242E+002 -0.488886425724713E+000  0.104039253534026E+001  0.144356875017710E+001 -0.128330800235856E+002 -0.734432962034272E+003 -0.734432962034272E+003 -0.734526175760760E+003
 -0.192546130676729E+002  0.731313033615101E+002 -0.482039293501481E+000  0.102769254180514E+001  0.148261569166540E+001 -0.128330800235856E+002 -0.734396899986524E+003 -0.734396899986524E+003 -0.734631399269850E+003
 -0.192504273920072E+002  0.732319254123143E+002 -0.483890477431023E+000  0.108883735876991E+001  0.213114855453000E+001 -0.128330800235856E+002 -0.734455962055510E+003 -0.734455962055510E+003 -0.734507757308480E+003
 -0.192519948457147E+002  0.731775673501179E+002 -0.467313660876483E+000  0.819686926812036E+000  0.366334723968536E+000 -0.128330800235856E+002 -0.734443254316650E+003 -0.734443254316650E+003 -0.734467016400219E+003
 -0.192550781398334E+002  0.731161621775031E+002 -0.494653953252401E+000  0.122170864255700E+001  0.264274964009265E+001 -0.128330800235856E+002 -0.734414755517786E+003 -0.734414755517786E+003 -0.734493480353095E+003
 -0.192532674434181E+002  0.731646919613032E+002 -0.484450736966975E+000  0.107757632071404E+001  0.163866950613967E+001 -0.128330800235856E+002 -0.734397465892192E+003 -0.734397465892192E+003 -0.734527015740320E+003
 -0.192568323658737E+002  0.730104465265212E+002 -0.463609753387813E+000  0.842761542973745E+000  0.488877119516673E+000 -0.128330800235856E+002 -0.734410559595847E+003 -0.734410559595847E+003 -0.734466555447442E+003
 -0.192550216888698E+002  0.731581839874964E+002 -0.491020695546427E+000  0.105908269142690E+001  0.167725858104952E+001 -0.128330800235856E+002 -0.734446455632608E+003 -0.734446455632608E+003 -0.734467938018848E+003
 -0.192536174324379E+002  0.731559760642660E+002 -0.494477351677107E+000  0.115906078072336E+001  0.227033230182712E+001 -0.128330800235856E+002 -0.734415150856827E+003 -0.734415150856827E+003 -0.734543997543346E+003
 -0.192608702052452E+002  0.728873971108791E+002 -0.472505888784065E+000  0.836006844508946E+000  0.225383838183838E+000 -0.128330800235856E+002 -0.734436323714913E+003 -0.734436323714913E+003 -0.734572132149692E+003
 -0.192567962739274E+002  0.730590927102506E+002 -0.478912642163908E+000  0.997592345732592E+000  0.133938984879872E+001 -0.128330800235856E+002 -0.734414648123843E+003 -0.734414648123843E+003 -0.734475656047696E+003
 -0.192501526548202E+002  0.732390434023866E+002 -0.465651565686267E+000  0.824839478839898E+000  0.372441982668184E+000 -0.128330800235856E+002 -0.734417829161360E+003 -0.734417829161360E+003 -0.734466478159429E+003
 -0.192596569521564E+002  0.728532287197087E+002 -0.467791513538926E+000  0.951250872911738E+000  0.973817371496333E+000 -0.128330800235856E+002 -0.734453008145641E+003 -0.734453008145641E+003 -0.734476270534659E+003
 -0.192555559899869E+002  0.730585309764825E+002 -0.490530157711695E+000  0.117996264117984E+001  0.274769585252373E+001 -0.128330800235856E+002 -0.734455386867270E+003 -0.734455386867270E+003 -0.734461206978148E+003
 -0.192519451550593E+002  0.732000662430635E+002 -0.501698804945252E+000  0.135840231569161E+001  0.381897433378354E+001 -0.128330800235856E+002 -0.734454535984367E+003 -0.734454535984367E+003 -0.734465884029729E+003
 -0.192535586745814E+002  0.730884990990631E+002 -0.476709689408117E+000  0.970738757735883E+000  0.997588955459499E+000 -0.128330800235856E+002 -0.734443531418487E+003 -0.734443531418487E+003 -0.734512687325153E+003
 -0.192569421735668E+002  0.730620240063204E+002 -0.506075615944823E+000  0.137885114455026E+001  0.394028710155962E+001 -0.128330800235856E+002 -0.734430547439575E+003 -0.734430547439575E+003 -0.734463423636258E+003
 -0.192502115497394E+002  0.732439716129511E+002 -0.466452078603367E+000  0.834390052685982E+000  0.365286178223544E+000 -0.128330800235856E+002 -0.734405590505966E+003 -0.734405590505966E+003 -0.734466614092313E+003
 -0.192538573910429E+002  0.731261760295570E+002 -0.465503602702262E+000  0.864383772828633E+000  0.587891014285835E+000 -0.128330800235856E+002 -0.734418880908171E+003 -0.734418880908171E+003 -0.734467763367183E+003
 -0.192588386137688E+002  0.729516578170142E+002 -0.488400391026426E+000  0.113338828415269E+001  0.205687587370072E+001 -0.128330800235856E+002 -0.734414144201944E+003 -0.734414144201944E+003 -0.734462920870591E+003
 -0.192601098063331E+002  0.729637410164411E+002 -0.503588205943629E+000  0.124932428373345E+001  0.253990695085317E+001 -0.128330800235856E+002 -0.734435525079802E+003 -0.734435525079802E+003 -0.734457494433420E+003
 -0.192586421506259E+002  0.729896737041479E+002 -0.491254620241137E+000  0.126367510024859E+001  0.355931140388832E+001 -0.128330800235856E+002 -0.734456335028122E+003 -0.734456335028122E+003 -0.734470314964713E+003
 -0.192525734542986E+002  0.731348371951041E+002 -0.470773387646772E+000  0.966089207180131E+000  0.132775273688779E+001 -0.128330800235856E+002 -0.734427001343043E+003 -0.734427001343043E+003 -0.734539958724175E+003
 -0.192569801048948E+002  0.730987025650234E+002 -0.503536799984738E+000  0.114244652769703E+001  0.170177270993508E+001 -0.128330800235856E+002 -0.734438497122056E+003 -0.734438497122056E+003 -0.734516697060465E+003
 -0.192551989002209E+002  0.730486054595648E+002 -0.473912473398127E+000  0.969954175308922E+000  0.879638995480958E+000 -0.128330800235856E+002 -0.734420919096985E+003 -0.734420919096985E+003 -0.734461861746880E+003
 -0.192590935565504E+002  0.729533077450377E+002 -0.481549259045575E+000  0.113093196544914E+001  0.240057887959627E+001 -0.128330800235856E+002 -0.734447743805390E+003 -0.734447743805390E+003 -0.734497881721391E+003
 -0.192478294754921E+002  0.733575501502397E+002 -0.476068455462789E+000  0.931582843893547E+000  0.937578691515568E+000 -0.128330800235856E+002 -0.734440426045313E+003 -0.734440426045313E+003 -0.734503128375798E+003
 -0.192544422909864E+002  0.731529439663909E+002 -0.495610114092918E+000  0.121233195243824E+001  0.269854656945267E+001 -0.128330800235856E+002 -0.734399797701274E+003 -0.734399797701274E+003 -0.734475066872583E+003
 -0.192585758972945E+002  0.730283940741244E+002 -0.482340530190556E+000  0.937220748597559E+000  0.541598143167431E+000 -0.128330800235856E+002 -0.734439277504192E+003 -0.734439277504192E+003 -0.734477310163281E+003
 -0.192601970347067E+002  0.728787339616444E+002 -0.459600818002262E+000  0.824063015673651E+000  0.270068795200889E+000 -0.128330800235856E+002 -0.734442541222619E+003 -0.734442541222619E+003 -0.734499932686278E+003
 -0.192540803168649E+002  0.730875830574781E+002 -0.486254155439052E+000  0.120183343458178E+001  0.305032985497948E+001 -0.128330800235856E+002 -0.734444795260234E+003 -0.734444795260234E+003 -0.734484049175534E+003
 -0.192562879844820E+002  0.730292712314100E+002 -0.490066483640914E+000  0.120798721977519E+001  0.258515156361421E+001 -0.128330800235856E+002 -0.734437298497604E+003 -0.734437298497604E+003 -0.734467814116112E+003
 -0.192499826344617E+002  0.733071466339305E+002 -0.501280556044670E+000  0.125569564017511E+001  0.268569673917600E+001 -0.128330800235856E+002 -0.734443208080050E+003 -0.734443208080050E+003 -0.734481481674827E+003
 -0.192520806847706E+002  0.731326003926008E+002 -0.463295065179984E+000  0.892172088662733E+000  0.966522492344324E+000 -0.128330800235856E+002 -0.734454798993424E+003 -0.734454798993424E+003 -0.734921275418442E+003
 -0.192602684946745E+002  0.729245874557157E+002 -0.500299718705900E+000  0.130047773228843E+001  0.314981953306321E+001 -0.128330800235856E+002 -0.734455837261654E+003 -0.734455837261654E+003 -0.734495055537125E+003
 -0.192526873757824E+002  0.731464626094905E+002 -0.476695244612858E+000  0.973271672327874E+000  0.907842412285213E+000 -0.128330800235856E+002 -0.734402822356513E+003 -0.734402822356513E+003 -0.734476772896836E+003
 -0.192559112154177E+002  0.730428844892614E+002 -0.478811570437895E+000  0.103497605233561E+001  0.169018986136609E+001 -0.128330800235856E+002 -0.734416808612482E+003 -0.734416808612482E+003 -0.734466217504385E+003
 -0.192564535000167E+002  0.730239502581002E+002 -0.477110240749929E+000  0.102305562706255E+001  0.175896024277926E+001 -0.128330800235856E+002 -0.734452423698470E+003 -0.734452423698470E+003 -0.734470833947850E+003
 -0.192614867146873E+002  0.729385536285600E+002 -0.497103841583302E+000  0.111166163916839E+001  0.154005191534075E+001 -0.128330800235856E+002 -0.734427706050311E+003 -0.734427706050311E+003 -0.734472809631962E+003
 -0.192563559523773E+002  0.731378147742944E+002 -0.504227525742829E+000  0.125091518256910E+001  0.277906693072913E+001 -0.128330800235856E+002 -0.734420746935326E+003 -0.734420746935326E+003 -0.734457056054342E+003
