  0.204653432156548E-001  0.143971096249903E+004  0.194004360967632E+002  0.649316425845357E+002 -0.382163767422836E+000  0.432166748357625E+000 -0.107536384819057E+002 -0.721774609677111E+003
  0.204653432156548E-001  0.144441694748281E+004 -0.183489102543702E+002  0.602029523616815E+002 -0.361229157740665E+000  0.427217077310438E+000 -0.107536384819057E+002 -0.724127602168998E+003
  0.204653432156548E-001  0.144515520714804E+004 -0.133378302068763E+002  0.555191416529335E+002 -0.459952030107550E+000  0.555293706736323E+000 -0.107536384819057E+002 -0.724496732001616E+003
  0.204653432156548E-001  0.144595795219861E+004 -0.536871719626006E+001  0.552433056553970E+002 -0.448191470975345E+000  0.585508219297743E+000 -0.107536384819057E+002 -0.724898104526898E+003
  0.204653432156548E-001  0.144417264392436E+004  0.251831879710728E+001  0.579156103612580E+002 -0.444844302003094E+000  0.509556458510304E+000 -0.107536384819057E+002 -0.724005450389775E+003
  0.204653432156548E-001  0.144396200047344E+004  0.104751457808641E+002  0.628300192024677E+002 -0.508968154037917E+000  0.622279776982120E+000 -0.107536384819057E+002 -0.723900128664312E+003
  0.204653432156548E-001  0.144394746681096E+004 -0.245223411535417E+001  0.610827419141783E+002 -0.379014795992114E+000  0.536578051319031E+000 -0.107536384819057E+002 -0.723892861833072E+003
  0.204653432156548E-001  0.143976544352070E+004 -0.402144886754518E+001  0.742579270185650E+002 -0.438789211830105E+000  0.493921238584740E+000 -0.107536384819057E+002 -0.721801850187942E+003
  0.204653432156548E-001  0.143981830439584E+004 -0.767943618629441E+001  0.731691367545013E+002 -0.448336751693142E+000  0.491067234280256E+000 -0.107536384819057E+002 -0.721828280625513E+003
  0.204653432156548E-001  0.144363673229344E+004 -0.510346274086400E+001  0.596188719709407E+002 -0.447699583344212E+000  0.594818204758570E+000 -0.107536384819057E+002 -0.723737494574316E+003
  0.204653432156548E-001  0.144362920730292E+004  0.191705295123007E+002  0.593442936933599E+002 -0.417663773830248E+000  0.470758115742987E+000 -0.107536384819057E+002 -0.723733732079052E+003
  0.204653432156548E-001  0.144357614324105E+004 -0.695651471464939E+001  0.738755572036757E+002 -0.371974630444060E+000  0.428818864570637E+000 -0.107536384819057E+002 -0.723707200048119E+003
  0.204653432156548E-001  0.143982031944628E+004  0.332363867224723E+001  0.744317954812764E+002 -0.448614093432949E+000  0.521187073010026E+000 -0.107536384819057E+002 -0.721829288150733E+003
  0.204653432156548E-001  0.144326009078213E+004  0.238337145845380E+001  0.743778166156465E+002 -0.404064266035248E+000  0.432379931195721E+000 -0.107536384819057E+002 -0.723549173818661E+003
  0.204653432156548E-001  0.144305875186248E+004  0.161474836990741E+002  0.687989878493287E+002 -0.341916441601567E+000  0.413940468751806E+000 -0.107536384819057E+002 -0.723448504358832E+003
  0.204653432156548E-001  0.143990649191911E+004  0.117721117245037E+002  0.738962096691345E+002 -0.428654195188108E+000  0.477124989795838E+000 -0.107536384819057E+002 -0.721872374387147E+003
  0.204653432156548E-001  0.144288302256103E+004 -0.676239347429130E+001  0.679955838395011E+002 -0.505315603362293E+000  0.551556574398672E+000 -0.107536384819057E+002 -0.723360639708108E+003
  0.204653432156548E-001  0.144276984185974E+004 -0.182615885081240E+002  0.626926149814744E+002 -0.364359034945096E+000  0.416870854990408E+000 -0.107536384819057E+002 -0.723304049357464E+003
  0.204653432156548E-001  0.144269841803413E+004 -0.193072858231951E+002  0.657852172160553E+002 -0.338777153556453E+000  0.435880660768664E+000 -0.107536384819057E+002 -0.723268337444657E+003
  0.204653432156548E-001  0.144259838054656E+004  0.396083267951446E+001  0.626730397246996E+002 -0.348348393275925E+000  0.472782076220831E+000 -0.107536384819057E+002 -0.723218318700875E+003
  0.204653432156548E-001  0.143998760933474E+004 -0.168833122220701E+002  0.621179836593698E+002 -0.481596965662264E+000  0.547580783293594E+000 -0.107536384819057E+002 -0.721912933094964E+003
  0.204653432156548E-001  0.144221387716651E+004 -0.190549337798322E+002  0.566565733160243E+002 -0.426674622018379E+000  0.555972426868028E+000 -0.107536384819057E+002 -0.723026067010847E+003
  0.204653432156548E-001  0.144220928575782E+004  0.478742029095765E+001  0.650165703963952E+002 -0.417683598474320E+000  0.443088042328121E+000 -0.107536384819057E+002 -0.723023771306506E+003
  0.204653432156548E-001  0.144001763547946E+004 -0.202664784259966E+000  0.661759125053646E+002 -0.398541734524452E+000  0.434347984184649E+000 -0.107536384819057E+002 -0.721927946167324E+003
  0.204653432156548E-001  0.144036951389285E+004 -0.399905537939957E+001  0.666029008217279E+002 -0.367268302537051E+000  0.419118006559280E+000 -0.107536384819057E+002 -0.722103885374021E+003
  0.204653432156548E-001  0.144038487185890E+004 -0.164773745254214E+002  0.680362002629610E+002 -0.386024551555311E+000  0.514111134153628E+000 -0.107536384819057E+002 -0.722111564357046E+003
  0.204653432156548E-001  0.144186448312919E+004  0.119163099511155E+002  0.633288046592604E+002 -0.346799305616267E+000  0.441781810924265E+000 -0.107536384819057E+002 -0.722851369992191E+003
  0.204653432156548E-001  0.144171211809226E+004  0.137131074037703E+001  0.633391478113425E+002 -0.348613120544811E+000  0.459359887515555E+000 -0.107536384819057E+002 -0.722775187473725E+003
  0.204653432156548E-001  0.144130064171909E+004 -0.687152390716607E+001  0.727791199119798E+002 -0.458568324615869E+000  0.561716634809021E+000 -0.107536384819057E+002 -0.722569449287140E+003
  0.204653432156548E-001  0.144116368246799E+004 -0.186113169686727E+002  0.604371341563631E+002 -0.483121932137039E+000  0.555619014771710E+000 -0.107536384819057E+002 -0.722500969661591E+003
  0.204653432156548E-001  0.144101873187109E+004  0.756685332621532E+001  0.586089774943053E+002 -0.393211673881933E+000  0.524677577796298E+000 -0.107536384819057E+002 -0.722428494363137E+003
  0.204653432156548E-001  0.144097860320118E+004 -0.523269323323863E+000  0.707450070120652E+002 -0.374030092791160E+000  0.420093835553175E+000 -0.107536384819057E+002 -0.722408430028183E+003
  0.204653432156548E-001  0.144079614768551E+004 -0.148705728069502E+002  0.613601482706339E+002 -0.492691105995465E+000  0.604300985258394E+000 -0.107536384819057E+002 -0.722317202270350E+003
  0.204653432156548E-001  0.144079537021714E+004 -0.117241811872724E+002  0.641696015723631E+002 -0.361545532922313E+000  0.426135360321485E+000 -0.107536384819057E+002 -0.722316813536162E+003
  0.204653432156548E-001  0.144077048872334E+004 -0.511751161899255E+001  0.646275759007378E+002 -0.492119987843891E+000  0.606794494429044E+000 -0.107536384819057E+002 -0.722304372789262E+003
  0.204653432156548E-001  0.144054888415538E+004  0.135264347540553E+002  0.698845324462332E+002 -0.455770547191119E+000  0.486771780664431E+000 -0.107536384819057E+002 -0.722193570505282E+003
  0.204653432156548E-001  0.144057155489930E+004 -0.183391959691715E+002  0.750488828107886E+002 -0.439730485635873E+000  0.505661601653953E+000 -0.107536384819057E+002 -0.722204905877242E+003
  0.204653432156548E-001  0.143959999521202E+004  0.838264458187581E+001  0.612603748742286E+002 -0.487096618480303E+000  0.595740097441330E+000 -0.107536384819057E+002 -0.721719126033603E+003
  0.204653432156548E-001  0.143958930541971E+004 -0.109342588018518E+002  0.642806691807411E+002 -0.368437824656242E+000  0.437162784399447E+000 -0.107536384819057E+002 -0.721713781137449E+003
  0.204653432156548E-001  0.143955122247487E+004  0.125544762615437E+002  0.687160611570506E+002 -0.366461351216451E+000  0.460620551328375E+000 -0.107536384819057E+002 -0.721694739665030E+003
  0.204653432156548E-001  0.143955080824176E+004 -0.186849990478862E+002  0.663023833991266E+002 -0.496695572398218E+000  0.600080990530208E+000 -0.107536384819057E+002 -0.721694532548476E+003
  0.204653432156548E-001  0.143954369368166E+004 -0.178950623179068E+002  0.703199478425521E+002 -0.401578264293043E+000  0.515740430083319E+000 -0.107536384819057E+002 -0.721690975268422E+003
  0.204653432156548E-001  0.143953880109521E+004 -0.142471312063904E+002  0.678886772320697E+002 -0.456190069202687E+000  0.493151473663494E+000 -0.107536384819057E+002 -0.721688528975200E+003
  0.204653432156548E-001  0.143953643315293E+004 -0.550549809347379E+001  0.623976751025581E+002 -0.392823482760325E+000  0.453294529740686E+000 -0.107536384819057E+002 -0.721687345004059E+003
  0.204653432156548E-001  0.143947375556371E+004 -0.112597631038922E+002  0.698812888614902E+002 -0.371046945258683E+000  0.446634719818215E+000 -0.107536384819057E+002 -0.721656006209448E+003
  0.204653432156548E-001  0.143944507291717E+004  0.104684988237359E+002  0.668835255972321E+002 -0.427426435787711E+000  0.461557431695045E+000 -0.107536384819057E+002 -0.721641664886178E+003
  0.204653432156548E-001  0.143921477335110E+004 -0.104060919007668E+001  0.652517978944303E+002 -0.389252567696212E+000  0.522560718041120E+000 -0.107536384819057E+002 -0.721526515103146E+003
  0.204653432156548E-001  0.143915047570615E+004  0.119516803846332E+002  0.617567870112894E+002 -0.401265385126821E+000  0.539080135468807E+000 -0.107536384819057E+002 -0.721494366280670E+003
  0.204653432156548E-001  0.143908639868733E+004 -0.573573300933576E+001  0.594386320815151E+002 -0.404482627013986E+000  0.497761041718444E+000 -0.107536384819057E+002 -0.721462327771260E+003
  0.204653432156548E-001  0.143904608451997E+004 -0.740440209087548E+001  0.731525390787230E+002 -0.412916876734250E+000  0.472552294156815E+000 -0.107536384819057E+002 -0.721442170687581E+003
  0.204653432156548E-001  0.143901287265101E+004 -0.147258664330192E+002  0.699693015696504E+002 -0.455946259505318E+000  0.495268544831689E+000 -0.107536384819057E+002 -0.721425564753097E+003
  0.204653432156548E-001  0.143898995981153E+004 -0.786956125838458E+001  0.609233897005724E+002 -0.470794944172897E+000  0.588908265035948E+000 -0.107536384819057E+002 -0.721414108333360E+003
  0.204653432156548E-001  0.143898524616755E+004 -0.110871661881603E+002  0.642284970568590E+002 -0.377359920600818E+000  0.442087415089940E+000 -0.107536384819057E+002 -0.721411751511371E+003
  0.204653432156548E-001  0.143897638993369E+004 -0.785864107403075E+000  0.621428204259270E+002 -0.376646986549743E+000  0.462569876725834E+000 -0.107536384819057E+002 -0.721407323394440E+003
  0.204653432156548E-001  0.143896062799411E+004  0.697311875887026E+001  0.713226490472779E+002 -0.387799998431326E+000  0.471269757118663E+000 -0.107536384819057E+002 -0.721399442424647E+003
  0.204653432156548E-001  0.143894091687667E+004 -0.667991946638169E+001  0.663592744855200E+002 -0.407989155123071E+000  0.540633141442087E+000 -0.107536384819057E+002 -0.721389586865927E+003
  0.204653432156548E-001  0.143889434812171E+004  0.104549148398393E+002  0.604306995821755E+002 -0.473846745616426E+000  0.585580948238133E+000 -0.107536384819057E+002 -0.721366302488447E+003
  0.204653432156548E-001  0.143877160626616E+004 -0.916097217544028E+001  0.676234666394926E+002 -0.384084025787052E+000  0.502559470483870E+000 -0.107536384819057E+002 -0.721304931560674E+003
  0.204653432156548E-001  0.143876521328296E+004 -0.766752935172645E+001  0.669849290030628E+002 -0.503133046828060E+000  0.579420502716046E+000 -0.107536384819057E+002 -0.721301735069074E+003
  0.204653432156548E-001  0.143872507803907E+004  0.509113197066369E+001  0.607801195872482E+002 -0.385564251941567E+000  0.486534673449580E+000 -0.107536384819057E+002 -0.721281667447127E+003
  0.204653432156548E-001  0.143871796984492E+004  0.186409319092290E+002  0.588171847863715E+002 -0.433729307121755E+000  0.551891174449793E+000 -0.107536384819057E+002 -0.721278113350054E+003
  0.204653432156548E-001  0.143866546010761E+004  0.922536241697364E+001  0.609574763866352E+002 -0.482015183484034E+000  0.573162524852298E+000 -0.107536384819057E+002 -0.721251858481397E+003
  0.204653432156548E-001  0.143865887287956E+004 -0.172314256593345E+001  0.690567041085324E+002 -0.373394862155007E+000  0.454718536831233E+000 -0.107536384819057E+002 -0.721248564867376E+003
  0.204653432156548E-001  0.143865461945093E+004 -0.101369739755470E+002  0.692907867190615E+002 -0.437677906259323E+000  0.474885638667393E+000 -0.107536384819057E+002 -0.721246438153057E+003
  0.204653432156548E-001  0.143865455106050E+004  0.109110394674536E+002  0.611234302145384E+002 -0.432348224903051E+000  0.566029296249605E+000 -0.107536384819057E+002 -0.721246403957843E+003
  0.204653432156548E-001  0.143864628976444E+004  0.140870747915659E+002  0.675426584265558E+002 -0.384131642234525E+000  0.435607813417382E+000 -0.107536384819057E+002 -0.721242273309812E+003
  0.204653432156548E-001  0.143864574384844E+004 -0.744017620971941E+001  0.703339906313979E+002 -0.434013216302481E+000  0.472131182346271E+000 -0.107536384819057E+002 -0.721242000351812E+003
  0.204653432156548E-001  0.143859599898147E+004 -0.644777808050535E+001  0.605734057011766E+002 -0.412113399336558E+000  0.488896541913885E+000 -0.107536384819057E+002 -0.721217127918330E+003
  0.204653432156548E-001  0.143857636201128E+004  0.176445545076882E+002  0.592939753139737E+002 -0.416675453434471E+000  0.538682668822018E+000 -0.107536384819057E+002 -0.721207309433233E+003
  0.204653432156548E-001  0.143855905996322E+004  0.131757630425038E+002  0.697611076359209E+002 -0.465643271676758E+000  0.572289328772094E+000 -0.107536384819057E+002 -0.721198658409202E+003
  0.204653432156548E-001  0.143852546965377E+004  0.596498119213599E+001  0.725558035784860E+002 -0.408467874916939E+000  0.486292185166449E+000 -0.107536384819057E+002 -0.721181863254477E+003
  0.204653432156548E-001  0.143850717309858E+004  0.113503564264766E+002  0.734176743612278E+002 -0.430547118499484E+000  0.499673032950262E+000 -0.107536384819057E+002 -0.721172714976883E+003
  0.204653432156548E-001  0.143849994544525E+004 -0.194777418497978E+002  0.632114202155928E+002 -0.435107684253770E+000  0.488611806361612E+000 -0.107536384819057E+002 -0.721169101150220E+003
  0.204653432156548E-001  0.143848885231338E+004 -0.766953520820393E+001  0.591940701869633E+002 -0.454616685764691E+000  0.554532776374193E+000 -0.107536384819057E+002 -0.721163554584283E+003
  0.204653432156548E-001  0.143832707564007E+004  0.901925845120756E+001  0.679079080579825E+002 -0.416439222415606E+000  0.540681182225704E+000 -0.107536384819057E+002 -0.721082666247629E+003
  0.204653432156548E-001  0.143826710641530E+004  0.804327089031850E+001  0.674080802108560E+002 -0.498371973004929E+000  0.586329435269240E+000 -0.107536384819057E+002 -0.721052681635244E+003
  0.204653432156548E-001  0.143819062111966E+004 -0.534555807448049E+001  0.729147467735085E+002 -0.433429317173414E+000  0.515645972994903E+000 -0.107536384819057E+002 -0.721014438987422E+003
  0.204653432156548E-001  0.143815933269340E+004 -0.470087154973866E+001  0.653991708885539E+002 -0.375058635431101E+000  0.487528506487733E+000 -0.107536384819057E+002 -0.720998794774294E+003
  0.204653432156548E-001  0.143814209547796E+004 -0.493840223290501E+001  0.694131780387773E+002 -0.403870469251539E+000  0.516241970177788E+000 -0.107536384819057E+002 -0.720990176166575E+003
  0.204653432156548E-001  0.143811900681203E+004 -0.137683143095162E+002  0.684434323114568E+002 -0.450768254098587E+000  0.493457560903781E+000 -0.107536384819057E+002 -0.720978631833611E+003
  0.204653432156548E-001  0.143802087123063E+004  0.116181422500053E+002  0.674025528041526E+002 -0.376076993430522E+000  0.446928089765817E+000 -0.107536384819057E+002 -0.720929564042908E+003
  0.204653432156548E-001  0.143801994904483E+004  0.248847086038424E+001  0.649706208355541E+002 -0.433250826220401E+000  0.563628728924376E+000 -0.107536384819057E+002 -0.720929102950009E+003
  0.204653432156548E-001  0.143795172150439E+004 -0.126452818662886E+002  0.672509728057033E+002 -0.395140980221510E+000  0.445437908407237E+000 -0.107536384819057E+002 -0.720894989179789E+003
  0.204653432156548E-001  0.143793555839208E+004  0.180484920970540E+002  0.721743800727242E+002 -0.448573578893172E+000  0.501885380371768E+000 -0.107536384819057E+002 -0.720886907623632E+003
  0.204653432156548E-001  0.143792728929996E+004 -0.163976884984955E+002  0.675718831784090E+002 -0.374112131513668E+000  0.458827684086901E+000 -0.107536384819057E+002 -0.720882773077576E+003
  0.204653432156548E-001  0.143791019399759E+004 -0.108785925085085E+002  0.600304119667100E+002 -0.405626477202117E+000  0.517149062624929E+000 -0.107536384819057E+002 -0.720874225426387E+003
  0.204653432156548E-001  0.143787602143773E+004  0.867400888720774E+001  0.705497584089840E+002 -0.482168061973071E+000  0.546057757536500E+000 -0.107536384819057E+002 -0.720857139146458E+003
  0.204653432156548E-001  0.143787345787020E+004  0.978956570604317E+001  0.714670539416145E+002 -0.452962961963821E+000  0.548846374232915E+000 -0.107536384819057E+002 -0.720855857362694E+003
  0.204653432156548E-001  0.143787268424276E+004 -0.619787462628199E+001  0.596565058876669E+002 -0.436539553302395E+000  0.554701242933207E+000 -0.107536384819057E+002 -0.720855470548976E+003
  0.204653432156548E-001  0.143779245653652E+004  0.803629939746177E+000  0.611078855688354E+002 -0.425482522655036E+000  0.500038376913762E+000 -0.107536384819057E+002 -0.720815356695856E+003
  0.204653432156548E-001  0.143777142757991E+004  0.847239212429520E+001  0.693338042906686E+002 -0.428490596111742E+000  0.542614202992211E+000 -0.107536384819057E+002 -0.720804842217549E+003
  0.204653432156548E-001  0.143767591469351E+004 -0.701201038291286E+001  0.610134283755208E+002 -0.468519363328169E+000  0.555815425488827E+000 -0.107536384819057E+002 -0.720757085774347E+003
  0.204653432156548E-001  0.143766192287034E+004  0.153821537633176E+002  0.634168647501128E+002 -0.401430346410482E+000  0.465712954634999E+000 -0.107536384819057E+002 -0.720750089862766E+003
  0.204653432156548E-001  0.143766053487190E+004 -0.181579870296332E+002  0.694522284961902E+002 -0.488396131220882E+000  0.572723570126902E+000 -0.107536384819057E+002 -0.720749395863543E+003
  0.204653432156548E-001  0.143757794274031E+004 -0.149394693572347E+002  0.701518398252932E+002 -0.392670776201443E+000  0.480935005070934E+000 -0.107536384819057E+002 -0.720708099797748E+003
  0.204653432156548E-001  0.143757649193929E+004  0.865721809202953E+001  0.648822736909131E+002 -0.493546598049310E+000  0.578694855141356E+000 -0.107536384819057E+002 -0.720707374397240E+003
  0.204653432156548E-001  0.143757428427613E+004 -0.851647585029171E+001  0.648666929154795E+002 -0.491654199026017E+000  0.586155734504061E+000 -0.107536384819057E+002 -0.720706270565661E+003
  0.204653432156548E-001  0.143756406827252E+004 -0.190792709502076E+001  0.675276196698596E+002 -0.455149147820138E+000  0.503058969423647E+000 -0.107536384819057E+002 -0.720701162563855E+003
  0.204653432156548E-001  0.143754127816049E+004 -0.143200623751114E+002  0.645317917660204E+002 -0.400559136555528E+000  0.528290324133220E+000 -0.107536384819057E+002 -0.720689767507841E+003
  0.204653432156548E-001  0.143753597326433E+004 -0.419256014372772E+001  0.613905323146422E+002 -0.426429402990280E+000  0.554535112571431E+000 -0.107536384819057E+002 -0.720687115059761E+003
  0.204653432156548E-001  0.143752654890931E+004 -0.164830701040455E+001  0.683564015895845E+002 -0.389490705411567E+000  0.449487138998141E+000 -0.107536384819057E+002 -0.720682402882249E+003
  0.204653432156548E-001  0.143748150782688E+004 -0.400087002743870E+001  0.690968460447687E+002 -0.385195376314490E+000  0.473250799629684E+000 -0.107536384819057E+002 -0.720659882341034E+003
  0.204653432156548E-001  0.143747974778937E+004 -0.352804762926817E+001  0.694819767135313E+002 -0.390807125585611E+000  0.485497567245108E+000 -0.107536384819057E+002 -0.720659002322277E+003
  0.204653432156548E-001  0.143747389925651E+004 -0.138213726964508E+002  0.596577680036407E+002 -0.432926009346919E+000  0.536780339729529E+000 -0.107536384819057E+002 -0.720656078055849E+003
  0.204653432156548E-001  0.143744193621794E+004  0.643535620179864E+001  0.701912632522058E+002 -0.475560680072269E+000  0.535953247421173E+000 -0.107536384819057E+002 -0.720640096536564E+003
  0.204653432156548E-001  0.143739326385201E+004  0.155846839212727E+002  0.613605266411414E+002 -0.397167569174454E+000  0.491968410189386E+000 -0.107536384819057E+002 -0.720615760353601E+003
  0.204653432156548E-001  0.143738448682825E+004 -0.222430941160152E+001  0.609896178875605E+002 -0.418084326256690E+000  0.542780198419608E+000 -0.107536384819057E+002 -0.720611371841717E+003
  0.204653432156548E-001  0.143736905102626E+004  0.127055332297939E+002  0.694115873574647E+002 -0.487674920862367E+000  0.563840207013371E+000 -0.107536384819057E+002 -0.720603653940723E+003
  0.204653432156548E-001  0.143734656100612E+004  0.181900194609522E+002  0.637824388481566E+002 -0.413238867348876E+000  0.542878685595874E+000 -0.107536384819057E+002 -0.720592408930654E+003
  0.204653432156548E-001  0.143733038283542E+004 -0.752675048794612E+001  0.616947251873553E+002 -0.433352622860798E+000  0.505554992933320E+000 -0.107536384819057E+002 -0.720584319845306E+003
  0.204653432156548E-001  0.143729876832138E+004  0.431489146536067E+001  0.694413419992010E+002 -0.484246677993308E+000  0.552587156335738E+000 -0.107536384819057E+002 -0.720568512588282E+003
  0.204653432156548E-001  0.143728962466054E+004  0.582926759312929E+001  0.704443122361833E+002 -0.466093584238131E+000  0.522611964719530E+000 -0.107536384819057E+002 -0.720563940757863E+003
  0.204653432156548E-001  0.143727948058306E+004  0.654806221636169E+001  0.711980528740203E+002 -0.434492339362214E+000  0.531072998774976E+000 -0.107536384819057E+002 -0.720558868719126E+003
  0.204653432156548E-001  0.143724604682355E+004  0.123586292421855E+002  0.692502796499099E+002 -0.485480786250029E+000  0.570356442607677E+000 -0.107536384819057E+002 -0.720542151839370E+003
  0.204653432156548E-001  0.143722477022660E+004  0.194279092837579E+002  0.716904318922259E+002 -0.417069477912489E+000  0.482329131124311E+000 -0.107536384819057E+002 -0.720531513540896E+003
  0.204653432156548E-001  0.143719914774619E+004  0.310841871925547E+001  0.667447134560590E+002 -0.383564450700281E+000  0.489203234790732E+000 -0.107536384819057E+002 -0.720518702300688E+003
  0.204653432156548E-001  0.143718873493089E+004  0.152861917000134E+002  0.656133202595042E+002 -0.422520045675236E+000  0.548792039629207E+000 -0.107536384819057E+002 -0.720513495893037E+003
  0.204653432156548E-001  0.143717460019397E+004 -0.831894529165091E+000  0.636992801078271E+002 -0.450667819975744E+000  0.573542394414877E+000 -0.107536384819057E+002 -0.720506428524580E+003
  0.204653432156548E-001  0.143716604095807E+004 -0.575771555723920E+001  0.653373112840886E+002 -0.378710214145266E+000  0.475004401506115E+000 -0.107536384819057E+002 -0.720502148906628E+003
  0.204653432156548E-001  0.143716510030073E+004 -0.157203330898700E+002  0.677947891506917E+002 -0.489362280422239E+000  0.576902960491762E+000 -0.107536384819057E+002 -0.720501678577957E+003
  0.204653432156548E-001  0.143716259816588E+004  0.133486682555589E+002  0.623770880221429E+002 -0.454483054548225E+000  0.525435241574059E+000 -0.107536384819057E+002 -0.720500427510534E+003
  0.204653432156548E-001  0.143716200595605E+004 -0.422398672203863E+001  0.646011015753335E+002 -0.487154122187584E+000  0.583602400503520E+000 -0.107536384819057E+002 -0.720500131405619E+003
  0.204653432156548E-001  0.143714279183928E+004 -0.181753566246769E+000  0.615704024572212E+002 -0.472301380164458E+000  0.566873961627338E+000 -0.107536384819057E+002 -0.720490524347236E+003
  0.204653432156548E-001  0.143714145742253E+004  0.117307873659146E+002  0.694528486640484E+002 -0.458725489260791E+000  0.562255605585833E+000 -0.107536384819057E+002 -0.720489857138861E+003
  0.204653432156548E-001  0.143711387550626E+004  0.898548660543957E+001  0.633436884811870E+002 -0.438610095458600E+000  0.564913044057482E+000 -0.107536384819057E+002 -0.720476066180723E+003
  0.204653432156548E-001  0.143707535577991E+004 -0.871325167317195E+001  0.623389651237079E+002 -0.395949458401099E+000  0.481683637178937E+000 -0.107536384819057E+002 -0.720456806317547E+003
  0.204653432156548E-001  0.143704900744898E+004 -0.113693963723534E+002  0.665536184624803E+002 -0.468566739169330E+000  0.526426804785743E+000 -0.107536384819057E+002 -0.720443632152084E+003
  0.204653432156548E-001  0.143704055396874E+004 -0.148529172064464E+002  0.713208957698640E+002 -0.464816425975811E+000  0.530140983538891E+000 -0.107536384819057E+002 -0.720439405411966E+003
  0.204653432156548E-001  0.143700663031192E+004  0.437333705625201E+001  0.705611975301058E+002 -0.410716361402906E+000  0.470011143022625E+000 -0.107536384819057E+002 -0.720422443583555E+003
  0.204653432156548E-001  0.143698823516557E+004  0.155839663752919E+001  0.695029796149547E+002 -0.392296045064423E+000  0.472712272541895E+000 -0.107536384819057E+002 -0.720413246010381E+003
  0.204653432156548E-001  0.143695898777286E+004  0.120331715334619E+002  0.624664922639710E+002 -0.390729704674416E+000  0.492722308696156E+000 -0.107536384819057E+002 -0.720398622314025E+003
  0.204653432156548E-001  0.143694858181014E+004 -0.131390995167107E+002  0.708175477777757E+002 -0.405779212107960E+000  0.478197517655725E+000 -0.107536384819057E+002 -0.720393419332666E+003
  0.204653432156548E-001  0.143691930719636E+004 -0.103429050458916E+002  0.719085789813970E+002 -0.428480503776320E+000  0.505094289762579E+000 -0.107536384819057E+002 -0.720378782025776E+003
  0.204653432156548E-001  0.143690951389142E+004  0.168347091898910E+002  0.608566740784226E+002 -0.425704153689098E+000  0.513059125113341E+000 -0.107536384819057E+002 -0.720373885373305E+003
  0.204653432156548E-001  0.143690002951305E+004  0.105403884012528E+002  0.712713761993509E+002 -0.423883181323414E+000  0.483803960146511E+000 -0.107536384819057E+002 -0.720369143184118E+003
  0.204653432156548E-001  0.143689667692377E+004  0.126744429744159E+002  0.655843868404712E+002 -0.381970422526943E+000  0.482137489311199E+000 -0.107536384819057E+002 -0.720367466889478E+003
  0.204653432156548E-001  0.143688442800701E+004 -0.204354172546375E+001  0.718948986522860E+002 -0.432840143018574E+000  0.499780543066785E+000 -0.107536384819057E+002 -0.720361342431101E+003
  0.204653432156548E-001  0.143688360026720E+004  0.745282296446573E+001  0.691574089668283E+002 -0.479039672853689E+000  0.569092128254890E+000 -0.107536384819057E+002 -0.720360928561195E+003
  0.204653432156548E-001  0.143687222619288E+004  0.150668347371934E+002  0.660906330323682E+002 -0.481254810522206E+000  0.581918317891319E+000 -0.107536384819057E+002 -0.720355241524036E+003
  0.204653432156548E-001  0.143680613750827E+004  0.438014493993537E+001  0.609830356828724E+002 -0.448856922644478E+000  0.562489606864855E+000 -0.107536384819057E+002 -0.720322197181728E+003
  0.204653432156548E-001  0.143677469281515E+004  0.436567249359639E+001  0.647064131407542E+002 -0.428391804366910E+000  0.485566439132227E+000 -0.107536384819057E+002 -0.720306474835168E+003
  0.204653432156548E-001  0.143677007898715E+004 -0.140698627378668E+002  0.696605138706509E+002 -0.470380630509555E+000  0.563468734219679E+000 -0.107536384819057E+002 -0.720304167921171E+003
  0.204653432156548E-001  0.143676409998804E+004  0.123692828361481E+002  0.707827491974071E+002 -0.464691628972413E+000  0.551067790735313E+000 -0.107536384819057E+002 -0.720301178421612E+003
  0.204653432156548E-001  0.143674677111903E+004 -0.861884923508536E+001  0.654899584354271E+002 -0.415243240656464E+000  0.471477946203116E+000 -0.107536384819057E+002 -0.720292513987109E+003
  0.204653432156548E-001  0.143674158780067E+004 -0.105677506356189E+002  0.689340540601019E+002 -0.397360875873274E+000  0.462301816647651E+000 -0.107536384819057E+002 -0.720289922327927E+003
  0.204653432156548E-001  0.143672981218897E+004 -0.107410403556571E+001  0.673840121220462E+002 -0.435629643550701E+000  0.485731454161671E+000 -0.107536384819057E+002 -0.720284034522081E+003
  0.204653432156548E-001  0.143666674681533E+004 -0.190043787716211E+002  0.654960776894665E+002 -0.403751103578432E+000  0.524291488811009E+000 -0.107536384819057E+002 -0.720252501835257E+003
  0.204653432156548E-001  0.143665340385038E+004  0.135876383553466E+002  0.716015378123303E+002 -0.435565224012245E+000  0.518100408372201E+000 -0.107536384819057E+002 -0.720245830352782E+003
  0.204653432156548E-001  0.143664690889350E+004  0.238640045192119E+001  0.690491002633793E+002 -0.470913753794296E+000  0.532375165095898E+000 -0.107536384819057E+002 -0.720242582874343E+003
  0.204653432156548E-001  0.143663988114285E+004 -0.158226678295425E+001  0.664759219498403E+002 -0.431416351494935E+000  0.483620901513242E+000 -0.107536384819057E+002 -0.720239068999017E+003
  0.204653432156548E-001  0.143660626302701E+004  0.598163747066387E+000  0.673290107560639E+002 -0.465357683319565E+000  0.572243833172084E+000 -0.107536384819057E+002 -0.720222259941101E+003
  0.204653432156548E-001  0.143659013612824E+004 -0.109831880666952E+002  0.649004693020082E+002 -0.393544438010572E+000  0.466341233308815E+000 -0.107536384819057E+002 -0.720214196491715E+003
  0.204653432156548E-001  0.143654283041654E+004  0.240265751594849E+001  0.701608560155147E+002 -0.405770643570287E+000  0.475675410501894E+000 -0.107536384819057E+002 -0.720190543635862E+003
  0.204653432156548E-001  0.143653597635173E+004 -0.122817998684134E+002  0.625037632267629E+002 -0.417280935869714E+000  0.540287928216113E+000 -0.107536384819057E+002 -0.720187116603462E+003
  0.204653432156548E-001  0.143653404529330E+004  0.646900163869652E+001  0.637621398535985E+002 -0.468268440005227E+000  0.577966367110410E+000 -0.107536384819057E+002 -0.720186151074244E+003
  0.204653432156548E-001  0.143653160941040E+004  0.271225277350847E+000  0.698564367231154E+002 -0.449507459126891E+000  0.549424414209406E+000 -0.107536384819057E+002 -0.720184933132795E+003
  0.204653432156548E-001  0.143653116678811E+004 -0.871348972713757E+001  0.659991226894174E+002 -0.390301113013485E+000  0.498347824705099E+000 -0.107536384819057E+002 -0.720184711821648E+003
  0.204653432156548E-001  0.143652451002747E+004  0.638424043169844E+001  0.635032591921014E+002 -0.423040259419312E+000  0.547762125545876E+000 -0.107536384819057E+002 -0.720181383441331E+003
  0.204653432156548E-001  0.143648702544752E+004 -0.712923045862183E+001  0.667312189661992E+002 -0.461802984239675E+000  0.571658287202869E+000 -0.107536384819057E+002 -0.720162641151353E+003
  0.204653432156548E-001  0.143647871272073E+004 -0.945861767578979E+000  0.672854588277842E+002 -0.391967869234436E+000  0.462962874767260E+000 -0.107536384819057E+002 -0.720158484787960E+003
  0.204653432156548E-001  0.143645833935517E+004 -0.446285493899331E+001  0.628685112415601E+002 -0.452219509599408E+000  0.569494137387604E+000 -0.107536384819057E+002 -0.720148298105179E+003
  0.204653432156548E-001  0.143645050500711E+004 -0.130126498380728E+002  0.609513943242381E+002 -0.433197805787953E+000  0.546587838626817E+000 -0.107536384819057E+002 -0.720144380931147E+003
  0.204653432156548E-001  0.143644492690566E+004  0.167396298481778E+002  0.672050863416444E+002 -0.416417671303566E+000  0.470819797878272E+000 -0.107536384819057E+002 -0.720141591880422E+003
  0.204653432156548E-001  0.143640928508078E+004 -0.118420560220115E+002  0.657887438124180E+002 -0.419731792193810E+000  0.476670676850649E+000 -0.107536384819057E+002 -0.720123770967986E+003
  0.204653432156548E-001  0.143638808741977E+004 -0.114639233764360E+002  0.608513488381897E+002 -0.437938507885050E+000  0.533243446184260E+000 -0.107536384819057E+002 -0.720113172137477E+003
  0.204653432156548E-001  0.143637541497652E+004 -0.142901662655822E+002  0.688749494643049E+002 -0.419715760793967E+000  0.526863753886051E+000 -0.107536384819057E+002 -0.720106835915856E+003
  0.204653432156548E-001  0.143635666749524E+004 -0.151260047314156E+002  0.682788552839792E+002 -0.469816504591405E+000  0.532317816924314E+000 -0.107536384819057E+002 -0.720097462175213E+003
  0.204653432156548E-001  0.143629227292136E+004 -0.117902822921847E+002  0.663594119097925E+002 -0.427721785437000E+000  0.482932381706566E+000 -0.107536384819057E+002 -0.720065264888273E+003
  0.204653432156548E-001  0.143624585475468E+004  0.572004270141544E+001  0.677157903927702E+002 -0.391787299844259E+000  0.483385197333185E+000 -0.107536384819057E+002 -0.720042055804934E+003
  0.204653432156548E-001  0.143624297317882E+004 -0.160738318729259E+001  0.668485285658232E+002 -0.396540000526444E+000  0.465256895652764E+000 -0.107536384819057E+002 -0.720040615017005E+003
  0.204653432156548E-001  0.143624207325744E+004 -0.183553309735966E+002  0.620376477564151E+002 -0.446917806693343E+000  0.562145309065514E+000 -0.107536384819057E+002 -0.720040165056313E+003
  0.204653432156548E-001  0.143622838149112E+004  0.257379462948683E+001  0.668704152482900E+002 -0.444559379110515E+000  0.558842904323694E+000 -0.107536384819057E+002 -0.720033319173156E+003
  0.204653432156548E-001  0.143620509656445E+004 -0.708848900194729E+001  0.709441523064567E+002 -0.445536280284081E+000  0.510430324514619E+000 -0.107536384819057E+002 -0.720021676709819E+003
  0.204653432156548E-001  0.143620220423408E+004  0.138949619307321E+002  0.683160102819222E+002 -0.395443396725458E+000  0.486691067185525E+000 -0.107536384819057E+002 -0.720020230544632E+003
  0.204653432156548E-001  0.143620192370560E+004  0.137200995550374E+002  0.669330500192787E+002 -0.402340744680450E+000  0.466197732415080E+000 -0.107536384819057E+002 -0.720020090280392E+003
  0.204653432156548E-001  0.143618982510968E+004  0.578577144051166E+001  0.635291928848848E+002 -0.409687876203090E+000  0.529515721650021E+000 -0.107536384819057E+002 -0.720014040982436E+003
  0.204653432156548E-001  0.143617261697862E+004 -0.583179018207858E+001  0.668461584915505E+002 -0.451562250502376E+000  0.508850525084725E+000 -0.107536384819057E+002 -0.720005436916906E+003
  0.204653432156548E-001  0.143613561146331E+004  0.130295723226078E+002  0.672003088206404E+002 -0.399278139895269E+000  0.466647151408676E+000 -0.107536384819057E+002 -0.719986934159248E+003
  0.204653432156548E-001  0.143613374649029E+004 -0.339084955437441E+001  0.620234644065665E+002 -0.439993609090409E+000  0.520889055171399E+000 -0.107536384819057E+002 -0.719986001672741E+003
  0.204653432156548E-001  0.143612502860715E+004  0.114465873681483E+002  0.667446346621018E+002 -0.394540022996687E+000  0.498012918189378E+000 -0.107536384819057E+002 -0.719981642731168E+003
  0.204653432156548E-001  0.143609499472367E+004  0.559658004768426E+000  0.637874536803887E+002 -0.469666556189935E+000  0.574077039638810E+000 -0.107536384819057E+002 -0.719966625789430E+003
  0.204653432156548E-001  0.143604358954775E+004  0.159109828489142E+002  0.654751308168212E+002 -0.457381008809020E+000  0.569388543594702E+000 -0.107536384819057E+002 -0.719940923201471E+003
  0.204653432156548E-001  0.143602978735166E+004  0.150125741104213E+002  0.627652740323113E+002 -0.431073682926837E+000  0.550695755276374E+000 -0.107536384819057E+002 -0.719934022103425E+003
  0.204653432156548E-001  0.143602639963809E+004  0.193579902301603E+002  0.618780500193670E+002 -0.442988188993077E+000  0.556452895095637E+000 -0.107536384819057E+002 -0.719932328246641E+003
  0.204653432156548E-001  0.143598018198484E+004 -0.156102645426130E+002  0.669802664958520E+002 -0.457472262102468E+000  0.517861775499131E+000 -0.107536384819057E+002 -0.719909219420015E+003
  0.204653432156548E-001  0.143596106233907E+004 -0.114686271010927E+002  0.695677745517361E+002 -0.454902092079585E+000  0.516463800305861E+000 -0.107536384819057E+002 -0.719899659597127E+003
  0.204653432156548E-001  0.143593756305060E+004  0.146977089601353E+002  0.618532033626465E+002 -0.427494251703875E+000  0.514235636571946E+000 -0.107536384819057E+002 -0.719887909952893E+003
  0.204653432156548E-001  0.143593351731751E+004 -0.888790579315189E+001  0.681716057914463E+002 -0.455791718110558E+000  0.559225651945180E+000 -0.107536384819057E+002 -0.719885887086349E+003
  0.204653432156548E-001  0.143593147481832E+004  0.763364706044911E+000  0.623540888164848E+002 -0.407000531585664E+000  0.503627247521210E+000 -0.107536384819057E+002 -0.719884865836754E+003
  0.204653432156548E-001  0.143592726526571E+004 -0.909029600368190E+001  0.707215906287911E+002 -0.446836748997812E+000  0.530961379167845E+000 -0.107536384819057E+002 -0.719882761060450E+003
  0.204653432156548E-001  0.143592051827048E+004  0.402802993241572E+001  0.621810403238358E+002 -0.461183760210411E+000  0.559280910616939E+000 -0.107536384819057E+002 -0.719879387562836E+003
  0.204653432156548E-001  0.143591948419154E+004 -0.102520202726170E+002  0.628240107733620E+002 -0.461857792419138E+000  0.545173616383948E+000 -0.107536384819057E+002 -0.719878870523366E+003
  0.204653432156548E-001  0.143584841211937E+004  0.950186665027023E+001  0.651280127825156E+002 -0.399931019879777E+000  0.510272688969505E+000 -0.107536384819057E+002 -0.719843334487280E+003
  0.204653432156548E-001  0.143583730640330E+004  0.114389760765873E+002  0.677428954438196E+002 -0.396878350660311E+000  0.488230384730826E+000 -0.107536384819057E+002 -0.719837781629243E+003
  0.204653432156548E-001  0.143583568058714E+004 -0.121735185219599E+002  0.634569356577465E+002 -0.452173529415428E+000  0.526157740754753E+000 -0.107536384819057E+002 -0.719836968721164E+003
  0.204653432156548E-001  0.143582065667084E+004 -0.121399706496684E+002  0.706264552050204E+002 -0.428253720661310E+000  0.500708046137600E+000 -0.107536384819057E+002 -0.719829456763014E+003
  0.204653432156548E-001  0.143581898174077E+004  0.153808974970169E+002  0.674468044709286E+002 -0.435517408194161E+000  0.492588669361609E+000 -0.107536384819057E+002 -0.719828619297980E+003
  0.204653432156548E-001  0.143579088119950E+004 -0.331987482079423E+001  0.635836819494420E+002 -0.449374498503038E+000  0.522120688466647E+000 -0.107536384819057E+002 -0.719814569027344E+003
  0.204653432156548E-001  0.143578807793085E+004  0.767671010401456E+001  0.692741119702863E+002 -0.409225825776040E+000  0.499032344940991E+000 -0.107536384819057E+002 -0.719813167393020E+003
  0.204653432156548E-001  0.143578219113476E+004  0.146670280276200E+002  0.687645476472291E+002 -0.403835795058346E+000  0.493145739171390E+000 -0.107536384819057E+002 -0.719810223994975E+003
  0.204653432156548E-001  0.143576252647562E+004  0.787523174312467E+001  0.666649488992077E+002 -0.420214314705759E+000  0.534109057602665E+000 -0.107536384819057E+002 -0.719800391665406E+003
  0.204653432156548E-001  0.143574525646110E+004 -0.163637543953319E+002  0.652978914437548E+002 -0.409660727058976E+000  0.524625107622281E+000 -0.107536384819057E+002 -0.719791756658143E+003
  0.204653432156548E-001  0.143570891722439E+004 -0.622279070704634E+001  0.665339648270491E+002 -0.475217182760405E+000  0.568826304561275E+000 -0.107536384819057E+002 -0.719773587039787E+003
  0.204653432156548E-001  0.143570604640753E+004 -0.144843162950991E+002  0.619247524723692E+002 -0.449786979363708E+000  0.542087511966552E+000 -0.107536384819057E+002 -0.719772151631357E+003
  0.204653432156548E-001  0.143568118244542E+004 -0.754275944687809E+000  0.679337293203500E+002 -0.411494024679281E+000  0.515624461717383E+000 -0.107536384819057E+002 -0.719759719650304E+003
  0.204653432156548E-001  0.143567598726249E+004 -0.123639965516043E+002  0.702003723214372E+002 -0.456581060256427E+000  0.529793929360190E+000 -0.107536384819057E+002 -0.719757122058839E+003
  0.204653432156548E-001  0.143566650725187E+004 -0.905170875317515E+001  0.663283866218163E+002 -0.421923140462075E+000  0.483431657739320E+000 -0.107536384819057E+002 -0.719752382053528E+003
  0.204653432156548E-001  0.143563053261530E+004 -0.188892907713453E+002  0.689437714950523E+002 -0.419772629794663E+000  0.518940461879495E+000 -0.107536384819057E+002 -0.719734394735242E+003
  0.204653432156548E-001  0.143560434169234E+004  0.182899756396777E+002  0.672943479984760E+002 -0.424222626701014E+000  0.534677723265499E+000 -0.107536384819057E+002 -0.719721299273766E+003
  0.204653432156548E-001  0.143558544516238E+004  0.740855229042428E+001  0.626099056581678E+002 -0.449270388861892E+000  0.532815880877806E+000 -0.107536384819057E+002 -0.719711851008786E+003
  0.204653432156548E-001  0.143556723986450E+004  0.191730751263177E+002  0.675711305734932E+002 -0.450846581601665E+000  0.512140074061556E+000 -0.107536384819057E+002 -0.719702748359842E+003
  0.204653432156548E-001  0.143555349058083E+004 -0.243645096043973E+001  0.653683086132024E+002 -0.473659357581317E+000  0.568149024892429E+000 -0.107536384819057E+002 -0.719695873718011E+003
  0.204653432156548E-001  0.143554104040361E+004  0.346593793239964E+001  0.625286961203521E+002 -0.443540093522177E+000  0.554565172274374E+000 -0.107536384819057E+002 -0.719689648629397E+003
  0.204653432156548E-001  0.143553679141005E+004 -0.111277899309832E+002  0.695018452779889E+002 -0.435292805298602E+000  0.530999583111919E+000 -0.107536384819057E+002 -0.719687524132619E+003
  0.204653432156548E-001  0.143553213467561E+004 -0.184339115352821E+001  0.693710515624547E+002 -0.415030285873670E+000  0.503995860346530E+000 -0.107536384819057E+002 -0.719685195765399E+003
  0.204653432156548E-001  0.143552428036327E+004 -0.596613520227775E+001  0.657661603214127E+002 -0.471343279816707E+000  0.568666823780233E+000 -0.107536384819057E+002 -0.719681268609231E+003
  0.204653432156548E-001  0.143551347900811E+004 -0.777660348262320E+001  0.678494943580614E+002 -0.401357535002513E+000  0.490600109668950E+000 -0.107536384819057E+002 -0.719675867931648E+003
  0.204653432156548E-001  0.143550221379367E+004  0.140647355896832E+002  0.634472966693821E+002 -0.413599134132670E+000  0.495139748899486E+000 -0.107536384819057E+002 -0.719670235324428E+003
  0.204653432156548E-001  0.143549472753241E+004 -0.841114736816483E+001  0.627735572101866E+002 -0.420331729429371E+000  0.505164890826747E+000 -0.107536384819057E+002 -0.719666492193798E+003
  0.204653432156548E-001  0.143549202917973E+004  0.156040020294238E+002  0.619538833381829E+002 -0.423979612536842E+000  0.525099527821481E+000 -0.107536384819057E+002 -0.719665143017459E+003
  0.204653432156548E-001  0.143549177973378E+004 -0.625300926064017E+001  0.647076093847003E+002 -0.461828040611939E+000  0.535809869294614E+000 -0.107536384819057E+002 -0.719665018294484E+003
  0.204653432156548E-001  0.143548415355371E+004  0.167747607214703E+002  0.631764285843411E+002 -0.450187046305507E+000  0.529681173041787E+000 -0.107536384819057E+002 -0.719661205204451E+003
  0.204653432156548E-001  0.143546824995796E+004  0.150053778738992E+002  0.675622124974719E+002 -0.451921593166842E+000  0.514455394469398E+000 -0.107536384819057E+002 -0.719653253406573E+003
  0.204653432156548E-001  0.143544871333203E+004  0.109147783786597E+001  0.639700921299202E+002 -0.402007819152184E+000  0.495223848596504E+000 -0.107536384819057E+002 -0.719643485093607E+003
  0.204653432156548E-001  0.143544488916656E+004 -0.111291803257196E+002  0.656223530751832E+002 -0.450203595911650E+000  0.516173709678100E+000 -0.107536384819057E+002 -0.719641573010874E+003
  0.204653432156548E-001  0.143540262444221E+004 -0.102577426928261E+002  0.668889549636518E+002 -0.429424851492642E+000  0.540155955164713E+000 -0.107536384819057E+002 -0.719620440648697E+003
  0.204653432156548E-001  0.143539698306232E+004 -0.163133777840725E+002  0.651539709410715E+002 -0.472544829799242E+000  0.556847498803105E+000 -0.107536384819057E+002 -0.719617619958754E+003
  0.204653432156548E-001  0.143536627741085E+004 -0.940042980694110E+001  0.691118023797370E+002 -0.429247460845001E+000  0.493802456489335E+000 -0.107536384819057E+002 -0.719602267133019E+003
  0.204653432156548E-001  0.143536414021804E+004  0.999292974535141E+001  0.673475635213691E+002 -0.412531463023762E+000  0.517100891361740E+000 -0.107536384819057E+002 -0.719601198536613E+003
  0.204653432156548E-001  0.143536313382773E+004  0.832817131607715E+000  0.694353357759243E+002 -0.437509066166331E+000  0.502665974640370E+000 -0.107536384819057E+002 -0.719600695341461E+003
  0.204653432156548E-001  0.143535008396221E+004  0.185880224383023E+002  0.637932466480452E+002 -0.466092720102922E+000  0.561834051909395E+000 -0.107536384819057E+002 -0.719594170408700E+003
  0.204653432156548E-001  0.143532877611784E+004  0.180944688096544E+002  0.644292670516537E+002 -0.428647755490183E+000  0.499568307967953E+000 -0.107536384819057E+002 -0.719583516486515E+003
  0.204653432156548E-001  0.143532258184068E+004 -0.565378319387584E+001  0.700823435882195E+002 -0.443681307019502E+000  0.526102722079269E+000 -0.107536384819057E+002 -0.719580419347934E+003
  0.204653432156548E-001  0.143526846184446E+004 -0.502528751703074E+001  0.660648748871638E+002 -0.453322623866361E+000  0.520520020708858E+000 -0.107536384819057E+002 -0.719553359349825E+003
  0.204653432156548E-001  0.143524698192059E+004 -0.176956331711865E+002  0.640631841516298E+002 -0.410091337558722E+000  0.493328200261241E+000 -0.107536384819057E+002 -0.719542619387891E+003
  0.204653432156548E-001  0.143524476043441E+004 -0.613087832281020E+001  0.623320903140508E+002 -0.425758079239602E+000  0.529927305751019E+000 -0.107536384819057E+002 -0.719541508644801E+003
  0.204653432156548E-001  0.143524276453726E+004  0.150918505215721E+002  0.644494825072485E+002 -0.423834073976015E+000  0.496612250899439E+000 -0.107536384819057E+002 -0.719540510696223E+003
  0.204653432156548E-001  0.143524120469640E+004  0.128616801506801E+002  0.642204385669235E+002 -0.466730667682162E+000  0.561965653502829E+000 -0.107536384819057E+002 -0.719539730775793E+003
  0.204653432156548E-001  0.143521567314715E+004  0.145502637635034E+002  0.679556873563496E+002 -0.440025626185292E+000  0.543341468289097E+000 -0.107536384819057E+002 -0.719526965001167E+003
  0.204653432156548E-001  0.143521435007809E+004  0.127321341419226E+002  0.646725565202945E+002 -0.469208712580864E+000  0.559253755541402E+000 -0.107536384819057E+002 -0.719526303466641E+003
  0.204653432156548E-001  0.143521344785415E+004 -0.829280556663479E+001  0.672399947828571E+002 -0.469774168922723E+000  0.547354505372977E+000 -0.107536384819057E+002 -0.719525852354668E+003
  0.204653432156548E-001  0.143520815124475E+004 -0.122519140132789E+002  0.663127084133014E+002 -0.418573332983172E+000  0.528388762344852E+000 -0.107536384819057E+002 -0.719523204049969E+003
  0.204653432156548E-001  0.143520759971335E+004 -0.139131296746809E+002  0.629857754230031E+002 -0.447587565066847E+000  0.554635847561689E+000 -0.107536384819057E+002 -0.719522928284269E+003
  0.204653432156548E-001  0.143517615252411E+004  0.461492306821306E+001  0.696093911996681E+002 -0.437120339442546E+000  0.525927445611091E+000 -0.107536384819057E+002 -0.719507204689650E+003
  0.204653432156548E-001  0.143516903971726E+004  0.159931230735207E+002  0.673022373800583E+002 -0.426426572284266E+000  0.490721391745642E+000 -0.107536384819057E+002 -0.719503648286226E+003
  0.204653432156548E-001  0.143515257486070E+004 -0.437321356765277E+001  0.645876262437832E+002 -0.421131559992086E+000  0.534048277298557E+000 -0.107536384819057E+002 -0.719495415857944E+003
  0.204653432156548E-001  0.143515010720344E+004 -0.177556742900102E+002  0.680021442339158E+002 -0.431199801665233E+000  0.495158742397404E+000 -0.107536384819057E+002 -0.719494182029315E+003
  0.204653432156548E-001  0.143512369669137E+004  0.764806550987388E+001  0.679788735124285E+002 -0.413808774904133E+000  0.510930695686428E+000 -0.107536384819057E+002 -0.719480976773277E+003
  0.204653432156548E-001  0.143512067542874E+004  0.188382092999329E+001  0.638399891900191E+002 -0.410314960361507E+000  0.498935466007913E+000 -0.107536384819057E+002 -0.719479466141965E+003
  0.204653432156548E-001  0.143511475881336E+004 -0.522897910237487E+001  0.681862357139783E+002 -0.426483539726601E+000  0.527367525864264E+000 -0.107536384819057E+002 -0.719476507834274E+003
  0.204653432156548E-001  0.143510308506487E+004  0.131657389998010E+002  0.694366937979971E+002 -0.441964360142974E+000  0.531355180937240E+000 -0.107536384819057E+002 -0.719470670960030E+003
  0.204653432156548E-001  0.143509499799514E+004  0.222208661805419E+001  0.627264138233998E+002 -0.421393681987696E+000  0.523964394158644E+000 -0.107536384819057E+002 -0.719466627425163E+003
  0.204653432156548E-001  0.143505694684219E+004  0.167402207899707E+002  0.669894474489552E+002 -0.450115438822489E+000  0.553749801067723E+000 -0.107536384819057E+002 -0.719447601848687E+003
  0.204653432156548E-001  0.143505227503433E+004  0.371940554582409E+001  0.625144560537781E+002 -0.440317151913513E+000  0.541952342397417E+000 -0.107536384819057E+002 -0.719445265944757E+003
  0.204653432156548E-001  0.143504419317781E+004  0.746180095288609E+001  0.660030040182041E+002 -0.424587145240778E+000  0.492761175366939E+000 -0.107536384819057E+002 -0.719441225016500E+003
  0.204653432156548E-001  0.143502964820292E+004 -0.414369842385779E+001  0.686233408026255E+002 -0.461863035863636E+000  0.544629828626578E+000 -0.107536384819057E+002 -0.719433952529053E+003
  0.204653432156548E-001  0.143501417032260E+004  0.836512632431659E+001  0.652596269304269E+002 -0.446132990615278E+000  0.555065731348105E+000 -0.107536384819057E+002 -0.719426213588893E+003
  0.204653432156548E-001  0.143499356353939E+004  0.194041787960627E+002  0.678331726218550E+002 -0.430986685770371E+000  0.533319827260391E+000 -0.107536384819057E+002 -0.719415910197290E+003
  0.204653432156548E-001  0.143498864886998E+004 -0.174734233832802E+001  0.632200231082590E+002 -0.452984937958559E+000  0.542696789284007E+000 -0.107536384819057E+002 -0.719413452862587E+003
  0.204653432156548E-001  0.143496246303472E+004 -0.136249337563669E+002  0.665282997773091E+002 -0.404992399832317E+000  0.496613583839553E+000 -0.107536384819057E+002 -0.719400359944954E+003
  0.204653432156548E-001  0.143490993756915E+004  0.128152946663960E+002  0.660130095246837E+002 -0.405781282118672E+000  0.501024235459765E+000 -0.107536384819057E+002 -0.719374097212169E+003
  0.204653432156548E-001  0.143489933178797E+004 -0.178781731403806E+002  0.650364931554574E+002 -0.407452343883014E+000  0.506598510012324E+000 -0.107536384819057E+002 -0.719368794321580E+003
  0.204653432156548E-001  0.143870781779361E+004  0.180570695858375E+002  0.675629207614206E+002 -0.426669650924778E+000  0.528707602694309E+000 -0.107536384819057E+002 -0.719353908896807E+003
