  0.760103298365254E+001  0.675714378102574E+002 -0.518530681328370E+000  0.142586048609125E+001  0.392496180275733E+001  0.269823781119163E+002 -0.191429983018121E+002 -0.708729117335125E+003 -0.708729117335125E+003 -0.708805949768282E+003
  0.105689760590331E+002  0.684304371983387E+002 -0.510138125164096E+000  0.142867518493338E+001  0.452917169668673E+001  0.317041502261082E+002 -0.191429983018121E+002 -0.708759211098389E+003 -0.708759211098389E+003 -0.708784581857408E+003
 -0.121698568965923E+002  0.679651074421690E+002 -0.515578971333335E+000  0.154446960086900E+001  0.584617265811634E+001  0.468734026968806E+002 -0.191429983018121E+002 -0.708728334380383E+003 -0.708728334380383E+003 -0.708775397851111E+003
  0.870233253422693E+001  0.677251391531243E+002 -0.485981596123843E+000  0.116667530200818E+001  0.190722076881115E+001  0.111088830579948E+002 -0.191429983018121E+002 -0.708747608769967E+003 -0.708747608769967E+003 -0.708889640223445E+003
 -0.136735652481319E+002  0.686855528974208E+002 -0.518933999510712E+000  0.145283662232110E+001  0.302189434894911E+001  0.175704998696966E+002 -0.191429983018121E+002 -0.708748240710926E+003 -0.708748240710926E+003 -0.708783533588410E+003
  0.770986090067877E+001  0.685041263350854E+002 -0.522596219613562E+000  0.148821238206501E+001  0.479322855483954E+001  0.345303405827031E+002 -0.191429983018121E+002 -0.708754325256981E+003 -0.708754325256981E+003 -0.709002133099209E+003
  0.151622596210608E+002  0.674426077211048E+002 -0.495264320767254E+000  0.136348585925679E+001  0.529244632761440E+001  0.467779581353299E+002 -0.191429983018121E+002 -0.708750018880656E+003 -0.708750018880656E+003 -0.708771504954015E+003
  0.683397305570299E+001  0.684493253706868E+002 -0.460314295230782E+000  0.914173316840668E+000  0.466571176400915E+000  0.465994633764873E+001 -0.191429983018121E+002 -0.708751891807479E+003 -0.708751891807479E+003 -0.708798049825367E+003
 -0.531180787675190E+001  0.677417830715617E+002 -0.517452139403762E+000  0.159339227416164E+001  0.573892319403022E+001  0.429775700013787E+002 -0.191429983018121E+002 -0.708734788652228E+003 -0.708734788652228E+003 -0.708774896773835E+003
  0.577785187717512E+001  0.676291259325263E+002 -0.512256570851797E+000  0.156685958109818E+001  0.675961634378550E+001  0.582282003109190E+002 -0.191429983018121E+002 -0.708758243837152E+003 -0.708758243837152E+003 -0.708783757235220E+003
  0.105179431815049E+002  0.670218290926584E+002 -0.491380904136805E+000  0.120718868323720E+001  0.184511237609028E+001  0.116130218839712E+002 -0.191429983018121E+002 -0.708728442764701E+003 -0.708728442764701E+003 -0.708797049757826E+003
  0.448700657859071E+001  0.684013764422463E+002 -0.531854960877195E+000  0.171118312329784E+001  0.627937401692871E+001  0.462472274075110E+002 -0.191429983018121E+002 -0.708751542983715E+003 -0.708751542983715E+003 -0.708771584560524E+003
 -0.146374119428088E+002  0.677397404774373E+002 -0.530921033190943E+000  0.152472835656346E+001  0.318825837556198E+001  0.187981426377000E+002 -0.191429983018121E+002 -0.708759149091531E+003 -0.708759149091531E+003 -0.708773207514500E+003
  0.152653303545848E+002  0.681814023719401E+002 -0.527687067085006E+000  0.169251698960337E+001  0.627307101266816E+001  0.472142665489151E+002 -0.191429983018121E+002 -0.708759479663396E+003 -0.708759479663396E+003 -0.708814564750419E+003
 -0.293165558826779E+001  0.683760844853550E+002 -0.500920720095257E+000  0.139347534838653E+001  0.401028597475022E+001  0.267712875516008E+002 -0.191429983018121E+002 -0.708743462206256E+003 -0.708743462206256E+003 -0.708784539025022E+003
 -0.456641860959731E+001  0.669747631276899E+002 -0.472421117139477E+000  0.103505444253460E+001  0.141988597045469E+001  0.980772691835741E+001 -0.191429983018121E+002 -0.708742724298817E+003 -0.708742724298817E+003 -0.708773342349081E+003
 -0.572792580100078E+001  0.674975739809626E+002 -0.462299533579504E+000  0.898477069778510E+000  0.280639377621640E+000  0.416683706205817E+001 -0.191429983018121E+002 -0.708724854098587E+003 -0.708724854098587E+003 -0.708767944077592E+003
 -0.107460500196367E+002  0.677605239882399E+002 -0.507541705322514E+000  0.121439738218201E+001  0.151803113529904E+001  0.897530532987782E+001 -0.191429983018121E+002 -0.708670201679655E+003 -0.708670201679655E+003 -0.708913198651603E+003
  0.183484869807793E+002  0.685337573044107E+002 -0.510508314095264E+000  0.140930099670926E+001  0.392494540259237E+001  0.267738154911375E+002 -0.191429983018121E+002 -0.708716884676693E+003 -0.708716884676693E+003 -0.708764573654223E+003
  0.419477208294962E+001  0.674704609013441E+002 -0.509713104201941E+000  0.138872651414504E+001  0.425561535178405E+001  0.322024458588012E+002 -0.191429983018121E+002 -0.708747609137651E+003 -0.708747609137651E+003 -0.708775473339173E+003
 -0.145853044558571E+001  0.681420561059561E+002 -0.522078663365689E+000  0.155277195768497E+001  0.402590452695724E+001  0.240076832818242E+002 -0.191429983018121E+002 -0.708760011851244E+003 -0.708760011851244E+003 -0.708762331770157E+003
  0.592224455406842E+001  0.683017043261301E+002 -0.515237497078441E+000  0.146391508822794E+001  0.521263349665750E+001  0.403202026172906E+002 -0.191429983018121E+002 -0.708755678434730E+003 -0.708755678434730E+003 -0.708809200302408E+003
  0.645697609383618E+001  0.677053703618153E+002 -0.520358753321426E+000  0.170394326478765E+001  0.881387073594772E+001  0.864330831757400E+002 -0.191429983018121E+002 -0.708759068936056E+003 -0.708759068936056E+003 -0.708783103791247E+003
 -0.107682254940217E+002  0.672904156100193E+002 -0.484513192398396E+000  0.103495717091438E+001  0.953142250343912E+000  0.723025188858026E+001 -0.191429983018121E+002 -0.708669271316785E+003 -0.708669271316785E+003 -0.708840088806010E+003
  0.144246264290635E+002  0.666866662681034E+002 -0.474369584058923E+000  0.102165080274745E+001  0.134642941644735E+001  0.982957526790482E+001 -0.191429983018121E+002 -0.708745970436167E+003 -0.708745970436167E+003 -0.708917213747647E+003
 -0.138195699897760E+002  0.669622511982923E+002 -0.474233606844159E+000  0.994967925151643E+000  0.110110523875931E+001  0.840158992418820E+001 -0.191429983018121E+002 -0.708716997608203E+003 -0.708716997608203E+003 -0.708773342349081E+003
 -0.659999296971147E+001  0.670121370316781E+002 -0.503984024471021E+000  0.144939535085031E+001  0.510154090582514E+001  0.407506324782726E+002 -0.191429983018121E+002 -0.708759900923568E+003 -0.708759900923568E+003 -0.708807132136988E+003
 -0.297690215730760E+001  0.674338414467033E+002 -0.517123226448582E+000  0.166152220242493E+001  0.769344013198265E+001  0.690826643484527E+002 -0.191429983018121E+002 -0.708755423065356E+003 -0.708755423065356E+003 -0.708772863800620E+003
 -0.962650275305443E+001  0.687018450836048E+002 -0.514741795002049E+000  0.141207313617360E+001  0.404587982198203E+001  0.273750570846871E+002 -0.191429983018121E+002 -0.708734924353945E+003 -0.708734924353945E+003 -0.708783371167125E+003
 -0.193707302793453E+002  0.677091875153082E+002 -0.490931139351783E+000  0.112868536309499E+001  0.225853189467436E+001  0.158590572051329E+002 -0.191429983018121E+002 -0.708726029891273E+003 -0.708726029891273E+003 -0.708778604675853E+003
 -0.173590481277249E+002  0.675700824866154E+002 -0.489555795106309E+000  0.116468129857272E+001  0.170312121021408E+001  0.111482393711065E+002 -0.191429983018121E+002 -0.708706247459987E+003 -0.708706247459987E+003 -0.708766467123825E+003
 -0.138111206072236E+002  0.688012905661711E+002 -0.505256492801412E+000  0.138313136766650E+001  0.380645862185493E+001  0.259986988563926E+002 -0.191429983018121E+002 -0.708739455908243E+003 -0.708739455908243E+003 -0.708829673190896E+003
  0.121755624497339E+002  0.684044042792304E+002 -0.507633681049220E+000  0.147598097619447E+001  0.562209060113414E+001  0.448305360373028E+002 -0.191429983018121E+002 -0.708746341567300E+003 -0.708746341567300E+003 -0.708772582183864E+003
  0.110675985683775E+002  0.681978694359660E+002 -0.510564064483250E+000  0.136230813302038E+001  0.384903393423519E+001  0.267738192696756E+002 -0.191429983018121E+002 -0.708726556156956E+003 -0.708726556156956E+003 -0.708782059246401E+003
 -0.605648037982579E+001  0.676353374208724E+002 -0.463906904917271E+000  0.919520912297607E+000  0.439480537719078E+000  0.467620857786564E+001 -0.191429983018121E+002 -0.708716967334289E+003 -0.708716967334289E+003 -0.708799147537661E+003
  0.141530424837928E+002  0.671142747846634E+002 -0.509336650591485E+000  0.140615993884415E+001  0.335169056024315E+001  0.217868404753663E+002 -0.191429983018121E+002 -0.708744872927507E+003 -0.708744872927507E+003 -0.708779954254253E+003
 -0.144096103041957E+002  0.677545784592121E+002 -0.481308383275677E+000  0.114933448398060E+001  0.310630671245155E+001  0.236039262343226E+002 -0.191429983018121E+002 -0.708758608903548E+003 -0.708758608903548E+003 -0.708783803504789E+003
 -0.275010819505647E+001  0.676233666362993E+002 -0.490228555035213E+000  0.123316676694120E+001  0.357011885972078E+001  0.273486316787170E+002 -0.191429983018121E+002 -0.708729285683577E+003 -0.708729285683577E+003 -0.708774896773835E+003
  0.282880219662168E+000  0.678230588148756E+002 -0.522936898046994E+000  0.164382488203561E+001  0.723942223444891E+001  0.629159988480370E+002 -0.191429983018121E+002 -0.708747565582863E+003 -0.708747565582863E+003 -0.708852917584188E+003
 -0.485143289157373E+001  0.682519695714004E+002 -0.474512147114261E+000  0.898661395195149E+000  0.694105663224242E+000  0.635909660839567E+001 -0.191429983018121E+002 -0.708748947833549E+003 -0.708748947833549E+003 -0.708788914138166E+003
  0.442986012264236E+001  0.685034352859603E+002 -0.523102539216701E+000  0.156845069459485E+001  0.502258453779788E+001  0.339034763267194E+002 -0.191429983018121E+002 -0.708745907711204E+003 -0.708745907711204E+003 -0.708834192863286E+003
 -0.249990716462120E+001  0.672310729250848E+002 -0.523215593209554E+000  0.131629315634253E+001  0.136158565801859E+001  0.797460259106238E+001 -0.191429983018121E+002 -0.708743116053090E+003 -0.708743116053090E+003 -0.708847969576225E+003
 -0.150733326000401E+002  0.681698235688482E+002 -0.524596538107303E+000  0.164298835989221E+001  0.581475457028380E+001  0.413562892830927E+002 -0.191429983018121E+002 -0.708755638186957E+003 -0.708755638186957E+003 -0.708777251259120E+003
 -0.136283478423489E+002  0.677553327331916E+002 -0.490319436824173E+000  0.109073326428105E+001  0.187213475526327E+001  0.131004941424392E+002 -0.191429983018121E+002 -0.708731138190802E+003 -0.708731138190802E+003 -0.708822041921155E+003
 -0.993209242504149E+001  0.675821329229239E+002 -0.508844446918020E+000  0.143761990518095E+001  0.547086451539334E+001  0.463445705181503E+002 -0.191429983018121E+002 -0.708753086052896E+003 -0.708753086052896E+003 -0.708784806484707E+003
  0.825415936630509E+001  0.677909155441969E+002 -0.500533412278970E+000  0.137920260393611E+001  0.521040162454634E+001  0.448369697504706E+002 -0.191429983018121E+002 -0.708742992199568E+003 -0.708742992199568E+003 -0.708775974074038E+003
 -0.923096807656051E+001  0.676899832293470E+002 -0.503057749597298E+000  0.142113137095010E+001  0.404846742886456E+001  0.279723224909028E+002 -0.191429983018121E+002 -0.708740037175732E+003 -0.708740037175732E+003 -0.708993124861899E+003
  0.121566357098803E+002  0.675262967090782E+002 -0.517695501562923E+000  0.143497780347574E+001  0.418739659953813E+001  0.289190002601362E+002 -0.191429983018121E+002 -0.708739952288528E+003 -0.708739952288528E+003 -0.708765162818565E+003
  0.794919585352891E+001  0.672900546940826E+002 -0.491470685048283E+000  0.115074177819795E+001  0.220101492557324E+001  0.151017626834838E+002 -0.191429983018121E+002 -0.708711297612392E+003 -0.708711297612392E+003 -0.708763312411798E+003
  0.157386118923243E+002  0.683824694223111E+002 -0.493054480021519E+000  0.131452275552765E+001  0.471288296873240E+001  0.388147722263929E+002 -0.191429983018121E+002 -0.708754555928362E+003 -0.708754555928362E+003 -0.708768036000738E+003
  0.616421120103184E+001  0.678063602756188E+002 -0.480326899663619E+000  0.118530835951679E+001  0.355097794665118E+001  0.281722580735687E+002 -0.191429983018121E+002 -0.708751510334837E+003 -0.708751510334837E+003 -0.708779017133718E+003
 -0.149677565550084E+002  0.679722117639979E+002 -0.516204722721361E+000  0.139908720820583E+001  0.238842314331313E+001  0.134887745676416E+002 -0.191429983018121E+002 -0.708715738266058E+003 -0.708715738266058E+003 -0.708763327109957E+003
 -0.109026297292871E+002  0.669240183938346E+002 -0.515715426372849E+000  0.133445401029508E+001  0.155857784037361E+001  0.914700251784561E+001 -0.191429983018121E+002 -0.708745869882002E+003 -0.708745869882002E+003 -0.708858190192026E+003
 -0.217696712251796E+001  0.670771404364645E+002 -0.500822671645818E+000  0.123906578990590E+001  0.263009276655361E+001  0.171864395331420E+002 -0.191429983018121E+002 -0.708729413325824E+003 -0.708729413325824E+003 -0.708773530005862E+003
 -0.162056386025716E+002  0.682987569131994E+002 -0.503624960974294E+000  0.136126782496039E+001  0.476865130109697E+001  0.389083389023911E+002 -0.191429983018121E+002 -0.708749803645222E+003 -0.708749803645222E+003 -0.708788597505102E+003
 -0.565717646796868E+001  0.689313170996486E+002 -0.506909550443525E+000  0.149106926478727E+001  0.564137581415687E+001  0.449700609529206E+002 -0.191429983018121E+002 -0.708760603267825E+003 -0.708760603267825E+003 -0.708769658273282E+003
 -0.787723509249143E+001  0.673020195680082E+002 -0.468825963016562E+000  0.994956171409124E+000  0.958973724683979E+000  0.666843505578630E+001 -0.191429983018121E+002 -0.708759369113167E+003 -0.708759369113167E+003 -0.708764786635399E+003
  0.811022491069140E+001  0.675371961423015E+002 -0.504629983318637E+000  0.153997657872453E+001  0.683742411256383E+001  0.613145313578438E+002 -0.191429983018121E+002 -0.708755054529610E+003 -0.708755054529610E+003 -0.708785648055069E+003
  0.131796052793461E+002  0.669263368671751E+002 -0.512378574332357E+000  0.132813211063512E+001  0.305895737426342E+001  0.201141720310736E+002 -0.191429983018121E+002 -0.708750929092214E+003 -0.708750929092214E+003 -0.708821928952325E+003
 -0.162413140892372E+000  0.676017233852226E+002 -0.520186075709619E+000  0.151389890502816E+001  0.542329481934570E+001  0.428257081471914E+002 -0.191429983018121E+002 -0.708755234065745E+003 -0.708755234065745E+003 -0.708768709439404E+003
 -0.203669625155306E+001  0.680372174903903E+002 -0.520093929800082E+000  0.159904467068121E+001  0.591450846702190E+001  0.447937630642703E+002 -0.191429983018121E+002 -0.708728177241737E+003 -0.708728177241737E+003 -0.708766972308032E+003
  0.180977239254470E+002  0.681478036033900E+002 -0.501003182882554E+000  0.140378388129689E+001  0.443963053216116E+001  0.332980181986154E+002 -0.191429983018121E+002 -0.708746880003440E+003 -0.708746880003440E+003 -0.708776296094057E+003
 -0.183345277322448E+002  0.684589618423614E+002 -0.494268858312278E+000  0.127774286451497E+001  0.229565765393988E+001  0.135814124782999E+002 -0.191429983018121E+002 -0.708756399739494E+003 -0.708756399739494E+003 -0.708762954079492E+003
 -0.127691432099075E+002  0.685904668612915E+002 -0.498067107241964E+000  0.144254829813295E+001  0.555327141433698E+001  0.457638550158968E+002 -0.191429983018121E+002 -0.708760322453340E+003 -0.708760322453340E+003 -0.708768714645857E+003
 -0.571835193816581E+001  0.672374014104333E+002 -0.500817830842690E+000  0.119858346043614E+001  0.143342421405102E+001  0.812214245564153E+001 -0.191429983018121E+002 -0.708754453877679E+003 -0.708754453877679E+003 -0.708781733795839E+003
 -0.163875864418792E+002  0.676617187681908E+002 -0.517964186546617E+000  0.141650881492363E+001  0.410157695399933E+001  0.283024265118743E+002 -0.191429983018121E+002 -0.708757689385907E+003 -0.708757689385907E+003 -0.708778936793408E+003
 -0.945964918867462E+001  0.687932008107631E+002 -0.493508022257704E+000  0.126773746709062E+001  0.227933207124406E+001  0.130772172599010E+002 -0.191429983018121E+002 -0.708760129158935E+003 -0.708760129158935E+003 -0.708770393112890E+003
 -0.431301992694804E+001  0.682294894193810E+002 -0.507857142377608E+000  0.134590972846714E+001  0.357661971145498E+001  0.251968431802297E+002 -0.191429983018121E+002 -0.708737369226415E+003 -0.708737369226415E+003 -0.708830492251495E+003
 -0.165259347662813E+002  0.682030790556879E+002 -0.519307540621196E+000  0.151758871284539E+001  0.453964805457546E+001  0.295066422463563E+002 -0.191429983018121E+002 -0.708757208874339E+003 -0.708757208874339E+003 -0.709031157611395E+003
  0.121168252449195E+002  0.674927564701012E+002 -0.503626933553879E+000  0.123258988824348E+001  0.244693857880043E+001  0.164727352202095E+002 -0.191429983018121E+002 -0.708729823675832E+003 -0.708729823675832E+003 -0.708762096755742E+003
  0.110568871287785E+002  0.683513748340829E+002 -0.503752230860768E+000  0.137655445267267E+001  0.367176222003172E+001  0.249322828264228E+002 -0.191429983018121E+002 -0.708724963006357E+003 -0.708724963006357E+003 -0.708819776982502E+003
 -0.136894396484341E+002  0.682799612755077E+002 -0.502069405393405E+000  0.118089612080447E+001  0.203629663712634E+001  0.130986853767881E+002 -0.191429983018121E+002 -0.708714416604546E+003 -0.708714416604546E+003 -0.708779197924361E+003
 -0.372531979223892E+001  0.670357586160777E+002 -0.506448596514836E+000  0.140602205687990E+001  0.461190530690699E+001  0.354036720390654E+002 -0.191429983018121E+002 -0.708746085709230E+003 -0.708746085709230E+003 -0.708785764168635E+003
  0.144615579912437E+002  0.678153569213295E+002 -0.491614635569274E+000  0.125643596155010E+001  0.297973182377870E+001  0.200916102975080E+002 -0.191429983018121E+002 -0.708705228303984E+003 -0.708705228303984E+003 -0.708773158566375E+003
 -0.139072754420052E+002  0.676737034590013E+002 -0.537619307713786E+000  0.160957675955372E+001  0.412594850954910E+001  0.250729772025759E+002 -0.191429983018121E+002 -0.708745357335395E+003 -0.708745357335395E+003 -0.708766526253117E+003
 -0.149730853504815E+002  0.678467663945121E+002 -0.501512413239706E+000  0.114007060286421E+001  0.144415391147599E+001  0.883156839938054E+001 -0.191429983018121E+002 -0.708710310265559E+003 -0.708710310265559E+003 -0.708775460132836E+003
 -0.451238145247447E+001  0.686500695370571E+002 -0.476468220783869E+000  0.998290894717549E+000  0.620820062627985E+000  0.537081091184862E+001 -0.191429983018121E+002 -0.708680038811425E+003 -0.708680038811425E+003 -0.708804810004980E+003
  0.174179001554408E+002  0.678202842321031E+002 -0.476499115326804E+000  0.994130383128837E+000  0.138683276732463E+001  0.104940404149453E+002 -0.191429983018121E+002 -0.708722203789557E+003 -0.708722203789557E+003 -0.708893460745898E+003
 -0.859425239426260E+001  0.682176137802587E+002 -0.468439127714881E+000  0.884794334372103E+000  0.530648513733276E+000  0.556885188613091E+001 -0.191429983018121E+002 -0.708704133937770E+003 -0.708704133937770E+003 -0.708804625784699E+003
  0.898382903449924E+001  0.669552066931497E+002 -0.512149967696582E+000  0.145356954992468E+001  0.417437755985874E+001  0.280765423763448E+002 -0.191429983018121E+002 -0.708760096951932E+003 -0.708760096951932E+003 -0.708857333043448E+003
  0.130741833935445E+002  0.667474713499011E+002 -0.490997398337403E+000  0.114201967122079E+001  0.205179709042433E+001  0.142482084288052E+002 -0.191429983018121E+002 -0.708742448830121E+003 -0.708742448830121E+003 -0.708789839587426E+003
 -0.190842416469556E+002  0.680402829243747E+002 -0.501382952826340E+000  0.120906142690616E+001  0.217471753373351E+001  0.134077716766872E+002 -0.191429983018121E+002 -0.708689007934678E+003 -0.708689007934678E+003 -0.708822696161691E+003
 -0.181950424695407E+002  0.670607323986618E+002 -0.489318664968766E+000  0.119012008442911E+001  0.212411754809153E+001  0.136668501204836E+002 -0.191429983018121E+002 -0.708712306398167E+003 -0.708712306398167E+003 -0.708789635296897E+003
 -0.446940797586216E+001  0.672747827348766E+002 -0.507091113136936E+000  0.139871740525008E+001  0.394533945317072E+001  0.278297841024497E+002 -0.191429983018121E+002 -0.708722021365407E+003 -0.708722021365407E+003 -0.708762338919889E+003
  0.319072553907250E+001  0.683040527448301E+002 -0.476253200107632E+000  0.964272616824768E+000  0.600200573621855E+000  0.527033083040326E+001 -0.191429983018121E+002 -0.708663350633656E+003 -0.708663350633656E+003 -0.708793312853045E+003
  0.156288758075107E+002  0.665799459165113E+002 -0.492916880131374E+000  0.116891551236801E+001  0.183819847206492E+001  0.114561508736519E+002 -0.191429983018121E+002 -0.708754635163088E+003 -0.708754635163088E+003 -0.708785026426143E+003
  0.110357966005035E+002  0.686852883216876E+002 -0.518086420054412E+000  0.146033641640697E+001  0.405072208527798E+001  0.259147484954754E+002 -0.191429983018121E+002 -0.708733433491258E+003 -0.708733433491258E+003 -0.708782784124995E+003
 -0.106721404429940E+002  0.673067709436232E+002 -0.487518149382501E+000  0.121814877359152E+001  0.354662825131595E+001  0.274823930857977E+002 -0.191429983018121E+002 -0.708748308717558E+003 -0.708748308717558E+003 -0.708787589106671E+003
 -0.111075777804624E+001  0.667398927063045E+002 -0.482824642602952E+000  0.111501249862721E+001  0.157582401618738E+001  0.104641348916167E+002 -0.191429983018121E+002 -0.708731762243013E+003 -0.708731762243013E+003 -0.708856087076737E+003
 -0.585286152614138E+001  0.683188384540335E+002 -0.524016215964753E+000  0.132771395093899E+001  0.188713087060133E+001  0.105716060426015E+002 -0.191429983018121E+002 -0.708706902224245E+003 -0.708706902224245E+003 -0.708766550701515E+003
  0.738729088920844E+001  0.678802373741139E+002 -0.527999150634925E+000  0.152246255061955E+001  0.314322181509329E+001  0.180735285843996E+002 -0.191429983018121E+002 -0.708749330801551E+003 -0.708749330801551E+003 -0.708872688178711E+003
 -0.194342739552084E+002  0.682958885693487E+002 -0.509001912692145E+000  0.125544240567884E+001  0.244361204265809E+001  0.157825051506150E+002 -0.191429983018121E+002 -0.708733990181990E+003 -0.708733990181990E+003 -0.708765827208034E+003
  0.114119530212189E+002  0.680488864409364E+002 -0.469116841919914E+000  0.968562658063457E+000  0.161181869307753E+001  0.126412311131002E+002 -0.191429983018121E+002 -0.708747141665838E+003 -0.708747141665838E+003 -0.708985049689082E+003
  0.809837562271009E+001  0.688368178086656E+002 -0.482852625283678E+000  0.108748362026046E+001  0.151941316504967E+001  0.915921190150576E+001 -0.191429983018121E+002 -0.708724779226257E+003 -0.708724779226257E+003 -0.708765429871659E+003
  0.164949877098310E+002  0.680548916381103E+002 -0.500498161454927E+000  0.121387950685425E+001  0.176440729328333E+001  0.113397101688846E+002 -0.191429983018121E+002 -0.708720905714814E+003 -0.708720905714814E+003 -0.708796276628128E+003
 -0.145578819686234E+002  0.675217258740077E+002 -0.493350612828086E+000  0.108515039916512E+001  0.153582253100853E+001  0.102848129453467E+002 -0.191429983018121E+002 -0.708727479559255E+003 -0.708727479559255E+003 -0.708763474269251E+003
  0.147175484091310E+001  0.672446339133850E+002 -0.492628730017319E+000  0.116537852505291E+001  0.128012624790911E+001  0.777439731619949E+001 -0.191429983018121E+002 -0.708708604459169E+003 -0.708708604459169E+003 -0.708777424840153E+003
 -0.362046485673792E+001  0.680346137886405E+002 -0.513484640517920E+000  0.160490357933588E+001  0.732901498560450E+001  0.671932654590348E+002 -0.191429983018121E+002 -0.708760374887702E+003 -0.708760374887702E+003 -0.708830631056883E+003
  0.106629713139190E+002  0.677880973732971E+002 -0.515083588099797E+000  0.145560127037117E+001  0.383211456363880E+001  0.258299220283602E+002 -0.191429983018121E+002 -0.708759756647523E+003 -0.708759756647523E+003 -0.708766660555449E+003
  0.134265342576132E+002  0.687350482372582E+002 -0.506395792870549E+000  0.122597317740759E+001  0.223765854106125E+001  0.138887119193615E+002 -0.191429983018121E+002 -0.708724626067410E+003 -0.708724626067410E+003 -0.708788799275949E+003
  0.163848377300496E+002  0.671309378163084E+002 -0.464332569746701E+000  0.928505763037030E+000  0.620681595257949E+000  0.538469729557436E+001 -0.191429983018121E+002 -0.708756868944236E+003 -0.708756868944236E+003 -0.708788925337935E+003
 -0.192314184952687E+002  0.690884334340715E+002 -0.480763036211595E+000  0.101541871018398E+001  0.107595090533542E+001  0.765982689326174E+001 -0.191429983018121E+002 -0.708728385108022E+003 -0.708728385108022E+003 -0.708766902092764E+003
  0.790597048710048E+001  0.684164154399058E+002 -0.526171719685726E+000  0.163107009819529E+001  0.558105014984563E+001  0.387583486091140E+002 -0.191429983018121E+002 -0.708755306156956E+003 -0.708755306156956E+003 -0.708765478121759E+003
  0.112651081035849E+002  0.681963057959946E+002 -0.522937064041180E+000  0.172652107354979E+001  0.759639567046352E+001  0.637542514283954E+002 -0.191429983018121E+002 -0.708754681225226E+003 -0.708754681225226E+003 -0.708802189136363E+003
  0.125916259084258E+002  0.677467147270584E+002 -0.491535631830907E+000  0.134276758401734E+001  0.465725567261888E+001  0.366921939253994E+002 -0.191429983018121E+002 -0.708758790911867E+003 -0.708758790911867E+003 -0.708804018084722E+003
  0.709289713640676E+000  0.679782248447339E+002 -0.483485028317465E+000  0.126773829969823E+001  0.472092662748385E+001  0.416710492148007E+002 -0.191429983018121E+002 -0.708758236577799E+003 -0.708758236577799E+003 -0.708767572778234E+003
  0.163829013466184E+002  0.671707812585646E+002 -0.503203312532995E+000  0.140884094627369E+001  0.440963750682753E+001  0.318461558220765E+002 -0.191429983018121E+002 -0.708749722078874E+003 -0.708749722078874E+003 -0.708781059836072E+003
 -0.158229994040879E+002  0.686032400618891E+002 -0.517376568600841E+000  0.148640364472471E+001  0.404685628745008E+001  0.261183934635022E+002 -0.191429983018121E+002 -0.708723483833526E+003 -0.708723483833526E+003 -0.708800811209799E+003
 -0.108869071627212E+001  0.688681374247715E+002 -0.488008248726781E+000  0.117257953579061E+001  0.256752178767687E+001  0.177143336335041E+002 -0.191429983018121E+002 -0.708742930523919E+003 -0.708742930523919E+003 -0.708845028273010E+003
 -0.111981300503074E+002  0.672470643114936E+002 -0.483532348881086E+000  0.102234391495886E+001  0.913143325785782E+000  0.649296774397559E+001 -0.191429983018121E+002 -0.708711642979085E+003 -0.708711642979085E+003 -0.708799680296562E+003
 -0.162742138214727E+002  0.681643556382392E+002 -0.489664216785641E+000  0.100855300393243E+001  0.109982714428085E+001  0.783810594490118E+001 -0.191429983018121E+002 -0.708759638214470E+003 -0.708759638214470E+003 -0.708811694414382E+003
 -0.161335202175663E+002  0.677116266095660E+002 -0.539774202919584E+000  0.169164009402895E+001  0.551002546698019E+001  0.378911629482618E+002 -0.191429983018121E+002 -0.708753203824715E+003 -0.708753203824715E+003 -0.708811342688383E+003
  0.186613543972194E+001  0.684600646023794E+002 -0.501043905525869E+000  0.146282127450093E+001  0.638193500027906E+001  0.579437675252291E+002 -0.191429983018121E+002 -0.708753725513466E+003 -0.708753725513466E+003 -0.708787230204704E+003
 -0.556314215974672E+001  0.685210955478223E+002 -0.521379722307013E+000  0.155516359514367E+001  0.589267479540380E+001  0.470645474692567E+002 -0.191429983018121E+002 -0.708756009810636E+003 -0.708756009810636E+003 -0.708762833974202E+003
 -0.730373523935208E+001  0.684004229356514E+002 -0.501372742350480E+000  0.142618575951752E+001  0.413950934384108E+001  0.275297377695553E+002 -0.191429983018121E+002 -0.708760755853660E+003 -0.708760755853660E+003 -0.708811499507523E+003
  0.128598416191938E+002  0.675224144551714E+002 -0.487616868520616E+000  0.100804100698415E+001  0.556408835311561E+000  0.595481762490978E+001 -0.191429983018121E+002 -0.708705807922116E+003 -0.708705807922116E+003 -0.708768005193372E+003
  0.181450788680874E+001  0.681608247990468E+002 -0.499656797693371E+000  0.135783823244707E+001  0.472196067134511E+001  0.384536764058340E+002 -0.191429983018121E+002 -0.708733592453751E+003 -0.708733592453751E+003 -0.708786320115677E+003
  0.187133355794706E+002  0.670016822912387E+002 -0.477206999503973E+000  0.107470432941291E+001  0.156035827382539E+001  0.100504098358340E+002 -0.191429983018121E+002 -0.708755759266047E+003 -0.708755759266047E+003 -0.708835685616093E+003
 -0.814986035236256E+001  0.677416708576536E+002 -0.495222185522184E+000  0.128496063066071E+001  0.263299517638589E+001  0.158026815705264E+002 -0.191429983018121E+002 -0.708723757214148E+003 -0.708723757214148E+003 -0.708794755569892E+003
  0.690308297003180E+001  0.683443982210800E+002 -0.490877210887126E+000  0.125757069202252E+001  0.318033542597153E+001  0.225546911526067E+002 -0.191429983018121E+002 -0.708741605349365E+003 -0.708741605349365E+003 -0.708766811279488E+003
 -0.613165675745686E+001  0.667639622725298E+002 -0.504430154453804E+000  0.131696169856963E+001  0.290682861020244E+001  0.184178686248442E+002 -0.191429983018121E+002 -0.708741698950089E+003 -0.708741698950089E+003 -0.708763713280622E+003
  0.104650662704254E+002  0.673703916715114E+002 -0.522680246208544E+000  0.142007818583231E+001  0.257145513392014E+001  0.151442576578318E+002 -0.191429983018121E+002 -0.708725131061748E+003 -0.708725131061748E+003 -0.708774886619071E+003
  0.121734393428963E+002  0.678579777020866E+002 -0.475708666165467E+000  0.113993487025719E+001  0.340194558407665E+001  0.286641156686153E+002 -0.191429983018121E+002 -0.708757543875497E+003 -0.708757543875497E+003 -0.708792677734803E+003
 -0.123211739456281E+001  0.669053115601838E+002 -0.522028566948771E+000  0.149483249206479E+001  0.394403545897122E+001  0.257402215896287E+002 -0.191429983018121E+002 -0.708747030475993E+003 -0.708747030475993E+003 -0.708764281992171E+003
  0.180459156897123E+002  0.674349207760863E+002 -0.490784853599409E+000  0.118849035659447E+001  0.241551549408378E+001  0.159897144275235E+002 -0.191429983018121E+002 -0.708697070359776E+003 -0.708697070359776E+003 -0.708793960154571E+003
  0.137940568414401E+001  0.670594136710149E+002 -0.523585079713361E+000  0.158413644031027E+001  0.558566877386199E+001  0.422886741818799E+002 -0.191429983018121E+002 -0.708755219277906E+003 -0.708755219277906E+003 -0.708784978706856E+003
 -0.173904042696282E+002  0.668672575416111E+002 -0.470537065729952E+000  0.930393223343025E+000  0.554846570425166E+000  0.515128954403855E+001 -0.191429983018121E+002 -0.708759064316205E+003 -0.708759064316205E+003 -0.708788338894511E+003
  0.930103275647492E+001  0.681770469782708E+002 -0.514798068284302E+000  0.141101395172091E+001  0.261396071939621E+001  0.141975737612846E+002 -0.191429983018121E+002 -0.708733871344550E+003 -0.708733871344550E+003 -0.708809659079867E+003
 -0.149521923475783E+002  0.680263810737879E+002 -0.487837681755589E+000  0.132791392472606E+001  0.478258670224109E+001  0.392242566277220E+002 -0.191429983018121E+002 -0.708757400252087E+003 -0.708757400252087E+003 -0.708761948485945E+003
  0.114942530738850E+002  0.667090660402905E+002 -0.505319578766108E+000  0.133687255788436E+001  0.256022245491651E+001  0.157614774761181E+002 -0.191429983018121E+002 -0.708752541679341E+003 -0.708752541679341E+003 -0.708771708211336E+003
 -0.166096276579129E+002  0.677451708697213E+002 -0.501035562155152E+000  0.122938719148471E+001  0.238990290051876E+001  0.145277428557277E+002 -0.191429983018121E+002 -0.708720326228005E+003 -0.708720326228005E+003 -0.708775682697205E+003
 -0.295557348403058E+001  0.670119050329898E+002 -0.482809022184087E+000  0.110911372466966E+001  0.195018404579348E+001  0.129973762210999E+002 -0.191429983018121E+002 -0.708733594227044E+003 -0.708733594227044E+003 -0.708771568595594E+003
  0.125815485272460E+002  0.674902121678469E+002 -0.501299885055371E+000  0.134965487374153E+001  0.435164891710203E+001  0.346246056805497E+002 -0.191429983018121E+002 -0.708746333925383E+003 -0.708746333925383E+003 -0.708761579465737E+003
  0.979714548983104E+000  0.678893718529086E+002 -0.516950734858611E+000  0.160981773150967E+001  0.648380396241435E+001  0.517837924887329E+002 -0.191429983018121E+002 -0.708749768207744E+003 -0.708749768207744E+003 -0.708815144039035E+003
  0.101233789487230E+002  0.682050106135631E+002 -0.487328323108101E+000  0.118774138512918E+001  0.324672475829469E+001  0.248329014721609E+002 -0.191429983018121E+002 -0.708731273349050E+003 -0.708731273349050E+003 -0.708765349982397E+003
 -0.160742781715500E+002  0.667377082037207E+002 -0.521451646657828E+000  0.137948504412386E+001  0.275346554390267E+001  0.166844945753082E+002 -0.191429983018121E+002 -0.708760946559478E+003 -0.708760946559478E+003 -0.708798358531952E+003
  0.453366491199865E+001  0.682856355306078E+002 -0.499907056701389E+000  0.145045416670687E+001  0.554229797176976E+001  0.458488246983316E+002 -0.191429983018121E+002 -0.708747996205720E+003 -0.708747996205720E+003 -0.708787918985167E+003
 -0.139013851370371E+002  0.679445073222013E+002 -0.520527559066151E+000  0.144026746269294E+001  0.266027477190145E+001  0.144016445731102E+002 -0.191429983018121E+002 -0.708732932374157E+003 -0.708732932374157E+003 -0.708827592644377E+003
 -0.109829861099860E+002  0.679606807222421E+002 -0.531017023948315E+000  0.169039619175286E+001  0.685369232904495E+001  0.544174171021620E+002 -0.191429983018121E+002 -0.708753042624375E+003 -0.708753042624375E+003 -0.708781099091093E+003
  0.404917304990617E+001  0.671603905875184E+002 -0.501770830318446E+000  0.124175372330675E+001  0.141591365176393E+001  0.858083704808993E+001 -0.191429983018121E+002 -0.708707251011722E+003 -0.708707251011722E+003 -0.708779095492451E+003
  0.193429011407837E+002  0.683106405235009E+002 -0.495729370426401E+000  0.137804054012081E+001  0.452201115192417E+001  0.334872615102260E+002 -0.191429983018121E+002 -0.708746803581830E+003 -0.708746803581830E+003 -0.708805002811656E+003
 -0.147473136920373E+002  0.677988418120166E+002 -0.531956932481992E+000  0.151129171855420E+001  0.368732009416582E+001  0.228149336090596E+002 -0.191429983018121E+002 -0.708731303845669E+003 -0.708731303845669E+003 -0.708774228542978E+003
 -0.111965786248634E+002  0.683360280817002E+002 -0.509780712812673E+000  0.153085526257853E+001  0.661283932760778E+001  0.583343947777180E+002 -0.191429983018121E+002 -0.708742914923706E+003 -0.708742914923706E+003 -0.708819684008150E+003
  0.147844596675529E+002  0.675700408579269E+002 -0.490805461110458E+000  0.117601631853323E+001  0.316066344434049E+001  0.249109812124761E+002 -0.191429983018121E+002 -0.708760442208600E+003 -0.708760442208600E+003 -0.708773914602545E+003
 -0.861108909146083E+001  0.673227078618141E+002 -0.527926310703609E+000  0.149777971756148E+001  0.360801750054724E+001  0.216704323800810E+002 -0.191429983018121E+002 -0.708748795688624E+003 -0.708748795688624E+003 -0.708777167788792E+003
 -0.156132179080214E+002  0.680080925461650E+002 -0.499060040562922E+000  0.127165141513424E+001  0.207481413028401E+001  0.115393346460538E+002 -0.191429983018121E+002 -0.708718038016717E+003 -0.708718038016717E+003 -0.708789521749337E+003
  0.100828061964509E+002  0.676348095856848E+002 -0.492358285116531E+000  0.113273002537263E+001  0.218880632135782E+001  0.150769536787439E+002 -0.191429983018121E+002 -0.708724639337863E+003 -0.708724639337863E+003 -0.708830102061757E+003
 -0.125108642972185E+002  0.680312679435997E+002 -0.496173744606261E+000  0.116506217194796E+001  0.252546784404617E+001  0.174715648054920E+002 -0.191429983018121E+002 -0.708745428409654E+003 -0.708745428409654E+003 -0.708774061938419E+003
 -0.103181960459161E+002  0.670323978762121E+002 -0.527474773655787E+000  0.134009581794334E+001  0.151490897592146E+001  0.907628831374057E+001 -0.191429983018121E+002 -0.708737445352990E+003 -0.708737445352990E+003 -0.708788135005366E+003
  0.776276302419910E+001  0.672870262056191E+002 -0.525253069177507E+000  0.146753357161940E+001  0.338431389421580E+001  0.206294548768264E+002 -0.191429983018121E+002 -0.708723298973401E+003 -0.708723298973401E+003 -0.708764518898588E+003
 -0.399076924415784E+000  0.674743957435015E+002 -0.503588106900398E+000  0.140412527937714E+001  0.479768033789814E+001  0.371160664179185E+002 -0.191429983018121E+002 -0.708734472936234E+003 -0.708734472936234E+003 -0.708790427624913E+003
  0.275944677291688E+001  0.680461907181411E+002 -0.525325033433722E+000  0.143992959093515E+001  0.240652166018702E+001  0.137859045899119E+002 -0.191429983018121E+002 -0.708745240138708E+003 -0.708745240138708E+003 -0.708778300164504E+003
  0.893334092488672E+001  0.675620290525487E+002 -0.504245024582791E+000  0.141530870192861E+001  0.496333917507059E+001  0.402617358588666E+002 -0.191429983018121E+002 -0.708741707385316E+003 -0.708741707385316E+003 -0.708769722919083E+003
  0.129216956713225E+002  0.675452054160027E+002 -0.519302890094532E+000  0.145599098013121E+001  0.441427481339049E+001  0.321384969002116E+002 -0.191429983018121E+002 -0.708752286617647E+003 -0.708752286617647E+003 -0.708793555133925E+003
  0.582809150620392E+000  0.686932217978912E+002 -0.529367490563302E+000  0.161887673554899E+001  0.549373941814605E+001  0.385056241762276E+002 -0.191429983018121E+002 -0.708748977248912E+003 -0.708748977248912E+003 -0.708780840601643E+003
  0.693350712552911E+001  0.678900457218852E+002 -0.512404899548892E+000  0.162516550947110E+001  0.682773377836968E+001  0.563783489525590E+002 -0.191429983018121E+002 -0.708759736733543E+003 -0.708759736733543E+003 -0.708781221160571E+003
 -0.156281815081441E+002  0.687084856768277E+002 -0.477847948022088E+000  0.102290177541385E+001  0.118406337591021E+001  0.788258348906929E+001 -0.191429983018121E+002 -0.708701831574720E+003 -0.708701831574720E+003 -0.708769119633636E+003
  0.507542454402777E+001  0.675928410395942E+002 -0.477417623385802E+000  0.100961897794494E+001  0.149086354036772E+001  0.108026999360580E+002 -0.191429983018121E+002 -0.708718640341997E+003 -0.708718640341997E+003 -0.708772839648784E+003
 -0.190513393923345E+002  0.675460611513161E+002 -0.529824352520004E+000  0.168428458891073E+001  0.662561454872203E+001  0.527565121439123E+002 -0.191429983018121E+002 -0.708750737409365E+003 -0.708750737409365E+003 -0.708763219068497E+003
  0.182160602399963E+002  0.673922154119829E+002 -0.511902726353995E+000  0.143548312411955E+001  0.359130256959880E+001  0.221454942516798E+002 -0.191429983018121E+002 -0.708739339408238E+003 -0.708739339408238E+003 -0.708902818308218E+003
 -0.227123710055446E+001  0.677714036730288E+002 -0.473693922649648E+000  0.107765205961491E+001  0.269703237022132E+001  0.216088705266355E+002 -0.191429983018121E+002 -0.708750414266799E+003 -0.708750414266799E+003 -0.708761917328174E+003
  0.100897948980439E+002  0.678913808807390E+002 -0.512415521964482E+000  0.144702188193646E+001  0.477072891172988E+001  0.360235576819097E+002 -0.191429983018121E+002 -0.708720528564124E+003 -0.708720528564124E+003 -0.708946448098968E+003
  0.179756273089533E+002  0.681705748987185E+002 -0.524688698267554E+000  0.146095203109205E+001  0.390909504839246E+001  0.261823487574836E+002 -0.191429983018121E+002 -0.708750494331030E+003 -0.708750494331030E+003 -0.708926681007501E+003
  0.193111728713885E+002  0.672106206281486E+002 -0.524527906630041E+000  0.160567287985783E+001  0.554551789498280E+001  0.412225153716639E+002 -0.191429983018121E+002 -0.708750809272284E+003 -0.708750809272284E+003 -0.708773778840227E+003
 -0.174229658293577E+002  0.671596827854129E+002 -0.470730851804390E+000  0.931944459513636E+000  0.644126261596860E+000  0.622822737546792E+001 -0.191429983018121E+002 -0.708701589006047E+003 -0.708701589006047E+003 -0.708773553525339E+003
 -0.805984170359450E+001  0.685420192814673E+002 -0.528536221203623E+000  0.175407916345690E+001  0.775829884845692E+001  0.651392917853537E+002 -0.191429983018121E+002 -0.708758231124501E+003 -0.708758231124501E+003 -0.708783043742269E+003
  0.108340439724101E+002  0.675620791478098E+002 -0.496707454766135E+000  0.117739768219091E+001  0.215131667353806E+001  0.135997459174208E+002 -0.191429983018121E+002 -0.708710954636716E+003 -0.708710954636716E+003 -0.708782017607079E+003
 -0.105449368809000E+002  0.684076851335084E+002 -0.518293626400636E+000  0.160524450833108E+001  0.687966685181365E+001  0.588347579688224E+002 -0.191429983018121E+002 -0.708742824471412E+003 -0.708742824471412E+003 -0.708764244017629E+003
 -0.141956875968422E+002  0.678871782711361E+002 -0.466224402865367E+000  0.968670510136213E+000  0.152479154692798E+001  0.113608713249552E+002 -0.191429983018121E+002 -0.708741697938538E+003 -0.708741697938538E+003 -0.708826283665927E+003
 -0.836056153717582E+001  0.688024627237107E+002 -0.493969511401069E+000  0.132331470748684E+001  0.414219813469192E+001  0.308559214579771E+002 -0.191429983018121E+002 -0.708747228144741E+003 -0.708747228144741E+003 -0.708815014418079E+003
 -0.115256027376335E+002  0.675222424280180E+002 -0.520906408307933E+000  0.164795613056646E+001  0.703114149909324E+001  0.598953301450093E+002 -0.191429983018121E+002 -0.708744338457511E+003 -0.708744338457511E+003 -0.708765823293734E+003
  0.377653047510752E+001  0.675366780055758E+002 -0.531036709985746E+000  0.162229416010282E+001  0.488801754971083E+001  0.319322649778815E+002 -0.191429983018121E+002 -0.708749435355398E+003 -0.708749435355398E+003 -0.708778300164504E+003
 -0.395077954336398E+001  0.689730827682964E+002 -0.499025793349679E+000  0.128857365573673E+001  0.328999847904828E+001  0.216740622812254E+002 -0.191429983018121E+002 -0.708738604146694E+003 -0.708738604146694E+003 -0.708763919972172E+003
  0.133829147307969E+002  0.672329873574744E+002 -0.483664322227547E+000  0.115042514084778E+001  0.197922621045837E+001  0.123636231618449E+002 -0.191429983018121E+002 -0.708733107509900E+003 -0.708733107509900E+003 -0.708806715103017E+003
 -0.641692918039950E+001  0.673360115069513E+002 -0.490856482349913E+000  0.107607934026129E+001  0.512400193132933E+000  0.497951277319243E+001 -0.191429983018121E+002 -0.708668985652143E+003 -0.708668985652143E+003 -0.708823907407109E+003
 -0.903481864271157E+001  0.677396646963127E+002 -0.476200911642668E+000  0.106394946996601E+001  0.218609020166890E+001  0.157861861904134E+002 -0.191429983018121E+002 -0.708737889812771E+003 -0.708737889812771E+003 -0.708914672476153E+003
 -0.301598876353014E+001  0.685560205051420E+002 -0.497757518745023E+000  0.130548710863978E+001  0.250764018501925E+001  0.147297524178241E+002 -0.191429983018121E+002 -0.708741713739545E+003 -0.708741713739545E+003 -0.708814011108116E+003
 -0.142357015811096E+002  0.672702622616172E+002 -0.500012755502260E+000  0.119437512481774E+001  0.230641474849084E+001  0.154267580193920E+002 -0.191429983018121E+002 -0.708724260836045E+003 -0.708724260836045E+003 -0.708761902748693E+003
 -0.337482475662036E+001  0.673413071106151E+002 -0.497672703749583E+000  0.125536689887211E+001  0.188107143548129E+001  0.108868076204886E+002 -0.191429983018121E+002 -0.708717243781819E+003 -0.708717243781819E+003 -0.708795459287176E+003
 -0.112531341412461E+002  0.672078739916385E+002 -0.516351124394754E+000  0.152619507477615E+001  0.550891450202818E+001  0.437467262426280E+002 -0.191429983018121E+002 -0.708754386277370E+003 -0.708754386277370E+003 -0.708792781329556E+003
 -0.452695166372445E+001  0.687450062208812E+002 -0.508795264905107E+000  0.144020521489545E+001  0.523613124473512E+001  0.411924434643263E+002 -0.191429983018121E+002 -0.708754010519180E+003 -0.708754010519180E+003 -0.708771197228481E+003
 -0.734599129646136E+001  0.677298785308796E+002 -0.512171948341126E+000  0.122828561969519E+001  0.157280438984496E+001  0.986345009283321E+001 -0.191429983018121E+002 -0.708690579390314E+003 -0.708690579390314E+003 -0.708892513340850E+003
 -0.144696904318893E+002  0.674488671724991E+002 -0.524916532798069E+000  0.161441344560646E+001  0.513524136071197E+001  0.346581518181810E+002 -0.191429983018121E+002 -0.708758564093335E+003 -0.708758564093335E+003 -0.708762833094303E+003
  0.452789648227136E+001  0.682316557041929E+002 -0.479170168977756E+000  0.976032256265461E+000  0.837279786765453E+000  0.665921286271214E+001 -0.191429983018121E+002 -0.708679253522652E+003 -0.708679253522652E+003 -0.708783744133712E+003
  0.777622244173206E+001  0.681438170143690E+002 -0.506605730981555E+000  0.146544960798496E+001  0.574575295623674E+001  0.475755745020143E+002 -0.191429983018121E+002 -0.708739460744160E+003 -0.708739460744160E+003 -0.708779828205821E+003
 -0.178969367105347E+002  0.678395762761384E+002 -0.531463124065511E+000  0.164471756087789E+001  0.531966343078983E+001  0.367437906067186E+002 -0.191429983018121E+002 -0.708733468931785E+003 -0.708733468931785E+003 -0.708765344078928E+003
 -0.182883686417193E+002  0.674774623145065E+002 -0.510848514249859E+000  0.142731297168970E+001  0.427219207149421E+001  0.299045306704122E+002 -0.191429983018121E+002 -0.708721098546418E+003 -0.708721098546418E+003 -0.708769524120951E+003
 -0.585978324698810E+001  0.676931035841949E+002 -0.487690887222348E+000  0.117378311455876E+001  0.175832488113070E+001  0.111718589253458E+002 -0.191429983018121E+002 -0.708708514572670E+003 -0.708708514572670E+003 -0.708777014522059E+003
  0.802728882508763E+000  0.671009111490272E+002 -0.478341835366676E+000  0.112619586341923E+001  0.224795627559882E+001  0.154940697559667E+002 -0.191429983018121E+002 -0.708742107944279E+003 -0.708742107944279E+003 -0.708769409196638E+003
 -0.377362522483198E+001  0.684590835216966E+002 -0.509744132857154E+000  0.140847112901425E+001  0.475744554060445E+001  0.362655913255966E+002 -0.191429983018121E+002 -0.708744729449361E+003 -0.708744729449361E+003 -0.708769674885430E+003
  0.188185814580610E+002  0.667416119780331E+002 -0.477207878741556E+000  0.108369297340593E+001  0.172666347265362E+001  0.123159923565696E+002 -0.191429983018121E+002 -0.708758851634522E+003 -0.708758851634522E+003 -0.708761601862580E+003
 -0.187381228958856E+002  0.671098552503070E+002 -0.467909212151487E+000  0.906926985271373E+000  0.430461398702889E+000  0.464564816763790E+001 -0.191429983018121E+002 -0.708745863295996E+003 -0.708745863295996E+003 -0.708767461752958E+003
 -0.773642887440243E+001  0.680494314263752E+002 -0.491686968121402E+000  0.111898517758847E+001  0.159308838185629E+001  0.990345933036147E+001 -0.191429983018121E+002 -0.708680263055345E+003 -0.708680263055345E+003 -0.708763643152822E+003
 -0.506232200330987E+001  0.672127144296680E+002 -0.496255665361715E+000  0.112699281037480E+001  0.686421353252026E+000  0.589048508968259E+001 -0.191429983018121E+002 -0.708658248193113E+003 -0.708658248193113E+003 -0.708824067108910E+003
 -0.131108518561924E+002  0.680262020114030E+002 -0.498394276594761E+000  0.120122838882471E+001  0.917895343648301E+000  0.590554562977688E+001 -0.191429983018121E+002 -0.708760455643691E+003 -0.708760455643691E+003 -0.708827978788992E+003
 -0.105631903317817E+001  0.679413884446883E+002 -0.489384327358531E+000  0.123893663610141E+001  0.274514415995581E+001  0.178343813359528E+002 -0.191429983018121E+002 -0.708710190535491E+003 -0.708710190535491E+003 -0.708769781331054E+003
 -0.449780474214279E+001  0.683198775155043E+002 -0.531646180557720E+000  0.173865340326385E+001  0.661516960517632E+001  0.496066448579141E+002 -0.191429983018121E+002 -0.708757433402620E+003 -0.708757433402620E+003 -0.708762276947929E+003
  0.122798896044486E+001  0.683046239232852E+002 -0.513923171135154E+000  0.136687267002366E+001  0.288174890482833E+001  0.162410975956297E+002 -0.191429983018121E+002 -0.708749731294877E+003 -0.708749731294877E+003 -0.708763238604822E+003
 -0.576050675259480E+001  0.690053830162078E+002 -0.500660050430662E+000  0.114673676171450E+001  0.115924022675047E+001  0.776920475529949E+001 -0.191429983018121E+002 -0.708718587721922E+003 -0.708718587721922E+003 -0.708769762574297E+003
 -0.128688127081949E+001  0.684061133550736E+002 -0.524449199373237E+000  0.153240659270490E+001  0.387878490842838E+001  0.239813294549028E+002 -0.191429983018121E+002 -0.708737220967991E+003 -0.708737220967991E+003 -0.708797839212140E+003
 -0.141753377118296E+002  0.680301626014443E+002 -0.482547026782182E+000  0.102262040035201E+001  0.124607292949264E+001  0.909500395615519E+001 -0.191429983018121E+002 -0.708700063829287E+003 -0.708700063829287E+003 -0.708791166932508E+003
 -0.151868513077332E+002  0.669652742912280E+002 -0.521177785483627E+000  0.154814219931321E+001  0.454559042046823E+001  0.309228205035750E+002 -0.191429983018121E+002 -0.708758244140721E+003 -0.708758244140721E+003 -0.708766980136767E+003
 -0.990967447428343E+001  0.687142313929753E+002 -0.464261376187442E+000  0.939297917780999E+000  0.802191390053281E+000  0.667076974505775E+001 -0.191429983018121E+002 -0.708760094320858E+003 -0.708760094320858E+003 -0.708796857789939E+003
  0.140635862052717E+002  0.679054098829638E+002 -0.497237790668907E+000  0.115481767619149E+001  0.177308074017479E+001  0.119962710099213E+002 -0.191429983018121E+002 -0.708726583127719E+003 -0.708726583127719E+003 -0.708826309308567E+003
  0.588673266413530E+001  0.676276852076600E+002 -0.492636883903532E+000  0.119952690379538E+001  0.201368454536196E+001  0.129514487212043E+002 -0.191429983018121E+002 -0.708696507874765E+003 -0.708696507874765E+003 -0.708827307324888E+003
 -0.350528350312988E+001  0.677986148162961E+002 -0.504274631275931E+000  0.151627202962689E+001  0.637543690297049E+001  0.550724012676244E+002 -0.191429983018121E+002 -0.708743072967962E+003 -0.708743072967962E+003 -0.708798672381633E+003
 -0.477012624033545E+001  0.678380524655102E+002 -0.472741144749942E+000  0.107519555353648E+001  0.221065948719454E+001  0.155536406069972E+002 -0.191429983018121E+002 -0.708743878057323E+003 -0.708743878057323E+003 -0.708793790316304E+003
  0.659810344957273E+001  0.679333571509350E+002 -0.518156648886358E+000  0.139494094589501E+001  0.389354527598082E+001  0.269368941859259E+002 -0.191429983018121E+002 -0.708751807771501E+003 -0.708751807771501E+003 -0.708763359418541E+003
  0.100423544685822E+002  0.676183455473888E+002 -0.518296950010880E+000  0.146294198192118E+001  0.443904416607431E+001  0.305990981792202E+002 -0.191429983018121E+002 -0.708749695004707E+003 -0.708749695004707E+003 -0.708795620394142E+003
 -0.151438410093335E+002  0.679699320236674E+002 -0.512458610068746E+000  0.164264825012740E+001  0.782181875803166E+001  0.724929605696542E+002 -0.191429983018121E+002 -0.708753026436963E+003 -0.708753026436963E+003 -0.708763642021725E+003
  0.105149178843520E+002  0.683185143573099E+002 -0.515358913898050E+000  0.155465207145444E+001  0.556651260107569E+001  0.407160151792920E+002 -0.191429983018121E+002 -0.708756956266675E+003 -0.708756956266675E+003 -0.708770413859144E+003
 -0.351075070989736E+001  0.677158513876108E+002 -0.490617636524624E+000  0.107327287370319E+001  0.694934486797727E+000  0.631684664165886E+001 -0.191429983018121E+002 -0.708691452677681E+003 -0.708691452677681E+003 -0.708761686690940E+003
 -0.172071266808749E+002  0.675346507891121E+002 -0.512533074046476E+000  0.153833904784034E+001  0.611434545522806E+001  0.507582142014009E+002 -0.191429983018121E+002 -0.708734404300825E+003 -0.708734404300825E+003 -0.708797098618847E+003
  0.233785419717201E+001  0.679379213114094E+002 -0.500328697854738E+000  0.129494281621379E+001  0.316164959550139E+001  0.212206452810538E+002 -0.191429983018121E+002 -0.708690938964995E+003 -0.708690938964995E+003 -0.708776923091343E+003
  0.913294240970882E+001  0.681803774363138E+002 -0.485295518130909E+000  0.121200575757012E+001  0.293439412984742E+001  0.205263083529293E+002 -0.191429983018121E+002 -0.708723943246554E+003 -0.708723943246554E+003 -0.708823012499671E+003
  0.104538348307362E+002  0.686392069409982E+002 -0.475096249781318E+000  0.110549522564321E+001  0.226074930483846E+001  0.155358968448406E+002 -0.191429983018121E+002 -0.708751404706274E+003 -0.708751404706274E+003 -0.708780788569775E+003
  0.116940365534539E+002  0.675518305749421E+002 -0.484586727710452E+000  0.120491605564046E+001  0.232117103198271E+001  0.150825555520823E+002 -0.191429983018121E+002 -0.708745121582354E+003 -0.708745121582354E+003 -0.708804256162260E+003
  0.319337442647945E+001  0.685468876859021E+002 -0.500399175779307E+000  0.148280697159633E+001  0.632725200091403E+001  0.557811839427063E+002 -0.191429983018121E+002 -0.708759279418415E+003 -0.708759279418415E+003 -0.708791376294305E+003
 -0.143215328540593E+002  0.675696771637782E+002 -0.523327172076544E+000  0.156065461704713E+001  0.565516631511965E+001  0.445129736675242E+002 -0.191429983018121E+002 -0.708759369536116E+003 -0.708759369536116E+003 -0.708850496337821E+003
  0.388154604993802E+001  0.681681942299479E+002 -0.466970182153472E+000  0.883481012406265E+000  0.413352778143530E+000  0.544217625487475E+001 -0.191429983018121E+002 -0.708738845011948E+003 -0.708738845011948E+003 -0.708810837196816E+003
  0.159789580918292E+002  0.675632068070083E+002 -0.479549814154268E+000  0.119123979952241E+001  0.357937936721173E+001  0.285838075483094E+002 -0.191429983018121E+002 -0.708753792987350E+003 -0.708753792987350E+003 -0.708766180282873E+003
 -0.163272054007541E+001  0.680818848902126E+002 -0.505766102201461E+000  0.148955436707089E+001  0.553294742076821E+001  0.441107976783902E+002 -0.191429983018121E+002 -0.708731845232208E+003 -0.708731845232208E+003 -0.708831129946784E+003
 -0.163630926272973E+002  0.683894314257210E+002 -0.519328386016550E+000  0.159168929953626E+001  0.586035580076259E+001  0.433764818688589E+002 -0.191429983018121E+002 -0.708756567843521E+003 -0.708756567843521E+003 -0.708765169851822E+003
 -0.290559915088188E+000  0.676465566973809E+002 -0.508594967101584E+000  0.135702170361822E+001  0.245335128375439E+001  0.142117391045270E+002 -0.191429983018121E+002 -0.708707440396866E+003 -0.708707440396866E+003 -0.708802212449216E+003
 -0.466900412673492E+001  0.677449448654735E+002 -0.504369985814818E+000  0.109629042565972E+001  0.897792568490544E+000  0.647517328699729E+001 -0.191429983018121E+002 -0.708710665398177E+003 -0.708710665398177E+003 -0.708782244023221E+003
 -0.542788344756701E+000  0.670845476847614E+002 -0.483482369979735E+000  0.107287785499827E+001  0.151359658617229E+001  0.104062242417626E+002 -0.191429983018121E+002 -0.708702940682598E+003 -0.708702940682598E+003 -0.708763647949963E+003
 -0.186069874929103E+002  0.672852083043194E+002 -0.493815737593373E+000  0.131552830417498E+001  0.348330574441770E+001  0.240354449059163E+002 -0.191429983018121E+002 -0.708735367460863E+003 -0.708735367460863E+003 -0.708766180740605E+003
  0.181600218033803E+002  0.676919592055449E+002 -0.508710358941270E+000  0.153325646857612E+001  0.598624228955667E+001  0.484737758239535E+002 -0.191429983018121E+002 -0.708737007308905E+003 -0.708737007308905E+003 -0.708819109800635E+003
 -0.144713100503169E+002  0.672270989915808E+002 -0.483948792889754E+000  0.114644016566520E+001  0.273726310686956E+001  0.206297582423880E+002 -0.191429983018121E+002 -0.708736811220319E+003 -0.708736811220319E+003 -0.708782667465746E+003
 -0.182337136390891E+002  0.670505727416076E+002 -0.513039709903145E+000  0.151199785982317E+001  0.559808005477752E+001  0.446069661923923E+002 -0.191429983018121E+002 -0.708754159043718E+003 -0.708754159043718E+003 -0.708761413117596E+003
  0.148302598893213E+002  0.683571392285346E+002 -0.506949803810122E+000  0.152628476618296E+001  0.586064148904219E+001  0.465746318809490E+002 -0.191429983018121E+002 -0.708745073341773E+003 -0.708745073341773E+003 -0.708816210042910E+003
  0.130534599539271E+002  0.665379939038884E+002 -0.470885326793793E+000  0.959197118761868E+000  0.837094225884513E+000  0.699452924266537E+001 -0.191429983018121E+002 -0.708749546704128E+003 -0.708749546704128E+003 -0.708798370064049E+003
 -0.192237386324971E+002  0.678688729282245E+002 -0.493652486606091E+000  0.124977037816759E+001  0.406402967015824E+001  0.332957566166805E+002 -0.191429983018121E+002 -0.708759432318367E+003 -0.708759432318367E+003 -0.708779967182802E+003
 -0.226363150467627E+000  0.677193972072839E+002 -0.519818117045863E+000  0.141752554459543E+001  0.406148490632497E+001  0.284288444387292E+002 -0.191429983018121E+002 -0.708755187592949E+003 -0.708755187592949E+003 -0.708822478761386E+003
  0.347393368033914E+001  0.680961386119000E+002 -0.491555171147219E+000  0.126652264251757E+001  0.419732419602893E+001  0.342817706214059E+002 -0.191429983018121E+002 -0.708740268256903E+003 -0.708740268256903E+003 -0.708763459668317E+003
 -0.170043647173881E+002  0.676771886073719E+002 -0.512804949835218E+000  0.122573183803373E+001  0.942965394540131E+000  0.691813226561144E+001 -0.191429983018121E+002 -0.708667842339010E+003 -0.708667842339010E+003 -0.708800856686632E+003
  0.954000085438470E+001  0.680483121669417E+002 -0.520916039167430E+000  0.154742113015703E+001  0.586233300368868E+001  0.469202133352171E+002 -0.191429983018121E+002 -0.708742789688704E+003 -0.708742789688704E+003 -0.708776542435416E+003
 -0.960226024733744E+001  0.669319439388881E+002 -0.487366685319229E+000  0.105593193413607E+001  0.640499195435481E+000  0.629555348408698E+001 -0.191429983018121E+002 -0.708723259653903E+003 -0.708723259653903E+003 -0.708780623717076E+003
  0.160514689165993E+002  0.675128140214194E+002 -0.502857525209749E+000  0.136977475302029E+001  0.436264195295177E+001  0.341024210092350E+002 -0.191429983018121E+002 -0.708744775710957E+003 -0.708744775710957E+003 -0.708803511733988E+003
 -0.144217935336095E+002  0.689052842070893E+002 -0.509709500771075E+000  0.138768840810179E+001  0.361539857931068E+001  0.230143047793301E+002 -0.191429983018121E+002 -0.708727737499007E+003 -0.708727737499007E+003 -0.708800154240220E+003
 -0.546589108352282E+001  0.680361863505495E+002 -0.526682901144688E+000  0.177361348359530E+001  0.830512911326453E+001  0.722669922471005E+002 -0.191429983018121E+002 -0.708757933887354E+003 -0.708757933887354E+003 -0.708859959971344E+003
 -0.511759876726647E+001  0.672310211884486E+002 -0.492593146223114E+000  0.102996605442548E+001  0.601696952923575E+000  0.574448984574307E+001 -0.191429983018121E+002 -0.708666328753802E+003 -0.708666328753802E+003 -0.708808617858816E+003
  0.179586551852059E+002  0.672618062160823E+002 -0.460833876600942E+000  0.865144340373885E+000  0.751792851193677E+000  0.739917397340403E+001 -0.191429983018121E+002 -0.708759300546232E+003 -0.708759300546232E+003 -0.708797627139190E+003
 -0.145869983086761E+001  0.675156765336911E+002 -0.502080763835428E+000  0.124439347154124E+001  0.156696166831296E+001  0.949736991981111E+001 -0.191429983018121E+002 -0.708684104435011E+003 -0.708684104435011E+003 -0.708783138909336E+003
 -0.445449828344597E+001  0.681339426724238E+002 -0.526439968826467E+000  0.158082941124641E+001  0.506996719210673E+001  0.355610929972823E+002 -0.191429983018121E+002 -0.708724110324423E+003 -0.708724110324423E+003 -0.708814598056037E+003
  0.281306915811040E+000  0.681453148870577E+002 -0.532988962170650E+000  0.174801377008531E+001  0.781076850820601E+001  0.669575399916836E+002 -0.191429983018121E+002 -0.708755991487253E+003 -0.708755991487253E+003 -0.708761653529450E+003
  0.470227473051892E+000  0.686908673197845E+002 -0.507047807578635E+000  0.148423295129756E+001  0.577636709774257E+001  0.475168666745183E+002 -0.191429983018121E+002 -0.708747080204380E+003 -0.708747080204380E+003 -0.708802820973053E+003
 -0.307701320461558E+001  0.683984204330588E+002 -0.521442069602862E+000  0.147360872556556E+001  0.467792776650568E+001  0.342026594516948E+002 -0.191429983018121E+002 -0.708759056879970E+003 -0.708759056879970E+003 -0.708769798208086E+003
 -0.816670011747265E+001  0.677507692438092E+002 -0.494157083444165E+000  0.124476460900614E+001  0.328229157810146E+001  0.240680645145293E+002 -0.191429983018121E+002 -0.708713503914852E+003 -0.708713503914852E+003 -0.708765488723560E+003
  0.119636778391743E+002  0.675874775978608E+002 -0.518788567942375E+000  0.158952645535531E+001  0.626269469387825E+001  0.504269072625549E+002 -0.191429983018121E+002 -0.708736382233338E+003 -0.708736382233338E+003 -0.709358434785563E+003
  0.742513602375102E+001  0.677918174409532E+002 -0.500247963850032E+000  0.118580428724377E+001  0.246903399159915E+001  0.172039946252260E+002 -0.191429983018121E+002 -0.708750675494814E+003 -0.708750675494814E+003 -0.708810337856541E+003
 -0.146700234200538E+001  0.682382013340770E+002 -0.494570127056846E+000  0.125011411573498E+001  0.254943288957660E+001  0.162195793433759E+002 -0.191429983018121E+002 -0.708699926523533E+003 -0.708699926523533E+003 -0.708766921768575E+003
 -0.561722562224906E+001  0.665166904271751E+002 -0.468924925465563E+000  0.923887824296521E+000  0.710000330684370E+000  0.647419932640020E+001 -0.191429983018121E+002 -0.708761054429603E+003 -0.708761054429603E+003 -0.708761783246281E+003
  0.144727656156681E+002  0.682081290803982E+002 -0.507901960633655E+000  0.155467045889616E+001  0.678705604753415E+001  0.597909034401131E+002 -0.191429983018121E+002 -0.708742969795222E+003 -0.708742969795222E+003 -0.708790810023512E+003
 -0.135486831914348E+002  0.675219908431003E+002 -0.505189769990628E+000  0.120528596304116E+001  0.167588065438437E+001  0.106389415910105E+002 -0.191429983018121E+002 -0.708682013989319E+003 -0.708682013989319E+003 -0.708785906885849E+003
 -0.164392628588243E+001  0.675424002099566E+002 -0.502180756611966E+000  0.130947792373054E+001  0.318115335238639E+001  0.223017931567204E+002 -0.191429983018121E+002 -0.708750039164392E+003 -0.708750039164392E+003 -0.708766488860056E+003
 -0.118342306642683E+001  0.679555319490258E+002 -0.488013440360613E+000  0.119229551323373E+001  0.241222008291146E+001  0.146803642641467E+002 -0.191429983018121E+002 -0.708753225313752E+003 -0.708753225313752E+003 -0.708768494690470E+003
  0.657402243677929E+000  0.680246981060496E+002 -0.526681943991661E+000  0.170651560550816E+001  0.726604584913931E+001  0.604027220670688E+002 -0.191429983018121E+002 -0.708741363567520E+003 -0.708741363567520E+003 -0.708792319879211E+003
 -0.554935654699268E+001  0.676153555015271E+002 -0.509008271115398E+000  0.125272055001832E+001  0.228801835576071E+001  0.149108990045384E+002 -0.191429983018121E+002 -0.708735463046867E+003 -0.708735463046867E+003 -0.708774107525491E+003
 -0.407564632990096E+001  0.669007383706122E+002 -0.503177659078633E+000  0.127694938334822E+001  0.180981535752963E+001  0.106228753400703E+002 -0.191429983018121E+002 -0.708727742398305E+003 -0.708727742398305E+003 -0.708865234904383E+003
  0.544752872724586E+001  0.675013502949280E+002 -0.490428879363769E+000  0.104468050855505E+001  0.139399728367691E+001  0.102428171061722E+002 -0.191429983018121E+002 -0.708760151229435E+003 -0.708760151229435E+003 -0.708788610266438E+003
  0.169351704577030E+002  0.680537181090584E+002 -0.505009283434815E+000  0.140006817413112E+001  0.450719803604360E+001  0.324275277504119E+002 -0.191429983018121E+002 -0.708755129688731E+003 -0.708755129688731E+003 -0.708813760831128E+003
  0.116335623635883E+002  0.678363109692070E+002 -0.491342127654858E+000  0.114470907004875E+001  0.202919932997029E+001  0.141794159465377E+002 -0.191429983018121E+002 -0.708734464716493E+003 -0.708734464716493E+003 -0.708813193641728E+003
 -0.148648433027356E+002  0.681960558531733E+002 -0.504219726355217E+000  0.135675979864574E+001  0.289819287939152E+001  0.165104019754478E+002 -0.191429983018121E+002 -0.708749065397397E+003 -0.708749065397397E+003 -0.708767990837132E+003
 -0.367674897475863E+001  0.678983966070187E+002 -0.521046767524806E+000  0.141960138486040E+001  0.348380979910979E+001  0.213918030829528E+002 -0.191429983018121E+002 -0.708744300297313E+003 -0.708744300297313E+003 -0.708762417520717E+003
  0.162583205274508E+002  0.681789517323240E+002 -0.533945932495162E+000  0.160150352740646E+001  0.461522894497375E+001  0.295344255381038E+002 -0.191429983018121E+002 -0.708734433125387E+003 -0.708734433125387E+003 -0.708848747912260E+003
 -0.969556115722590E-001  0.679520971559354E+002 -0.478890650576264E+000  0.108813061817794E+001  0.251134034760808E+001  0.188009505207113E+002 -0.191429983018121E+002 -0.708740460942918E+003 -0.708740460942918E+003 -0.708767180881230E+003
  0.190932351181649E+002  0.675575496721505E+002 -0.487967167924844E+000  0.104987287004281E+001  0.849686506917287E+000  0.647076587941101E+001 -0.191429983018121E+002 -0.708646337869145E+003 -0.708646337869145E+003 -0.708769875551958E+003
 -0.217422752305670E+001  0.679030000612912E+002 -0.473517170120954E+000  0.101515188879345E+001  0.178026052533463E+001  0.131785624824183E+002 -0.191429983018121E+002 -0.708726851627793E+003 -0.708726851627793E+003 -0.708770996531573E+003
  0.858236527429959E+001  0.687835581666882E+002 -0.514057244194734E+000  0.147830602234802E+001  0.448363586647222E+001  0.300016991637413E+002 -0.191429983018121E+002 -0.708741963699517E+003 -0.708741963699517E+003 -0.708779710252164E+003
  0.458422193834739E+001  0.683207520668622E+002 -0.533247496658013E+000  0.155633628170588E+001  0.323908817362959E+001  0.182201541252331E+002 -0.191429983018121E+002 -0.708757469098281E+003 -0.708757469098281E+003 -0.708800341632061E+003
 -0.773378336114953E+001  0.671176037996781E+002 -0.520914482197439E+000  0.149916018258756E+001  0.390860166637038E+001  0.255307185618931E+002 -0.191429983018121E+002 -0.708745085719964E+003 -0.708745085719964E+003 -0.709017830766615E+003
  0.129570565787741E+002  0.670562124881033E+002 -0.469293418316229E+000  0.946939595207206E+000  0.102474196932960E+001  0.836457877674945E+001 -0.191429983018121E+002 -0.708732706552302E+003 -0.708732706552302E+003 -0.708763359405835E+003
 -0.155986590644229E+002  0.676115004043277E+002 -0.501574478274179E+000  0.143846084414270E+001  0.546069396874973E+001  0.457393447633314E+002 -0.191429983018121E+002 -0.708735933460982E+003 -0.708735933460982E+003 -0.708767641695299E+003
  0.114641623330135E+002  0.675210835045471E+002 -0.492819610916146E+000  0.121299385607093E+001  0.268485402872889E+001  0.174263487428606E+002 -0.191429983018121E+002 -0.708731103341757E+003 -0.708731103341757E+003 -0.708801473825863E+003
  0.165571451267974E+002  0.674677192470567E+002 -0.508632745597662E+000  0.140561327835533E+001  0.404750114663789E+001  0.279573188875063E+002 -0.191429983018121E+002 -0.708714936596357E+003 -0.708714936596357E+003 -0.708796898368873E+003
  0.531106476952897E+001  0.680038704844838E+002 -0.514321905576471E+000  0.139244943271281E+001  0.323756532555778E+001  0.202743832343065E+002 -0.191429983018121E+002 -0.708689354590055E+003 -0.708689354590055E+003 -0.708804375649900E+003
  0.150031086826400E+002  0.678117553514830E+002 -0.496505069043536E+000  0.129779667537759E+001  0.233704137216431E+001  0.135805795021273E+002 -0.191429983018121E+002 -0.708741584010520E+003 -0.708741584010520E+003 -0.708966484163439E+003
  0.148497641965503E+002  0.675249988217979E+002 -0.499669016170193E+000  0.132851109124027E+001  0.293131540683694E+001  0.185522786661804E+002 -0.191429983018121E+002 -0.708717836507362E+003 -0.708717836507362E+003 -0.708816484005627E+003
  0.244892122346334E+001  0.687902305149706E+002 -0.491606022091571E+000  0.113576961134268E+001  0.199777335573785E+001  0.125760558060305E+002 -0.191429983018121E+002 -0.708719758791641E+003 -0.708719758791641E+003 -0.708808136302328E+003
  0.186734309854784E+002  0.671645333530346E+002 -0.525409573976172E+000  0.161377368812146E+001  0.566596616207949E+001  0.420649632995209E+002 -0.191429983018121E+002 -0.708749686543051E+003 -0.708749686543051E+003 -0.708776965772874E+003
 -0.725583481086979E+001  0.678206068614744E+002 -0.524447467696880E+000  0.163676867522552E+001  0.548950075194644E+001  0.381012373588234E+002 -0.191429983018121E+002 -0.708749252531720E+003 -0.708749252531720E+003 -0.708774150368903E+003
  0.186766359199203E+002  0.672328402526248E+002 -0.495571856975512E+000  0.111876715115497E+001  0.934124766304794E+000  0.726896709512199E+001 -0.191429983018121E+002 -0.708691858310718E+003 -0.708691858310718E+003 -0.708829924070039E+003
  0.124901700288978E+002  0.683103670498564E+002 -0.493892699803419E+000  0.115087503489630E+001  0.222537390300309E+001  0.140246205791469E+002 -0.191429983018121E+002 -0.708755742663956E+003 -0.708755742663956E+003 -0.708814605784866E+003
 -0.632586632113323E+000  0.688031658634278E+002 -0.492335626552813E+000  0.123442631738726E+001  0.289587787210327E+001  0.191456958754575E+002 -0.191429983018121E+002 -0.708722434582112E+003 -0.708722434582112E+003 -0.708790827835827E+003
 -0.422505278000492E+001  0.676570258909365E+002 -0.528078912299165E+000  0.148404291606146E+001  0.364298089983035E+001  0.221094561810559E+002 -0.191429983018121E+002 -0.708742655824960E+003 -0.708742655824960E+003 -0.708789003689936E+003
  0.756858884622612E+001  0.676831490096529E+002 -0.514570891620482E+000  0.149242405680719E+001  0.574608904742785E+001  0.478575286198186E+002 -0.191429983018121E+002 -0.708749772782614E+003 -0.708749772782614E+003 -0.708793768773578E+003
  0.706158583235609E+001  0.676107838534611E+002 -0.528562745473468E+000  0.157777094065210E+001  0.489843799187291E+001  0.329395378284958E+002 -0.191429983018121E+002 -0.708750912949528E+003 -0.708750912949528E+003 -0.708764195425031E+003
 -0.251892582344635E+001  0.677149740273461E+002 -0.499867399795769E+000  0.137358320448813E+001  0.499318162480701E+001  0.414604329771310E+002 -0.191429983018121E+002 -0.708733711414456E+003 -0.708733711414456E+003 -0.708776821034160E+003
 -0.613324196496409E+001  0.681818528744259E+002 -0.496664767212385E+000  0.139619937624450E+001  0.510611622740607E+001  0.417500097316549E+002 -0.191429983018121E+002 -0.708736903807120E+003 -0.708736903807120E+003 -0.708765108924402E+003
 -0.120920506528140E+002  0.668600574656324E+002 -0.490614129244300E+000  0.121913365427957E+001  0.187187025173562E+001  0.116680602797841E+002 -0.191429983018121E+002 -0.708759035418149E+003 -0.708759035418149E+003 -0.708813375672037E+003
  0.255778122565670E+001  0.669457567991647E+002 -0.501300672534106E+000  0.139317228889849E+001  0.434658298469399E+001  0.322349662656972E+002 -0.191429983018121E+002 -0.708749926291852E+003 -0.708749926291852E+003 -0.708767180881230E+003
 -0.153985110450443E+002  0.677401130303465E+002 -0.522542358059771E+000  0.145125592725044E+001  0.357581763689754E+001  0.220829017868964E+002 -0.191429983018121E+002 -0.708717408390641E+003 -0.708717408390641E+003 -0.708768775993784E+003
 -0.170591936886474E+002  0.684925679263826E+002 -0.525190175443926E+000  0.163107167414381E+001  0.685113987610123E+001  0.575631775069649E+002 -0.191429983018121E+002 -0.708759266147953E+003 -0.708759266147953E+003 -0.708773778840227E+003
  0.131080993741611E+002  0.670160918692976E+002 -0.501585482542392E+000  0.137384000718789E+001  0.364775535573498E+001  0.249592203279012E+002 -0.191429983018121E+002 -0.708742505927548E+003 -0.708742505927548E+003 -0.708763494042547E+003
 -0.861010701243547E+001  0.678579084720082E+002 -0.518990434125628E+000  0.125547449424768E+001  0.157170001867355E+001  0.928406595861165E+001 -0.191429983018121E+002 -0.708709507882415E+003 -0.708709507882415E+003 -0.708765738387361E+003
  0.173136545448812E+002  0.677589407454677E+002 -0.503296853655724E+000  0.149416460433351E+001  0.696119777462739E+001  0.668362261883459E+002 -0.191429983018121E+002 -0.708753507712935E+003 -0.708753507712935E+003 -0.708773889470065E+003
  0.573775938838347E+001  0.680142205303769E+002 -0.497094454578533E+000  0.113127171808018E+001  0.138235185065588E+001  0.864757641988056E+001 -0.191429983018121E+002 -0.708664853945567E+003 -0.708664853945567E+003 -0.708773504538357E+003
 -0.373502994014668E+001  0.675222848344980E+002 -0.510151141181392E+000  0.155099005334630E+001  0.674792640027076E+001  0.605199958730749E+002 -0.191429983018121E+002 -0.708749037770465E+003 -0.708749037770465E+003 -0.708767288705097E+003
  0.174155032975450E+002  0.679121200737701E+002 -0.497462855703822E+000  0.135078277730972E+001  0.425553478652244E+001  0.310141477897854E+002 -0.191429983018121E+002 -0.708745161638316E+003 -0.708745161638316E+003 -0.708761235824857E+003
