  0.100000000000000E+001  0.489641681906162E+001  0.139073521775669E+002  0.737044458257327E+002 -0.163136828621304E+000 -0.235018437913072E+001 -0.449362636915215E+002 -0.167451030290137E+002 -0.244820840953081E+001
  0.100000000000000E+001  0.117568285650136E+002 -0.159606403852306E+002  0.538482562334599E+002 -0.215663745649566E+000 -0.105005325061027E+001 -0.849401971423749E+002 -0.167451030290137E+002 -0.587841428250679E+001
  0.100000000000000E+001  0.101819973803382E+002 -0.477317185797691E+001  0.520875779802743E+002 -0.316216270161275E+000  0.209128409618279E+001  0.179937776695051E+002 -0.167451030290137E+002 -0.509099869016908E+001
  0.100000000000000E+001  0.984931250130118E+001  0.855526733166829E+001  0.569574969464203E+002 -0.729348757261366E+000  0.593460563623382E+001  0.783855730193176E+002 -0.167451030290137E+002 -0.492465625065059E+001
  0.100000000000000E+001  0.930181802599883E+001  0.179389396876028E+001  0.513631355506639E+002 -0.430412735635184E-001 -0.213608214368399E+001 -0.966632385479333E+002 -0.167451030290137E+002 -0.465090901299941E+001
  0.100000000000000E+001  0.917872467668997E+001  0.194516026933933E+000  0.787809558722138E+002 -0.311194428755092E+000 -0.287680478352548E+001 -0.905053487554521E+002 -0.167451030290137E+002 -0.458936233834498E+001
  0.100000000000000E+001  0.492640697143531E+001  0.685077396629999E+001  0.597718611918709E+002 -0.315153648712292E+000  0.144013128321415E+001  0.703007307026257E+002 -0.167451030290137E+002 -0.246320348571766E+001
  0.100000000000000E+001  0.889226927901745E+001  0.127925666420644E+002  0.577764173079541E+002 -0.110689683445027E+001  0.901431004289106E+001  0.874216633349800E+002 -0.167451030290137E+002 -0.444613463950872E+001
  0.100000000000000E+001  0.888502790192380E+001 -0.117408111854449E+002  0.762770010198729E+002 -0.457577911621417E+000 -0.104000541566471E+001 -0.826211601716033E+002 -0.167451030290137E+002 -0.444251395096190E+001
  0.100000000000000E+001  0.883731272055702E+001  0.136272296489993E+002  0.679354343846587E+002 -0.449548518343169E+000 -0.183453561318728E+000 -0.618139617001733E+002 -0.167451030290137E+002 -0.441865636027851E+001
  0.100000000000000E+001  0.883630243221614E+001 -0.161927214661090E+002  0.510097053795822E+002 -0.291076778391633E+000  0.403175523636824E+001  0.572318875298006E+002 -0.167451030290137E+002 -0.441815121610807E+001
  0.100000000000000E+001  0.882713325713692E+001  0.139744215350956E+001  0.802034675755417E+002 -0.103329671131211E+001  0.692723134261838E+001  0.929661267622362E+002 -0.167451030290137E+002 -0.441356662856846E+001
  0.100000000000000E+001  0.498145616180899E+001 -0.219576304744431E+001  0.572049425126587E+002 -0.762656633843153E-001 -0.311953351845836E+001 -0.864382967620353E+002 -0.167451030290137E+002 -0.249072808090450E+001
  0.100000000000000E+001  0.498823537506521E+001  0.728292455046412E+001  0.560842878979987E+002 -0.173379994033975E+000 -0.328618192075092E+000  0.347533381671203E+002 -0.167451030290137E+002 -0.249411768753261E+001
  0.100000000000000E+001  0.499927774292248E+001 -0.216282169538277E+001  0.709236398360365E+002 -0.800424485973590E+000  0.569726338971827E+001  0.899563727408103E+002 -0.167451030290137E+002 -0.249963887146124E+001
  0.100000000000000E+001  0.768412770582716E+001  0.147885819249701E+002  0.531021964350073E+002 -0.543728198941862E+000  0.651219409958181E+001  0.962556498651403E+002 -0.167451030290137E+002 -0.384206385291358E+001
  0.100000000000000E+001  0.762981129307472E+001 -0.908186185102290E+001  0.566785210060130E+002 -0.190850275852563E+000 -0.193470158133745E+001 -0.856123763004895E+002 -0.167451030290137E+002 -0.381490564653736E+001
  0.100000000000000E+001  0.747602717548678E+001  0.147182986043733E+002  0.796468953243091E+002 -0.802676298000107E+000  0.546174382181154E+001  0.655712293235009E+002 -0.167451030290137E+002 -0.373801358774339E+001
  0.100000000000000E+001  0.743526352631800E+001  0.130124237119125E+002  0.545203093564243E+002 -0.201219662545638E+000  0.634178119028260E+000  0.853571113612540E+002 -0.167451030290137E+002 -0.371763176315900E+001
  0.100000000000000E+001  0.730751701867082E+001  0.106991836497940E+002  0.787829711887419E+002 -0.600857055570183E+000  0.330225227837343E+001  0.597077352434893E+002 -0.167451030290137E+002 -0.365375850933541E+001
  0.100000000000000E+001  0.720901722328541E+001 -0.222066680428833E+001  0.761862762378842E+002 -0.143504774869244E+000 -0.368974959436498E+001 -0.784477318192618E+002 -0.167451030290137E+002 -0.360450861164271E+001
  0.100000000000000E+001  0.500617564622183E+001 -0.356453127420187E+001  0.708775263140906E+002 -0.428567674104999E+000  0.397384435830300E+000 -0.440249168591292E+002 -0.167451030290137E+002 -0.250308782311092E+001
  0.100000000000000E+001  0.696798356912043E+001  0.180902704971501E+002  0.739101079221638E+002 -0.226108604836002E+000 -0.153591042563287E+001 -0.747897716450055E+002 -0.167451030290137E+002 -0.348399178456022E+001
  0.100000000000000E+001  0.696151957993352E+001 -0.183387911985990E+001  0.688561033342294E+002 -0.169040012858697E+000 -0.377836132679739E+000 -0.489182314854873E+002 -0.167451030290137E+002 -0.348075978996676E+001
  0.100000000000000E+001  0.693115632123987E+001 -0.751746326053606E+001  0.814329029072305E+002 -0.149147262335550E+001  0.947180318763233E+001  0.836559550251293E+002 -0.167451030290137E+002 -0.346557816061993E+001
  0.100000000000000E+001  0.683484740690270E+001 -0.129653476791210E+002  0.523648604966352E+002 -0.144537158656719E-001 -0.277156382795736E+000  0.622439846675692E+002 -0.167451030290137E+002 -0.341742370345135E+001
  0.100000000000000E+001  0.669840966725445E+001 -0.665051965709354E+001  0.735562622045741E+002 -0.320643329059294E+000  0.163029368205639E+001  0.453307110761743E+002 -0.167451030290137E+002 -0.334920483362722E+001
  0.100000000000000E+001  0.669502561405718E+001 -0.177287405993613E+001  0.769635585582160E+002 -0.379674645840691E+000  0.240735457226581E+000 -0.896724129552558E+002 -0.167451030290137E+002 -0.334751280702859E+001
  0.100000000000000E+001  0.669384481666209E+001  0.184553095450907E+002  0.608665202258523E+002 -0.790528006248237E-002 -0.100616068976771E+001 -0.489735284042253E+002 -0.167451030290137E+002 -0.334692240833105E+001
  0.100000000000000E+001  0.664586328241407E+001  0.364708596706617E+000  0.648744852323172E+002 -0.926301534612768E-001 -0.954541246024551E+000 -0.826492740226062E+002 -0.167451030290137E+002 -0.332293164120703E+001
  0.100000000000000E+001  0.502331669472576E+001 -0.170595181783213E+002  0.668776708892722E+002 -0.403803840105327E+000  0.325423552830616E+001  0.382352348388042E+002 -0.167451030290137E+002 -0.251165834736288E+001
  0.100000000000000E+001  0.656120809636731E+001  0.132106937812463E+001  0.593290025250107E+002 -0.303675478797450E+000 -0.563888647938100E-001 -0.425801667075881E+002 -0.167451030290137E+002 -0.328060404818365E+001
  0.100000000000000E+001  0.510220475514415E+001 -0.152715962028237E+001  0.557992748067866E+002 -0.491013438010719E+000  0.336814092899690E+001  0.254349009283678E+002 -0.167451030290137E+002 -0.255110237757208E+001
  0.100000000000000E+001  0.648111429399691E+001 -0.673452381582138E+001  0.748917403857789E+002 -0.557715003831344E+000  0.482914432652396E+001  0.886960872082266E+002 -0.167451030290137E+002 -0.324055714699846E+001
  0.100000000000000E+001  0.513528683634526E+001  0.160019036223113E+002  0.552400780746833E+002 -0.243195527191536E+000  0.311489625171577E+001  0.413564750924942E+002 -0.167451030290137E+002 -0.256764341817263E+001
  0.100000000000000E+001  0.629881253545292E+001 -0.127061239953434E+001  0.750893335538217E+002 -0.299465095892995E+000 -0.234529077215405E+001 -0.605307631543856E+002 -0.167451030290137E+002 -0.314940626772646E+001
  0.100000000000000E+001  0.613820897372781E+001  0.125831322096895E+002  0.712177351138436E+002 -0.196540243390482E+000 -0.558411350888280E+000 -0.240571219105163E+002 -0.167451030290137E+002 -0.306910448686390E+001
  0.100000000000000E+001  0.610596442450435E+001 -0.597035454479385E+001  0.608058495002926E+002 -0.102813878402191E+000 -0.363450166366093E+001 -0.752168204146000E+002 -0.167451030290137E+002 -0.305298221225217E+001
  0.100000000000000E+001  0.607077275388118E+001 -0.240697795030364E+000  0.525660465734990E+002 -0.571876200609027E-001  0.110825756138235E+001  0.490906001246520E+002 -0.167451030290137E+002 -0.303538637694059E+001
  0.100000000000000E+001  0.519824473213107E+001  0.157322356412414E+002  0.595073167112127E+002 -0.992991920455861E+000  0.636170341259822E+001  0.505818179987084E+002 -0.167451030290137E+002 -0.259912236606554E+001
  0.100000000000000E+001  0.594588334369346E+001  0.115726292419930E+002  0.621135527800402E+002 -0.343834104070435E+000 -0.167794717309542E+000 -0.453939681480399E+002 -0.167451030290137E+002 -0.297294167184673E+001
  0.100000000000000E+001  0.589389691794300E+001 -0.579266136782527E+001  0.706368340724780E+002 -0.449341873179092E+000  0.101786599610876E+001  0.664845042060644E+002 -0.167451030290137E+002 -0.294694845897150E+001
  0.100000000000000E+001  0.589381831458820E+001  0.144085094556124E+002  0.726086473353505E+002 -0.466524580631729E+000  0.126681634667337E+001  0.543719873764737E+002 -0.167451030290137E+002 -0.294690915729410E+001
  0.100000000000000E+001  0.589001614830927E+001  0.164690687990584E+002  0.703312196888729E+002 -0.544290793643368E+000  0.358851875481687E+001  0.323844509906866E+002 -0.167451030290137E+002 -0.294500807415464E+001
  0.100000000000000E+001  0.520346458590231E+001  0.462974122860223E+001  0.757643227845551E+002 -0.463908959059365E+000  0.244895308725027E+001  0.895273563028417E+002 -0.167451030290137E+002 -0.260173229295115E+001
  0.100000000000000E+001  0.576862255166588E+001  0.154259668650983E+002  0.603673903201909E+002 -0.315719863257806E+000  0.727000288632940E+000 -0.982385704492008E+002 -0.167451030290137E+002 -0.288431127583294E+001
  0.100000000000000E+001  0.521027291493464E+001  0.194433466832318E+002  0.642086461871122E+002 -0.562875475797902E+000  0.261611121491727E+001  0.937035694075522E+001 -0.167451030290137E+002 -0.260513645746732E+001
  0.100000000000000E+001  0.521199550843396E+001  0.165060560321963E+002  0.641148064445479E+002 -0.105617411336062E+000 -0.722291934425551E+000 -0.818094507076600E+002 -0.167451030290137E+002 -0.260599775421698E+001
  0.100000000000000E+001  0.535917526153147E+001  0.702457814053628E+001  0.533291039236953E+002 -0.863986301009414E-001  0.115372817054346E+001  0.573187247279794E+002 -0.167451030290137E+002 -0.267958763076573E+001
  0.100000000000000E+001  0.569085023446225E+001 -0.988825023916931E+000  0.550814370820272E+002 -0.478596744124953E+000  0.392692933491341E+001  0.334396414705602E+002 -0.167451030290137E+002 -0.284542511723112E+001
  0.100000000000000E+001  0.538985286328720E+001 -0.182767682273691E+002  0.585887368739249E+002 -0.712451078533116E+000  0.358960598383874E+001  0.160427441169613E+002 -0.167451030290137E+002 -0.269492643164360E+001
  0.100000000000000E+001  0.550425969864928E+001 -0.194933202074992E+002  0.776851775116436E+002 -0.145541172966032E+001  0.943115848245347E+001  0.836505799659718E+002 -0.167451030290137E+002 -0.275212984932464E+001
  0.100000000000000E+001  0.544624582937191E+001 -0.177884188975713E+002  0.578035157168244E+002 -0.448845533533301E+000  0.400688128922249E+001  0.788338019915065E+002 -0.167451030290137E+002 -0.272312291468595E+001
  0.100000000000000E+001  0.482859073550357E+001 -0.465518821143528E+001  0.681621996985679E+002 -0.119032062656344E+001  0.786726487514725E+001  0.655125668632943E+002 -0.167451030290137E+002 -0.241429536775179E+001
  0.100000000000000E+001  0.479522549680284E+001 -0.112049991866204E+002  0.614500266565710E+002 -0.331888387757242E-001 -0.446201855447373E+001 -0.847047331788952E+002 -0.167451030290137E+002 -0.239761274840142E+001
  0.100000000000000E+001  0.473014694854992E+001  0.111548833672505E+002  0.679933183691996E+002 -0.119181015406800E+001  0.425043411962693E+001  0.167832908143068E+002 -0.167451030290137E+002 -0.236507347427496E+001
  0.100000000000000E+001  0.457898336134932E+001  0.145118924852442E+002  0.547134705079052E+002 -0.777694435236413E-001 -0.692293178830830E+000  0.788912263541190E+002 -0.167451030290137E+002 -0.228949168067466E+001
  0.100000000000000E+001  0.455437652240830E+001 -0.718229617332359E+000  0.732898258043778E+002 -0.282463914152642E+000 -0.849487873307625E+000 -0.642590342032922E+002 -0.167451030290137E+002 -0.227718826120415E+001
  0.100000000000000E+001  0.454701025597259E+001  0.157532570878657E+002  0.752507266994017E+002 -0.566394225960539E+000  0.314582538375401E+001  0.596938752979152E+002 -0.167451030290137E+002 -0.227350512798630E+001
  0.100000000000000E+001  0.452595730675902E+001 -0.191890621755285E+002  0.631630724348500E+002 -0.120500185794361E+001  0.965889750165594E+001  0.998820496379275E+002 -0.167451030290137E+002 -0.226297865337951E+001
  0.100000000000000E+001  0.451709036517290E+001 -0.538604688197128E+001  0.596542616091309E+002 -0.614422525114328E+000  0.623167296509721E+001  0.750427236664027E+002 -0.167451030290137E+002 -0.225854518258645E+001
  0.100000000000000E+001  0.447384432826895E+001 -0.475353414556773E+001  0.720335339825802E+002 -0.735150208562081E+000  0.294815701278051E+001  0.224394426709004E+002 -0.167451030290137E+002 -0.223692216413447E+001
  0.100000000000000E+001  0.446109235471187E+001  0.145436427289104E+002  0.768599174680904E+002 -0.122593879714738E+001  0.392991342839719E+001  0.145251607275562E+002 -0.167451030290137E+002 -0.223054617735593E+001
  0.100000000000000E+001  0.445635419723378E+001  0.110081124797864E+002  0.573045086391832E+002 -0.327960013502397E+000  0.293810771969568E+001  0.752604895401263E+002 -0.167451030290137E+002 -0.222817709861689E+001
  0.100000000000000E+001  0.442034928170773E+001 -0.421399874684131E+001  0.548313308884818E+002 -0.131667885191358E+000  0.378368808589105E+000  0.378959258933811E+002 -0.167451030290137E+002 -0.221017464085386E+001
  0.100000000000000E+001  0.439493677387069E+001 -0.423120945881585E+001  0.661614066462006E+002 -0.398246059427551E+000 -0.312260532158923E-001  0.140357048656500E+002 -0.167451030290137E+002 -0.219746838693535E+001
  0.100000000000000E+001  0.439072077075229E+001 -0.102625854966272E+002  0.639991874804640E+002 -0.334231465673342E+000 -0.945513608841997E+000 -0.872622383654639E+002 -0.167451030290137E+002 -0.219536038537615E+001
  0.100000000000000E+001  0.438715406972583E+001 -0.828420129352846E+000  0.560202289363717E+002 -0.190733709491969E+000  0.889714552014599E+000  0.428751062507432E+002 -0.167451030290137E+002 -0.219357703486292E+001
  0.100000000000000E+001  0.437782814118486E+001  0.630306555972271E+001  0.591749596599704E+002 -0.109694721330432E+000 -0.338021979654583E+001 -0.981611307907355E+002 -0.167451030290137E+002 -0.218891407059243E+001
  0.100000000000000E+001  0.434411384200563E+001 -0.188757633993110E+002  0.544905680393523E+002 -0.960799463850905E-001 -0.415943508509040E+000  0.743253242180668E+002 -0.167451030290137E+002 -0.217205692100281E+001
  0.100000000000000E+001  0.417182860672405E+001  0.135128315527338E+002  0.605535896038197E+002 -0.314554153771518E+000  0.144171680529658E+001  0.886744516939664E+002 -0.167451030290137E+002 -0.208591430336202E+001
  0.100000000000000E+001  0.416221190878669E+001 -0.150248957392182E+002  0.578523986576530E+002 -0.926345542261198E-001 -0.888263316914948E+000  0.909534108018481E+002 -0.167451030290137E+002 -0.208110595439335E+001
  0.100000000000000E+001  0.411153573571715E+001  0.961886760746041E+001  0.603308116634434E+002 -0.288223779158710E+000  0.117813768767780E+001  0.860226194142328E+000 -0.167451030290137E+002 -0.205576786785858E+001
  0.100000000000000E+001  0.408921855257806E+001 -0.159033272274543E+002  0.579175134841845E+002 -0.238558286501077E+000 -0.138538704119073E+000  0.806910769538952E+002 -0.167451030290137E+002 -0.204460927628903E+001
  0.100000000000000E+001  0.407564640149800E+001  0.191763982649968E+002  0.551711125725204E+002 -0.279954938941049E-001 -0.236442116969859E+001 -0.777580129621608E+002 -0.167451030290137E+002 -0.203782320074900E+001
  0.100000000000000E+001  0.399080628349004E+001  0.217032944102304E+001  0.733444350744472E+002 -0.226785308966814E+000 -0.256392393100253E+001 -0.886636146396972E+002 -0.167451030290137E+002 -0.199540314174502E+001
  0.100000000000000E+001  0.397819673486183E+001 -0.190597636114861E+002  0.649104916178051E+002 -0.361676701482851E+000 -0.476859927029665E-001 -0.833297024235142E+002 -0.167451030290137E+002 -0.198909836743092E+001
  0.100000000000000E+001  0.396112267817354E+001 -0.135562903229935E+002  0.619712688933222E+002 -0.115006928430879E+000 -0.272136392261864E-001  0.772411616678901E+002 -0.167451030290137E+002 -0.198056133908677E+001
  0.100000000000000E+001  0.395468996726355E+001  0.249334369136529E+001  0.599413153180821E+002 -0.304874671623141E+000 -0.103024265443458E+001  0.455903326520835E+002 -0.167451030290137E+002 -0.197734498363177E+001
  0.100000000000000E+001  0.394045503211967E+001  0.150661104831743E+002  0.670105247123517E+002 -0.375095153990000E+000 -0.213105758167259E+001  0.803099267642711E+002 -0.167451030290137E+002 -0.197022751605983E+001
  0.100000000000000E+001  0.385877412167147E+001 -0.160973217568859E+002  0.617698815604983E+002 -0.969534108133958E+000  0.508506041908215E+001  0.323212987700855E+002 -0.167451030290137E+002 -0.192938706083573E+001
  0.100000000000000E+001  0.383521504993030E+001  0.176529794539678E+002  0.604898307638745E+002 -0.671297787352875E+000  0.685236486543546E+001  0.869814703147427E+002 -0.167451030290137E+002 -0.191760752496515E+001
  0.100000000000000E+001  0.381549718093034E+001  0.138900963691565E+002  0.556372524024334E+002 -0.753466027199408E-001  0.299610168105335E+000  0.831338705230256E+002 -0.167451030290137E+002 -0.190774859046517E+001
  0.100000000000000E+001  0.380711260746162E+001  0.123928475284191E+002  0.724946793900499E+002 -0.554223009661572E+000  0.363747192868452E+001  0.920914486518688E+002 -0.167451030290137E+002 -0.190355630373081E+001
  0.100000000000000E+001  0.380474930488234E+001 -0.151609135333189E+002  0.743964632992845E+002 -0.514391796489659E+000  0.356152004190112E+001  0.746047147861873E+002 -0.167451030290137E+002 -0.190237465244117E+001
  0.100000000000000E+001  0.377378586157802E+001 -0.728693557689616E+001  0.552005217339310E+002 -0.825964250623787E-001 -0.581657219216630E+000 -0.401379458161432E+002 -0.167451030290137E+002 -0.188689293078901E+001
  0.100000000000000E+001  0.376342470394817E+001  0.118133385810439E+002  0.664047243024787E+002 -0.527319700193283E+000  0.309680884755269E+001  0.592466525120576E+002 -0.167451030290137E+002 -0.188171235197409E+001
  0.100000000000000E+001  0.371000290039565E+001  0.880994801917723E-003  0.589534739997825E+002 -0.152252584277581E+000  0.229143286088412E+001  0.617250825901093E+002 -0.167451030290137E+002 -0.185500145019783E+001
  0.100000000000000E+001  0.368325869113229E+001  0.756318296847813E+001  0.675447612423695E+002 -0.492603951427221E+000  0.504170217113378E+001  0.853317700025440E+002 -0.167451030290137E+002 -0.184162934556615E+001
  0.100000000000000E+001  0.361420911856878E+001 -0.134331509786240E+002  0.601105418409222E+002 -0.163702351234555E+000 -0.576359623123441E+000  0.366158656768625E+002 -0.167451030290137E+002 -0.180710455928439E+001
  0.100000000000000E+001  0.356914626888857E+001 -0.427346171902388E+001  0.735434189096384E+002 -0.366672108314957E+000  0.184096930818228E+000  0.676584315250948E+002 -0.167451030290137E+002 -0.178457313444428E+001
  0.100000000000000E+001  0.354582480593911E+001  0.155493627448568E+002  0.638777275316284E+002 -0.346503053051485E+000 -0.345119175998612E-001  0.572983842094312E+002 -0.167451030290137E+002 -0.177291240296955E+001
  0.100000000000000E+001  0.348199299511126E+001 -0.196814483991221E+001  0.642288158423233E+002 -0.126650963103322E+001  0.880411481310079E+001  0.800236985332668E+002 -0.167451030290137E+002 -0.174099649755563E+001
  0.100000000000000E+001  0.347769732752225E+001  0.472587719579621E+001  0.710401924908774E+002 -0.224934381310223E+000 -0.163904425962423E+001 -0.952075192757660E+002 -0.167451030290137E+002 -0.173884866376113E+001
  0.100000000000000E+001  0.346147460765398E+001  0.385872327686039E+001  0.602851576258057E+002 -0.210976597593938E+000  0.211422370899933E+001  0.297432734480639E+002 -0.167451030290137E+002 -0.173073730382699E+001
  0.100000000000000E+001  0.345456882400747E+001  0.165028468704535E+002  0.603444360212503E+002 -0.202587729386970E+000 -0.157263248797984E+001  0.796314142684840E+002 -0.167451030290137E+002 -0.172728441200373E+001
  0.100000000000000E+001  0.343148272800750E+001 -0.175725892710959E+002  0.557008847213742E+002 -0.625510118696428E-001 -0.890594428092488E+000 -0.626343496573991E+002 -0.167451030290137E+002 -0.171574136400375E+001
  0.100000000000000E+001  0.340933185850418E+001 -0.185640694033725E+002  0.682059744624977E+002 -0.427545515321030E+000  0.204891049006768E+001  0.930779477857504E+002 -0.167451030290137E+002 -0.170466592925209E+001
  0.100000000000000E+001  0.340173987041887E+001 -0.369599892862586E+001  0.689639384419595E+002 -0.116773979373322E+001  0.525497511577172E+001  0.272541540981413E+002 -0.167451030290137E+002 -0.170086993520944E+001
  0.100000000000000E+001  0.339871957304845E+001 -0.430664262924903E+000  0.608190644507211E+002 -0.627956193239189E+000  0.540096894174094E+001  0.555737232416836E+002 -0.167451030290137E+002 -0.169935978652423E+001
  0.100000000000000E+001  0.338160536829569E+001 -0.172805756777725E+002  0.735827427204762E+002 -0.470123666587145E+000  0.341069184761430E+001  0.927947235864228E+002 -0.167451030290137E+002 -0.169080268414785E+001
  0.100000000000000E+001  0.334629784663125E+001  0.161686789020107E+002  0.696574841235707E+002 -0.323533306254016E+000  0.284775141697457E+001  0.978040050499605E+002 -0.167451030290137E+002 -0.167314892331562E+001
  0.100000000000000E+001  0.332439149791734E+001  0.433072274282550E+001  0.664998439138784E+002 -0.143318236873141E+000 -0.926908945776843E+000 -0.452093382582848E+002 -0.167451030290137E+002 -0.166219574895867E+001
  0.100000000000000E+001  0.330063909822305E+001  0.764402161448110E+001  0.572151235130608E+002 -0.216781371885382E+000  0.142350098084441E+001  0.557818326231950E+002 -0.167451030290137E+002 -0.165031954911152E+001
  0.100000000000000E+001  0.328746959876675E+001 -0.151017670225274E+001  0.733997072740133E+002 -0.455760524606612E+000  0.300158142281783E+001  0.768056709611236E+002 -0.167451030290137E+002 -0.164373479938337E+001
  0.100000000000000E+001  0.327772906916832E+001 -0.928441708903544E+001  0.742986640668273E+002 -0.770512529575143E+000  0.660512529816638E+001  0.992107958944590E+002 -0.167451030290137E+002 -0.163886453458416E+001
  0.100000000000000E+001  0.326603594691571E+001 -0.273888406862143E+001  0.684937499846917E+002 -0.178948136369359E+000 -0.340255922838126E+001 -0.775481234630601E+002 -0.167451030290137E+002 -0.163301797345785E+001
  0.100000000000000E+001  0.325014750033917E+001  0.125871313287749E+002  0.604230201402967E+002 -0.497479429970308E+000  0.301315145799168E+001  0.333525311828135E+002 -0.167451030290137E+002 -0.162507375016958E+001
  0.100000000000000E+001  0.319075079285679E+001  0.187579110702717E+002  0.621525273543674E+002 -0.250148685563091E+000 -0.154257059233915E+001  0.965465970078489E+002 -0.167451030290137E+002 -0.159537539642839E+001
  0.100000000000000E+001  0.314080214009994E+001  0.425090682622946E+001  0.702466763968969E+002 -0.281774736700718E+000 -0.127166589175660E+001 -0.272564801772239E+002 -0.167451030290137E+002 -0.157040107004997E+001
  0.100000000000000E+001  0.312945511007558E+001 -0.920759287669339E+001  0.562678847474013E+002 -0.179058836581036E+000  0.223369061140169E+001  0.728612466828475E+002 -0.167451030290137E+002 -0.156472755503779E+001
  0.100000000000000E+001  0.311825995247604E+001 -0.189727479864722E+002  0.721840707583534E+002 -0.736296671431347E+000  0.474237647613477E+001  0.670314926398690E+002 -0.167451030290137E+002 -0.155912997623802E+001
  0.100000000000000E+001  0.311764841153754E+001  0.185868126438944E+001  0.633625934743454E+002 -0.163423916159828E+000  0.951990759698731E+000  0.188796000807933E+002 -0.167451030290137E+002 -0.155882420576877E+001
  0.100000000000000E+001  0.309575250573120E+001 -0.152518121824529E+002  0.658290940956003E+002 -0.216317909222716E+000 -0.274628543919665E+001 -0.769880468141770E+002 -0.167451030290137E+002 -0.154787625286560E+001
  0.100000000000000E+001  0.308408010701555E+001  0.156558421473855E+002  0.616962260244720E+002 -0.301859435087002E+000  0.645063576396126E+000  0.565421590212541E+002 -0.167451030290137E+002 -0.154204005350777E+001
  0.100000000000000E+001  0.308356889477512E+001  0.155562320967221E+002  0.697011148936260E+002 -0.116508395661476E+001  0.430158951271198E+001  0.183140706937494E+002 -0.167451030290137E+002 -0.154178444738756E+001
  0.100000000000000E+001  0.307071776518833E+001  0.191013502522384E+002  0.696883736214587E+002 -0.377794037396938E+000 -0.174470939939884E+000 -0.294512881780602E+002 -0.167451030290137E+002 -0.153535888259416E+001
  0.100000000000000E+001  0.305990970868862E+001  0.481308670082891E+001  0.572004880027185E+002 -0.184183912842341E+000  0.197394192916814E+000  0.512768045102538E+002 -0.167451030290137E+002 -0.152995485434431E+001
  0.100000000000000E+001  0.300948247112903E+001  0.110548323780928E+002  0.692895428843946E+002 -0.108352589689795E+001  0.349039641601089E+001  0.113054923002539E+002 -0.167451030290137E+002 -0.150474123556452E+001
  0.100000000000000E+001  0.300707569099564E+001 -0.181745542804883E+002  0.720731922491755E+002 -0.344412274037212E+000 -0.572834093548789E+000 -0.290346563301233E+002 -0.167451030290137E+002 -0.150353784549782E+001
  0.100000000000000E+001  0.299928214725747E+001  0.146597120159751E+001  0.708205860776616E+002 -0.245369313988219E+000 -0.985355227021200E+000 -0.602534433035846E+002 -0.167451030290137E+002 -0.149964107362874E+001
  0.100000000000000E+001  0.296228303750403E+001 -0.796176609644289E+001  0.628662186589016E+002 -0.111820672905167E+001  0.779414418985908E+001  0.725901556273049E+002 -0.167451030290137E+002 -0.148114151875201E+001
  0.100000000000000E+001  0.292570722715126E+001 -0.173855840713111E+002  0.575229391673966E+002 -0.387396904459901E+000  0.376527310557956E+001  0.576697241171715E+002 -0.167451030290137E+002 -0.146285361357563E+001
  0.100000000000000E+001  0.291592300935292E+001 -0.637084566792366E+001  0.598580140559199E+002 -0.339353531725941E+000  0.200107285880397E+001  0.378464212473700E+002 -0.167451030290137E+002 -0.145796150467646E+001
  0.100000000000000E+001  0.289708823827031E+001 -0.932361923805998E+001  0.676781162988456E+002 -0.127673410332727E+001  0.679647001171850E+001  0.482099326136198E+002 -0.167451030290137E+002 -0.144854411913516E+001
  0.100000000000000E+001  0.289397514059635E+001 -0.548184072110942E-001  0.665079159116918E+002 -0.413712978702909E+000 -0.175365425341678E+001  0.680632159039610E+002 -0.167451030290137E+002 -0.144698757029817E+001
  0.100000000000000E+001  0.286762623490502E+001 -0.555624371677456E+001  0.644877309483079E+002 -0.163204212821016E+000 -0.335937800376708E+001 -0.890973979868950E+002 -0.167451030290137E+002 -0.143381311745251E+001
  0.100000000000000E+001  0.286709951736154E+001  0.143305205394988E+001  0.704085568791025E+002 -0.276928792273659E+000 -0.884028764083773E-001  0.706260050904964E+002 -0.167451030290137E+002 -0.143354975868077E+001
  0.100000000000000E+001  0.282189649666722E+001 -0.103865346912049E+002  0.750839058913906E+002 -0.697227004092618E+000  0.369337631875671E+001  0.379782588673312E+002 -0.167451030290137E+002 -0.141094824833361E+001
  0.100000000000000E+001  0.277546629664737E+001 -0.570532468838573E+001  0.672963370419052E+002 -0.130057401857167E+001  0.702121265672972E+001  0.494841384805840E+002 -0.167451030290137E+002 -0.138773314832368E+001
  0.100000000000000E+001  0.277276780094627E+001  0.312755557749250E+001  0.611450239028635E+002 -0.139379184210567E+000  0.114926588847441E+001  0.398571588118006E+002 -0.167451030290137E+002 -0.138638390047313E+001
  0.100000000000000E+001  0.276193894529869E+001 -0.532764808448123E+001  0.674433987074179E+002 -0.124917386504497E+001  0.645339662393605E+001  0.415244793548186E+002 -0.167451030290137E+002 -0.138096947264935E+001
  0.100000000000000E+001  0.275178524209975E+001  0.149871637888024E+002  0.612036485392263E+002 -0.296717047365955E+000 -0.514700727416997E+000  0.760746657493304E+002 -0.167451030290137E+002 -0.137589262104987E+001
  0.100000000000000E+001  0.275061529702202E+001  0.173332562409801E+002  0.716456141131643E+002 -0.240376563272432E+000 -0.251145634522639E+001 -0.797958242893006E+002 -0.167451030290137E+002 -0.137530764851101E+001
  0.100000000000000E+001  0.274585443501058E+001 -0.167940226282019E+002  0.586649925115694E+002 -0.864996555750910E-001 -0.584433170357634E+000 -0.833896979008369E+002 -0.167451030290137E+002 -0.137292721750529E+001
  0.100000000000000E+001  0.272292047789259E+001  0.791149830163897E+001  0.661397511164626E+002 -0.597782810872638E-002 -0.192949122492623E+001 -0.284360564652216E+002 -0.167451030290137E+002 -0.136146023894629E+001
  0.100000000000000E+001  0.271119451716513E+001 -0.183201632754545E+002  0.589359591931513E+002 -0.230726253763532E+000  0.607228800478799E+000  0.512758085568699E+002 -0.167451030290137E+002 -0.135559725858256E+001
  0.100000000000000E+001  0.271045983310559E+001  0.242885231691464E+001  0.704661994687287E+002 -0.813735171558397E+000  0.617428063350181E+001  0.939839310961100E+002 -0.167451030290137E+002 -0.135522991655279E+001
  0.100000000000000E+001  0.267425190237393E+001 -0.403879879394025E+001  0.683084978905373E+002 -0.400519226801698E+000 -0.112137028368274E+001  0.755495301245354E+002 -0.167451030290137E+002 -0.133712595118697E+001
  0.100000000000000E+001  0.265503574175762E+001  0.375865491310322E+001  0.631883189049815E+002 -0.319842916468705E+000  0.764221007002311E+000  0.874590538124605E+002 -0.167451030290137E+002 -0.132751787087881E+001
  0.100000000000000E+001  0.264036960102968E+001  0.155649930869725E+002  0.658249037462004E+002 -0.118246630917016E+001  0.707865899212800E+001  0.578761665350637E+002 -0.167451030290137E+002 -0.132018480051484E+001
  0.100000000000000E+001  0.258651800032735E+001 -0.392813216340274E+001  0.613543308129410E+002 -0.363285131261837E+000  0.303881565341750E+001  0.327691858469463E+002 -0.167451030290137E+002 -0.129325900016367E+001
  0.100000000000000E+001  0.257980025803363E+001 -0.450835506859341E+001  0.638731191205486E+002 -0.903800237755275E+000  0.567637552024905E+001  0.424345751505901E+002 -0.167451030290137E+002 -0.128990012901682E+001
  0.100000000000000E+001  0.255168863027462E+001 -0.107676247857391E+002  0.656631225909033E+002 -0.427865362965218E-002 -0.552955633091889E+000 -0.252822895581154E+001 -0.167451030290137E+002 -0.127584431513731E+001
  0.100000000000000E+001  0.254772321283851E+001 -0.183238457627695E+002  0.715615899563975E+002 -0.313883627817590E+000 -0.115716804714896E+000 -0.582824112274735E+002 -0.167451030290137E+002 -0.127386160641925E+001
  0.100000000000000E+001  0.253475617808755E+001 -0.188853820264630E+002  0.647747166751703E+002 -0.176090750114737E+000  0.216478741917214E-003  0.903248487828961E+002 -0.167451030290137E+002 -0.126737808904377E+001
  0.100000000000000E+001  0.253344108097855E+001 -0.166681525234627E+002  0.659518327376456E+002 -0.199349479647659E+000 -0.321642790417968E+000  0.961459122555116E+002 -0.167451030290137E+002 -0.126672054048927E+001
  0.100000000000000E+001  0.251907366012571E+001 -0.164639457164489E+002  0.681235861343165E+002 -0.365306085709092E+000 -0.933435666577864E-001 -0.526591921203122E+002 -0.167451030290137E+002 -0.125953683006286E+001
  0.100000000000000E+001  0.251854552545603E+001 -0.990313130607188E+001  0.596382807108353E+002 -0.198790761538756E+000 -0.911033128693447E+000 -0.430452142768743E+002 -0.167451030290137E+002 -0.125927276272801E+001
  0.100000000000000E+001  0.251276027718048E+001 -0.176690651089387E+002  0.581365572343787E+002 -0.266895130249214E+000  0.268829653362971E+001  0.906026566158712E+002 -0.167451030290137E+002 -0.125638013859024E+001
  0.100000000000000E+001  0.250130244675834E+001 -0.485259855483314E+000  0.657013473274091E+002 -0.211082199775606E+000 -0.641687781682034E+000  0.683998654305983E+002 -0.167451030290137E+002 -0.125065122337917E+001
  0.100000000000000E+001  0.250051542055163E+001 -0.187617656145597E+001  0.661889116334336E+002 -0.171837535266045E+000 -0.105218834542854E+001 -0.940573218577120E+001 -0.167451030290137E+002 -0.125025771027581E+001
  0.100000000000000E+001  0.247419742636038E+001 -0.438174588237474E+001  0.599770125486187E+002 -0.206394958866718E+000  0.179975343541527E+001  0.252789836355781E+002 -0.167451030290137E+002 -0.123709871318019E+001
  0.100000000000000E+001  0.244284260711832E+001 -0.169896489836132E+002  0.572267175882528E+002 -0.148651473710756E+000 -0.420304426519959E+000  0.664606227035264E+002 -0.167451030290137E+002 -0.122142130355916E+001
  0.100000000000000E+001  0.243992899190509E+001 -0.686434187580442E+001  0.677819353590110E+002 -0.269363172975388E+000  0.206228340642193E+001  0.847779078831342E+002 -0.167451030290137E+002 -0.121996449595254E+001
  0.100000000000000E+001  0.242704880969606E+001  0.163272508600051E+002  0.689990871685787E+002 -0.671826036170411E+000  0.627579607037071E+001  0.920962343227979E+002 -0.167451030290137E+002 -0.121352440484803E+001
  0.100000000000000E+001  0.242275385235151E+001 -0.357433343771315E+001  0.700027694879777E+002 -0.109981653937722E+001  0.552165719808774E+001  0.391355561612983E+002 -0.167451030290137E+002 -0.121137692617575E+001
  0.100000000000000E+001  0.239005437703796E+001 -0.557207803669455E+001  0.626919996191413E+002 -0.761246187772488E+000  0.554368507179250E+001  0.632948720803884E+002 -0.167451030290137E+002 -0.119502718851898E+001
  0.100000000000000E+001  0.238010198560190E+001 -0.121190345108467E+001  0.717040789398132E+002 -0.393934425623955E+000  0.191764942119152E+001  0.423464515370229E+002 -0.167451030290137E+002 -0.119005099280095E+001
  0.100000000000000E+001  0.238004278931531E+001 -0.889636697539302E+001  0.707051378563594E+002 -0.123699628846303E+001  0.567731721607405E+001  0.340725171815163E+002 -0.167451030290137E+002 -0.119002139465766E+001
  0.100000000000000E+001  0.236024312708361E+001  0.107524651436239E+002  0.724034872774480E+002 -0.515555427851454E+000  0.405391750081684E+001  0.956076561275019E+002 -0.167451030290137E+002 -0.118012156354181E+001
  0.100000000000000E+001  0.235345844925773E+001  0.604389719080564E+001  0.593958896147809E+002 -0.248589785318927E+000 -0.517709786763364E+000  0.477827534324461E+002 -0.167451030290137E+002 -0.117672922462887E+001
  0.100000000000000E+001  0.235006095766983E+001  0.566805204827998E+001  0.572617591428696E+002 -0.397620099243705E-001 -0.245510021574604E+001 -0.815012513392627E+002 -0.167451030290137E+002 -0.117503047883491E+001
  0.100000000000000E+001  0.232463294725724E+001  0.373922112682675E+001  0.586720850451942E+002 -0.392959546659332E+000  0.276746428771449E+001  0.290751805528024E+002 -0.167451030290137E+002 -0.116231647362862E+001
  0.100000000000000E+001  0.231930883457746E+001 -0.336946017077589E+001  0.633402839564610E+002 -0.908965358393194E+000  0.519292066022618E+001  0.347334707411650E+002 -0.167451030290137E+002 -0.115965441728873E+001
  0.100000000000000E+001  0.230190131499680E+001  0.926053921315332E+001  0.757425915412216E+002 -0.101041889556672E+001  0.540866721642512E+001  0.459289301560999E+002 -0.167451030290137E+002 -0.115095065749840E+001
  0.100000000000000E+001  0.229777276914989E+001  0.139786842291167E+002  0.602018547965636E+002 -0.167827319632998E+000  0.190996422566343E+001  0.645835767346765E+002 -0.167451030290137E+002 -0.114888638457494E+001
  0.100000000000000E+001  0.229454942690803E+001  0.514254582674574E+001  0.727206207268268E+002 -0.754422675848738E+000  0.497577221835233E+001  0.503808538169079E+002 -0.167451030290137E+002 -0.114727471345402E+001
  0.100000000000000E+001  0.227857086544677E+001  0.619672143647047E+001  0.686998620939641E+002 -0.246334468144619E+000 -0.633606571142487E-002 -0.662541861390091E+002 -0.167451030290137E+002 -0.113928543272338E+001
  0.100000000000000E+001  0.227669637680442E+001  0.657864980035124E+001  0.592825838627575E+002 -0.203127377652544E+000 -0.355410388339481E+000 -0.265298557757470E+002 -0.167451030290137E+002 -0.113834818840221E+001
  0.100000000000000E+001  0.227621065018835E+001  0.806190636786624E+001  0.705701799955216E+002 -0.345363586496263E+000  0.149361918591124E+001  0.284337734815072E+002 -0.167451030290137E+002 -0.113810532509417E+001
  0.100000000000000E+001  0.223938135476379E+001 -0.254888022261699E+001  0.672214816368745E+002 -0.415818171528023E+000  0.141479043516516E+001  0.232208446430433E+002 -0.167451030290137E+002 -0.111969067738189E+001
  0.100000000000000E+001  0.223800978180738E+001  0.110832413847811E+002  0.674569060531110E+002 -0.235958761857748E+000  0.117465467933027E+001  0.782414951422903E+002 -0.167451030290137E+002 -0.111900489090369E+001
  0.100000000000000E+001  0.218797445232655E+001 -0.353084623264998E+001  0.788866101950257E+002 -0.117975915579945E+001  0.666905088235501E+001  0.568459800273611E+002 -0.167451030290137E+002 -0.109398722616328E+001
  0.100000000000000E+001  0.218634850122702E+001  0.118652460906750E+002  0.681634500523980E+002 -0.125925742863463E+000 -0.355810464692837E+001 -0.739044523135831E+002 -0.167451030290137E+002 -0.109317425061351E+001
  0.100000000000000E+001  0.218288004378242E+001 -0.555485497372337E+001  0.636995945662018E+002 -0.653090492680080E-001 -0.198258708500237E+001 -0.673475871309348E+002 -0.167451030290137E+002 -0.109144002189121E+001
  0.100000000000000E+001  0.217177402949292E+001 -0.113083973708624E+001  0.713078470506098E+002 -0.137074522727476E+001  0.912664264265666E+001  0.821854631190386E+002 -0.167451030290137E+002 -0.108588701474646E+001
  0.100000000000000E+001  0.216556301457439E+001 -0.157907087904283E+002  0.662853969174071E+002 -0.335921172285643E+000 -0.281020029726751E+000 -0.425705051222143E+002 -0.167451030290137E+002 -0.108278150728720E+001
  0.100000000000000E+001  0.216102894675712E+001 -0.110059138387676E+002  0.659600318373213E+002 -0.561863169173808E+000  0.313658366366062E+001  0.396378839818575E+002 -0.167451030290137E+002 -0.108051447337856E+001
  0.100000000000000E+001  0.215557030908135E+001  0.108961492090743E+002  0.622880244905549E+002 -0.162560374163930E+000  0.104188910121187E+001  0.354710158961157E+002 -0.167451030290137E+002 -0.107778515454067E+001
  0.100000000000000E+001  0.215461135297172E+001  0.187254746384130E+002  0.671966063827572E+002 -0.355997446074237E+000  0.540427280652427E+000  0.724352923773634E+002 -0.167451030290137E+002 -0.107730567648586E+001
  0.100000000000000E+001  0.215168974402291E+001 -0.104416404261534E+002  0.665525302063072E+002 -0.123608337933374E+001  0.772532178072280E+001  0.629793972998889E+002 -0.167451030290137E+002 -0.107584487201145E+001
  0.100000000000000E+001  0.214763942742293E+001  0.108106068866747E+002  0.615675537828411E+002 -0.768443400655124E+000  0.574248109580005E+001  0.541796511056065E+002 -0.167451030290137E+002 -0.107381971371147E+001
  0.100000000000000E+001  0.213378033576805E+001  0.192568659732081E+002  0.638157859406125E+002 -0.322158840717947E+000 -0.169966190595160E+001  0.853463819910277E+002 -0.167451030290137E+002 -0.106689016788402E+001
  0.100000000000000E+001  0.211871900960564E+001  0.190477228101134E+002  0.652665535107349E+002 -0.317216480673270E+000 -0.185663202941023E+001  0.888818139120282E+002 -0.167451030290137E+002 -0.105935950480282E+001
  0.100000000000000E+001  0.211427920325424E+001 -0.106127853239953E+002  0.581687356834902E+002 -0.241848628386783E+000  0.230395615942950E+001  0.624890144142502E+002 -0.167451030290137E+002 -0.105713960162712E+001
  0.100000000000000E+001  0.209487907661531E+001 -0.652691723049912E+001  0.585167950622590E+002 -0.910925881920599E-001 -0.247397343761610E+001 -0.898371224267883E+002 -0.167451030290137E+002 -0.104743953830766E+001
  0.100000000000000E+001  0.204794375560259E+001  0.835774856181731E+001  0.622644459768129E+002 -0.382625201996847E+000  0.256328847187825E+001  0.615870420857627E+002 -0.167451030290137E+002 -0.102397187780129E+001
  0.100000000000000E+001  0.204351660279846E+001 -0.142619028488328E+002  0.688224113641173E+002 -0.360507121575804E+000  0.630202934366242E-001 -0.897556939943507E+002 -0.167451030290137E+002 -0.102175830139923E+001
  0.100000000000000E+001  0.203462931280651E+001  0.892309696027818E+001  0.720362661609597E+002 -0.567747088658779E+000  0.180913581427049E+001  0.575656550576029E+001 -0.167451030290137E+002 -0.101731465640325E+001
  0.100000000000000E+001  0.203446571632117E+001  0.496014392806298E+001  0.598999050993723E+002 -0.254967030982241E+000 -0.717102878043471E+000  0.685929759299994E+002 -0.167451030290137E+002 -0.101723285816058E+001
  0.100000000000000E+001  0.202663576584203E+001  0.521662181688234E+001  0.659879675943322E+002 -0.558899909478427E+000  0.459874437827358E+001  0.991432611442458E+002 -0.167451030290137E+002 -0.101331788292102E+001
  0.100000000000000E+001  0.201980130609980E+001 -0.118938910769936E+002  0.705496613980587E+002 -0.258139403034614E+000 -0.191251926771651E+001 -0.707901291522057E+002 -0.167451030290137E+002 -0.100990065304990E+001
  0.100000000000000E+001  0.200971320292469E+001  0.990453590177595E+001  0.686710771917709E+002 -0.205239107095315E+000 -0.988401785724175E+000 -0.417733429603745E+002 -0.167451030290137E+002 -0.100485660146234E+001
  0.100000000000000E+001  0.197330200721682E+001  0.184991906453458E+002  0.593692959418776E+002 -0.240968696915290E+000  0.119950031662540E+001  0.364457282107095E+002 -0.167451030290137E+002 -0.986651003608407E+000
  0.100000000000000E+001  0.196910370737900E+001  0.302893075544949E+001  0.688371440243039E+002 -0.866442091463693E-002 -0.364774152234945E+001 -0.583974615027437E+002 -0.167451030290137E+002 -0.984551853689500E+000
  0.100000000000000E+001  0.196781475610128E+001 -0.566624135847489E+001  0.587774059795662E+002 -0.149473287578398E+000 -0.137687182412134E+001 -0.757095359097719E+002 -0.167451030290137E+002 -0.983907378050643E+000
  0.100000000000000E+001  0.196034245602120E+001  0.150120994977132E+001  0.618400415940156E+002 -0.353194691196725E+000  0.140354494745669E+001  0.157178773818454E+002 -0.167451030290137E+002 -0.980171228010601E+000
  0.100000000000000E+001  0.195367789246073E+001  0.126372291749978E+002  0.705833790660312E+002 -0.352283019649428E+000  0.170173691227648E+001  0.499014764059895E+002 -0.167451030290137E+002 -0.976838946230367E+000
  0.100000000000000E+001  0.194076579180887E+001 -0.288723301622593E+001  0.707981977099024E+002 -0.325452742664080E+000  0.240962776423233E+000 -0.166059904367379E+002 -0.167451030290137E+002 -0.970382895904436E+000
  0.100000000000000E+001  0.193309758660214E+001  0.482632045228523E+001  0.608274056717050E+002 -0.218405800855620E+000 -0.190793418896826E+000 -0.854279230218989E+001 -0.167451030290137E+002 -0.966548793301072E+000
  0.100000000000000E+001  0.187142203434415E+001  0.118285276057019E+002  0.611231634739177E+002 -0.281487316140827E+000 -0.827308116943005E+000  0.456008334253588E+002 -0.167451030290137E+002 -0.935711017172076E+000
  0.100000000000000E+001  0.183554438875391E+001 -0.582949877063726E+000  0.643849191471029E+002 -0.204388853784626E+000 -0.885713852995238E+000  0.984578198267608E+002 -0.167451030290137E+002 -0.917772194376954E+000
  0.100000000000000E+001  0.183207350603731E+001 -0.206557024425701E+001  0.643783693218185E+002 -0.154082438776497E+000 -0.674101809643087E+000 -0.490504192038272E+002 -0.167451030290137E+002 -0.916036753018657E+000
  0.100000000000000E+001  0.182656329883283E+001  0.101564564456775E+001  0.642551635742534E+002 -0.131323016627807E+000 -0.355242914155779E+001 -0.951613025376379E+002 -0.167451030290137E+002 -0.913281649416416E+000
  0.100000000000000E+001  0.179944802883514E+001 -0.103405134270691E+002  0.589474009119957E+002 -0.304480998443256E+000  0.283312559978302E+001  0.548443998180708E+002 -0.167451030290137E+002 -0.899724014417569E+000
  0.100000000000000E+001  0.179239854085998E+001  0.887334662878441E+001  0.645764641397936E+002 -0.492880427298053E+000  0.488709625825308E+001  0.762739052406264E+002 -0.167451030290137E+002 -0.896199270429993E+000
  0.100000000000000E+001  0.178718327319631E+001  0.182539306601364E+002  0.653557606004566E+002 -0.357276931074850E+000 -0.170132951224214E+001  0.798370808889911E+002 -0.167451030290137E+002 -0.893591636598156E+000
  0.100000000000000E+001  0.178059158124957E+001  0.189524109197970E+002  0.597181904901462E+002 -0.220431508973115E+000  0.530779441882174E+000 -0.698475434551259E+002 -0.167451030290137E+002 -0.890295790624787E+000
  0.100000000000000E+001  0.177985549700168E+001  0.563609800856244E+001  0.608414285361899E+002 -0.534346056020210E-001 -0.214960624886532E+001 -0.914582515398317E+002 -0.167451030290137E+002 -0.889927748500838E+000
  0.100000000000000E+001  0.177911349563433E+001 -0.595540419913813E+001  0.644544502170477E+002 -0.850910676216452E-001 -0.158346604913217E+001 -0.447923254757110E+002 -0.167451030290137E+002 -0.889556747817162E+000
  0.100000000000000E+001  0.177504307041760E+001 -0.181654786071730E+002  0.587009717551580E+002 -0.152628046920102E+000 -0.373236076317927E+000  0.880128254935348E+002 -0.167451030290137E+002 -0.887521535208796E+000
  0.100000000000000E+001  0.176370755752172E+001  0.871680395588231E+001  0.651259578938331E+002 -0.258874761997435E+000 -0.182661340879385E+001 -0.866117856093227E+002 -0.167451030290137E+002 -0.881853778760859E+000
  0.100000000000000E+001  0.175382627656671E+001  0.167389147803655E+002  0.595204812665300E+002 -0.186282042979742E+000 -0.111811359856365E+001 -0.990333839592990E+002 -0.167451030290137E+002 -0.876913138283353E+000
  0.100000000000000E+001  0.174919888927273E+001  0.930542149772558E+001  0.624597881768906E+002 -0.186844041101527E+000 -0.135215118347479E+001 -0.328214788125167E+002 -0.167451030290137E+002 -0.874599444636366E+000
  0.100000000000000E+001  0.174437675898042E+001  0.137018876214386E+002  0.651081595130924E+002 -0.313105293082818E+000 -0.148740450950136E+001  0.717072665765268E+002 -0.167451030290137E+002 -0.872188379490209E+000
  0.100000000000000E+001  0.174413240018969E+001 -0.104381712499358E+002  0.680242373180942E+002 -0.465122425371893E-001 -0.464054216152824E+001 -0.952369225217807E+002 -0.167451030290137E+002 -0.872066200094846E+000
  0.100000000000000E+001  0.174309282435947E+001  0.163237498229349E+002  0.636696556960227E+002 -0.104355829662117E+000 -0.857817777045453E+000 -0.255198733699318E+002 -0.167451030290137E+002 -0.871546412179734E+000
  0.100000000000000E+001  0.174115319738038E+001 -0.100338452617658E+002  0.674576469501258E+002 -0.368473442886378E+000  0.119806989533440E+001  0.435678179639111E+002 -0.167451030290137E+002 -0.870576598690190E+000
  0.100000000000000E+001  0.173643857103009E+001 -0.775259253313956E+001  0.649084121235955E+002 -0.391533071791433E+000  0.159416668596426E+001  0.260930471187399E+002 -0.167451030290137E+002 -0.868219285515043E+000
  0.100000000000000E+001  0.172835080904783E+001 -0.158870546745187E+002  0.693052448863817E+002 -0.136832797326318E+001  0.808902728969265E+001  0.646197921666327E+002 -0.167451030290137E+002 -0.864175404523916E+000
  0.100000000000000E+001  0.171487687556315E+001 -0.247281780224290E+001  0.633591794024961E+002 -0.220883731473410E+000 -0.117046683164669E+001 -0.334255617222026E+002 -0.167451030290137E+002 -0.857438437781576E+000
  0.100000000000000E+001  0.170424180561687E+001  0.511382192546657E+001  0.606256571738546E+002 -0.376194011932232E+000  0.272493086848917E+001  0.466286186920820E+002 -0.167451030290137E+002 -0.852120902808435E+000
  0.100000000000000E+001  0.169250987008741E+001  0.791131233535212E+001  0.625030920118073E+002 -0.283627455488691E+000  0.376793377708477E+000 -0.169002345478286E+002 -0.167451030290137E+002 -0.846254935043708E+000
  0.100000000000000E+001  0.168962632489466E+001  0.899530997525934E+001  0.717598688844558E+002 -0.669473211729951E+000  0.515384973781716E+001  0.717735960736997E+002 -0.167451030290137E+002 -0.844813162447331E+000
  0.100000000000000E+001  0.168026342128417E+001 -0.655492517522073E+001  0.659532875211604E+002 -0.157396834719810E+000 -0.480708311130115E+000 -0.149410299642469E+002 -0.167451030290137E+002 -0.840131710642087E+000
  0.100000000000000E+001  0.165770784655025E+001 -0.861478548884464E+001  0.768468179614932E+002 -0.124681999685407E+001  0.664419808997569E+001  0.476188602249370E+002 -0.167451030290137E+002 -0.828853923275123E+000
  0.100000000000000E+001  0.165071170376325E+001  0.282690742518358E+000  0.667410401652067E+002 -0.191956275673266E+000 -0.119131395056952E+001 -0.901960439496843E+002 -0.167451030290137E+002 -0.825355851881624E+000
  0.100000000000000E+001  0.164110826454566E+001  0.182498253267600E+002  0.622227854378793E+002 -0.229401094015437E+000 -0.140635163448212E+001  0.956318801711093E+002 -0.167451030290137E+002 -0.820554132272829E+000
  0.100000000000000E+001  0.163508949211330E+001  0.523364785278456E+001  0.783283441922296E+002 -0.123377797836990E+001  0.553027282284189E+001  0.325865152964651E+002 -0.167451030290137E+002 -0.817544746056651E+000
  0.100000000000000E+001  0.163318146395564E+001  0.193079205152617E+002  0.694624717202014E+002 -0.249682127574523E+000 -0.109259342239606E+001 -0.626775318677742E+002 -0.167451030290137E+002 -0.816590731977823E+000
  0.100000000000000E+001  0.162273386191491E+001  0.145608210075475E+002  0.597784813550716E+002 -0.399500829354455E+000  0.420013765897966E+001  0.865953073191236E+002 -0.167451030290137E+002 -0.811366930957453E+000
  0.100000000000000E+001  0.161360618222953E+001 -0.486512989059786E+001  0.643601005088748E+002 -0.977183650673387E+000  0.721389427321409E+001  0.771597903891112E+002 -0.167451030290137E+002 -0.806803091114765E+000
  0.100000000000000E+001  0.159689941610393E+001 -0.132858219635059E+002  0.670402516230863E+002 -0.109692980502340E+000 -0.236275526234678E+001 -0.684246801536579E+002 -0.167451030290137E+002 -0.798449708051966E+000
  0.100000000000000E+001  0.159115633806034E+001 -0.112352227504568E+001  0.593832038605526E+002 -0.209375599343310E+000 -0.254328208360455E+000  0.551997806556346E+002 -0.167451030290137E+002 -0.795578169030168E+000
  0.100000000000000E+001  0.158834001937699E+001 -0.978531541431379E+001  0.622825772417012E+002 -0.128897249848041E-001 -0.309045962098094E+001 -0.984866429550285E+002 -0.167451030290137E+002 -0.794170009688492E+000
  0.100000000000000E+001  0.158758569365956E+001  0.539482301446246E+001  0.743783910529311E+002 -0.104251843886611E+001  0.823288925242316E+001  0.994856536109745E+002 -0.167451030290137E+002 -0.793792846829780E+000
  0.100000000000000E+001  0.158112550875288E+001  0.580743221539499E+001  0.649278955085052E+002 -0.910782993537772E+000  0.723746900353070E+001  0.899117469803949E+002 -0.167451030290137E+002 -0.790562754376437E+000
  0.100000000000000E+001  0.157020980211675E+001  0.530850621730221E+001  0.660144506540685E+002 -0.169048011030571E+000 -0.170198269936881E+001 -0.278100723721446E+002 -0.167451030290137E+002 -0.785104901058376E+000
  0.100000000000000E+001  0.155752654982256E+001 -0.129371679322435E+002  0.696638122546393E+002 -0.575556806466306E+000  0.298637060346924E+001  0.357026643999176E+002 -0.167451030290137E+002 -0.778763274911282E+000
  0.100000000000000E+001  0.154854492260275E+001 -0.458994984476366E+001  0.611456106842280E+002 -0.424015044487293E+000  0.271206753676377E+001  0.212394076702160E+002 -0.167451030290137E+002 -0.774272461301375E+000
  0.100000000000000E+001  0.154743313310551E+001  0.408614423994259E+001  0.645643112683109E+002 -0.281048903617978E+000 -0.672505179516794E-001 -0.577568667990408E+001 -0.167451030290137E+002 -0.773716566552753E+000
  0.100000000000000E+001  0.154534238981396E+001 -0.401305773375388E+001  0.736148461862929E+002 -0.862010544296051E+000  0.573529798279513E+001  0.670710154420842E+002 -0.167451030290137E+002 -0.772671194906979E+000
  0.100000000000000E+001  0.153791692351732E+001  0.149087425731006E+002  0.615600739195023E+002 -0.260106184345313E+000  0.242123607853177E+000 -0.705952057172413E+002 -0.167451030290137E+002 -0.768958461758658E+000
  0.100000000000000E+001  0.153679025201432E+001  0.141300299792760E+002  0.629748997583104E+002 -0.355566590317102E-001 -0.343926501066285E+001 -0.603766296140790E+002 -0.167451030290137E+002 -0.768395126007159E+000
  0.100000000000000E+001  0.151589989890648E+001 -0.488008259693131E+001  0.715217680073740E+002 -0.551809906586615E+000  0.306520960394628E+001  0.379351587312706E+002 -0.167451030290137E+002 -0.757949949453241E+000
  0.100000000000000E+001  0.150279212816024E+001 -0.287412440062477E+001  0.670460810812060E+002 -0.259661411771175E+000 -0.887450947456555E+000 -0.223944561281243E+002 -0.167451030290137E+002 -0.751396064080119E+000
  0.100000000000000E+001  0.150239386358560E+001  0.119657495228437E+002  0.695764617604209E+002 -0.371018842760119E+000  0.173542846112456E+001  0.786693783055704E+002 -0.167451030290137E+002 -0.751196931792801E+000
  0.100000000000000E+001  0.148165942149075E+001  0.176451559660413E+001  0.599335176732894E+002 -0.225155372788173E+000  0.984735381504382E+000  0.450560542335501E+002 -0.167451030290137E+002 -0.740829710745373E+000
  0.100000000000000E+001  0.146903624167535E+001 -0.144344088548261E+002  0.756581723474911E+002 -0.882385483737705E+000  0.375977706813743E+001  0.219486128517088E+002 -0.167451030290137E+002 -0.734518120837678E+000
  0.100000000000000E+001  0.146483224713142E+001 -0.491544579585955E+001  0.628792386220959E+002 -0.341398521453385E+000  0.135823239792941E+001  0.202497142412435E+002 -0.167451030290137E+002 -0.732416123565710E+000
  0.100000000000000E+001  0.145912185554740E+001 -0.593536339674479E+000  0.672537452223027E+002 -0.115236213117343E+001  0.643973683582368E+001  0.477955365671521E+002 -0.167451030290137E+002 -0.729560927773700E+000
  0.100000000000000E+001  0.141529731106834E+001  0.138048552601450E+002  0.669809627986394E+002 -0.201595691532677E-001 -0.221091672097033E+001 -0.208753822721213E+002 -0.167451030290137E+002 -0.707648655534171E+000
  0.100000000000000E+001  0.140186467962597E+001  0.491653727017843E+001  0.601033934976313E+002 -0.204410664183465E+000 -0.629880842011344E+000  0.632306957213130E+002 -0.167451030290137E+002 -0.700932339812988E+000
  0.100000000000000E+001  0.139906293121415E+001 -0.121484439907005E+002  0.682090623989197E+002 -0.290902463945604E+000 -0.966797741842777E+000 -0.443150843062223E+002 -0.167451030290137E+002 -0.699531465607071E+000
  0.100000000000000E+001  0.139468891547113E+001 -0.658354239284758E+001  0.605540865865517E+002 -0.370564692766739E+000  0.222081727888571E+001  0.171397748882660E+002 -0.167451030290137E+002 -0.697344457735564E+000
  0.100000000000000E+001  0.139350108568142E+001  0.229339254883589E+001  0.710353659609269E+002 -0.814436482600681E+000  0.648558227919588E+001  0.981303628140638E+002 -0.167451030290137E+002 -0.696750542840712E+000
  0.100000000000000E+001  0.139138523715889E+001  0.735785108876716E+000  0.658773736048324E+002 -0.213330447579687E+000  0.152735191584908E+000 -0.169637246462283E+002 -0.167451030290137E+002 -0.695692618579442E+000
  0.100000000000000E+001  0.137105532700279E+001  0.166087877680089E+001  0.689740523646574E+002 -0.396562665521503E+000  0.336764900387430E+001  0.929960204384758E+002 -0.167451030290137E+002 -0.685527663501397E+000
  0.100000000000000E+001  0.136226779990645E+001  0.805746670853580E+000  0.686590211877784E+002 -0.355451585307966E+000  0.203428812948499E+001  0.392200177642144E+002 -0.167451030290137E+002 -0.681133899953225E+000
  0.100000000000000E+001  0.136173919982124E+001  0.174492315408981E+002  0.651759830724207E+002 -0.313981268673023E+000 -0.446860220984391E-003 -0.960688093978875E+002 -0.167451030290137E+002 -0.680869599910618E+000
  0.100000000000000E+001  0.135919568414069E+001  0.125413759084844E+002  0.645356855614920E+002 -0.197608733220191E+000  0.671423125334494E+000  0.739745904158469E+002 -0.167451030290137E+002 -0.679597842070347E+000
  0.100000000000000E+001  0.135755552575937E+001  0.345037644743253E+001  0.618768655433769E+002 -0.269030012401971E+000  0.558937218037370E+000  0.682420243400152E+001 -0.167451030290137E+002 -0.678777762879684E+000
  0.100000000000000E+001  0.134201013775436E+001  0.171631751777800E+002  0.673330760545844E+002 -0.356583539051980E-001 -0.226924104514709E+001 -0.256307807334184E+002 -0.167451030290137E+002 -0.671005068877184E+000
  0.100000000000000E+001  0.133970507766026E+001 -0.390862361070773E+001  0.652232597222542E+002 -0.897676010324204E+000  0.763352628250770E+001  0.888796612506234E+002 -0.167451030290137E+002 -0.669852538830132E+000
  0.100000000000000E+001  0.132737676575848E+001  0.134713555351970E+002  0.664301507565994E+002 -0.305802346374215E+000  0.125795977822476E+001  0.100092652144633E+002 -0.167451030290137E+002 -0.663688382879239E+000
  0.100000000000000E+001  0.132673592255092E+001 -0.166099909068719E+002  0.653259700649676E+002 -0.210808534821047E+000  0.115122517931354E+000  0.442253141774779E+002 -0.167451030290137E+002 -0.663367961275463E+000
  0.100000000000000E+001  0.132179941677459E+001  0.891404467715951E+001  0.626549993570741E+002 -0.150660319426022E+000 -0.860668424904967E+000 -0.900770457158724E+002 -0.167451030290137E+002 -0.660899708387294E+000
  0.100000000000000E+001  0.129987070663528E+001 -0.976138066780489E+001  0.654841730479342E+002 -0.182842286521803E+000 -0.225776402152419E+001 -0.584347674133006E+002 -0.167451030290137E+002 -0.649935353317641E+000
  0.100000000000000E+001  0.129164469378296E+001 -0.461581128054457E+001  0.605563968201372E+002 -0.231116913059981E+000 -0.277364997414782E+000  0.883943800000420E+002 -0.167451030290137E+002 -0.645822346891477E+000
  0.100000000000000E+001  0.128192457973827E+001 -0.217746802561615E+001  0.652760281771415E+002 -0.107196256902165E+001  0.847260475339167E+001  0.913990299779896E+002 -0.167451030290137E+002 -0.640962289869134E+000
  0.100000000000000E+001  0.128169662281858E+001 -0.415584270239655E+001  0.668484914511300E+002 -0.244671125695168E+000  0.798079441838002E+000  0.356374644207068E+002 -0.167451030290137E+002 -0.640848311409289E+000
  0.100000000000000E+001  0.127183648805507E+001  0.488866259306052E+001  0.621518429138106E+002 -0.718424319557589E+000  0.677814562425356E+001  0.985329832152773E+002 -0.167451030290137E+002 -0.635918244027533E+000
  0.100000000000000E+001  0.126966258870442E+001  0.787581004958536E+001  0.658824269953666E+002 -0.653597433385726E-001 -0.184427072902357E+001 -0.323273753017996E+002 -0.167451030290137E+002 -0.634831294352211E+000
  0.100000000000000E+001  0.126084719649581E+001 -0.871768518202663E+001  0.602826895262925E+002 -0.338103775058305E+000  0.351798676595905E+001  0.881668971043697E+002 -0.167451030290137E+002 -0.630423598247905E+000
  0.100000000000000E+001  0.125719198533425E+001 -0.396191693360443E+001  0.668773845750229E+002 -0.792470947331592E+000  0.497589596336715E+001  0.509070751318029E+002 -0.167451030290137E+002 -0.628595992667123E+000
  0.100000000000000E+001  0.125016647006172E+001  0.475121545544678E+001  0.602088742934791E+002 -0.619984141773455E-001 -0.268239691940318E+000 -0.152514681311628E+001 -0.167451030290137E+002 -0.625083235030860E+000
  0.100000000000000E+001  0.123530304923094E+001 -0.167259158230825E+002  0.697155536315437E+002 -0.434606822988537E+000  0.298685862037469E+001  0.742615958431018E+002 -0.167451030290137E+002 -0.617651524615468E+000
  0.100000000000000E+001  0.122222618187116E+001 -0.143798239068474E+002  0.702557635262384E+002 -0.124119750467560E+001  0.719517734829975E+001  0.585964998106321E+002 -0.167451030290137E+002 -0.611113090935578E+000
  0.100000000000000E+001  0.121688421474030E+001 -0.165675169359924E+002  0.714845929553468E+002 -0.702979509748991E+000  0.501120476679242E+001  0.705614907443392E+002 -0.167451030290137E+002 -0.608442107370147E+000
  0.100000000000000E+001  0.121031500928476E+001  0.445350716802133E+001  0.733155601946808E+002 -0.882276969975723E+000  0.284699499805481E+001  0.106256050512828E+002 -0.167451030290137E+002 -0.605157504642376E+000
  0.100000000000000E+001  0.120828273787328E+001 -0.394134312034651E+001  0.684918189249125E+002 -0.250153164675083E+000 -0.183556325720284E+000 -0.939630655837257E+001 -0.167451030290137E+002 -0.604141368936640E+000
  0.100000000000000E+001  0.120657780089265E+001  0.175911605712273E+002  0.673648691128367E+002 -0.331798351436010E+000  0.727881461520163E+000  0.856106950366446E+002 -0.167451030290137E+002 -0.603288900446326E+000
  0.100000000000000E+001  0.120224563789002E+001 -0.403366829527577E+001  0.759247139580577E+002 -0.117781068685271E+001  0.844032293641288E+001  0.956871438906809E+002 -0.167451030290137E+002 -0.601122818945009E+000
  0.100000000000000E+001  0.118911134040562E+001 -0.109772250695587E+002  0.673977408449971E+002 -0.367232507438056E+000  0.333458102650887E+001  0.905238624676561E+002 -0.167451030290137E+002 -0.594555670202808E+000
  0.100000000000000E+001  0.117214987707234E+001 -0.226164489319187E+001  0.671057982685120E+002 -0.326688947596192E+000  0.402967060801931E+000 -0.381613217121538E+002 -0.167451030290137E+002 -0.586074938536172E+000
  0.100000000000000E+001  0.116205243087969E+001  0.156961399263710E+001  0.641345124864437E+002 -0.232021580527090E+000  0.144600193995896E+001  0.391985812148156E+002 -0.167451030290137E+002 -0.581026215439846E+000
  0.100000000000000E+001  0.114868823388994E+001  0.157574408991159E+001  0.637965312740369E+002 -0.161548258065365E+000 -0.201770426459582E+001 -0.492572950860756E+002 -0.167451030290137E+002 -0.574344116944971E+000
  0.100000000000000E+001  0.114495195508199E+001 -0.792873807038211E+001  0.680672380349577E+002 -0.276798413434121E+000 -0.138969721770028E-001  0.277903976333268E+002 -0.167451030290137E+002 -0.572475977540998E+000
  0.100000000000000E+001  0.114212690634623E+001  0.146904927812669E+002  0.601001800487949E+002 -0.193551795755300E+000  0.929041239686264E-001 -0.901246322300312E+002 -0.167451030290137E+002 -0.571063453173117E+000
  0.100000000000000E+001  0.113218683227923E+001  0.444786691161568E+001  0.656150773678657E+002 -0.217379497871093E+000  0.650878952386911E+000 -0.557359236691327E+002 -0.167451030290137E+002 -0.566093416139617E+000
  0.100000000000000E+001  0.113089861025946E+001  0.532921151716750E+001  0.666355349421284E+002 -0.973385351818117E+000  0.748128695189394E+001  0.894180678770271E+002 -0.167451030290137E+002 -0.565449305129727E+000
  0.100000000000000E+001  0.112768185615489E+001  0.518971776964204E+000  0.621189918128026E+002 -0.223836368498876E+000 -0.117232623642900E+001 -0.830003752716781E+002 -0.167451030290137E+002 -0.563840928077442E+000
  0.100000000000000E+001  0.112704797804997E+001  0.938981420309464E+000  0.633499213424179E+002 -0.505810329540445E+000  0.440554333487009E+001  0.581495445240217E+002 -0.167451030290137E+002 -0.563523989024982E+000
  0.100000000000000E+001  0.112474523060870E+001  0.151769989381292E+002  0.658950595435546E+002 -0.300801246230762E+000 -0.478450930520220E+000 -0.557803625729165E+002 -0.167451030290137E+002 -0.562372615304351E+000
  0.100000000000000E+001  0.110682392865390E+001 -0.809584162897575E+001  0.668616168342483E+002 -0.208072102280628E+000 -0.256919338632073E+001 -0.905093371275258E+002 -0.167451030290137E+002 -0.553411964326948E+000
  0.100000000000000E+001  0.110181096307477E+001 -0.619179461447078E+001  0.612306918267911E+002 -0.457458905417896E-001 -0.326208866687764E+001 -0.755566360446123E+002 -0.167451030290137E+002 -0.550905481537386E+000
  0.100000000000000E+001  0.109092113169812E+001  0.129207658591929E+002  0.630182941717321E+002 -0.363747019777080E+000  0.221359408584268E+001  0.456930266596252E+002 -0.167451030290137E+002 -0.545460565849058E+000
  0.100000000000000E+001  0.107702233451278E+001  0.400344523958861E+001  0.676869519106873E+002 -0.460628407472116E+000  0.338953245838020E+001  0.856522245694040E+002 -0.167451030290137E+002 -0.538511167256392E+000
  0.100000000000000E+001  0.107659066702841E+001  0.720293480580200E+001  0.670052369267145E+002 -0.698381151410426E+000  0.468019659437253E+001  0.569237496743407E+002 -0.167451030290137E+002 -0.538295333514207E+000
  0.100000000000000E+001  0.105173829744339E+001 -0.429900874101257E+000  0.635281239167165E+002 -0.452572192663103E-001 -0.330367050448627E+001 -0.608705249371299E+002 -0.167451030290137E+002 -0.525869148721691E+000
  0.100000000000000E+001  0.103705756642002E+001 -0.709096358648665E+000  0.655202342340450E+002 -0.180013415367623E+000 -0.962238133534161E+000 -0.517823005437144E+002 -0.167451030290137E+002 -0.518528783210013E+000
  0.100000000000000E+001  0.103353113774020E+001 -0.122244742784749E+002  0.747055674669676E+002 -0.992023378072352E+000  0.524344274662953E+001  0.413558950356123E+002 -0.167451030290137E+002 -0.516765568870101E+000
  0.100000000000000E+001  0.102304570241156E+001 -0.183906651461335E+002  0.690910341183161E+002 -0.728515672790456E+000  0.583070221842374E+001  0.912818252025536E+002 -0.167451030290137E+002 -0.511522851205779E+000
  0.100000000000000E+001  0.102168347984797E+001  0.902507335646448E+001  0.632042876081012E+002 -0.232954652408977E+000 -0.831485972020173E+000 -0.386592631069503E+002 -0.167451030290137E+002 -0.510841739923985E+000
  0.100000000000000E+001  0.101449673786740E+001 -0.628712051647951E+001  0.642277948410086E+002 -0.840947611139962E+000  0.754563732506213E+001  0.956226521980650E+002 -0.167451030290137E+002 -0.507248368933702E+000
  0.100000000000000E+001  0.100678055911580E+001  0.176852788373335E+002  0.644343956669297E+002 -0.299950110164408E+000  0.720035367293628E+000  0.370831865161898E+002 -0.167451030290137E+002 -0.503390279557902E+000
  0.100000000000000E+001  0.100467240395606E+001 -0.151782633508491E+002  0.656019545771275E+002 -0.143908669237820E+000 -0.102604576313590E+001 -0.266077336624009E+002 -0.167451030290137E+002 -0.502336201978028E+000
  0.100000000000000E+001  0.995372191505048E+000 -0.169446002951940E+001  0.650040919176305E+002 -0.990252728248000E+000  0.701107732369123E+001  0.677332951215460E+002 -0.167451030290137E+002 -0.497686095752524E+000
  0.100000000000000E+001  0.991721407036160E+000  0.291771179989565E+001  0.649130284830955E+002 -0.308344389321640E+000  0.860539358620818E+000  0.458358936936905E+002 -0.167451030290137E+002 -0.495860703518079E+000
  0.100000000000000E+001  0.967064819396441E+000  0.114806423539408E+002  0.639014729179672E+002 -0.419976342850994E+000  0.399925133211250E+001  0.694199341521849E+002 -0.167451030290137E+002 -0.483532409698220E+000
  0.100000000000000E+001  0.965737990398424E+000 -0.813008318175523E+000  0.630818832875829E+002 -0.772727261872969E+000  0.695875849685443E+001  0.930436283467617E+002 -0.167451030290137E+002 -0.482868995199211E+000
  0.100000000000000E+001  0.956441420988703E+000  0.817709794653806E+001  0.622634123101094E+002 -0.246686449271539E+000  0.244172161751011E+001  0.831465429109543E+002 -0.167451030290137E+002 -0.478220710494351E+000
  0.100000000000000E+001  0.953992095627868E+000 -0.123105699089219E+002  0.606356688501619E+002 -0.197817035018322E+000 -0.988843258410306E-001 -0.999531726862853E+002 -0.167451030290137E+002 -0.476996047813934E+000
  0.100000000000000E+001  0.947949138218725E+000 -0.541972229525125E+001  0.696253699100354E+002 -0.107316797089066E+001  0.504284495067700E+001  0.308160453523516E+002 -0.167451030290137E+002 -0.473974569109364E+000
  0.100000000000000E+001  0.942957542048624E+000  0.739745266025659E+001  0.620085298012045E+002 -0.399569142981227E+000  0.238655985962704E+001  0.280983411829329E+002 -0.167451030290137E+002 -0.471478771024313E+000
  0.100000000000000E+001  0.940909165835187E+000  0.120984347625166E+002  0.623224764904706E+002 -0.464940056718258E+000  0.506153019628969E+001  0.951094155886404E+002 -0.167451030290137E+002 -0.470454582917592E+000
  0.100000000000000E+001  0.923256696129073E+000 -0.108148344732028E+002  0.624799557383428E+002 -0.597771954419104E+000  0.464837148000266E+001  0.527329858295051E+002 -0.167451030290137E+002 -0.461628348064537E+000
  0.100000000000000E+001  0.911979394928046E+000  0.550832134375145E+000  0.688913600311154E+002 -0.459698816591343E+000  0.378869565963804E+001  0.872339588485209E+002 -0.167451030290137E+002 -0.455989697464025E+000
  0.100000000000000E+001  0.903587062666595E+000  0.157291879001930E+002  0.651352335528845E+002 -0.647732837441129E+000  0.470850073296655E+001  0.613767637570845E+002 -0.167451030290137E+002 -0.451793531333297E+000
  0.100000000000000E+001  0.893652819660247E+000 -0.186184276112180E+002  0.631664962320840E+002 -0.190792033488898E+000 -0.139061643791027E-001 -0.924070161517736E+002 -0.167451030290137E+002 -0.446826409830125E+000
  0.100000000000000E+001  0.891131620933812E+000  0.929218493853734E+001  0.668009492669269E+002 -0.277493029013504E+000  0.120510575287516E+001  0.333885681738713E+002 -0.167451030290137E+002 -0.445565810466905E+000
  0.100000000000000E+001  0.883925421920544E+000  0.555519257487862E+001  0.633276182739383E+002 -0.273720866778689E+000  0.544893867479807E+000  0.553877722029632E+002 -0.167451030290137E+002 -0.441962710960273E+000
  0.100000000000000E+001  0.878077022153697E+000 -0.144277459097197E+002  0.766561963402850E+002 -0.128066405960433E+001  0.790287375509382E+001  0.721271128915122E+002 -0.167451030290137E+002 -0.439038511076847E+000
  0.100000000000000E+001  0.867755026653228E+000 -0.315299659090003E+001  0.618321008386984E+002 -0.256861179423899E+000  0.140445749554884E+001  0.794267762584164E+002 -0.167451030290137E+002 -0.433877513326615E+000
  0.100000000000000E+001  0.853867380207419E+000  0.850380490429677E+001  0.671386434241543E+002 -0.282763665307705E+000 -0.107155542424364E+001 -0.863940010903448E+002 -0.167451030290137E+002 -0.426933690103708E+000
  0.100000000000000E+001  0.847174296141048E+000 -0.428032166800945E+001  0.616631344308397E+002 -0.429027142245537E-001 -0.203943622440061E+000 -0.949010814988142E+000 -0.167451030290137E+002 -0.423587148070526E+000
  0.100000000000000E+001  0.845569996205718E+000 -0.769815006559845E+001  0.708078217997248E+002 -0.861501624351347E+000  0.621625503225378E+001  0.667352223656592E+002 -0.167451030290137E+002 -0.422784998102861E+000
  0.100000000000000E+001  0.841815220813977E+000 -0.189277951659058E+001  0.734996432398252E+002 -0.900487747459876E+000  0.541328827905885E+001  0.506167395429468E+002 -0.167451030290137E+002 -0.420907610406990E+000
  0.100000000000000E+001  0.835092645820069E+000  0.182657772632821E+001  0.658594232164594E+002 -0.292817354958388E+000  0.166981333498144E+001  0.342768023917937E+002 -0.167451030290137E+002 -0.417546322910034E+000
  0.100000000000000E+001  0.834321043866126E+000 -0.211937000462741E+001  0.677775952740152E+002 -0.305671968605170E+000  0.200339322883032E-001 -0.617086807291849E+002 -0.167451030290137E+002 -0.417160521933064E+000
  0.100000000000000E+001  0.830914231743947E+000  0.121740143208512E+002  0.614411839705454E+002 -0.186182437761590E+000  0.373487557678047E+000 -0.437333117626839E+002 -0.167451030290137E+002 -0.415457115871972E+000
  0.100000000000000E+001  0.820307251942545E+000 -0.178880467493318E+002  0.616890411098514E+002 -0.180672583928832E+000 -0.284474143410002E+000 -0.977479507850440E+002 -0.167451030290137E+002 -0.410153625971271E+000
  0.100000000000000E+001  0.817148843418074E+000  0.276406241568024E+001  0.659145538958525E+002 -0.235341379396298E+000  0.588118970140306E+000 -0.730491719217594E+002 -0.167451030290137E+002 -0.408574421709038E+000
  0.100000000000000E+001  0.816508883656937E+000 -0.169442543379231E+002  0.658991281375472E+002 -0.445488964525742E+000  0.169762037676871E+001  0.134963727352835E+002 -0.167451030290137E+002 -0.408254441828467E+000
  0.100000000000000E+001  0.815943156390979E+000  0.153046820235098E+002  0.637664487015469E+002 -0.299552406984777E+000  0.156088268106413E+001  0.854691485277394E+002 -0.167451030290137E+002 -0.407971578195491E+000
  0.100000000000000E+001  0.786210231263489E+000  0.152904408716018E+002  0.683201807017798E+002 -0.524402909147298E+000  0.308333871401126E+001  0.305280599979081E+002 -0.167451030290137E+002 -0.393105115631743E+000
  0.100000000000000E+001  0.784165086082560E+000  0.199939606461173E+001  0.666151318723559E+002 -0.310791702222106E+000  0.611194365521115E+000  0.279918458235581E+002 -0.167451030290137E+002 -0.392082543041279E+000
  0.100000000000000E+001  0.783594287903725E+000  0.892778807525934E+001  0.612776170971136E+002 -0.248480442135735E+000  0.198519102076153E+001  0.705423279328619E+002 -0.167451030290137E+002 -0.391797143951863E+000
  0.100000000000000E+001  0.780686665686972E+000 -0.911896713767729E+001  0.626867257603916E+002 -0.872819089795080E-001 -0.325856809046840E+001 -0.886128751151489E+002 -0.167451030290137E+002 -0.390343332843486E+000
  0.100000000000000E+001  0.779605206232930E+000  0.918940057945377E+001  0.718391909372903E+002 -0.861800880470888E+000  0.471508325147930E+001  0.352193195322801E+002 -0.167451030290137E+002 -0.389802603116466E+000
  0.100000000000000E+001  0.778238166668096E+000 -0.116965910986290E+002  0.626118776450404E+002 -0.442869910502859E+000  0.391548525125933E+001  0.758603118237332E+002 -0.167451030290137E+002 -0.389119083334048E+000
  0.100000000000000E+001  0.776175725759998E+000 -0.374522282687010E+000  0.648608643480483E+002 -0.324152170901333E-001 -0.348796332410001E+001 -0.889702633775676E+002 -0.167451030290137E+002 -0.388087862879998E+000
  0.100000000000000E+001  0.772641606812435E+000  0.477233315414324E+001  0.712610308371075E+002 -0.851299277220142E+000  0.644602570849745E+001  0.850399750183412E+002 -0.167451030290137E+002 -0.386320803406217E+000
  0.100000000000000E+001  0.764276388939003E+000 -0.188103176598746E+002  0.664800976997073E+002 -0.542548706587430E+000  0.421639027663673E+001  0.543056892697844E+002 -0.167451030290137E+002 -0.382138194469500E+000
  0.100000000000000E+001  0.753251265227611E+000 -0.135007133501034E+002  0.766720847766056E+002 -0.139153897630712E+001  0.938918144785321E+001  0.946885720836291E+002 -0.167451030290137E+002 -0.376625632613807E+000
  0.100000000000000E+001  0.734909312184186E+000 -0.110398526101190E+002  0.620513448758541E+002 -0.329420146243808E+000  0.280731944324431E+001  0.749672134998462E+002 -0.167451030290137E+002 -0.367454656092092E+000
  0.100000000000000E+001  0.725365497763534E+000  0.151981011243597E+002  0.632028313505813E+002 -0.269338839993397E+000  0.921074929251693E+000  0.700241224140438E+002 -0.167451030290137E+002 -0.362682748881768E+000
  0.100000000000000E+001  0.721335229167437E+000 -0.168291699548246E+002  0.633705374022667E+002 -0.701145377285386E+000  0.662678569755092E+001  0.965856414922799E+002 -0.167451030290137E+002 -0.360667614583718E+000
  0.100000000000000E+001  0.719003623060772E+000  0.150192521932984E+002  0.637072266212059E+002 -0.281007891929259E+000 -0.240636921852934E+000  0.514868541700761E+002 -0.167451030290137E+002 -0.359501811530385E+000
  0.100000000000000E+001  0.715205228290451E+000 -0.190041015101156E+002  0.664685847770025E+002 -0.335153871667243E+000  0.184593157977463E+001  0.293547873374931E+002 -0.167451030290137E+002 -0.357602614145226E+000
  0.100000000000000E+001  0.710195965419075E+000  0.195902003115139E+001  0.659788683458952E+002 -0.676768885387285E+000  0.438808346150386E+001  0.481557003903220E+002 -0.167451030290137E+002 -0.355097982709537E+000
  0.100000000000000E+001  0.706907177294546E+000  0.137477366448687E+002  0.668274987620623E+002 -0.277453604541863E+000  0.134041251183893E+001  0.830795801347908E+002 -0.167451030290137E+002 -0.353453588647274E+000
  0.100000000000000E+001  0.706151823955942E+000 -0.643585143475129E+001  0.618125011613009E+002 -0.282317188476969E+000  0.258756078144738E+001  0.745840094856740E+002 -0.167451030290137E+002 -0.353075911977973E+000
  0.100000000000000E+001  0.701273109471892E+000 -0.787933106648551E+001  0.643766459966120E+002 -0.232960670868607E+000 -0.408152799887546E+000  0.520956904711234E+002 -0.167451030290137E+002 -0.350636554735945E+000
  0.100000000000000E+001  0.699742854219814E+000 -0.353290067233019E+000  0.628581448004358E+002 -0.398089265247791E+000  0.325847653477081E+001  0.675910713761397E+002 -0.167451030290137E+002 -0.349871427109906E+000
  0.100000000000000E+001  0.696567899723767E+000  0.877772670084423E+001  0.651642766253482E+002 -0.195827367940323E+000 -0.723908641712836E+000 -0.436494332293106E+002 -0.167451030290137E+002 -0.348283949861885E+000
  0.100000000000000E+001  0.693002122889602E+000  0.275122766275904E+001  0.632904262679797E+002 -0.213955597904206E+000 -0.668284740517301E+000 -0.243518514018067E+002 -0.167451030290137E+002 -0.346501061444800E+000
  0.100000000000000E+001  0.665549821902587E+000  0.161074393265872E+002  0.686159828381195E+002 -0.506089422835019E+000  0.368623433307156E+001  0.620280331272422E+002 -0.167451030290137E+002 -0.332774910951293E+000
  0.100000000000000E+001  0.656174793415538E+000 -0.692287040852832E+001  0.737963427759930E+002 -0.913299840347808E+000  0.423844491308512E+001  0.272419862032311E+002 -0.167451030290137E+002 -0.328087396707770E+000
  0.100000000000000E+001  0.652032882154828E+000  0.185867286846003E+002  0.672013564644434E+002 -0.391110848666907E+000  0.273205769296300E+001  0.787055711581685E+002 -0.167451030290137E+002 -0.326016441077412E+000
  0.100000000000000E+001  0.621886802460850E+000 -0.111780535663325E+001  0.686949822688275E+002 -0.577592755166311E+000  0.373976777226142E+001  0.502283420196414E+002 -0.167451030290137E+002 -0.310943401230424E+000
  0.100000000000000E+001  0.621364617188732E+000  0.152891262966918E+002  0.650391934949823E+002 -0.254389308213077E+000  0.125439825852342E+001  0.411553912979219E+002 -0.167451030290137E+002 -0.310682308594367E+000
  0.100000000000000E+001  0.612019211575856E+000  0.175593752245105E+002  0.675760445592718E+002 -0.410854394985275E+000  0.329774215930802E+001  0.855342331347598E+002 -0.167451030290137E+002 -0.306009605787929E+000
  0.100000000000000E+001  0.609992633825442E+000  0.112918319179321E+002  0.670272924251085E+002 -0.293206764889664E+000 -0.231106917510543E+000  0.742766647057642E+002 -0.167451030290137E+002 -0.304996316912721E+000
  0.100000000000000E+001  0.604477054248527E+000 -0.108819832847211E+002  0.654948230165878E+002 -0.688620731782682E+000  0.583787300976932E+001  0.742965474908027E+002 -0.167451030290137E+002 -0.302238527124264E+000
  0.100000000000000E+001  0.595595872510444E+000  0.912083676868718E+000  0.682979985668701E+002 -0.682193222685556E+000  0.555961468452324E+001  0.877890116014783E+002 -0.167451030290137E+002 -0.297797936255220E+000
  0.100000000000000E+001  0.592153570517837E+000  0.139646093542286E+002  0.656374891445547E+002 -0.472389527877141E+000  0.106558792430713E+001  0.232715645733066E+000 -0.167451030290137E+002 -0.296076785258917E+000
  0.100000000000000E+001  0.586037082003614E+000 -0.634247517982036E+000  0.679158624669779E+002 -0.739138729333114E+000  0.539722027112493E+001  0.581400633973811E+002 -0.167451030290137E+002 -0.293018541001806E+000
  0.100000000000000E+001  0.562979699726569E+000 -0.553473635884010E+001  0.626685590204733E+002 -0.384840157512807E+000  0.311430044320032E+001  0.556959528880403E+002 -0.167451030290137E+002 -0.281489849863283E+000
  0.100000000000000E+001  0.558342768271963E+000 -0.923378848917571E+001  0.632477020175090E+002 -0.282533727807237E-001 -0.323473632152508E+001 -0.624827598838098E+002 -0.167451030290137E+002 -0.279171384135981E+000
  0.100000000000000E+001  0.554019102984405E+000 -0.960885557830052E+001  0.640923816101446E+002 -0.219994484431370E+000  0.350942807955022E+000 -0.430093515911307E+002 -0.167451030290137E+002 -0.277009551492204E+000
  0.100000000000000E+001  0.552466941891218E+000 -0.463619886219254E+001  0.627191151672311E+002 -0.184779824206856E+000 -0.795788082648114E+000 -0.724155428254062E+002 -0.167451030290137E+002 -0.276233470945610E+000
  0.100000000000000E+001  0.552052086549068E+000  0.163451533960034E+001  0.753551856686437E+002 -0.124595575489499E+001  0.791005871513053E+001  0.722931730268520E+002 -0.167451030290137E+002 -0.276026043274534E+000
  0.100000000000000E+001  0.551340287921882E+000 -0.595394766032925E+001  0.711125275735336E+002 -0.100900824469180E+001  0.778950969729921E+001  0.974858170419697E+002 -0.167451030290137E+002 -0.275670143960940E+000
  0.100000000000000E+001  0.549571191475714E+000 -0.205244785961289E+001  0.622695559453233E+002 -0.212794025187861E-001 -0.174504837868985E+001 -0.246400249976098E+002 -0.167451030290137E+002 -0.274785595737855E+000
  0.100000000000000E+001  0.542166276784194E+000  0.148575624314412E+002  0.652582962235416E+002 -0.703886655224201E+000  0.574313136073853E+001  0.692676243733678E+002 -0.167451030290137E+002 -0.271083138392096E+000
  0.100000000000000E+001  0.522531017957206E+000 -0.832728389726292E+001  0.626772460407067E+002 -0.295889368387230E+000  0.277103760482791E+001  0.904998416994842E+002 -0.167451030290137E+002 -0.261265508978602E+000
  0.100000000000000E+001  0.510360109168559E+000 -0.336171038138301E+001  0.630846707242593E+002 -0.211609025579959E+000  0.506753652383019E-001 -0.544575452882173E+002 -0.167451030290137E+002 -0.255180054584281E+000
  0.100000000000000E+001  0.507040299362728E+000 -0.110526344939029E+002  0.630108629930757E+002 -0.133057290180905E+000 -0.964275099488940E+000 -0.252673156952631E+002 -0.167451030290137E+002 -0.253520149681365E+000
  0.100000000000000E+001  0.500137853825137E+000  0.143389852181793E+002  0.666736904726906E+002 -0.371256878967775E+000  0.271172294050515E+001  0.809579988154935E+002 -0.167451030290137E+002 -0.250068926912570E+000
  0.100000000000000E+001  0.499996071358765E+000  0.106285725448699E+002  0.657290587952877E+002 -0.332237950241124E+000  0.184934822150059E+001  0.596274837072223E+002 -0.167451030290137E+002 -0.249998035679382E+000
  0.100000000000000E+001  0.472226837568499E+000 -0.117706733395239E+002  0.652730929355288E+002 -0.816976086182621E+000  0.552354073186402E+001  0.529630884170315E+002 -0.167451030290137E+002 -0.236113418784251E+000
  0.100000000000000E+001  0.470815037091711E+000  0.105037187070010E+002  0.641788458122141E+002 -0.226946036070271E+000  0.307476894795515E+000  0.989160867802237E+002 -0.167451030290137E+002 -0.235407518545854E+000
  0.100000000000000E+001  0.460906687361479E+000 -0.620462865338165E+001  0.654529854850117E+002 -0.196546659718989E+000 -0.469782155248978E+000 -0.121572153980498E+002 -0.167451030290137E+002 -0.230453343680741E+000
  0.100000000000000E+001  0.458187887628654E+000  0.103567634918185E+002  0.728218850254806E+002 -0.107794140181655E+001  0.765587936409666E+001  0.801327054500055E+002 -0.167451030290137E+002 -0.229093943814326E+000
  0.100000000000000E+001  0.458009165318536E+000  0.144583432654606E+001  0.646464212846288E+002 -0.254061341161929E+000  0.142089068077715E+001  0.742106581763122E+002 -0.167451030290137E+002 -0.229004582659269E+000
  0.100000000000000E+001  0.442093846475281E+000 -0.124718027664381E+002  0.685383409549416E+002 -0.594615005489546E+000  0.386612366707032E+001  0.437052604841040E+002 -0.167451030290137E+002 -0.221046923237640E+000
  0.100000000000000E+001  0.438547034541500E+000  0.113252523383875E+002  0.748056841925842E+002 -0.122286554753050E+001  0.746038289065957E+001  0.662319657224504E+002 -0.167451030290137E+002 -0.219273517270750E+000
  0.100000000000000E+001  0.438176595479653E+000  0.549758064375808E+001  0.631069513768462E+002 -0.254001285542147E-001 -0.268954422406613E+001 -0.511858723591115E+002 -0.167451030290137E+002 -0.219088297739825E+000
  0.100000000000000E+001  0.435241544968740E+000 -0.529265286506789E+001  0.678935048837400E+002 -0.550138725244471E+000  0.327812184348817E+001  0.387584418338087E+002 -0.167451030290137E+002 -0.217620772484368E+000
  0.100000000000000E+001  0.421620301703193E+000 -0.118814151349801E+002  0.647846472717538E+002 -0.494050211610229E+000  0.234627659913998E+001  0.181528723974445E+002 -0.167451030290137E+002 -0.210810150851595E+000
  0.100000000000000E+001  0.409304486307498E+000  0.112436051092259E+002  0.656610966530349E+002 -0.275889149208535E+000  0.810550518229309E+000  0.485261756218929E+002 -0.167451030290137E+002 -0.204652243153749E+000
  0.100000000000000E+001  0.403088812069726E+000 -0.858754481114004E+001  0.643589423753269E+002 -0.168807289414441E+000 -0.547907585686536E+000 -0.117182073277104E+002 -0.167451030290137E+002 -0.201544406034865E+000
  0.100000000000000E+001  0.402784210214691E+000 -0.185510446846167E+002  0.651598293208208E+002 -0.247226435123747E+000  0.316154444155785E-001 -0.535645907228671E+002 -0.167451030290137E+002 -0.201392105107344E+000
  0.100000000000000E+001  0.396611945032852E+000 -0.169825052129395E+001  0.667671618567198E+002 -0.815424000109774E+000  0.606574373235062E+001  0.717466361235755E+002 -0.167451030290137E+002 -0.198305972516426E+000
  0.100000000000000E+001  0.396160516373456E+000  0.998148736841845E+001  0.655501456492929E+002 -0.270211559730730E+000  0.758593040800852E+000  0.521686369991093E+002 -0.167451030290137E+002 -0.198080258186728E+000
  0.100000000000000E+001  0.385437991665405E+000 -0.479110034737112E+001  0.678241162365425E+002 -0.553672580381796E+000  0.397186328157040E+001  0.552392783880837E+002 -0.167451030290137E+002 -0.192718995832703E+000
  0.100000000000000E+001  0.384072817605734E+000 -0.119089185182181E+002  0.654394736698645E+002 -0.811755012117503E+000  0.707217434355643E+001  0.965633636303001E+002 -0.167451030290137E+002 -0.192036408802866E+000
  0.100000000000000E+001  0.374672622285210E+000 -0.119177627059927E+001  0.644190333220956E+002 -0.529175407419366E+000  0.267736014042115E+001  0.176911630449205E+002 -0.167451030290137E+002 -0.187336311142606E+000
  0.100000000000000E+001  0.368307021303508E+000  0.169047587511753E+002  0.647064776862753E+002 -0.260316178187470E+000  0.274621867972654E+000  0.431549680714057E+002 -0.167451030290137E+002 -0.184153510651755E+000
  0.100000000000000E+001  0.364767523963771E+000  0.141677472734226E+001  0.715763114712740E+002 -0.957082003773528E+000  0.708679716107407E+001  0.803421333599547E+002 -0.167451030290137E+002 -0.182383761981886E+000
  0.100000000000000E+001  0.354837738015227E+000  0.540300267791235E+000  0.740452460816621E+002 -0.112221186543030E+001  0.681818785172078E+001  0.599088346279021E+002 -0.167451030290137E+002 -0.177418869007615E+000
  0.100000000000000E+001  0.352561996219080E+000  0.568328207081904E+001  0.645298157776416E+002 -0.246487747159486E+000  0.647438731265026E-001 -0.481476891788279E+002 -0.167451030290137E+002 -0.176280998109540E+000
  0.100000000000000E+001  0.351490787669377E+000  0.182630727108845E+002  0.645991845546497E+002 -0.280424751140196E+000  0.160857270507333E+001  0.757693814779784E+002 -0.167451030290137E+002 -0.175745393834689E+000
  0.100000000000000E+001  0.349097622398013E+000 -0.133413258898014E+002  0.642751091509102E+002 -0.281341713283574E+000  0.757831060174246E+000  0.567328491402603E+001 -0.167451030290137E+002 -0.174548811199006E+000
  0.100000000000000E+001  0.343732750131977E+000 -0.409690621513288E+001  0.641304232241491E+002 -0.459886586045035E+000  0.225542249528772E+001  0.169933433102865E+002 -0.167451030290137E+002 -0.171866375065988E+000
  0.100000000000000E+001  0.311385870084791E+000  0.690784504946016E+000  0.648312163605353E+002 -0.542543783210161E+000  0.485940251973580E+001  0.828267267366784E+002 -0.167451030290137E+002 -0.155692935042394E+000
  0.100000000000000E+001  0.269664521627369E+000 -0.464634927319454E+001  0.653316992720145E+002 -0.600742209822839E+000  0.518512921917374E+001  0.798431022190774E+002 -0.167451030290137E+002 -0.134832260813685E+000
  0.100000000000000E+001  0.240686477665442E+000  0.666333444266501E+001  0.683186499842693E+002 -0.863637262945807E+000  0.612987504778014E+001  0.627752042524509E+002 -0.167451030290137E+002 -0.120343238832722E+000
  0.100000000000000E+001  0.202858007494321E+000 -0.242043450329296E+001  0.672942142121134E+002 -0.885110771324495E+000  0.596211050585674E+001  0.590247798957805E+002 -0.167451030290137E+002 -0.101429003747159E+000
  0.100000000000000E+001  0.143009913851351E+000 -0.172965302424863E+000  0.670083655772547E+002 -0.828981051914330E+000  0.710614904070230E+001  0.956850442091209E+002 -0.167451030290137E+002 -0.715049569256772E-001
  0.100000000000000E+001  0.126292930116534E+000  0.171814008066218E+002  0.721409495146112E+002 -0.112070023793312E+001  0.850920029669333E+001  0.980791657724780E+002 -0.167451030290137E+002 -0.631464650582677E-001
