 -0.802472665747466E+000  0.871518781376074E+002 -0.584533463898716E+000  0.183415280598846E+001  0.582297245720306E+001 -0.167451030290137E+002 -0.443412018939853E+001 -0.443412018939853E+001 -0.448931817803532E+001
 -0.144779943568246E+002  0.597396204176293E+002 -0.630675716512383E+000  0.256922740708853E+001  0.140794994284102E+002 -0.167451030290137E+002 -0.445665939198807E+001 -0.445665939198807E+001 -0.450187724104035E+001
  0.968289711810026E+000  0.436559607265827E+002 -0.581195837930186E+000  0.172375323359866E+001  0.505210898799638E+001 -0.167451030290137E+002 -0.444134683534503E+001 -0.444134683534503E+001 -0.450253367796540E+001
 -0.120441996291759E+002  0.549342517252256E+002 -0.627011740730532E+000  0.249283286009875E+001  0.127604374825956E+002 -0.167451030290137E+002 -0.445988222537562E+001 -0.445988222537562E+001 -0.447699906304479E+001
 -0.160431537285609E+002  0.854222780020497E+002 -0.593671698802812E+000  0.212359106725108E+001  0.988237258598954E+001 -0.167451030290137E+002 -0.445245895010885E+001 -0.445245895010885E+001 -0.446717360615730E+001
 -0.118522879351061E+002  0.715837541165354E+002 -0.611522389277520E+000  0.211792686483047E+001  0.793459935921013E+001 -0.167451030290137E+002 -0.446112060104497E+001 -0.446112060104497E+001 -0.448621958494186E+001
 -0.793143221481249E+001  0.737851026624069E+002 -0.563767988963840E+000  0.150370219710137E+001  0.310448641773678E+001 -0.167451030290137E+002 -0.442875264678150E+001 -0.442875264678150E+001 -0.446551420490141E+001
 -0.129572610954195E+002  0.731136897284957E+002 -0.582803184733223E+000  0.194139038510307E+001  0.760016441114291E+001 -0.167451030290137E+002 -0.445073087722994E+001 -0.445073087722994E+001 -0.446930852532387E+001
 -0.549631847518821E+001  0.703644559616665E+002 -0.613099563068958E+000  0.241602629390243E+001  0.128807088534651E+002 -0.167451030290137E+002 -0.445015422441065E+001 -0.445015422441065E+001 -0.447607182711363E+001
  0.894444761468034E+001  0.703839190789875E+002 -0.589903261512760E+000  0.190586176268741E+001  0.679097190624462E+001 -0.167451030290137E+002 -0.443327954784036E+001 -0.443327954784036E+001 -0.450343421846628E+001
  0.869072499997234E+000  0.400566481993698E+002 -0.617187973871591E+000  0.257306056637954E+001  0.158133436476910E+002 -0.167451030290137E+002 -0.446162813901901E+001 -0.446162813901901E+001 -0.447828581184149E+001
 -0.143572259948150E+002  0.751751172132727E+002 -0.623521589498659E+000  0.258902986799948E+001  0.155194038969350E+002 -0.167451030290137E+002 -0.445671952445991E+001 -0.445671952445991E+001 -0.447180382977240E+001
  0.189038142324880E+002  0.738115457491625E+002 -0.621870329235016E+000  0.252645819572129E+001  0.139929015293472E+002 -0.167451030290137E+002 -0.445188808441162E+001 -0.445188808441162E+001 -0.462643054663204E+001
  0.399294976158267E+001  0.439797740828269E+002 -0.633002012879266E+000  0.265757962954946E+001  0.152930452260325E+002 -0.167451030290137E+002 -0.445934668555856E+001 -0.445934668555856E+001 -0.448538254474988E+001
 -0.404064712538010E+001  0.499835551008297E+002 -0.634020018216105E+000  0.269367730370679E+001  0.162059470206794E+002 -0.167451030290137E+002 -0.445802510529757E+001 -0.445802510529757E+001 -0.446815360873006E+001
 -0.518764610249243E+001  0.503962447039572E+002 -0.598026612526212E+000  0.212069113363593E+001  0.924957493704868E+001 -0.167451030290137E+002 -0.444009870383888E+001 -0.444009870383888E+001 -0.447395915910602E+001
  0.150876477925228E+002  0.802456633387429E+002 -0.580048928686366E+000  0.158824980433844E+001  0.324422856202540E+001 -0.167451030290137E+002 -0.444535630196333E+001 -0.444535630196333E+001 -0.448552030138671E+001
 -0.450904158892670E+001  0.600955946311569E+002 -0.590985867898330E+000  0.192021610952668E+001  0.658715435366426E+001 -0.167451030290137E+002 -0.443528698757291E+001 -0.443528698757291E+001 -0.450840869825333E+001
  0.494844428688343E+001  0.970829370255356E+002 -0.582885635348610E+000  0.198066570814932E+001  0.847470154207706E+001 -0.167451030290137E+002 -0.446211858093739E+001 -0.446211858093739E+001 -0.447816208750010E+001
  0.459447258964879E+000  0.819391769884421E+002 -0.602406175981503E+000  0.231255890279861E+001  0.120205166559134E+002 -0.167451030290137E+002 -0.446045080013573E+001 -0.446045080013573E+001 -0.447772830237409E+001
  0.129014907381745E+002  0.482605234671223E+002 -0.592201782740876E+000  0.207687736854290E+001  0.899159727291949E+001 -0.167451030290137E+002 -0.444696272164583E+001 -0.444696272164583E+001 -0.446767402254045E+001
 -0.886124963817440E+001  0.645504183480219E+002 -0.623168438965627E+000  0.251097423588696E+001  0.136238193732006E+002 -0.167451030290137E+002 -0.445053900545463E+001 -0.445053900545463E+001 -0.447243096586317E+001
  0.162094389007592E+002  0.825761987406652E+002 -0.599559652683348E+000  0.199673924501571E+001  0.728571934192621E+001 -0.167451030290137E+002 -0.443555884063244E+001 -0.443555884063244E+001 -0.446514554961959E+001
  0.144123215903387E+002  0.765347735702292E+002 -0.565075778765525E+000  0.167107246066860E+001  0.522350614925105E+001 -0.167451030290137E+002 -0.446217998862267E+001 -0.446217998862267E+001 -0.446328881103545E+001
  0.875309072810300E+001  0.765927923157203E+002 -0.584407596301429E+000  0.186862167379089E+001  0.680896062470302E+001 -0.167451030290137E+002 -0.444499050825834E+001 -0.444499050825834E+001 -0.446662842947990E+001
  0.213194046768654E+001  0.960306030556240E+002 -0.583952611770110E+000  0.192649068126508E+001  0.735057605639071E+001 -0.167451030290137E+002 -0.444333098456264E+001 -0.444333098456264E+001 -0.449720525555313E+001
 -0.125269079494911E+002  0.653041146564089E+002 -0.600895381585295E+000  0.187554809197388E+001  0.572116610599336E+001 -0.167451030290137E+002 -0.446286020823754E+001 -0.446286020823754E+001 -0.449422799097374E+001
  0.755586036866017E+001  0.643089188359143E+002 -0.620991350156470E+000  0.252177585207136E+001  0.142971219181065E+002 -0.167451030290137E+002 -0.445024583116174E+001 -0.445024583116174E+001 -0.454495815373957E+001
  0.174912402790498E+002  0.624688556246229E+002 -0.615454046173636E+000  0.231823188491100E+001  0.114301908706123E+002 -0.167451030290137E+002 -0.445177945494652E+001 -0.445177945494652E+001 -0.449182140314952E+001
 -0.440673454906598E+001  0.438228184981293E+002 -0.604048367325337E+000  0.203222313108398E+001  0.743119306418680E+001 -0.167451030290137E+002 -0.444181813299656E+001 -0.444181813299656E+001 -0.448574871104211E+001
  0.349907871306116E+001  0.747269618821221E+002 -0.572386268811300E+000  0.168554294668373E+001  0.482678918678998E+001 -0.167451030290137E+002 -0.443375810608268E+001 -0.443375810608268E+001 -0.449826613385812E+001
  0.172609144854867E+001  0.575013634062071E+002 -0.546729175654031E+000  0.126055155383832E+001  0.131485217364968E+001 -0.167451030290137E+002 -0.444023670256138E+001 -0.444023670256138E+001 -0.447972954064608E+001
 -0.143639449294589E+002  0.636735032093080E+002 -0.550540786213754E+000  0.134631439977564E+001  0.181283635030118E+001 -0.167451030290137E+002 -0.445147819106933E+001 -0.445147819106933E+001 -0.459872497338802E+001
 -0.120797900729234E+002  0.868686528079566E+002 -0.622462326252951E+000  0.260037710312493E+001  0.157468376506016E+002 -0.167451030290137E+002 -0.445582867413759E+001 -0.445582867413759E+001 -0.448605892807245E+001
  0.120178695898016E+001  0.905915629815248E+002 -0.572344297307802E+000  0.170712397737985E+001  0.477693532276678E+001 -0.167451030290137E+002 -0.444770470634103E+001 -0.444770470634103E+001 -0.447105022310279E+001
  0.148620483403537E+001  0.502856280192118E+002 -0.598004111686387E+000  0.220123898122046E+001  0.107290067049105E+002 -0.167451030290137E+002 -0.445197465084493E+001 -0.445197465084493E+001 -0.447305419621989E+001
  0.166302471364340E+002  0.858762964780878E+002 -0.583405817176398E+000  0.172450415212475E+001  0.464129933322741E+001 -0.167451030290137E+002 -0.443018434196711E+001 -0.443018434196711E+001 -0.446451548486948E+001
 -0.125672267386332E+002  0.595877642440292E+002 -0.595894948485056E+000  0.189653254261810E+001  0.586783770203465E+001 -0.167451030290137E+002 -0.444744727900252E+001 -0.444744727900252E+001 -0.448222408257425E+001
 -0.101643714143984E+002  0.671498058641960E+002 -0.570434809152933E+000  0.146820831484915E+001  0.222686634364892E+001 -0.167451030290137E+002 -0.445871259644628E+001 -0.445871259644628E+001 -0.482566195726395E+001
 -0.158471626264714E+002  0.659397990601539E+002 -0.567350972783183E+000  0.144251630359065E+001  0.206217286256827E+001 -0.167451030290137E+002 -0.446146811672952E+001 -0.446146811672952E+001 -0.447814207201009E+001
  0.144635854262696E+002  0.865271331843843E+002 -0.601314851785081E+000  0.220833797271452E+001  0.101743869660000E+002 -0.167451030290137E+002 -0.445105578750372E+001 -0.445105578750372E+001 -0.447636759909801E+001
 -0.235888522760585E+001  0.611426094491597E+002 -0.601126008600505E+000  0.189369711783560E+001  0.575285896185727E+001 -0.167451030290137E+002 -0.445622960105538E+001 -0.445622960105538E+001 -0.447062306012958E+001
 -0.341501480015621E+001  0.698927654390383E+002 -0.611728170098411E+000  0.246154655776235E+001  0.142165940041442E+002 -0.167451030290137E+002 -0.445839315280318E+001 -0.445839315280318E+001 -0.448980611748993E+001
  0.897976049277673E+001  0.750633181003178E+002 -0.585234515484823E+000  0.186388996926071E+001  0.638930431616436E+001 -0.167451030290137E+002 -0.443184459954500E+001 -0.443184459954500E+001 -0.448066427360754E+001
  0.194604966380105E+002  0.712989984578829E+002 -0.622956967778355E+000  0.245411973155664E+001  0.126759447467393E+002 -0.167451030290137E+002 -0.444973646104336E+001 -0.444973646104336E+001 -0.447666437178850E+001
  0.430546666801141E+001  0.420947142919167E+002 -0.607434077084948E+000  0.205664416572198E+001  0.737141311010134E+001 -0.167451030290137E+002 -0.445477564632893E+001 -0.445477564632893E+001 -0.447723384201527E+001
  0.142754658148091E+002  0.901736433430963E+002 -0.590960317931625E+000  0.199075887949108E+001  0.798928773247980E+001 -0.167451030290137E+002 -0.443947538733482E+001 -0.443947538733482E+001 -0.447536899894476E+001
 -0.367874841291315E+001  0.858325875322641E+002 -0.586392269019557E+000  0.170927220541406E+001  0.431768697510732E+001 -0.167451030290137E+002 -0.443951788824052E+001 -0.443951788824052E+001 -0.457996379584074E+001
  0.622513155299417E+001  0.949208800751912E+002 -0.574214215642999E+000  0.180653439553822E+001  0.604061118259420E+001 -0.167451030290137E+002 -0.445904413238168E+001 -0.445904413238168E+001 -0.448479050956666E+001
  0.710729077784782E+001  0.929234189386928E+002 -0.597135428641740E+000  0.180675864537115E+001  0.488294921034451E+001 -0.167451030290137E+002 -0.446141508966684E+001 -0.446141508966684E+001 -0.449039570614696E+001
  0.433782345208744E+000  0.896814055539805E+002 -0.589908796742955E+000  0.175392854858849E+001  0.493345179013286E+001 -0.167451030290137E+002 -0.445440996997058E+001 -0.445440996997058E+001 -0.448083216889063E+001
 -0.880117361273678E+001  0.475917093207121E+002 -0.579339785394157E+000  0.171668549700171E+001  0.503090700151564E+001 -0.167451030290137E+002 -0.443786228820682E+001 -0.443786228820682E+001 -0.448454241454601E+001
 -0.173589047372385E+002  0.439749384344884E+002 -0.633817606120376E+000  0.266859650089143E+001  0.157581107713031E+002 -0.167451030290137E+002 -0.445848623855272E+001 -0.445848623855272E+001 -0.448556680418551E+001
  0.148589188852704E+002  0.924605272815398E+002 -0.626629982031308E+000  0.266125039497487E+001  0.161785560475064E+002 -0.167451030290137E+002 -0.445564784854650E+001 -0.445564784854650E+001 -0.446668822772335E+001
  0.180113601751821E+002  0.987516028418915E+002 -0.632563164550857E+000  0.279917652296831E+001  0.184276843219783E+002 -0.167451030290137E+002 -0.446019367128611E+001 -0.446019367128611E+001 -0.447303589805961E+001
 -0.160797467843723E+002  0.730936827318525E+002 -0.593874550011850E+000  0.186270470690182E+001  0.623435610403288E+001 -0.167451030290137E+002 -0.446022932609776E+001 -0.446022932609776E+001 -0.467936154268682E+001
  0.284007794178454E+001  0.953565201017842E+002 -0.577770333774602E+000  0.163927445233941E+001  0.372623309123163E+001 -0.167451030290137E+002 -0.443804994598031E+001 -0.443804994598031E+001 -0.448087503679562E+001
 -0.147098584151010E+002  0.999848834674322E+002 -0.614481181970546E+000  0.238178435934616E+001  0.122835275378774E+002 -0.167451030290137E+002 -0.444487923040288E+001 -0.444487923040288E+001 -0.448407393693924E+001
 -0.127954265128965E+002  0.700894135730214E+002 -0.581000516826755E+000  0.186883630446266E+001  0.692615080884565E+001 -0.167451030290137E+002 -0.444576143380255E+001 -0.444576143380255E+001 -0.448045340925455E+001
  0.166028923882659E+002  0.718285708655274E+002 -0.590379418898165E+000  0.188379163038901E+001  0.666952355473802E+001 -0.167451030290137E+002 -0.444597266614437E+001 -0.444597266614437E+001 -0.446922422945499E+001
  0.190578814349404E+002  0.688080928668073E+002 -0.553562706249459E+000  0.148477467468778E+001  0.347351527406146E+001 -0.167451030290137E+002 -0.445996022969484E+001 -0.445996022969484E+001 -0.448660954833031E+001
  0.609883342372662E+000  0.815559277191652E+002 -0.575884524651746E+000  0.178200018142555E+001  0.572514269515582E+001 -0.167451030290137E+002 -0.444180464744568E+001 -0.444180464744568E+001 -0.448141199536622E+001
  0.135683922120949E+002  0.997867444367502E+002 -0.596372661892461E+000  0.190888571545359E+001  0.631131224324162E+001 -0.167451030290137E+002 -0.443697068840265E+001 -0.443697068840265E+001 -0.448720191454049E+001
  0.662854919135562E+001  0.805236010675136E+002 -0.610321305556783E+000  0.218220144477712E+001  0.933606528541515E+001 -0.167451030290137E+002 -0.444202722236514E+001 -0.444202722236514E+001 -0.459822394396178E+001
 -0.137145799639287E+002  0.652247823174446E+002 -0.588988655802121E+000  0.179759022530738E+001  0.554317504081743E+001 -0.167451030290137E+002 -0.444541223859414E+001 -0.444541223859414E+001 -0.446402437984943E+001
  0.359599430628510E+001  0.467289016765166E+002 -0.596923155769997E+000  0.186865694666034E+001  0.539078219561861E+001 -0.167451030290137E+002 -0.446076680347323E+001 -0.446076680347323E+001 -0.452866983041167E+001
 -0.944224086134142E+001  0.513718985886380E+002 -0.574907353173802E+000  0.176227786085925E+001  0.565741306598080E+001 -0.167451030290137E+002 -0.443968275701627E+001 -0.443968275701627E+001 -0.452694224938750E+001
  0.187541352804534E+002  0.618432168236190E+002 -0.609004385391117E+000  0.222571206635319E+001  0.105257883568236E+002 -0.167451030290137E+002 -0.445300175249577E+001 -0.445300175249577E+001 -0.453418645262718E+001
  0.103534068586839E+002  0.455379369489681E+002 -0.624674629025382E+000  0.270588767001880E+001  0.173508844638538E+002 -0.167451030290137E+002 -0.446170523390174E+001 -0.446170523390174E+001 -0.448170853778720E+001
 -0.100542170198711E+002  0.613790165420329E+002 -0.600036909654346E+000  0.213805540666493E+001  0.924425873847710E+001 -0.167451030290137E+002 -0.444122703513131E+001 -0.444122703513131E+001 -0.468026570742950E+001
  0.483462099346617E+001  0.974906919907975E+002 -0.597321100741696E+000  0.214694317204264E+001  0.978880428239619E+001 -0.167451030290137E+002 -0.444464284181595E+001 -0.444464284181595E+001 -0.446749656833708E+001
  0.185387406309260E+001  0.734589686364874E+002 -0.607288244045810E+000  0.199365516998948E+001  0.661026980110026E+001 -0.167451030290137E+002 -0.446221812628210E+001 -0.446221812628210E+001 -0.446882189624012E+001
  0.324974359844618E+001  0.813315559534314E+002 -0.613767592447655E+000  0.239634140307447E+001  0.123415673026309E+002 -0.167451030290137E+002 -0.445068482682109E+001 -0.445068482682109E+001 -0.454163698852062E+001
  0.183506726018632E+002  0.771853558797598E+002 -0.597625728315611E+000  0.206087541874305E+001  0.798611982564832E+001 -0.167451030290137E+002 -0.445025534182787E+001 -0.445025534182787E+001 -0.454708052426577E+001
  0.172790683889659E+002  0.600169576231042E+002 -0.617981853465991E+000  0.248465666132600E+001  0.133544483694041E+002 -0.167451030290137E+002 -0.446089902520180E+001 -0.446089902520180E+001 -0.449083993397653E+001
  0.180559185303423E+002  0.711611330540001E+002 -0.599061817509515E+000  0.206228589498377E+001  0.841790362553787E+001 -0.167451030290137E+002 -0.443597600609064E+001 -0.443597600609064E+001 -0.446344519779086E+001
 -0.145546902681653E+002  0.915445025288400E+002 -0.558873981778906E+000  0.153418119663390E+001  0.345000457666799E+001 -0.167451030290137E+002 -0.445329063851386E+001 -0.445329063851386E+001 -0.446346301957965E+001
 -0.494665879579475E+001  0.603481429669102E+002 -0.596273398252892E+000  0.184433528127957E+001  0.535990933827142E+001 -0.167451030290137E+002 -0.444794125948101E+001 -0.444794125948101E+001 -0.448607549816370E+001
 -0.178467556763120E+002  0.932140284492311E+002 -0.605361078772113E+000  0.234077528281959E+001  0.123470899743302E+002 -0.167451030290137E+002 -0.445499088594806E+001 -0.445499088594806E+001 -0.447230334859341E+001
  0.110720894065151E+002  0.599537239662771E+002 -0.583781443617127E+000  0.196984616228887E+001  0.796477491132983E+001 -0.167451030290137E+002 -0.445347656682134E+001 -0.445347656682134E+001 -0.447402141429484E+001
  0.126655834635719E+002  0.423488711309678E+002 -0.605349566058816E+000  0.217984065381739E+001  0.976633861538807E+001 -0.167451030290137E+002 -0.443904709070921E+001 -0.443904709070921E+001 -0.448756576492451E+001
 -0.849082292579193E+001  0.814029405837320E+002 -0.578467954358046E+000  0.154271416636984E+001  0.272071309527497E+001 -0.167451030290137E+002 -0.445982331270352E+001 -0.445982331270352E+001 -0.450687347637722E+001
 -0.395854751066205E+001  0.990948444565902E+002 -0.627074920211112E+000  0.246611867773539E+001  0.129247038795667E+002 -0.167451030290137E+002 -0.446299863327295E+001 -0.446299863327295E+001 -0.450085081759607E+001
 -0.157450524925991E+002  0.701363406359955E+002 -0.556635186480147E+000  0.139329670223492E+001  0.235725132340174E+001 -0.167451030290137E+002 -0.443421591684455E+001 -0.443421591684455E+001 -0.448144780844450E+001
 -0.202796259090963E+001  0.665988620576363E+002 -0.567242466595784E+000  0.166480110042987E+001  0.481533390835740E+001 -0.167451030290137E+002 -0.444508363865316E+001 -0.444508363865316E+001 -0.446452578715980E+001
 -0.298109521804942E+001  0.887991367105065E+002 -0.607204337807905E+000  0.224150147578804E+001  0.101616471616862E+002 -0.167451030290137E+002 -0.444979129917920E+001 -0.444979129917920E+001 -0.449082496762276E+001
 -0.167521446758435E+002  0.553314812187161E+002 -0.586773172525294E+000  0.190122940370953E+001  0.714712264511306E+001 -0.167451030290137E+002 -0.444674220995512E+001 -0.444674220995512E+001 -0.446840647235513E+001
  0.833546727693505E+001  0.950615606185192E+002 -0.571469690015278E+000  0.175823011810553E+001  0.579732000931392E+001 -0.167451030290137E+002 -0.445125525444746E+001 -0.445125525444746E+001 -0.446344172413228E+001
  0.142370208296852E+002  0.719825491510966E+002 -0.572691215753251E+000  0.165370629798636E+001  0.416858783265357E+001 -0.167451030290137E+002 -0.443519595265388E+001 -0.443519595265388E+001 -0.448647651556530E+001
 -0.134254714224191E+002  0.740498899221038E+002 -0.615514831314949E+000  0.214292503846300E+001  0.829276405824319E+001 -0.167451030290137E+002 -0.446297271340154E+001 -0.446297271340154E+001 -0.447471101954579E+001
 -0.616687177257828E+001  0.465820663914277E+002 -0.606283821554298E+000  0.205680414491418E+001  0.759925683253199E+001 -0.167451030290137E+002 -0.444535379391164E+001 -0.444535379391164E+001 -0.446496840752661E+001
  0.135180634912992E+001  0.981721360525793E+002 -0.635547797501731E+000  0.271872973600174E+001  0.164261677951405E+002 -0.167451030290137E+002 -0.445882202312350E+001 -0.445882202312350E+001 -0.449087660654914E+001
  0.479044102211329E+001  0.790440354395841E+002 -0.582158026998290E+000  0.188209973183931E+001  0.697861702936041E+001 -0.167451030290137E+002 -0.444265333935618E+001 -0.444265333935618E+001 -0.457052248530090E+001
 -0.480311824506420E+001  0.426325569672718E+002 -0.586846240082211E+000  0.199403001121764E+001  0.807899070760607E+001 -0.167451030290137E+002 -0.444815968349576E+001 -0.444815968349576E+001 -0.447425204329193E+001
  0.117666126655411E+002  0.848554163223125E+002 -0.571329203716190E+000  0.165291801346910E+001  0.445485791563340E+001 -0.167451030290137E+002 -0.443126473948359E+001 -0.443126473948359E+001 -0.448704764060676E+001
  0.192906698774840E+002  0.622529082202874E+002 -0.603620751580645E+000  0.203463533841991E+001  0.788660100119228E+001 -0.167451030290137E+002 -0.445129553973675E+001 -0.445129553973675E+001 -0.446411125175655E+001
  0.174783993233804E+002  0.757846463673632E+002 -0.601472538903271E+000  0.226343425419260E+001  0.111745110668266E+002 -0.167451030290137E+002 -0.445619898289442E+001 -0.445619898289442E+001 -0.448028975166380E+001
 -0.135959254178375E+001  0.593967309124841E+002 -0.584940842792078E+000  0.183301670935588E+001  0.608457068651384E+001 -0.167451030290137E+002 -0.443182292953134E+001 -0.443182292953134E+001 -0.446581806242466E+001
 -0.112823265269106E+002  0.670962387623473E+002 -0.543428830815311E+000  0.128507526076687E+001  0.166998147381696E+001 -0.167451030290137E+002 -0.444728669850156E+001 -0.444728669850156E+001 -0.453117458196357E+001
 -0.468019653364813E+001  0.713807525446084E+002 -0.594437008588740E+000  0.202798253419456E+001  0.835284907003762E+001 -0.167451030290137E+002 -0.444033769518137E+001 -0.444033769518137E+001 -0.448565149866045E+001
  0.131958846008516E+002  0.594187576648385E+002 -0.638210876498400E+000  0.287322756782671E+001  0.192595121953249E+002 -0.167451030290137E+002 -0.446196887642145E+001 -0.446196887642145E+001 -0.447411583147186E+001
 -0.161269242551835E+002  0.855244490931585E+002 -0.591513552375123E+000  0.211914894450524E+001  0.995867836076674E+001 -0.167451030290137E+002 -0.445809350427589E+001 -0.445809350427589E+001 -0.452379169408232E+001
  0.167077708723277E+002  0.440994172500660E+002 -0.606851835937170E+000  0.212900336563683E+001  0.832035386123454E+001 -0.167451030290137E+002 -0.445598336309195E+001 -0.445598336309195E+001 -0.448848735913634E+001
  0.177370657899033E+002  0.423350063324231E+002 -0.623499703180469E+000  0.258536040711787E+001  0.155310085221054E+002 -0.167451030290137E+002 -0.445907673239708E+001 -0.445907673239708E+001 -0.447497281839605E+001
 -0.194082532981607E+002  0.514218921006207E+002 -0.615077753489593E+000  0.234408587590794E+001  0.111191949532376E+002 -0.167451030290137E+002 -0.445737039771120E+001 -0.445737039771120E+001 -0.447641626093537E+001
 -0.235181711244139E+001  0.927462126690156E+002 -0.599598447066430E+000  0.214346623575011E+001  0.994031779088722E+001 -0.167451030290137E+002 -0.445181578584015E+001 -0.445181578584015E+001 -0.447989785345271E+001
  0.169818238448557E+002  0.800696193274560E+002 -0.592230638059359E+000  0.175617879194000E+001  0.474186358116413E+001 -0.167451030290137E+002 -0.445621311664581E+001 -0.445621311664581E+001 -0.446638755500317E+001
 -0.145934954482923E+002  0.484962974169658E+002 -0.625838052600556E+000  0.267692723442262E+001  0.165436359649292E+002 -0.167451030290137E+002 -0.445795073290356E+001 -0.445795073290356E+001 -0.446711078111548E+001
 -0.176780335771247E+002  0.895691502632007E+002 -0.593838921836229E+000  0.189939941793472E+001  0.665191319995209E+001 -0.167451030290137E+002 -0.444788401211190E+001 -0.444788401211190E+001 -0.448930942267179E+001
 -0.266147882693812E+000  0.843723173956191E+002 -0.587737026917380E+000  0.203891689063864E+001  0.912727018565592E+001 -0.167451030290137E+002 -0.446038556657732E+001 -0.446038556657732E+001 -0.475714311376214E+001
 -0.133159670524359E+001  0.502472993215597E+002 -0.566612728299875E+000  0.164338915492056E+001  0.469013451533206E+001 -0.167451030290137E+002 -0.444490781240165E+001 -0.444490781240165E+001 -0.447698466014117E+001
 -0.525324536302563E+001  0.643890887532341E+002 -0.555211344508347E+000  0.140642126871668E+001  0.239562084606627E+001 -0.167451030290137E+002 -0.443352502863854E+001 -0.443352502863854E+001 -0.454257757775486E+001
  0.631249082377863E+000  0.415267091666789E+002 -0.603334730946591E+000  0.228085735641203E+001  0.115090324271946E+002 -0.167451030290137E+002 -0.445049428753555E+001 -0.445049428753555E+001 -0.446575526054949E+001
  0.106238737215275E+002  0.621666908856082E+002 -0.632832500917226E+000  0.264169338874120E+001  0.151171322663380E+002 -0.167451030290137E+002 -0.445776237174869E+001 -0.445776237174869E+001 -0.448661495000124E+001
 -0.109228667660687E+002  0.712848800878950E+002 -0.548516669663985E+000  0.133887036470258E+001  0.217433996945988E+001 -0.167451030290137E+002 -0.444663777481765E+001 -0.444663777481765E+001 -0.446882994007319E+001
  0.126561097483532E+002  0.957240648391811E+002 -0.570250977720860E+000  0.161061819082476E+001  0.416142385621399E+001 -0.167451030290137E+002 -0.443521838635206E+001 -0.443521838635206E+001 -0.450256466644350E+001
  0.118252757831131E+002  0.555070497665025E+002 -0.598253824729728E+000  0.223122270804343E+001  0.108924278435790E+002 -0.167451030290137E+002 -0.446072522550821E+001 -0.446072522550821E+001 -0.446612629294395E+001
 -0.112548984159140E+002  0.514980500807190E+002 -0.564196720588387E+000  0.167143520859824E+001  0.512488408699939E+001 -0.167451030290137E+002 -0.446123552694917E+001 -0.446123552694917E+001 -0.446471491083503E+001
  0.107685108845838E+002  0.796659285073503E+002 -0.560190001618925E+000  0.144247372547573E+001  0.269447334358442E+001 -0.167451030290137E+002 -0.443200401216745E+001 -0.443200401216745E+001 -0.446612155903131E+001
  0.904101500006899E+000  0.765148257832693E+002 -0.563817672054540E+000  0.158444810331380E+001  0.432633848282953E+001 -0.167451030290137E+002 -0.445825730636716E+001 -0.445825730636716E+001 -0.450536780618131E+001
  0.110453204513300E+002  0.604735606763240E+002 -0.600211263270793E+000  0.201490671260427E+001  0.784647727074319E+001 -0.167451030290137E+002 -0.444730307161808E+001 -0.444730307161808E+001 -0.449942163378000E+001
 -0.343790680012783E+001  0.495913487497366E+002 -0.571462297138988E+000  0.166677123099245E+001  0.452168466526037E+001 -0.167451030290137E+002 -0.443321291171014E+001 -0.443321291171014E+001 -0.448397831246257E+001
 -0.110896820198692E+002  0.542515781409018E+002 -0.536493263128074E+000  0.122085352808449E+001  0.134322031285517E+001 -0.167451030290137E+002 -0.446014526300132E+001 -0.446014526300132E+001 -0.449252326809801E+001
 -0.335169603965269E+001  0.429450989087171E+002 -0.580910586726894E+000  0.195393872628859E+001  0.811853668867597E+001 -0.167451030290137E+002 -0.446192793548107E+001 -0.446192793548107E+001 -0.447292885929346E+001
  0.453191892020948E+001  0.932663105464335E+002 -0.603119082185841E+000  0.226048273788655E+001  0.112381970710999E+002 -0.167451030290137E+002 -0.444796281307936E+001 -0.444796281307936E+001 -0.447407296299934E+001
 -0.492697951163848E+001  0.729123384322220E+002 -0.598541846214151E+000  0.193687986140860E+001  0.622076394961132E+001 -0.167451030290137E+002 -0.445069329719990E+001 -0.445069329719990E+001 -0.449798445031047E+001
  0.381433399146675E+001  0.757064126909059E+002 -0.602889348570493E+000  0.201878123187331E+001  0.723610870431625E+001 -0.167451030290137E+002 -0.444247539713979E+001 -0.444247539713979E+001 -0.450610199011862E+001
  0.680752819694128E+001  0.462018080961466E+002 -0.615512032224867E+000  0.247409844235674E+001  0.134501707712654E+002 -0.167451030290137E+002 -0.446075829491019E+001 -0.446075829491019E+001 -0.455574621446431E+001
 -0.126673133522093E+002  0.431562718877495E+002 -0.630414224226727E+000  0.255136796233604E+001  0.138606753555388E+002 -0.167451030290137E+002 -0.445744245476089E+001 -0.445744245476089E+001 -0.450943996105343E+001
 -0.164945373550898E+002  0.728801967746632E+002 -0.587999906643938E+000  0.203069970949649E+001  0.846587011652285E+001 -0.167451030290137E+002 -0.445426629501162E+001 -0.445426629501162E+001 -0.446791743487120E+001
 -0.317538899854439E+001  0.759461748194973E+002 -0.609085925403531E+000  0.226124537864970E+001  0.110258064261426E+002 -0.167451030290137E+002 -0.444869704544544E+001 -0.444869704544544E+001 -0.449544419348240E+001
 -0.170193444619631E+002  0.416798716303872E+002 -0.598454324115194E+000  0.218382374680478E+001  0.100224231376211E+002 -0.167451030290137E+002 -0.445348379004281E+001 -0.445348379004281E+001 -0.446356035768986E+001
 -0.107358460895879E+002  0.674049055430861E+002 -0.542734240801577E+000  0.123334457678571E+001  0.118568812811930E+001 -0.167451030290137E+002 -0.444694345351309E+001 -0.444694345351309E+001 -0.447589345701272E+001
  0.137772906023314E+002  0.967490385156745E+002 -0.598449714786893E+000  0.197188599264173E+001  0.749718685058566E+001 -0.167451030290137E+002 -0.446111612021923E+001 -0.446111612021923E+001 -0.447125323820364E+001
  0.119135289151342E+002  0.740700970821385E+002 -0.555945070009734E+000  0.139311159168239E+001  0.234377373533918E+001 -0.167451030290137E+002 -0.443275857716799E+001 -0.443275857716799E+001 -0.448365876078606E+001
 -0.183604852434042E+002  0.553490724795336E+002 -0.618004620432049E+000  0.254144988886257E+001  0.145555853433995E+002 -0.167451030290137E+002 -0.446015443041688E+001 -0.446015443041688E+001 -0.447725105658174E+001
 -0.260034594142784E+000  0.908800560615210E+002 -0.595244715523762E+000  0.198448331438632E+001  0.712384783603530E+001 -0.167451030290137E+002 -0.444154394976795E+001 -0.444154394976795E+001 -0.447289503924549E+001
  0.632376192988244E+001  0.930930405197388E+002 -0.610843680151015E+000  0.214338752267609E+001  0.881362495287384E+001 -0.167451030290137E+002 -0.444855506718159E+001 -0.444855506718159E+001 -0.449050223082304E+001
 -0.145046732418572E+002  0.860320679556349E+002 -0.559644820599023E+000  0.146389423182906E+001  0.295684545366414E+001 -0.167451030290137E+002 -0.443482876662165E+001 -0.443482876662165E+001 -0.448628723295406E+001
  0.997012216624736E+000  0.758856059335175E+002 -0.591048444737104E+000  0.179988879659616E+001  0.498263773324447E+001 -0.167451030290137E+002 -0.444355165585876E+001 -0.444355165585876E+001 -0.485498830676079E+001
  0.436715785199141E+001  0.890005887870224E+002 -0.631873410298614E+000  0.267631620292854E+001  0.156273685982082E+002 -0.167451030290137E+002 -0.446223992854357E+001 -0.446223992854357E+001 -0.446534700982738E+001
 -0.979791395572673E+001  0.907549014633695E+002 -0.592554294699247E+000  0.194429298846723E+001  0.674745821597686E+001 -0.167451030290137E+002 -0.443975297641009E+001 -0.443975297641009E+001 -0.446766356751323E+001
 -0.666125874557419E+001  0.474351360089399E+002 -0.561015818743739E+000  0.161382084105283E+001  0.456518311463299E+001 -0.167451030290137E+002 -0.445963944401592E+001 -0.445963944401592E+001 -0.448739236220717E+001
 -0.464736665935496E+001  0.768414816563260E+002 -0.611781282865128E+000  0.212467108253316E+001  0.862919450524930E+001 -0.167451030290137E+002 -0.446170840691775E+001 -0.446170840691775E+001 -0.446469899825752E+001
  0.781872242797639E+001  0.513377083918529E+002 -0.608524956984662E+000  0.210269796838040E+001  0.817143894356256E+001 -0.167451030290137E+002 -0.444496896862984E+001 -0.444496896862984E+001 -0.448162165284157E+001
  0.192928450161323E+002  0.952689841821664E+002 -0.571377436511372E+000  0.154490694896495E+001  0.292575250269790E+001 -0.167451030290137E+002 -0.444627033174038E+001 -0.444627033174038E+001 -0.447017862461507E+001
 -0.127901505137683E+002  0.583279063668972E+002 -0.622361378285571E+000  0.266481828602109E+001  0.168336694852196E+002 -0.167451030290137E+002 -0.446096594468690E+001 -0.446096594468690E+001 -0.446525143831968E+001
  0.408974706461228E+001  0.639715283250150E+002 -0.597175078991786E+000  0.207751283896473E+001  0.839321403889582E+001 -0.167451030290137E+002 -0.444403047859669E+001 -0.444403047859669E+001 -0.448628014698625E+001
 -0.654629166281637E+001  0.823181860967463E+002 -0.596543766487574E+000  0.211514181284431E+001  0.928682094987235E+001 -0.167451030290137E+002 -0.444204204156995E+001 -0.444204204156995E+001 -0.448889158293605E+001
 -0.120534423482533E+002  0.414780515707227E+002 -0.576627153829224E+000  0.170501260807448E+001  0.461870288184805E+001 -0.167451030290137E+002 -0.443251644494012E+001 -0.443251644494012E+001 -0.446328213997185E+001
