  0.158649167926075E+002  0.912371400178580E+002 -0.330786896573087E+000  0.386175454448462E+000 -0.107536384819057E+002 -0.481049176975458E+001 -0.481049176975458E+001
 -0.431476403625844E+000  0.652555877933635E+002 -0.330601507562863E+000  0.386038057764510E+000 -0.107536384819057E+002 -0.481072255375679E+001 -0.481072255375679E+001
 -0.180200174462184E+002  0.920520366697257E+002 -0.330485679148866E+000  0.386264602291706E+000 -0.107536384819057E+002 -0.481057246811216E+001 -0.481057246811216E+001
  0.663311167182654E+001  0.856184571531514E+002 -0.329992699973966E+000  0.385844052386651E+000 -0.107536384819057E+002 -0.481045075208320E+001 -0.481045075208320E+001
 -0.194378203813919E+002  0.928955121729575E+002 -0.330940224791161E+000  0.386286930964897E+000 -0.107536384819057E+002 -0.481044750967083E+001 -0.481044750967083E+001
  0.262230383955684E+001  0.860376194469200E+002 -0.330931798012083E+000  0.386332002770557E+000 -0.107536384819057E+002 -0.481039822344545E+001 -0.481039822344545E+001
 -0.104554558259980E+002  0.774413111164379E+002 -0.331221713123009E+000  0.386457730267979E+000 -0.107536384819057E+002 -0.481064625223811E+001 -0.481064625223811E+001
 -0.342275753673808E+001  0.720510419563602E+002 -0.329972976589182E+000  0.386024153441094E+000 -0.107536384819057E+002 -0.481055786770777E+001 -0.481055786770777E+001
  0.315034690472452E+001  0.572970906673610E+002 -0.330448320567000E+000  0.385979569411743E+000 -0.107536384819057E+002 -0.481065045379649E+001 -0.481065045379649E+001
  0.173547690201764E+002  0.695185197625637E+002 -0.329604860818435E+000  0.385680833232990E+000 -0.107536384819057E+002 -0.481071867128145E+001 -0.481071867128145E+001
 -0.949867328314428E+001  0.626836594997297E+002 -0.330067761814058E+000  0.386024763164662E+000 -0.107536384819057E+002 -0.481036672696007E+001 -0.481036672696007E+001
  0.188421841321954E+002  0.863724400872345E+002 -0.329631079683896E+000  0.385709333612356E+000 -0.107536384819057E+002 -0.481064048854124E+001 -0.481064048854124E+001
 -0.231559855021988E+001  0.646311021563050E+002 -0.330464974254008E+000  0.386026541493204E+000 -0.107536384819057E+002 -0.481044101396258E+001 -0.481044101396258E+001
 -0.919112329861603E+001  0.620113484192454E+002 -0.330085472513216E+000  0.386080272905875E+000 -0.107536384819057E+002 -0.481054843500927E+001 -0.481054843500927E+001
  0.144117063229120E+002  0.736152902554058E+002 -0.329831115037213E+000  0.385786560460656E+000 -0.107536384819057E+002 -0.481050511862567E+001 -0.481050511862567E+001
  0.667869019923133E+001  0.750480789907584E+002 -0.331177326476195E+000  0.386483309372052E+000 -0.107536384819057E+002 -0.481065534954685E+001 -0.481065534954685E+001
  0.101999300933715E+002  0.733496583501676E+002 -0.330158209977989E+000  0.385910118897107E+000 -0.107536384819057E+002 -0.481040609584625E+001 -0.481040609584625E+001
 -0.187954396492432E+002  0.993332237389084E+002 -0.330359762919542E+000  0.386202286562829E+000 -0.107536384819057E+002 -0.481052026454701E+001 -0.481052026454701E+001
 -0.905572524507786E+001  0.724411496363891E+002 -0.330321015005726E+000  0.385999015253410E+000 -0.107536384819057E+002 -0.481031316628177E+001 -0.481031316628177E+001
 -0.445963698690446E+001  0.857838958428281E+002 -0.330299214082905E+000  0.385947513392813E+000 -0.107536384819057E+002 -0.481047794269762E+001 -0.481047794269762E+001
  0.187875340437334E+002  0.861738989070787E+002 -0.330654625812369E+000  0.386201944431925E+000 -0.107536384819057E+002 -0.481025874405294E+001 -0.481025874405294E+001
 -0.495333527565056E+001  0.658113233084749E+002 -0.331196588948045E+000  0.386390644604599E+000 -0.107536384819057E+002 -0.481067711244297E+001 -0.481067711244297E+001
 -0.843948397703719E+001  0.629760073888314E+002 -0.330331241603238E+000  0.385966399730889E+000 -0.107536384819057E+002 -0.481045118737081E+001 -0.481045118737081E+001
 -0.947197932730172E+001  0.711439885562139E+002 -0.330347484145790E+000  0.385960719391041E+000 -0.107536384819057E+002 -0.481051136120541E+001 -0.481051136120541E+001
 -0.108949528738715E+002  0.607667909295653E+002 -0.330311965123577E+000  0.386158972436593E+000 -0.107536384819057E+002 -0.481041557477012E+001 -0.481041557477012E+001
 -0.189520578999837E+002  0.444030453032145E+002 -0.331118298515871E+000  0.386413985376265E+000 -0.107536384819057E+002 -0.481054618066338E+001 -0.481054618066338E+001
  0.125746037871670E+002  0.772555525308982E+002 -0.330239984147395E+000  0.386147910877032E+000 -0.107536384819057E+002 -0.481051564904272E+001 -0.481051564904272E+001
 -0.144378959659379E+002  0.930094311436754E+002 -0.329848592826536E+000  0.385772636762240E+000 -0.107536384819057E+002 -0.481056932893807E+001 -0.481056932893807E+001
 -0.154826641337405E+002  0.714021231274836E+002 -0.329955292406885E+000  0.385928102897575E+000 -0.107536384819057E+002 -0.481032868935988E+001 -0.481032868935988E+001
  0.138551807786947E+002  0.944669003146663E+002 -0.330204640937990E+000  0.385872880778021E+000 -0.107536384819057E+002 -0.481068158933770E+001 -0.481068158933770E+001
 -0.159366530336022E+002  0.429702755346120E+002 -0.330156543007506E+000  0.385854303801613E+000 -0.107536384819057E+002 -0.481068097697830E+001 -0.481068097697830E+001
 -0.265978294390902E+001  0.572140521085964E+002 -0.330007258164099E+000  0.386033127533267E+000 -0.107536384819057E+002 -0.481051610234814E+001 -0.481051610234814E+001
 -0.165062391557113E+001  0.595703906323205E+002 -0.330779297969020E+000  0.386349577053250E+000 -0.107536384819057E+002 -0.481047331355594E+001 -0.481047331355594E+001
 -0.848851844858192E+001  0.648864066976825E+002 -0.330700894899224E+000  0.386331061871418E+000 -0.107536384819057E+002 -0.481050064851384E+001 -0.481050064851384E+001
  0.147832336354890E+002  0.879243298211730E+002 -0.329643992389380E+000  0.385819936927457E+000 -0.107536384819057E+002 -0.481058183394983E+001 -0.481058183394983E+001
  0.117581827556357E+002  0.935778641873579E+002 -0.330771150834462E+000  0.386137206274398E+000 -0.107536384819057E+002 -0.481063015805283E+001 -0.481063015805283E+001
  0.425386631331486E+001  0.621782181083632E+002 -0.330433035189771E+000  0.386048842951748E+000 -0.107536384819057E+002 -0.481030718773113E+001 -0.481030718773113E+001
 -0.302266034116969E+001  0.574352249690208E+002 -0.330986082261149E+000  0.386368333281041E+000 -0.107536384819057E+002 -0.481044267886344E+001 -0.481044267886344E+001
 -0.142173482794991E+002  0.816916257646569E+002 -0.330853761565573E+000  0.386428817965571E+000 -0.107536384819057E+002 -0.481074148555305E+001 -0.481074148555305E+001
  0.199323623655729E+000  0.725950759736359E+002 -0.330740805547540E+000  0.386373417228429E+000 -0.107536384819057E+002 -0.481064356336310E+001 -0.481064356336310E+001
  0.162898191525044E+002  0.647716911880876E+002 -0.331203666446363E+000  0.386500080694549E+000 -0.107536384819057E+002 -0.481069411703996E+001 -0.481069411703996E+001
 -0.155614765490561E+002  0.650001330138859E+002 -0.330763765808359E+000  0.386256021240239E+000 -0.107536384819057E+002 -0.481030155068484E+001 -0.481030155068484E+001
  0.173136003125555E+001  0.956620324831483E+002 -0.330744643071259E+000  0.386313817937847E+000 -0.107536384819057E+002 -0.481038741513248E+001 -0.481038741513248E+001
 -0.532556374427267E+001  0.671242809206883E+002 -0.329783961639653E+000  0.385806986870322E+000 -0.107536384819057E+002 -0.481044900886929E+001 -0.481044900886929E+001
 -0.180121541802587E+002  0.592629974958835E+002 -0.330428193461333E+000  0.385964480942396E+000 -0.107536384819057E+002 -0.481068982126374E+001 -0.481068982126374E+001
 -0.136793667361834E+002  0.751927295689902E+002 -0.330134224828857E+000  0.385973835210709E+000 -0.107536384819057E+002 -0.481025212134485E+001 -0.481025212134485E+001
 -0.146337147588215E+002  0.994961603613279E+002 -0.331273421829129E+000  0.386503580270757E+000 -0.107536384819057E+002 -0.481071893199589E+001 -0.481071893199589E+001
  0.111398279531070E+002  0.969971674340920E+002 -0.330617849163861E+000  0.386299798915880E+000 -0.107536384819057E+002 -0.481049161443320E+001 -0.481049161443320E+001
 -0.187458804657500E+002  0.444144412252976E+002 -0.330969565674549E+000  0.386343153849340E+000 -0.107536384819057E+002 -0.481042435640141E+001 -0.481042435640141E+001
  0.159129954376251E+002  0.912856367040358E+002 -0.329788187404619E+000  0.385807909113847E+000 -0.107536384819057E+002 -0.481044711425284E+001 -0.481044711425284E+001
  0.176375371304607E+002  0.712804659770961E+002 -0.329881792815542E+000  0.386008207121460E+000 -0.107536384819057E+002 -0.481072574406894E+001 -0.481072574406894E+001
 -0.830899269969991E+001  0.969653411513450E+002 -0.330569261308044E+000  0.386252120889734E+000 -0.107536384819057E+002 -0.481037020709775E+001 -0.481037020709775E+001
 -0.356263760102232E+001  0.689279205971878E+002 -0.330124846854923E+000  0.385942487504431E+000 -0.107536384819057E+002 -0.481028673953856E+001 -0.481028673953856E+001
 -0.131252986434559E+002  0.933462757971201E+002 -0.329827959580794E+000  0.385901917498427E+000 -0.107536384819057E+002 -0.481044361859819E+001 -0.481044361859819E+001
 -0.138513869277518E+002  0.890458928602201E+002 -0.329838941364046E+000  0.385907214205815E+000 -0.107536384819057E+002 -0.481043749860482E+001 -0.481043749860482E+001
 -0.798681538456574E+001  0.948285719054849E+002 -0.330181804741570E+000  0.385969851182263E+000 -0.107536384819057E+002 -0.481026580068226E+001 -0.481026580068226E+001
 -0.180409182624683E+002  0.458742758992861E+002 -0.329781042665313E+000  0.385719415692605E+000 -0.107536384819057E+002 -0.481072672173862E+001 -0.481072672173862E+001
 -0.178958601516744E+002  0.700137903874284E+002 -0.330266740893215E+000  0.386112635548735E+000 -0.107536384819057E+002 -0.481032337238944E+001 -0.481032337238944E+001
  0.169174882102738E+002  0.870183842989535E+002 -0.329544067246602E+000  0.385712590584153E+000 -0.107536384819057E+002 -0.481065016351053E+001 -0.481065016351053E+001
 -0.162169951556763E+001  0.707079154472037E+002 -0.330075771221711E+000  0.385934985302322E+000 -0.107536384819057E+002 -0.481028387044109E+001 -0.481028387044109E+001
  0.147353805545552E+002  0.777604431280012E+002 -0.329865435184994E+000  0.385760394345064E+000 -0.107536384819057E+002 -0.481064461645264E+001 -0.481064461645264E+001
 -0.901887462870629E+001  0.541406952760591E+002 -0.331093768971707E+000  0.386428384271448E+000 -0.107536384819057E+002 -0.481054428375961E+001 -0.481054428375961E+001
 -0.591767467617734E+001  0.930910382884581E+002 -0.330573042628687E+000  0.386161194662298E+000 -0.107536384819057E+002 -0.481023801526751E+001 -0.481023801526751E+001
  0.614630879883613E+001  0.831065315506442E+002 -0.330626889493278E+000  0.386245002934357E+000 -0.107536384819057E+002 -0.481029780390136E+001 -0.481029780390136E+001
 -0.688870592927172E+001  0.953621697550792E+002 -0.330209578730781E+000  0.386129421663477E+000 -0.107536384819057E+002 -0.481049433051442E+001 -0.481049433051442E+001
  0.736549138293268E+001  0.741660319596602E+002 -0.330762785427823E+000  0.386291559133087E+000 -0.107536384819057E+002 -0.481032910265751E+001 -0.481032910265751E+001
 -0.203187674273171E+001  0.632621027900524E+002 -0.329785881629821E+000  0.385784371763831E+000 -0.107536384819057E+002 -0.481049043401042E+001 -0.481049043401042E+001
 -0.164748846714849E+002  0.548970232359661E+002 -0.329527125311203E+000  0.385755660982485E+000 -0.107536384819057E+002 -0.481067341629394E+001 -0.481067341629394E+001
  0.356063964885798E+001  0.568320195181186E+002 -0.331103249293878E+000  0.386313130098804E+000 -0.107536384819057E+002 -0.481070317240898E+001 -0.481070317240898E+001
  0.149596940866148E+002  0.917964223339441E+002 -0.330587019332917E+000  0.386262298770550E+000 -0.107536384819057E+002 -0.481038357849939E+001 -0.481038357849939E+001
 -0.116460812595924E+002  0.596824015780736E+002 -0.329487037692077E+000  0.385749828631015E+000 -0.107536384819057E+002 -0.481073251020727E+001 -0.481073251020727E+001
 -0.222149933843651E+001  0.487921541236465E+002 -0.330237436690509E+000  0.385976879636727E+000 -0.107536384819057E+002 -0.481028748002048E+001 -0.481028748002048E+001
  0.175180438186130E+001  0.466008750310934E+002 -0.329872282527250E+000  0.385882246567801E+000 -0.107536384819057E+002 -0.481037044185145E+001 -0.481037044185145E+001
  0.110961732210843E+002  0.528245740434239E+002 -0.330533035378240E+000  0.386289199094359E+000 -0.107536384819057E+002 -0.481060454715635E+001 -0.481060454715634E+001
  0.159740121292876E+001  0.485704666959641E+002 -0.330600305421392E+000  0.386154939882664E+000 -0.107536384819057E+002 -0.481026229706284E+001 -0.481026229706284E+001
  0.512435666217506E+000  0.424215427885817E+002 -0.330860361622040E+000  0.386273218393985E+000 -0.107536384819057E+002 -0.481036559996671E+001 -0.481036559996671E+001
  0.372246134994610E+001  0.401348531467549E+002 -0.330338658987404E+000  0.386060290666112E+000 -0.107536384819057E+002 -0.481021666326521E+001 -0.481021666326521E+001
  0.404546832225683E+001  0.512003018079405E+002 -0.331231913983297E+000  0.386416461013404E+000 -0.107536384819057E+002 -0.481069197065083E+001 -0.481069197065083E+001
  0.771154122815113E+001  0.437972937621012E+002 -0.329821906078092E+000  0.385937939678664E+000 -0.107536384819057E+002 -0.481055691492535E+001 -0.481055691492535E+001
  0.726349314455982E+001  0.510348600784363E+002 -0.330641460021918E+000  0.386168945137238E+000 -0.107536384819057E+002 -0.481027964145323E+001 -0.481027964145323E+001
  0.877590325530829E+001  0.427584557786182E+002 -0.331153187109710E+000  0.386492248160078E+000 -0.107536384819057E+002 -0.481068228258882E+001 -0.481068228258882E+001
  0.117569351693407E+002  0.509549985795350E+002 -0.330620828589036E+000  0.386312180703059E+000 -0.107536384819057E+002 -0.481054659479699E+001 -0.481054659479699E+001
  0.845456648230144E+001  0.605597007461669E+002 -0.330701904351532E+000  0.386206994712264E+000 -0.107536384819057E+002 -0.481028599639593E+001 -0.481028599639593E+001
  0.481327510763083E+001  0.447688511691348E+002 -0.331161796562977E+000  0.386456728179560E+000 -0.107536384819057E+002 -0.481060557091252E+001 -0.481060557091253E+001
  0.124323346700006E+002  0.484637392727377E+002 -0.330252804083381E+000  0.386165543911806E+000 -0.107536384819057E+002 -0.481057810222149E+001 -0.481057810222149E+001
  0.663271733390342E+000  0.441227038736770E+002 -0.329875233896010E+000  0.385764549240578E+000 -0.107536384819057E+002 -0.481063863887447E+001 -0.481063863887447E+001
  0.116206818279879E+002  0.541431829963408E+002 -0.330042627006322E+000  0.385820250541534E+000 -0.107536384819057E+002 -0.481063437691347E+001 -0.481063437691347E+001
  0.740274260138889E+001  0.541945703990393E+002 -0.330340991642718E+000  0.385961249631056E+000 -0.107536384819057E+002 -0.481049500236246E+001 -0.481049500236246E+001
  0.644136289097938E+001  0.538153539833870E+002 -0.330450047348183E+000  0.385986067899736E+000 -0.107536384819057E+002 -0.481061582921193E+001 -0.481061582921193E+001
  0.128943667608244E+002  0.450929465813369E+002 -0.330624970329488E+000  0.386143737683743E+000 -0.107536384819057E+002 -0.481030925081778E+001 -0.481030925081778E+001
  0.148052339001874E+002  0.452259331933891E+002 -0.329740470884533E+000  0.385802139576072E+000 -0.107536384819057E+002 -0.481046790439047E+001 -0.481046790439047E+001
  0.189785344992740E+002  0.442401407119852E+002 -0.330679258625807E+000  0.386244654690683E+000 -0.107536384819057E+002 -0.481027949512981E+001 -0.481027949512981E+001
  0.157452332643204E+002  0.406091552448878E+002 -0.331012654718813E+000  0.386262300067617E+000 -0.107536384819057E+002 -0.481067718653726E+001 -0.481067718653726E+001
  0.156077424941707E+002  0.478259796748148E+002 -0.330908093026962E+000  0.386222259206740E+000 -0.107536384819057E+002 -0.481058217316074E+001 -0.481058217316074E+001
  0.149075230633086E+002  0.460819324946570E+002 -0.329587076745076E+000  0.385755634347102E+000 -0.107536384819057E+002 -0.481059642566692E+001 -0.481059642566692E+001
  0.148424291846682E+002  0.467095665730185E+002 -0.330425094341790E+000  0.386242575979681E+000 -0.107536384819057E+002 -0.481058873066408E+001 -0.481058873066408E+001
  0.177408641831762E+002  0.451366123557575E+002 -0.330602683323048E+000  0.386284944986679E+000 -0.107536384819057E+002 -0.481045014032817E+001 -0.481045014032816E+001
  0.161496489671469E+002  0.411366954215097E+002 -0.330332791886731E+000  0.386154461396347E+000 -0.107536384819057E+002 -0.481036185327975E+001 -0.481036185327975E+001
  0.180563100832196E+002  0.494522210632612E+002 -0.330728676839626E+000  0.386223658493114E+000 -0.107536384819057E+002 -0.481029244926547E+001 -0.481029244926547E+001
  0.192505038235732E+002  0.509749084571679E+002 -0.330974220195232E+000  0.386377160170746E+000 -0.107536384819057E+002 -0.481044845183561E+001 -0.481044845183561E+001
