  0.157955989909828E+002  0.659003058158221E+002 -0.305236149731336E+000  0.384805504658469E+000 -0.107536384819057E+002 -0.754991289202263E+001 -0.754991289202263E+001
  0.175895416281021E+002  0.656529332236450E+002 -0.337665932429752E+000  0.423487428125600E+000 -0.107536384819057E+002 -0.754445172689256E+001 -0.754445172689255E+001
  0.124428794327566E+002  0.655922476748625E+002 -0.296355890060836E+000  0.398971015701674E+000 -0.107536384819057E+002 -0.755080826281461E+001 -0.755080826281461E+001
  0.132212975164351E+002  0.647125360759626E+002 -0.268950102000019E+000  0.377020591758828E+000 -0.107536384819057E+002 -0.754996734898440E+001 -0.754996734898440E+001
  0.168586563864538E+002  0.649200980673551E+002 -0.290886086326492E+000  0.399813932350365E+000 -0.107536384819057E+002 -0.754441054119607E+001 -0.754441054119608E+001
  0.187330728762662E+002  0.655670640216408E+002 -0.300826237167895E+000  0.393051372707886E+000 -0.107536384819057E+002 -0.753235639642647E+001 -0.753235639642647E+001
  0.166681357709411E+002  0.655415447005527E+002 -0.323224165985823E+000  0.405311020088371E+000 -0.107536384819057E+002 -0.754285854285741E+001 -0.754285854285741E+001
  0.192859119237734E+002  0.664472408267783E+002 -0.329610550441753E+000  0.408080364969808E+000 -0.107536384819057E+002 -0.754377960552543E+001 -0.754377960552543E+001
  0.140151438998299E+002  0.649333534635406E+002 -0.295386317413560E+000  0.404468204292861E+000 -0.107536384819057E+002 -0.754723250199229E+001 -0.754723250199229E+001
  0.163572071845742E+002  0.656723503491115E+002 -0.299970756441626E+000  0.387065499773499E+000 -0.107536384819057E+002 -0.753831166160774E+001 -0.753831166160774E+001
  0.155089145467591E+002  0.647529961898559E+002 -0.292974097595328E+000  0.392865311731807E+000 -0.107536384819057E+002 -0.754112431024563E+001 -0.754112431024563E+001
  0.144089011526736E+002  0.660394666651847E+002 -0.337263612525824E+000  0.418640627595027E+000 -0.107536384819057E+002 -0.753920636426598E+001 -0.753920636426599E+001
  0.190350565978020E+002  0.654949561128512E+002 -0.302695602004185E+000  0.401128651526939E+000 -0.107536384819057E+002 -0.753561338924260E+001 -0.753561338924260E+001
  0.153893297368626E+002  0.653546966763255E+002 -0.322468300864662E+000  0.417614416767426E+000 -0.107536384819057E+002 -0.753956734603970E+001 -0.753956734603970E+001
  0.186628780961801E+002  0.648637516609168E+002 -0.296017604436107E+000  0.402004031599811E+000 -0.107536384819057E+002 -0.754017611593519E+001 -0.754017611593519E+001
  0.124328845952630E+002  0.655261445339024E+002 -0.302221025939055E+000  0.393004299170737E+000 -0.107536384819057E+002 -0.753201557246638E+001 -0.753201557246638E+001
  0.132788571036310E+002  0.654520379295469E+002 -0.280078924894727E+000  0.377931881890174E+000 -0.107536384819057E+002 -0.754845572084553E+001 -0.754845572084552E+001
  0.177248752562805E+002  0.656239693666266E+002 -0.315082681162918E+000  0.405977516763729E+000 -0.107536384819057E+002 -0.753016936006194E+001 -0.753016936006194E+001
  0.142632736653143E+002  0.657031571024452E+002 -0.288162729068104E+000  0.382686696819958E+000 -0.107536384819057E+002 -0.754702266285207E+001 -0.754702266285207E+001
  0.160553120612696E+002  0.657222717168917E+002 -0.319122229192362E+000  0.404094832763429E+000 -0.107536384819057E+002 -0.753228556545396E+001 -0.753228556545396E+001
  0.158654231254837E+002  0.663553091553099E+002 -0.317394066268044E+000  0.398726641136514E+000 -0.107536384819057E+002 -0.754520130888500E+001 -0.754520130888500E+001
  0.155719298062888E+002  0.651250572342404E+002 -0.293357401577977E+000  0.383051127578717E+000 -0.107536384819057E+002 -0.754775343276212E+001 -0.754775343276212E+001
  0.173673250758484E+002  0.663403451416451E+002 -0.338343256602072E+000  0.412543035220819E+000 -0.107536384819057E+002 -0.754622920345492E+001 -0.754622920345491E+001
  0.183431314096763E+002  0.660041724707731E+002 -0.310770791031134E+000  0.397254089420604E+000 -0.107536384819057E+002 -0.753654351231205E+001 -0.753654351231205E+001
  0.174036641040909E+002  0.660080684184915E+002 -0.338454894234478E+000  0.419918661418320E+000 -0.107536384819057E+002 -0.754021765945139E+001 -0.754021765945139E+001
  0.145588735575170E+002  0.665057282502168E+002 -0.340003290614540E+000  0.413381073765924E+000 -0.107536384819057E+002 -0.754858956154575E+001 -0.754858956154575E+001
  0.151007298999858E+002  0.659292928213207E+002 -0.318828877680359E+000  0.409232259491862E+000 -0.107536384819057E+002 -0.753638456252849E+001 -0.753638456252849E+001
  0.128185725168391E+002  0.654408215256101E+002 -0.316988507107591E+000  0.413792141604244E+000 -0.107536384819057E+002 -0.753744038057018E+001 -0.753744038057017E+001
  0.116758418826680E+002  0.650316963556587E+002 -0.282477626164123E+000  0.389113304299666E+000 -0.107536384819057E+002 -0.754209794483558E+001 -0.754209794483558E+001
  0.137305637750385E+002  0.653509177036626E+002 -0.331683231547034E+000  0.417569906238322E+000 -0.107536384819057E+002 -0.754893003192905E+001 -0.754893003192905E+001
  0.130761926382089E+002  0.653197133613010E+002 -0.289489564064028E+000  0.381392622842695E+000 -0.107536384819057E+002 -0.754129119005568E+001 -0.754129119005567E+001
  0.121790076369661E+002  0.654951872686627E+002 -0.307345784209572E+000  0.401402260410451E+000 -0.107536384819057E+002 -0.753022386292122E+001 -0.753022386292123E+001
  0.181188423894186E+002  0.649355970430879E+002 -0.277240070244376E+000  0.380470481478077E+000 -0.107536384819057E+002 -0.754297193513193E+001 -0.754297193513193E+001
  0.162977047430098E+002  0.660979673478560E+002 -0.298949336597236E+000  0.386066090369291E+000 -0.107536384819057E+002 -0.755063098057163E+001 -0.755063098057163E+001
  0.121401586998176E+002  0.657301116514529E+002 -0.300661483491426E+000  0.399187956610481E+000 -0.107536384819057E+002 -0.754561900247582E+001 -0.754561900247582E+001
  0.162180148076809E+002  0.662441579592005E+002 -0.325649374280198E+000  0.414877078375548E+000 -0.107536384819057E+002 -0.755009588377093E+001 -0.755009588377093E+001
  0.139272914485679E+002  0.657174798036029E+002 -0.308017995005369E+000  0.407541125528653E+000 -0.107536384819057E+002 -0.754872567226106E+001 -0.754872567226106E+001
  0.117965605370011E+002  0.657453247091432E+002 -0.300516189905675E+000  0.394058809272398E+000 -0.107536384819057E+002 -0.753730688338922E+001 -0.753730688338922E+001
  0.194799222126454E+002  0.657128950596972E+002 -0.315842690107857E+000  0.405811990817051E+000 -0.107536384819057E+002 -0.753056746344696E+001 -0.753056746344696E+001
  0.178516287537530E+002  0.645909772158211E+002 -0.293709640296509E+000  0.401060193178552E+000 -0.107536384819057E+002 -0.754543174421624E+001 -0.754543174421624E+001
  0.193124251955155E+002  0.654573885527279E+002 -0.287033940889462E+000  0.377521519420397E+000 -0.107536384819057E+002 -0.754627264120988E+001 -0.754627264120989E+001
  0.182370531228504E+002  0.644824924001425E+002 -0.275069744535058E+000  0.384513348829241E+000 -0.107536384819057E+002 -0.754875864256457E+001 -0.754875864256457E+001
  0.138996601312989E+002  0.659098484731632E+002 -0.340197889334975E+000  0.427762083675241E+000 -0.107536384819057E+002 -0.754786522113292E+001 -0.754786522113292E+001
  0.140827414983203E+002  0.650771379364836E+002 -0.313633635278409E+000  0.414691732628754E+000 -0.107536384819057E+002 -0.754314280210149E+001 -0.754314280210149E+001
