  0.386917119878607E+000  0.645952920561517E+002 -0.294024850676433E+000  0.394846675205006E+000 -0.107536384819057E+002 -0.754726537126834E+001 -0.754726537126834E+001
 -0.166509048568840E+002  0.657141525736109E+002 -0.303961474188784E+000  0.397012251204386E+000 -0.107536384819057E+002 -0.753423685186360E+001 -0.753423685186360E+001
  0.731700366827955E+001  0.645266727022587E+002 -0.297743295114349E+000  0.400865484989169E+000 -0.107536384819057E+002 -0.754949889988423E+001 -0.754949889988423E+001
 -0.118557604869989E+002  0.662162395187196E+002 -0.311103015990380E+000  0.400627710842876E+000 -0.107536384819057E+002 -0.754947618836424E+001 -0.754947618836424E+001
 -0.340108920456288E+000  0.655844712489315E+002 -0.290559935025687E+000  0.390083892259464E+000 -0.107536384819057E+002 -0.754478659254137E+001 -0.754478659254137E+001
  0.610748141876402E+001  0.648380499585924E+002 -0.307861825534748E+000  0.412408366824057E+000 -0.107536384819057E+002 -0.754708055922818E+001 -0.754708055922818E+001
  0.779072166156510E+001  0.658447139606500E+002 -0.301028369504302E+000  0.385498888658180E+000 -0.107536384819057E+002 -0.754289598896068E+001 -0.754289598896068E+001
 -0.612372957838771E+001  0.662292859894658E+002 -0.327862931471218E+000  0.401644843241847E+000 -0.107536384819057E+002 -0.754847551656788E+001 -0.754847551656788E+001
  0.624226224204985E+001  0.660133448600794E+002 -0.338203005493926E+000  0.417010715538172E+000 -0.107536384819057E+002 -0.754194196339883E+001 -0.754194196339883E+001
 -0.104427799094953E+002  0.654589769436413E+002 -0.293865835208144E+000  0.385799732717996E+000 -0.107536384819057E+002 -0.753664106565699E+001 -0.753664106565699E+001
  0.504060710118857E+001  0.657024013060537E+002 -0.302870820541652E+000  0.392179757729862E+000 -0.107536384819057E+002 -0.753396286707243E+001 -0.753396286707243E+001
 -0.165713084847229E+002  0.656651799056136E+002 -0.296616073539148E+000  0.388201579156922E+000 -0.107536384819057E+002 -0.753710273107452E+001 -0.753710273107452E+001
 -0.116761749328903E+002  0.648683630221773E+002 -0.281511248273265E+000  0.384829531695662E+000 -0.107536384819057E+002 -0.754008584036599E+001 -0.754008584036599E+001
 -0.177048006810330E+002  0.646409043518842E+002 -0.283920418953987E+000  0.389073056336812E+000 -0.107536384819057E+002 -0.754267909575599E+001 -0.754267909575599E+001
  0.704682867247742E+001  0.658801976965665E+002 -0.311654816505326E+000  0.403166421160375E+000 -0.107536384819057E+002 -0.753601433776005E+001 -0.753601433776005E+001
 -0.106539054849040E+002  0.660030705012796E+002 -0.340929681831527E+000  0.416816976008189E+000 -0.107536384819057E+002 -0.754921380768142E+001 -0.754921380768142E+001
 -0.224899007408934E+001  0.654945112442518E+002 -0.324728033138859E+000  0.422785156510816E+000 -0.107536384819057E+002 -0.755065576532123E+001 -0.755065576532123E+001
 -0.251791715118302E+001  0.651365216122909E+002 -0.278894966757720E+000  0.383420767852409E+000 -0.107536384819057E+002 -0.754405897623780E+001 -0.754405897623780E+001
 -0.387836326150911E+001  0.657839347533961E+002 -0.304293793343679E+000  0.393476896355694E+000 -0.107536384819057E+002 -0.753452463901481E+001 -0.753452463901481E+001
  0.576297929205069E+001  0.661446240309059E+002 -0.339194713322494E+000  0.416808095014890E+000 -0.107536384819057E+002 -0.754240558200838E+001 -0.754240558200838E+001
  0.242747640105331E+001  0.660742472734143E+002 -0.340779233370550E+000  0.417137622844067E+000 -0.107536384819057E+002 -0.754627500868158E+001 -0.754627500868158E+001
 -0.519614472399008E+001  0.655223530543516E+002 -0.313245616998937E+000  0.409299018572419E+000 -0.107536384819057E+002 -0.753449525242188E+001 -0.753449525242188E+001
 -0.134994440353096E+002  0.661325516401434E+002 -0.310762414554599E+000  0.399699150828754E+000 -0.107536384819057E+002 -0.754372796954724E+001 -0.754372796954724E+001
  0.554331754574961E+001  0.656161070674998E+002 -0.320414317761200E+000  0.411882640490599E+000 -0.107536384819057E+002 -0.753255468861191E+001 -0.753255468861191E+001
  0.874286999900171E-001  0.654088666409322E+002 -0.313972975208508E+000  0.411899608451842E+000 -0.107536384819057E+002 -0.753717520032913E+001 -0.753717520032913E+001
  0.294842541728387E+001  0.662337644376688E+002 -0.314794256225339E+000  0.393772717897082E+000 -0.107536384819057E+002 -0.754510716483464E+001 -0.754510716483464E+001
 -0.135624409264905E+002  0.650302415376938E+002 -0.275392914970614E+000  0.378776141882481E+000 -0.107536384819057E+002 -0.754507576147755E+001 -0.754507576147755E+001
 -0.184536755442043E+002  0.655348545438245E+002 -0.313508148302436E+000  0.404292906089722E+000 -0.107536384819057E+002 -0.752978645159898E+001 -0.752978645159898E+001
 -0.155279405058545E+002  0.654974434250548E+002 -0.315512316949634E+000  0.401768747913320E+000 -0.107536384819057E+002 -0.753445209413424E+001 -0.753445209413424E+001
 -0.162495717963139E+002  0.662490982098600E+002 -0.344194951606212E+000  0.424163468907545E+000 -0.107536384819057E+002 -0.754533573183826E+001 -0.754533573183826E+001
  0.506558344918710E+001  0.651411682944327E+002 -0.278772205691462E+000  0.377725736510476E+000 -0.107536384819057E+002 -0.754419004708167E+001 -0.754419004708167E+001
  0.331753686528169E+001  0.652816811048519E+002 -0.318903761658243E+000  0.402555728086851E+000 -0.107536384819057E+002 -0.755060167283806E+001 -0.755060167283806E+001
 -0.108136649104130E+002  0.649593937598072E+002 -0.315294769944152E+000  0.410798078951866E+000 -0.107536384819057E+002 -0.754342083592780E+001 -0.754342083592780E+001
 -0.873404401567957E+000  0.652084887933626E+002 -0.283588723319047E+000  0.376878767622522E+000 -0.107536384819057E+002 -0.754646061866539E+001 -0.754646061866539E+001
  0.480096702484027E+001  0.658825379174753E+002 -0.323087396530149E+000  0.415825853120469E+000 -0.107536384819057E+002 -0.754213058478515E+001 -0.754213058478516E+001
 -0.109101154174509E+002  0.659072125415029E+002 -0.312647699460774E+000  0.406023221480545E+000 -0.107536384819057E+002 -0.754071639493920E+001 -0.754071639493920E+001
  0.669399189534796E+001  0.661053105128566E+002 -0.318442708887805E+000  0.409372528499450E+000 -0.107536384819057E+002 -0.754517536442842E+001 -0.754517536442842E+001
 -0.102192644047635E+002  0.651590835487303E+002 -0.321024399511611E+000  0.417856969895483E+000 -0.107536384819057E+002 -0.754325423965363E+001 -0.754325423965363E+001
 -0.549515524984927E+001  0.658355368198809E+002 -0.326343231557067E+000  0.410629416871013E+000 -0.107536384819057E+002 -0.753326103996516E+001 -0.753326103996516E+001
 -0.194881059885323E+002  0.654231424630990E+002 -0.324366252388560E+000  0.408733370144788E+000 -0.107536384819057E+002 -0.754286245644471E+001 -0.754286245644471E+001
 -0.171007427047097E+002  0.655378950397914E+002 -0.304981523695550E+000  0.402566406903794E+000 -0.107536384819057E+002 -0.753534616856989E+001 -0.753534616856989E+001
 -0.123341358644049E+001  0.653506728079646E+002 -0.316652674571284E+000  0.409350217335863E+000 -0.107536384819057E+002 -0.753275225929083E+001 -0.753275225929083E+001
 -0.163171635612779E+002  0.655992937031751E+002 -0.321142318416219E+000  0.406581455459783E+000 -0.107536384819057E+002 -0.753390401005785E+001 -0.753390401005785E+001
  0.717782257825725E+001  0.648436359678627E+002 -0.271763363958923E+000  0.380473218135332E+000 -0.107536384819057E+002 -0.754799075850191E+001 -0.754799075850191E+001
 -0.103121743996348E+002  0.646942855765337E+002 -0.303706793648662E+000  0.402093759514396E+000 -0.107536384819057E+002 -0.754723717496788E+001 -0.754723717496788E+001
 -0.189898597767112E+002  0.648328608002661E+002 -0.282042286647454E+000  0.390225025355199E+000 -0.107536384819057E+002 -0.754192864958696E+001 -0.754192864958696E+001
 -0.506243475339462E+001  0.649013973321100E+002 -0.284985095582772E+000  0.387003500471172E+000 -0.107536384819057E+002 -0.753817419525358E+001 -0.753817419525358E+001
  0.273831129498550E+001  0.645315883799710E+002 -0.295395653343104E+000  0.403029627653996E+000 -0.107536384819057E+002 -0.754848222541419E+001 -0.754848222541419E+001
 -0.268837839831012E+001  0.654389857596963E+002 -0.320367652997286E+000  0.419835634209603E+000 -0.107536384819057E+002 -0.754865897098461E+001 -0.754865897098461E+001
 -0.153005989183794E+002  0.651662044877183E+002 -0.301254916605272E+000  0.391365480269218E+000 -0.107536384819057E+002 -0.754004991943382E+001 -0.754004991943382E+001
  0.667648438401553E+001  0.648637100758977E+002 -0.297266370541912E+000  0.395815884744335E+000 -0.107536384819057E+002 -0.753799797482761E+001 -0.753799797482761E+001
 -0.713969755954865E+001  0.654860425840706E+002 -0.302570242101519E+000  0.402935709810540E+000 -0.107536384819057E+002 -0.753960838533985E+001 -0.753960838533985E+001
  0.620868300305715E+001  0.650200737232244E+002 -0.274178923894314E+000  0.375121263281153E+000 -0.107536384819057E+002 -0.754768224496556E+001 -0.754768224496556E+001
  0.815862920273836E+001  0.653924219121689E+002 -0.281462879306754E+000  0.377819930150196E+000 -0.107536384819057E+002 -0.754560357567748E+001 -0.754560357567748E+001
 -0.374162883165888E+001  0.656181666760361E+002 -0.311373930693065E+000  0.406049275166293E+000 -0.107536384819057E+002 -0.753324597706798E+001 -0.753324597706798E+001
  0.526530549640670E+001  0.648913540372269E+002 -0.314992751602591E+000  0.411673403974293E+000 -0.107536384819057E+002 -0.754587223721918E+001 -0.754587223721918E+001
 -0.565220721833284E+001  0.659293934826261E+002 -0.298949092827666E+000  0.392420987962848E+000 -0.107536384819057E+002 -0.754666336384633E+001 -0.754666336384633E+001
 -0.148659765834253E+002  0.646657716710141E+002 -0.298732576611502E+000  0.396383607981280E+000 -0.107536384819057E+002 -0.754879446658397E+001 -0.754879446658397E+001
 -0.101088950827905E+002  0.646825450188544E+002 -0.272791757363983E+000  0.386037928791136E+000 -0.107536384819057E+002 -0.755060572013725E+001 -0.755060572013725E+001
 -0.313150286975155E+001  0.658691091874783E+002 -0.304733277959514E+000  0.392870054666634E+000 -0.107536384819057E+002 -0.753644077792927E+001 -0.753644077792927E+001
 -0.102134654948749E+001  0.655219690177152E+002 -0.283427135297808E+000  0.382529372696298E+000 -0.107536384819057E+002 -0.754762808875461E+001 -0.754762808875461E+001
  0.765607467765692E+001  0.655015974461728E+002 -0.299240291611349E+000  0.401530098114169E+000 -0.107536384819057E+002 -0.754516130660768E+001 -0.754516130660768E+001
 -0.247741811047542E+001  0.659459855430256E+002 -0.334118343657809E+000  0.412869047309802E+000 -0.107536384819057E+002 -0.754110589017445E+001 -0.754110589017445E+001
 -0.957418209828618E+001  0.663451278832593E+002 -0.329146551124389E+000  0.410315061877320E+000 -0.107536384819057E+002 -0.754095495097425E+001 -0.754095495097425E+001
 -0.175505038792529E+000  0.649640885863689E+002 -0.312285080259403E+000  0.415676288419332E+000 -0.107536384819057E+002 -0.754796887113330E+001 -0.754796887113330E+001
 -0.192261765319342E+002  0.653720692958615E+002 -0.320542684026791E+000  0.418696590000361E+000 -0.107536384819057E+002 -0.754384686572280E+001 -0.754384686572280E+001
 -0.329826522858934E+000  0.653219563373745E+002 -0.311784776612980E+000  0.396420897697319E+000 -0.107536384819057E+002 -0.754525661187915E+001 -0.754525661187915E+001
 -0.109975539103337E+002  0.648873352049940E+002 -0.303315021162861E+000  0.394865315204491E+000 -0.107536384819057E+002 -0.754972665166943E+001 -0.754972665166943E+001
 -0.148257311800367E+002  0.653955689510249E+002 -0.309652858057703E+000  0.400127104604458E+000 -0.107536384819057E+002 -0.753118242292374E+001 -0.753118242292374E+001
 -0.108513095656992E+002  0.651636702871485E+002 -0.296927834344958E+000  0.391523235031078E+000 -0.107536384819057E+002 -0.753401499487263E+001 -0.753401499487263E+001
 -0.145373450783697E+002  0.653843301300943E+002 -0.298607843796864E+000  0.391194199257717E+000 -0.107536384819057E+002 -0.753266000723385E+001 -0.753266000723385E+001
 -0.130722195707063E+002  0.657371428008531E+002 -0.312258181295529E+000  0.395332060272120E+000 -0.107536384819057E+002 -0.753678981208541E+001 -0.753678981208541E+001
  0.536809513952448E+001  0.654194342645908E+002 -0.328066387980648E+000  0.419079061206973E+000 -0.107536384819057E+002 -0.754025177624356E+001 -0.754025177624356E+001
  0.905658792651789E+000  0.647869500134290E+002 -0.284172612682069E+000  0.383684986321438E+000 -0.107536384819057E+002 -0.754401977004697E+001 -0.754401977004697E+001
 -0.146291074805174E+002  0.644733771942043E+002 -0.286043442572973E+000  0.392218085981241E+000 -0.107536384819057E+002 -0.754779192816239E+001 -0.754779192816239E+001
 -0.104273781968822E+002  0.653736064463231E+002 -0.311690646068108E+000  0.402673838878935E+000 -0.107536384819057E+002 -0.753122192538178E+001 -0.753122192538178E+001
 -0.137717003430553E+002  0.664815612622725E+002 -0.333482265005072E+000  0.415878916439693E+000 -0.107536384819057E+002 -0.754861177993943E+001 -0.754861177993943E+001
 -0.811989285059880E+001  0.650888974981972E+002 -0.319896309522609E+000  0.416045213097926E+000 -0.107536384819057E+002 -0.754306026367144E+001 -0.754306026367144E+001
  0.640141876253133E+001  0.658255188725436E+002 -0.325506785350770E+000  0.405377392008947E+000 -0.107536384819057E+002 -0.753939054710935E+001 -0.753939054710935E+001
 -0.358289140753497E+001  0.645139834780366E+002 -0.290186295175861E+000  0.396046988614820E+000 -0.107536384819057E+002 -0.754652724574777E+001 -0.754652724574777E+001
 -0.867340001060501E+001  0.651728037866395E+002 -0.297253701795002E+000  0.391618669803057E+000 -0.107536384819057E+002 -0.753397163047867E+001 -0.753397163047867E+001
 -0.787888046314078E+001  0.652830549841748E+002 -0.320060515719415E+000  0.414134551579775E+000 -0.107536384819057E+002 -0.753695309455917E+001 -0.753695309455917E+001
  0.529543744929508E+001  0.649550345584010E+002 -0.283901290616216E+000  0.387973733815636E+000 -0.107536384819057E+002 -0.753836277523394E+001 -0.753836277523394E+001
 -0.170884897609267E+002  0.657156174107534E+002 -0.293876954131755E+000  0.385452726710356E+000 -0.107536384819057E+002 -0.754097063137879E+001 -0.754097063137879E+001
 -0.141118544001986E+002  0.664522715380537E+002 -0.326338552704870E+000  0.409025143295643E+000 -0.107536384819057E+002 -0.754705613919265E+001 -0.754705613919266E+001
 -0.187775907542344E+002  0.655157658086386E+002 -0.317007101514432E+000  0.403817084269926E+000 -0.107536384819057E+002 -0.753323381649312E+001 -0.753323381649312E+001
  0.219913345187528E+001  0.648764860998361E+002 -0.307791808921391E+000  0.411873762604476E+000 -0.107536384819057E+002 -0.754543851116336E+001 -0.754543851116336E+001
  0.176765720456631E+001  0.651578113366763E+002 -0.314037732166107E+000  0.402260737164843E+000 -0.107536384819057E+002 -0.754356751438006E+001 -0.754356751438006E+001
  0.283874650045033E+001  0.644824870672530E+002 -0.291466318601579E+000  0.395379301586122E+000 -0.107536384819057E+002 -0.754939718300710E+001 -0.754939718300710E+001
  0.198866742188106E+001  0.654689823298160E+002 -0.315163351908080E+000  0.398278846582286E+000 -0.107536384819057E+002 -0.754277859762173E+001 -0.754277859762173E+001
  0.176921201574833E+001  0.653471650580956E+002 -0.304704737709177E+000  0.402827486236824E+000 -0.107536384819057E+002 -0.753249778118765E+001 -0.753249778118765E+001
 -0.119565847811195E+002  0.650026282564177E+002 -0.311593222781483E+000  0.403482894201480E+000 -0.107536384819057E+002 -0.754329939941565E+001 -0.754329939941564E+001
 -0.168968712957964E+002  0.651103077088653E+002 -0.318752636380364E+000  0.419822472091652E+000 -0.107536384819057E+002 -0.754948505049746E+001 -0.754948505049746E+001
 -0.164971675476906E+002  0.663316283093436E+002 -0.321213327807448E+000  0.397351851899016E+000 -0.107536384819057E+002 -0.754690426772301E+001 -0.754690426772301E+001
  0.211857067887653E+001  0.651526287600070E+002 -0.304215496500488E+000  0.398718532378037E+000 -0.107536384819057E+002 -0.753281445230861E+001 -0.753281445230861E+001
 -0.192340742181891E+002  0.658667353392545E+002 -0.299652830035262E+000  0.395849028278855E+000 -0.107536384819057E+002 -0.754786182380875E+001 -0.754786182380874E+001
 -0.334040829318272E+001  0.659814518567546E+002 -0.332686471940927E+000  0.416380835077888E+000 -0.107536384819057E+002 -0.753624235131715E+001 -0.753624235131715E+001
 -0.169760294101053E+002  0.654029624469394E+002 -0.303220520378196E+000  0.404747867838143E+000 -0.107536384819057E+002 -0.754012257632314E+001 -0.754012257632314E+001
 -0.286626430005878E+001  0.651737385327962E+002 -0.290538722906061E+000  0.380462504344713E+000 -0.107536384819057E+002 -0.754791682883237E+001 -0.754791682883237E+001
  0.614260371316480E+001  0.658389603124787E+002 -0.313934094702705E+000  0.404668134388725E+000 -0.107536384819057E+002 -0.753353261563311E+001 -0.753353261563311E+001
 -0.119020319064373E+002  0.654337935526759E+002 -0.306097825433189E+000  0.394579880148682E+000 -0.107536384819057E+002 -0.753386998479531E+001 -0.753386998479531E+001
 -0.224642846814402E+001  0.650288090710763E+002 -0.273134658603097E+000  0.375394419599553E+000 -0.107536384819057E+002 -0.754798530147606E+001 -0.754798530147606E+001
 -0.455290804707446E+001  0.659147217460142E+002 -0.332242242994520E+000  0.412647136260892E+000 -0.107536384819057E+002 -0.753827680519702E+001 -0.753827680519702E+001
  0.526215675433262E+001  0.664255791601813E+002 -0.323415707853466E+000  0.401087057349145E+000 -0.107536384819057E+002 -0.754574910896123E+001 -0.754574910896123E+001
 -0.106907696586960E+002  0.651014038320707E+002 -0.307350511753945E+000  0.404042783435329E+000 -0.107536384819057E+002 -0.753369790559865E+001 -0.753369790559865E+001
 -0.335710477052657E+001  0.651075086812447E+002 -0.302176337872305E+000  0.408504927914818E+000 -0.107536384819057E+002 -0.754649053689757E+001 -0.754649053689758E+001
 -0.634363320660693E+001  0.648306394838912E+002 -0.300719544312183E+000  0.397741844879961E+000 -0.107536384819057E+002 -0.754123003905024E+001 -0.754123003905024E+001
 -0.308296135728049E+001  0.652788505011320E+002 -0.287159350346174E+000  0.378955357233962E+000 -0.107536384819057E+002 -0.754449043682664E+001 -0.754449043682664E+001
  0.459130300626266E+001  0.656113041169089E+002 -0.312561160826960E+000  0.411970197430644E+000 -0.107536384819057E+002 -0.754576049333257E+001 -0.754576049333257E+001
  0.294175418977379E+001  0.658158676775233E+002 -0.341535150170770E+000  0.424370002908412E+000 -0.107536384819057E+002 -0.754565593001061E+001 -0.754565593001061E+001
 -0.111953451127314E+002  0.657846765567148E+002 -0.323120560237290E+000  0.400259860266266E+000 -0.107536384819057E+002 -0.754862013121777E+001 -0.754862013121777E+001
  0.777009127632560E+001  0.657605122949110E+002 -0.297834201823228E+000  0.396888200381196E+000 -0.107536384819057E+002 -0.754954476177234E+001 -0.754954476177234E+001
 -0.347836613519767E-001  0.651075762656020E+002 -0.289743165764174E+000  0.387028844582565E+000 -0.107536384819057E+002 -0.753593261633912E+001 -0.753593261633912E+001
 -0.924185503718737E+001  0.654663713514980E+002 -0.331615245759753E+000  0.419492633252807E+000 -0.107536384819057E+002 -0.754235613732661E+001 -0.754235613732661E+001
 -0.252285073758872E+001  0.658794786909220E+002 -0.321192220798606E+000  0.405437584422162E+000 -0.107536384819057E+002 -0.753235699008949E+001 -0.753235699008949E+001
 -0.934415421425047E+001  0.664265700569339E+002 -0.322332942415366E+000  0.406497694746194E+000 -0.107536384819057E+002 -0.754856754500868E+001 -0.754856754500868E+001
 -0.135225800670920E+002  0.652247179891426E+002 -0.277069175511144E+000  0.381957334396556E+000 -0.107536384819057E+002 -0.754859219959399E+001 -0.754859219959399E+001
 -0.167284468609822E+002  0.663954817738118E+002 -0.313598167876380E+000  0.397143082894365E+000 -0.107536384819057E+002 -0.755061469529654E+001 -0.755061469529654E+001
 -0.175452989422019E+002  0.655292905408018E+002 -0.338081063635921E+000  0.423864102725114E+000 -0.107536384819057E+002 -0.754872672376406E+001 -0.754872672376407E+001
 -0.906196018731140E+001  0.665225705584253E+002 -0.333327496352638E+000  0.407216225745596E+000 -0.107536384819057E+002 -0.754848927165930E+001 -0.754848927165930E+001
 -0.333837547504454E+001  0.651968045706440E+002 -0.312415236827776E+000  0.410186972537461E+000 -0.107536384819057E+002 -0.753551464948464E+001 -0.753551464948464E+001
  0.461212903950474E+001  0.652629912648434E+002 -0.284396118953305E+000  0.384855882939348E+000 -0.107536384819057E+002 -0.753967808142976E+001 -0.753967808142976E+001
  0.776088092503083E+001  0.648668186949903E+002 -0.293123245660253E+000  0.402364286845042E+000 -0.107536384819057E+002 -0.754558380450298E+001 -0.754558380450299E+001
 -0.806430273492218E+000  0.664155101351858E+002 -0.318826570991006E+000  0.403082441508555E+000 -0.107536384819057E+002 -0.754928644035151E+001 -0.754928644035151E+001
 -0.221128906279672E+001  0.662366593471311E+002 -0.342271340873892E+000  0.419058205204802E+000 -0.107536384819057E+002 -0.754452225556652E+001 -0.754452225556652E+001
 -0.110252320251263E+002  0.650177073899956E+002 -0.318676914634482E+000  0.408711015015887E+000 -0.107536384819057E+002 -0.754956858399150E+001 -0.754956858399150E+001
 -0.162284984926960E+002  0.665666090082402E+002 -0.328116262951254E+000  0.406273245449880E+000 -0.107536384819057E+002 -0.754874993196387E+001 -0.754874993196388E+001
  0.270259831256151E+001  0.657962424627073E+002 -0.295034916128379E+000  0.391254219854982E+000 -0.107536384819057E+002 -0.754669393895686E+001 -0.754669393895686E+001
  0.578708845816797E+001  0.655179037573377E+002 -0.316180249865149E+000  0.397597903869528E+000 -0.107536384819057E+002 -0.754586754642824E+001 -0.754586754642824E+001
  0.766371797136451E+000  0.659431009062136E+002 -0.303133098980715E+000  0.389572190757061E+000 -0.107536384819057E+002 -0.754042216036449E+001 -0.754042216036449E+001
 -0.484113542030594E+001  0.663174514351932E+002 -0.314697302062052E+000  0.393396872748322E+000 -0.107536384819057E+002 -0.754775623693752E+001 -0.754775623693752E+001
 -0.891078715983277E+001  0.647009459797742E+002 -0.288166470529845E+000  0.395822480574671E+000 -0.107536384819057E+002 -0.754165169442768E+001 -0.754165169442768E+001
 -0.204308835425560E+001  0.650932021828229E+002 -0.311758580156623E+000  0.399786349328296E+000 -0.107536384819057E+002 -0.754733390540417E+001 -0.754733390540417E+001
  0.725517877310791E+001  0.653682022608691E+002 -0.303371640097758E+000  0.395619200852901E+000 -0.107536384819057E+002 -0.753107028555727E+001 -0.753107028555727E+001
  0.600278741990877E+001  0.645633919766635E+002 -0.272703822511926E+000  0.383296871847437E+000 -0.107536384819057E+002 -0.754838038236850E+001 -0.754838038236850E+001
  0.533225217895264E+000  0.656897035428472E+002 -0.319197769337352E+000  0.397320760296454E+000 -0.107536384819057E+002 -0.754956034539166E+001 -0.754956034539166E+001
 -0.796441752789062E+001  0.659672676410920E+002 -0.338752044694607E+000  0.426132016814851E+000 -0.107536384819057E+002 -0.754619413732695E+001 -0.754619413732695E+001
 -0.412669989300713E+001  0.651468048432120E+002 -0.304919512493596E+000  0.403728815046254E+000 -0.107536384819057E+002 -0.753302991760269E+001 -0.753302991760269E+001
 -0.804180986758497E+001  0.663029223923136E+002 -0.335676009676928E+000  0.420521976450812E+000 -0.107536384819057E+002 -0.754669261525780E+001 -0.754669261525780E+001
 -0.839125741743213E+001  0.666055436178990E+002 -0.341045589681726E+000  0.413914969952160E+000 -0.107536384819057E+002 -0.755080392089825E+001 -0.755080392089825E+001
 -0.169508064377039E+002  0.647527636760951E+002 -0.297836559121241E+000  0.399326682584026E+000 -0.107536384819057E+002 -0.754019953533244E+001 -0.754019953533244E+001
 -0.961216298260679E+001  0.654007993625382E+002 -0.281156900190686E+000  0.375239605054148E+000 -0.107536384819057E+002 -0.754825124497009E+001 -0.754825124497009E+001
 -0.483443328768832E+000  0.659988570905310E+002 -0.308398782848452E+000  0.392796200749483E+000 -0.107536384819057E+002 -0.753876254640292E+001 -0.753876254640292E+001
 -0.142625339422805E+002  0.661468921512259E+002 -0.337785791652243E+000  0.425092698444508E+000 -0.107536384819057E+002 -0.754917330556500E+001 -0.754917330556500E+001
 -0.536174806069731E+001  0.658313036044404E+002 -0.320914980255967E+000  0.409290792529509E+000 -0.107536384819057E+002 -0.753205890687916E+001 -0.753205890687916E+001
  0.774754239954278E+001  0.656566336562192E+002 -0.338617991239278E+000  0.427692697879439E+000 -0.107536384819057E+002 -0.754849879479960E+001 -0.754849879479960E+001
  0.534400686933366E+001  0.653737323342763E+002 -0.278968020418581E+000  0.375554665717265E+000 -0.107536384819057E+002 -0.754840778682678E+001 -0.754840778682678E+001
 -0.128485949594363E+001  0.663240424878376E+002 -0.318222117730199E+000  0.398397175115115E+000 -0.107536384819057E+002 -0.754383811319381E+001 -0.754383811319381E+001
  0.467679976101391E+001  0.655262178653588E+002 -0.293907646885727E+000  0.391736801785708E+000 -0.107536384819057E+002 -0.753798239983657E+001 -0.753798239983657E+001
 -0.191395193996045E+002  0.657505778951720E+002 -0.322098828351193E+000  0.416008396539526E+000 -0.107536384819057E+002 -0.754041285773447E+001 -0.754041285773447E+001
 -0.481509327103285E+001  0.648157142015390E+002 -0.294904161912376E+000  0.395928591691575E+000 -0.107536384819057E+002 -0.753789827844836E+001 -0.753789827844836E+001
 -0.310960682041569E+001  0.656937370949504E+002 -0.320180573060734E+000  0.398309276100161E+000 -0.107536384819057E+002 -0.754912978210009E+001 -0.754912978210009E+001
 -0.123874069603520E+002  0.661580402924983E+002 -0.339778408554865E+000  0.424942679458477E+000 -0.107536384819057E+002 -0.754633689037008E+001 -0.754633689037009E+001
 -0.164280717909499E+002  0.661081274597868E+002 -0.315966341283357E+000  0.400410290221379E+000 -0.107536384819057E+002 -0.753704587930850E+001 -0.753704587930850E+001
 -0.190215806885517E+001  0.660883788725248E+002 -0.305940057381519E+000  0.394139334266729E+000 -0.107536384819057E+002 -0.754364971136888E+001 -0.754364971136889E+001
 -0.675478445390786E+001  0.659157095483656E+002 -0.322954463523879E+000  0.406326146548341E+000 -0.107536384819057E+002 -0.753306546402658E+001 -0.753306546402658E+001
  0.542662730984809E+001  0.650311205621612E+002 -0.320929408840829E+000  0.418764046951070E+000 -0.107536384819057E+002 -0.754770851056665E+001 -0.754770851056665E+001
  0.649498401956734E+001  0.651854280109215E+002 -0.307503384251396E+000  0.409665925871987E+000 -0.107536384819057E+002 -0.753985466925998E+001 -0.753985466925998E+001
  0.776826895908349E+001  0.658933870296102E+002 -0.310094216185939E+000  0.389530387845543E+000 -0.107536384819057E+002 -0.754562005261039E+001 -0.754562005261040E+001
 -0.389152175961872E+001  0.648954784534805E+002 -0.303730948756375E+000  0.398530212946878E+000 -0.107536384819057E+002 -0.754184899432658E+001 -0.754184899432658E+001
 -0.576784804768533E+000  0.658493198748286E+002 -0.313010821344785E+000  0.392073602933909E+000 -0.107536384819057E+002 -0.754499918693413E+001 -0.754499918693413E+001
 -0.114552276233397E+000  0.653862061281709E+002 -0.306929583712493E+000  0.402805746490104E+000 -0.107536384819057E+002 -0.753076513365592E+001 -0.753076513365592E+001
 -0.151697597073851E+002  0.663187042068408E+002 -0.323874577839587E+000  0.404112924535531E+000 -0.107536384819057E+002 -0.754086120153316E+001 -0.754086120153316E+001
  0.835726831706598E+000  0.648814279585449E+002 -0.292299532662784E+000  0.396533848476981E+000 -0.107536384819057E+002 -0.753703693693820E+001 -0.753703693693820E+001
 -0.837601912984843E+001  0.658833181515749E+002 -0.328741639124789E+000  0.413215362313215E+000 -0.107536384819057E+002 -0.753402978554841E+001 -0.753402978554841E+001
 -0.136005656738867E+002  0.655899675254430E+002 -0.336266532832636E+000  0.426391890515662E+000 -0.107536384819057E+002 -0.754727748686611E+001 -0.754727748686611E+001
  0.161534083004073E+001  0.665943867243916E+002 -0.328914534117130E+000  0.408704247530384E+000 -0.107536384819057E+002 -0.755074064844222E+001 -0.755074064844223E+001
  0.745956234049723E+001  0.652718449752543E+002 -0.283221121349794E+000  0.387769523309736E+000 -0.107536384819057E+002 -0.754509010493818E+001 -0.754509010493818E+001
  0.845724076243416E+001  0.661387073686692E+002 -0.341817724987544E+000  0.426620646313833E+000 -0.107536384819057E+002 -0.754745830471820E+001 -0.754745830471820E+001
 -0.971308736568903E+001  0.652975568664703E+002 -0.315579168205181E+000  0.404560130392491E+000 -0.107536384819057E+002 -0.753624960355508E+001 -0.753624960355508E+001
 -0.148410238956861E+002  0.652484041802122E+002 -0.301273200933341E+000  0.402576708501381E+000 -0.107536384819057E+002 -0.753555701518689E+001 -0.753555701518689E+001
 -0.183988617389310E+001  0.661139985055920E+002 -0.335575669167211E+000  0.418790596442423E+000 -0.107536384819057E+002 -0.753903387765825E+001 -0.753903387765826E+001
  0.797937764792970E+001  0.653445171911468E+002 -0.314164793312663E+000  0.403234018303435E+000 -0.107536384819057E+002 -0.753426923643193E+001 -0.753426923643193E+001
 -0.164886385065053E+002  0.655776964914354E+002 -0.335851517449773E+000  0.424653747267795E+000 -0.107536384819057E+002 -0.754518415012617E+001 -0.754518415012617E+001
 -0.356697738906209E+001  0.647424954820639E+002 -0.269471495320933E+000  0.379852557059515E+000 -0.107536384819057E+002 -0.754999133139891E+001 -0.754999133139891E+001
 -0.173212998945554E+001  0.657884482732645E+002 -0.302217469874684E+000  0.391231895224654E+000 -0.107536384819057E+002 -0.753610769866619E+001 -0.753610769866619E+001
 -0.394370174528899E+001  0.661234500000536E+002 -0.338832004484194E+000  0.420802225430892E+000 -0.107536384819057E+002 -0.754071835358601E+001 -0.754071835358601E+001
 -0.845276346673683E+001  0.660801846556071E+002 -0.335450237102079E+000  0.420407518996066E+000 -0.107536384819057E+002 -0.754028050543147E+001 -0.754028050543147E+001
 -0.111316986123004E+002  0.653566800416857E+002 -0.288397637082587E+000  0.394382716399726E+000 -0.107536384819057E+002 -0.754992670602982E+001 -0.754992670602982E+001
  0.483493850412432E+001  0.649296211112561E+002 -0.299655961183910E+000  0.392338059034794E+000 -0.107536384819057E+002 -0.754490097470386E+001 -0.754490097470386E+001
 -0.275270598830050E+001  0.662395341962810E+002 -0.333780741391377E+000  0.412396199202403E+000 -0.107536384819057E+002 -0.753949000400392E+001 -0.753949000400392E+001
 -0.526393064180091E+001  0.656141553084486E+002 -0.309388245189024E+000  0.401925328976698E+000 -0.107536384819057E+002 -0.753056639925386E+001 -0.753056639925386E+001
 -0.184098259490975E+001  0.654670047155534E+002 -0.332172842172698E+000  0.414950417969643E+000 -0.107536384819057E+002 -0.754919992000790E+001 -0.754919992000790E+001
  0.340163989737965E+001  0.647956768540607E+002 -0.303433744734293E+000  0.408783243010012E+000 -0.107536384819057E+002 -0.754487906741147E+001 -0.754487906741147E+001
 -0.138266964099374E+002  0.649438974110057E+002 -0.318809526779723E+000  0.417363365168624E+000 -0.107536384819057E+002 -0.754855636235661E+001 -0.754855636235661E+001
  0.289455411402452E+001  0.644500272751100E+002 -0.281489609482609E+000  0.394058472778360E+000 -0.107536384819057E+002 -0.754985188872626E+001 -0.754985188872626E+001
