  0.100000000000000E+001  0.190838993694879E+002 -0.110450970328916E+002  0.706993353292691E+002 -0.358474904287827E+000 -0.717086119735159E+000 -0.215667355400543E+002 -0.167451030290137E+002 -0.954194968474396E+001
  0.100000000000000E+001  0.274926381189224E+002  0.679544361255515E+001  0.565688626029389E+002 -0.492117908353368E+000  0.247408856529593E+001  0.247879108398030E+002 -0.167451030290137E+002 -0.137463190594612E+002
  0.100000000000000E+001  0.124038472439526E+002 -0.154143345955336E+002  0.733677341202428E+002 -0.737827733511322E+000  0.453790209959996E+001  0.419896092500155E+002 -0.167451030290137E+002 -0.620192362197632E+001
  0.100000000000000E+001  0.192513220688941E+002 -0.115683661107500E+002  0.766420842373814E+002 -0.417755687407870E+000  0.882854465062691E+000  0.116745657960759E+002 -0.167451030290137E+002 -0.962566103444707E+001
  0.100000000000000E+001  0.151520727926453E+002 -0.371322471591959E+000  0.614341086438206E+002 -0.840494093400298E+000  0.556521567082218E+001  0.526341990303721E+002 -0.167451030290137E+002 -0.757603639632267E+001
  0.100000000000000E+001  0.124490403852923E+002  0.648156537198318E+000  0.720267119631722E+002 -0.653221055584123E+000  0.288442267131878E+001  0.230060422228598E+002 -0.167451030290137E+002 -0.622452019264613E+001
  0.100000000000000E+001  0.124560668734759E+002 -0.739970292905892E+001  0.642870903795714E+002 -0.644618055417594E+000  0.401038340171408E+001  0.483366225425505E+002 -0.167451030290137E+002 -0.622803343673795E+001
  0.100000000000000E+001  0.152091199829608E+002 -0.153345003227722E+002  0.615221953837885E+002 -0.633702643366874E+000  0.423503289831482E+001  0.533910932241527E+002 -0.167451030290137E+002 -0.760455999148038E+001
  0.100000000000000E+001  0.124562698284264E+002  0.104020341067175E+002  0.706735248511300E+002 -0.673226148419227E+000  0.387233103425871E+001  0.316299145278130E+002 -0.167451030290137E+002 -0.622813491421320E+001
  0.100000000000000E+001  0.152243755755778E+002  0.359237972381112E+001  0.601764761254345E+002 -0.729330679478810E+000  0.446119621708579E+001  0.360573454839036E+002 -0.167451030290137E+002 -0.761218778778892E+001
  0.100000000000000E+001  0.195065362054171E+002  0.936470481049794E+001  0.584326481455243E+002 -0.730792568272213E+000  0.541439011217274E+001  0.702904822787065E+002 -0.167451030290137E+002 -0.975326810270857E+001
  0.100000000000000E+001  0.124763025485304E+002 -0.192186277302294E+002  0.728501290614484E+002 -0.643573068776165E+000  0.382431685793690E+001  0.511589373315888E+002 -0.167451030290137E+002 -0.623815127426519E+001
  0.100000000000000E+001  0.228541742205867E+002  0.174074192421455E+002  0.656016843848593E+002 -0.405415117547533E+000  0.205903191687624E+001  0.339738461282352E+002 -0.167451030290137E+002 -0.114270871102933E+002
  0.100000000000000E+001  0.124879902795790E+002  0.186894118708741E+002  0.704649846529448E+002 -0.525481677526481E+000  0.234341425946623E+001  0.270912011830083E+002 -0.167451030290137E+002 -0.624399513978948E+001
  0.100000000000000E+001  0.152409460796055E+002 -0.263885392417163E+001  0.678042792139288E+002 -0.864670404735316E+000  0.584142264775658E+001  0.512591112847630E+002 -0.167451030290137E+002 -0.762047303980276E+001
  0.100000000000000E+001  0.196132431317870E+002  0.148021725745479E+002  0.704996367899232E+002 -0.605906860734681E+000  0.259252411098508E+001  0.307500609377336E+002 -0.167451030290137E+002 -0.980662156589350E+001
  0.100000000000000E+001  0.202040214672204E+002 -0.139028138105169E+002  0.655398524603415E+002 -0.629160147248111E+000  0.259543208030313E+001  0.233413284059180E+002 -0.167451030290137E+002 -0.101020107336102E+002
  0.100000000000000E+001  0.125596907219412E+002  0.170866929838155E+002  0.734218026981605E+002 -0.609141006858910E+000  0.431627983669973E+001  0.731702944431430E+002 -0.167451030290137E+002 -0.627984536097060E+001
  0.100000000000000E+001  0.203186092258844E+002 -0.126482080473233E+002  0.653470981494675E+002 -0.495758577534952E+000  0.417925026569389E+001  0.914044170861203E+002 -0.167451030290137E+002 -0.101593046129422E+002
  0.100000000000000E+001  0.204434941408535E+002  0.139961217510827E+002  0.699958846653702E+002 -0.530429253877185E+000  0.117868926575604E+001  0.653277995300658E+001 -0.167451030290137E+002 -0.102217470704268E+002
  0.100000000000000E+001  0.152430003410547E+002 -0.736587318374892E+001  0.756128974017899E+002 -0.718725659305122E+000  0.310742914764692E+001  0.190560589941661E+002 -0.167451030290137E+002 -0.762150017052734E+001
  0.100000000000000E+001  0.207368136295155E+002 -0.813228227369840E+001  0.656529387053749E+002 -0.352289203052013E+000  0.729204445261120E+000  0.297231210073917E+002 -0.167451030290137E+002 -0.103684068147578E+002
  0.100000000000000E+001  0.152626095801861E+002  0.627916274813364E+001  0.606067316250073E+002 -0.754054099098510E+000  0.633276187193912E+001  0.875806406367677E+002 -0.167451030290137E+002 -0.763130479009304E+001
  0.100000000000000E+001  0.218294528325478E+002 -0.191696530023530E+002  0.585992676577421E+002 -0.911695563196319E+000  0.582674291376722E+001  0.463633603612047E+002 -0.167451030290137E+002 -0.109147264162739E+002
  0.100000000000000E+001  0.152972861661306E+002 -0.545900515700392E+001  0.712618841989067E+002 -0.758696446153839E+000  0.560703356861993E+001  0.601814867843738E+002 -0.167451030290137E+002 -0.764864308306529E+001
  0.100000000000000E+001  0.153099159972099E+002 -0.581981393024539E+001  0.646299776618596E+002 -0.729328511647763E+000  0.530763593693202E+001  0.782739798279103E+002 -0.167451030290137E+002 -0.765495799860496E+001
  0.100000000000000E+001  0.125667741457518E+002 -0.173069218977701E+002  0.735667037595669E+002 -0.584160042579363E+000  0.330453161792518E+001  0.443854315276753E+002 -0.167451030290137E+002 -0.628338707287589E+001
  0.100000000000000E+001  0.210158933882180E+002  0.847005648370772E+000  0.603584928877789E+002 -0.861884241227903E+000  0.773062676923689E+001  0.943019268551601E+002 -0.167451030290137E+002 -0.105079466941090E+002
  0.100000000000000E+001  0.125720332565423E+002  0.653484331035058E+001  0.664054352522916E+002 -0.883317037040991E+000  0.629794564955596E+001  0.641957882121348E+002 -0.167451030290137E+002 -0.628601662827116E+001
  0.100000000000000E+001  0.125720918048818E+002  0.499433362516149E+001  0.630903475895262E+002 -0.797769362952031E+000  0.554037398178135E+001  0.540608776545953E+002 -0.167451030290137E+002 -0.628604590244090E+001
  0.100000000000000E+001  0.126316690905923E+002 -0.913296493537306E+000  0.709120745411236E+002 -0.666799395780823E+000  0.483109406507863E+001  0.826482866190628E+002 -0.167451030290137E+002 -0.631583454529616E+001
  0.100000000000000E+001  0.126319729642471E+002  0.137366207243291E+002  0.682986789640790E+002 -0.640455411020451E+000  0.394522685932106E+001  0.553666997538562E+002 -0.167451030290137E+002 -0.631598648212357E+001
  0.100000000000000E+001  0.153482939156242E+002  0.132729375776654E+002  0.710842667152173E+002 -0.455088760417492E+000  0.183941800308371E+001  0.370439897542725E+002 -0.167451030290137E+002 -0.767414695781210E+001
  0.100000000000000E+001  0.126526797642949E+002  0.848302508778017E+001  0.722071059141448E+002 -0.542643293319553E+000  0.248237744507526E+001  0.218347402721699E+002 -0.167451030290137E+002 -0.632633988214744E+001
  0.100000000000000E+001  0.187407840125974E+002  0.100673747308650E+002  0.693193630352260E+002 -0.679710729150457E+000  0.495164773048616E+001  0.964183567509642E+002 -0.167451030290137E+002 -0.937039200629870E+001
  0.100000000000000E+001  0.154624857683263E+002 -0.153424375763435E+002  0.754196754559073E+002 -0.552198350774098E+000  0.231410547833398E+001  0.273476506002840E+002 -0.167451030290137E+002 -0.773124288416313E+001
  0.100000000000000E+001  0.156704914962190E+002  0.175396714139043E+002  0.737576381085053E+002 -0.437555688616603E+000  0.829096183987549E+000  0.398095876589201E+001 -0.167451030290137E+002 -0.783524574810948E+001
  0.100000000000000E+001  0.185562822003549E+002 -0.852950596232448E+001  0.587499833667614E+002 -0.596942101747603E+000  0.308317089581943E+001  0.220354712344525E+002 -0.167451030290137E+002 -0.927814110017744E+001
  0.100000000000000E+001  0.126613494501839E+002  0.187065840773204E+002  0.667738673417695E+002 -0.632315842057966E+000  0.434634755442033E+001  0.693281059435828E+002 -0.167451030290137E+002 -0.633067472509194E+001
  0.100000000000000E+001  0.126936616953912E+002  0.143061814670784E+002  0.698961231635583E+002 -0.630188853312711E+000  0.443827632797926E+001  0.559429674909809E+002 -0.167451030290137E+002 -0.634683084769562E+001
  0.100000000000000E+001  0.184863371374892E+002 -0.119776293733638E+002  0.613913305500267E+002 -0.579140521140201E+000  0.304501247964837E+001  0.371851204205867E+002 -0.167451030290137E+002 -0.924316856874460E+001
  0.100000000000000E+001  0.184256894151037E+002  0.740357179381349E+001  0.733710487281786E+002 -0.535700755940318E+000  0.281593870335576E+001  0.688264058631671E+002 -0.167451030290137E+002 -0.921284470755187E+001
  0.100000000000000E+001  0.184244442408625E+002  0.183031075302506E+002  0.700194151357789E+002 -0.432919116585517E+000  0.272052384032232E+001  0.732000060333607E+002 -0.167451030290137E+002 -0.921222212043123E+001
  0.100000000000000E+001  0.157451416237547E+002  0.603734795504084E+001  0.722798484079159E+002 -0.563427135366646E+000  0.397282009176129E+001  0.599831483083012E+002 -0.167451030290137E+002 -0.787257081187737E+001
  0.100000000000000E+001  0.157564473434898E+002  0.735264752327650E+001  0.650811607232249E+002 -0.500595239943765E+000  0.238708548939102E+001  0.353757161659235E+002 -0.167451030290137E+002 -0.787822367174491E+001
  0.100000000000000E+001  0.181795582072427E+002 -0.130467297960871E+002  0.748450895705570E+002 -0.774774308220700E+000  0.498436013806304E+001  0.636103422752698E+002 -0.167451030290137E+002 -0.908977910362135E+001
  0.100000000000000E+001  0.157811686124083E+002  0.101303899091359E+001  0.624522635224001E+002 -0.809212016540857E+000  0.625841556988057E+001  0.847313644619112E+002 -0.167451030290137E+002 -0.789058430620414E+001
  0.100000000000000E+001  0.179194409554444E+002  0.230858021151758E+001  0.735093726486744E+002 -0.584653639561986E+000  0.309175652475561E+001  0.548034421244377E+002 -0.167451030290137E+002 -0.895972047772218E+001
  0.100000000000000E+001  0.158003141461208E+002 -0.238838880921174E+001  0.665376117740821E+002 -0.522126788364692E+000  0.391433820925875E+001  0.770657061751868E+002 -0.167451030290137E+002 -0.790015707306041E+001
  0.100000000000000E+001  0.126995688682318E+002 -0.893611275447854E+001  0.633094119331143E+002 -0.849271335134596E+000  0.629932692084533E+001  0.677162700025631E+002 -0.167451030290137E+002 -0.634978443411590E+001
  0.100000000000000E+001  0.158053804170406E+002  0.719920114625602E+000  0.639435197000415E+002 -0.929860644228255E+000  0.678107956644152E+001  0.666722798562122E+002 -0.167451030290137E+002 -0.790269020852029E+001
  0.100000000000000E+001  0.178577091023709E+002  0.147367757351675E+002  0.687660360522375E+002 -0.367398090616892E+000  0.561918316119758E-001  0.630830084338703E+002 -0.167451030290137E+002 -0.892885455118546E+001
  0.100000000000000E+001  0.158600841452382E+002 -0.325758317112651E+000  0.602359227101402E+002 -0.694874805533645E+000  0.450077337391178E+001  0.492230724877141E+002 -0.167451030290137E+002 -0.793004207261911E+001
  0.100000000000000E+001  0.158813525156930E+002 -0.727275063269948E+001  0.707258803746706E+002 -0.512071928670332E+000  0.295261528180243E+001  0.381515609973596E+002 -0.167451030290137E+002 -0.794067625784649E+001
  0.100000000000000E+001  0.174837095326389E+002 -0.192013116191849E+002  0.715583260877630E+002 -0.721898520747598E+000  0.378315316864158E+001  0.389349708264215E+002 -0.167451030290137E+002 -0.874185476631947E+001
  0.100000000000000E+001  0.174628016826471E+002 -0.113449960363902E+002  0.733230395502266E+002 -0.390356167731266E+000  0.219984513634417E+000  0.417373708010755E+002 -0.167451030290137E+002 -0.873140084132357E+001
  0.100000000000000E+001  0.174619274890980E+002  0.117223784703607E+002  0.741508528331571E+002 -0.449948488761668E+000  0.263078008746506E+001  0.824473197814119E+002 -0.167451030290137E+002 -0.873096374454898E+001
  0.100000000000000E+001  0.174617439836453E+002 -0.137256938863890E+001  0.758236847657030E+002 -0.501911788311861E+000  0.258920405313762E+001  0.375123880401868E+002 -0.167451030290137E+002 -0.873087199182264E+001
  0.100000000000000E+001  0.127337103758374E+002 -0.171355445082670E+002  0.701098486327081E+002 -0.764617097015123E+000  0.657513969311379E+001  0.907060634797745E+002 -0.167451030290137E+002 -0.636685518791871E+001
  0.100000000000000E+001  0.158835684683022E+002 -0.669819779834295E+000  0.679263269745669E+002 -0.476955733698314E+000  0.302449163246609E+001  0.649095385074649E+002 -0.167451030290137E+002 -0.794178423415109E+001
  0.100000000000000E+001  0.172151982623785E+002 -0.330696198953762E+001  0.684375865097666E+002 -0.386798144267422E+000  0.466230055084843E+000  0.631574815869745E+002 -0.167451030290137E+002 -0.860759913118924E+001
  0.100000000000000E+001  0.172080667127247E+002  0.138053277760812E+002  0.696798972978395E+002 -0.375716792985593E+000  0.260784865631852E+000  0.364478515556132E+002 -0.167451030290137E+002 -0.860403335636236E+001
  0.100000000000000E+001  0.171286199153646E+002 -0.137703911706420E+002  0.775669104584418E+002 -0.529074724082316E+000  0.231426184083419E+001  0.286654407996040E+002 -0.167451030290137E+002 -0.856430995768232E+001
  0.100000000000000E+001  0.170798870134858E+002 -0.915057639169660E+001  0.759489191743642E+002 -0.707097815678394E+000  0.334220334321430E+001  0.285713009733757E+002 -0.167451030290137E+002 -0.853994350674291E+001
  0.100000000000000E+001  0.170509324838032E+002 -0.163387283284056E+002  0.712037261765799E+002 -0.397653426339739E+000 -0.179527176310913E+000 -0.639663480967287E+002 -0.167451030290137E+002 -0.852546624190162E+001
  0.100000000000000E+001  0.170319362309959E+002 -0.121613840898531E+002  0.783731734714157E+002 -0.727822626198867E+000  0.404355712323802E+001  0.386446773169854E+002 -0.167451030290137E+002 -0.851596811549792E+001
  0.100000000000000E+001  0.127434757744093E+002  0.413617851214070E+000  0.623843077985123E+002 -0.754074084525790E+000  0.480627176033328E+001  0.470319042156581E+002 -0.167451030290137E+002 -0.637173788720466E+001
  0.100000000000000E+001  0.170102626882694E+002  0.179542694995782E+002  0.703612926166243E+002 -0.376388226638513E+000  0.479499743251832E-001 -0.200417576603723E+002 -0.167451030290137E+002 -0.850513134413471E+001
  0.100000000000000E+001  0.127570854459093E+002  0.125522251011095E+002  0.739854912587631E+002 -0.563657715541539E+000  0.226708279948310E+001  0.196432241030549E+002 -0.167451030290137E+002 -0.637854272295467E+001
  0.100000000000000E+001  0.127581312944002E+002 -0.711309333690714E+001  0.685699296718319E+002 -0.700559732670407E+000  0.530544253247660E+001  0.885448952487841E+002 -0.167451030290137E+002 -0.637906564720011E+001
  0.100000000000000E+001  0.168370470967990E+002  0.691950123518605E+000  0.703061173282758E+002 -0.612435436288942E+000  0.499585391643429E+001  0.752484556722676E+002 -0.167451030290137E+002 -0.841852354839948E+001
  0.100000000000000E+001  0.127709838874923E+002 -0.183036271766165E+002  0.690405951826858E+002 -0.866144484576164E+000  0.570989367966625E+001  0.536931965393700E+002 -0.167451030290137E+002 -0.638549194374613E+001
  0.100000000000000E+001  0.168121714692924E+002  0.595114800808517E+000  0.740352279456878E+002 -0.703803164543449E+000  0.532041784615552E+001  0.998022621316397E+002 -0.167451030290137E+002 -0.840608573464618E+001
  0.100000000000000E+001  0.167976708593906E+002  0.340097746378096E+001  0.710226302428224E+002 -0.693855647008325E+000  0.377237293767549E+001  0.440676942583909E+002 -0.167451030290137E+002 -0.839883542969529E+001
  0.100000000000000E+001  0.167206976538643E+002  0.576384620526720E+001  0.605559890835607E+002 -0.567986204187816E+000  0.286408530434137E+001  0.224313882287254E+002 -0.167451030290137E+002 -0.836034882693214E+001
  0.100000000000000E+001  0.127761784346622E+002 -0.755700999197126E+001  0.700221127815568E+002 -0.575856532620160E+000  0.442238183501317E+001  0.948260887661559E+002 -0.167451030290137E+002 -0.638808921733110E+001
  0.100000000000000E+001  0.166817999561689E+002 -0.152269356062689E+002  0.747636086411118E+002 -0.543728876470441E+000  0.352215473873887E+001  0.921642467518469E+002 -0.167451030290137E+002 -0.834089997808446E+001
  0.100000000000000E+001  0.161616463397345E+002 -0.110423414723923E+002  0.713219944801039E+002 -0.860767931999867E+000  0.697286323830429E+001  0.805228939521927E+002 -0.167451030290137E+002 -0.808082316986723E+001
  0.100000000000000E+001  0.166249862400111E+002  0.881073400214766E+001  0.688559283316635E+002 -0.435620125076648E+000  0.212933703535383E+001  0.909567101795039E+002 -0.167451030290137E+002 -0.831249312000557E+001
  0.100000000000000E+001  0.166066723026177E+002 -0.123573289912190E+002  0.751979515657029E+002 -0.654832003738391E+000  0.406049005193184E+001  0.644512717040564E+002 -0.167451030290137E+002 -0.830333615130886E+001
  0.100000000000000E+001  0.161668200066746E+002 -0.514066690988949E+001  0.729340084004470E+002 -0.480329145818246E+000  0.276322959232072E+001  0.903437798777985E+002 -0.167451030290137E+002 -0.808341000333729E+001
  0.100000000000000E+001  0.165407147855178E+002  0.146544757704200E+002  0.614908199961126E+002 -0.811003468987564E+000  0.444621207195767E+001  0.329196584452461E+002 -0.167451030290137E+002 -0.827035739275889E+001
  0.100000000000000E+001  0.127830045390529E+002 -0.194875080905429E+002  0.627774571059015E+002 -0.730593286265629E+000  0.588942722015746E+001  0.811839009779958E+002 -0.167451030290137E+002 -0.639150226952643E+001
  0.100000000000000E+001  0.163363141796773E+002 -0.111464196104760E+002  0.723648450079424E+002 -0.453718589654353E+000  0.236166755694074E+001  0.533742249706198E+002 -0.167451030290137E+002 -0.816815708983865E+001
  0.100000000000000E+001  0.163229429004308E+002  0.961450930104464E+001  0.658470978179352E+002 -0.496595347199797E+000  0.340424210810435E+001  0.902123165530064E+002 -0.167451030290137E+002 -0.816147145021538E+001
  0.100000000000000E+001  0.151250335480797E+002  0.111813834461050E+001  0.764251865719078E+002 -0.831826521909995E+000  0.669435805763716E+001  0.892846411483247E+002 -0.167451030290137E+002 -0.756251677403985E+001
  0.100000000000000E+001  0.151237448767312E+002  0.601283986466991E+001  0.753947392956887E+002 -0.773598893604345E+000  0.550279341372627E+001  0.764646276378502E+002 -0.167451030290137E+002 -0.756187243836558E+001
  0.100000000000000E+001  0.151179764747193E+002 -0.192805877538597E+001  0.763100903172919E+002 -0.794034218130827E+000  0.620994521439924E+001  0.805680311211635E+002 -0.167451030290137E+002 -0.755898823735967E+001
  0.100000000000000E+001  0.151098057801604E+002 -0.523543394558808E+001  0.683085071144335E+002 -0.595939637239091E+000  0.274875538911691E+001  0.145547505205862E+002 -0.167451030290137E+002 -0.755490289008020E+001
  0.100000000000000E+001  0.127838184790069E+002 -0.194656535927759E+002  0.710269320684938E+002 -0.670645586454991E+000  0.496849497621499E+001  0.874495846958729E+002 -0.167451030290137E+002 -0.639190923950346E+001
  0.100000000000000E+001  0.149578163904181E+002  0.156747847265725E+002  0.655755424756387E+002 -0.574706587800152E+000  0.413279096813345E+001  0.845357077894705E+002 -0.167451030290137E+002 -0.747890819520904E+001
  0.100000000000000E+001  0.149208410198211E+002  0.268475715329895E+001  0.698202426292127E+002 -0.974672595840997E+000  0.798099023636742E+001  0.963428555211566E+002 -0.167451030290137E+002 -0.746042050991057E+001
  0.100000000000000E+001  0.149002995822956E+002 -0.599494933306630E-001  0.687817465861254E+002 -0.837183862149481E+000  0.654789389187186E+001  0.946470517133979E+002 -0.167451030290137E+002 -0.745014979114782E+001
  0.100000000000000E+001  0.148195441471633E+002 -0.171373204239607E+002  0.736983348616302E+002 -0.826025795766955E+000  0.619688903293655E+001  0.693202893448018E+002 -0.167451030290137E+002 -0.740977207358164E+001
  0.100000000000000E+001  0.148043553287405E+002  0.428894509582994E+001  0.741722373511061E+002 -0.722440458087769E+000  0.483977532968508E+001  0.497295146832512E+002 -0.167451030290137E+002 -0.740217766437024E+001
  0.100000000000000E+001  0.147109452227871E+002 -0.186898525347891E+002  0.719999720174711E+002 -0.941441598949494E+000  0.765066849999222E+001  0.990773162111050E+002 -0.167451030290137E+002 -0.735547261139357E+001
  0.100000000000000E+001  0.146879712747399E+002 -0.166673251810749E+001  0.656417268997112E+002 -0.908097429198663E+000  0.645554302186012E+001  0.617911993346194E+002 -0.167451030290137E+002 -0.734398563736995E+001
  0.100000000000000E+001  0.146596498432542E+002  0.228859686770859E+001  0.660421685379356E+002 -0.834653382518879E+000  0.555031945221603E+001  0.472875304572190E+002 -0.167451030290137E+002 -0.732982492162708E+001
  0.100000000000000E+001  0.146000721173877E+002  0.321048425605548E+001  0.619319463549099E+002 -0.860413251683667E+000  0.600398150467390E+001  0.596549526491186E+002 -0.167451030290137E+002 -0.730003605869387E+001
  0.100000000000000E+001  0.145500941895175E+002 -0.499809899556673E+001  0.723419971248608E+002 -0.644995234029578E+000  0.280539990351763E+001  0.244531638171631E+002 -0.167451030290137E+002 -0.727504709475877E+001
  0.100000000000000E+001  0.145464042486377E+002  0.460286728972210E+001  0.670702184381628E+002 -0.529024597195921E+000  0.343810673560196E+001  0.722755952904010E+002 -0.167451030290137E+002 -0.727320212431886E+001
  0.100000000000000E+001  0.128074497910298E+002  0.149095779867843E+002  0.739572044663603E+002 -0.859786175574043E+000  0.691985719050135E+001  0.920826154985660E+002 -0.167451030290137E+002 -0.640372489551490E+001
  0.100000000000000E+001  0.144775784513556E+002  0.854134547157850E+001  0.697469264754606E+002 -0.509170627839528E+000  0.360792803052719E+001  0.944902145760818E+002 -0.167451030290137E+002 -0.723878922567780E+001
  0.100000000000000E+001  0.144775402159413E+002 -0.164800762394068E+002  0.750105224562551E+002 -0.544407070909629E+000  0.264860510488726E+001  0.359036706975706E+002 -0.167451030290137E+002 -0.723877010797064E+001
  0.100000000000000E+001  0.144753836405009E+002 -0.130700195860230E+002  0.610406495106072E+002 -0.725497606354589E+000  0.527507971652122E+001  0.592805464222099E+002 -0.167451030290137E+002 -0.723769182025046E+001
  0.100000000000000E+001  0.143751369678939E+002  0.179351402328334E+002  0.659024678966546E+002 -0.915603685571085E+000  0.647229051598358E+001  0.650148516373488E+002 -0.167451030290137E+002 -0.718756848394693E+001
  0.100000000000000E+001  0.143345483098660E+002  0.901355071541711E+001  0.727438447084880E+002 -0.518645858649212E+000  0.315836659270646E+001  0.601539740338053E+002 -0.167451030290137E+002 -0.716727415493300E+001
  0.100000000000000E+001  0.143123817531129E+002 -0.186051429420327E+002  0.656128459575654E+002 -0.705276387700660E+000  0.524026820556264E+001  0.831884722127186E+002 -0.167451030290137E+002 -0.715619087655643E+001
  0.100000000000000E+001  0.142983685630914E+002 -0.155376602121392E+002  0.617390116272405E+002 -0.872770994354184E+000  0.735662924947910E+001  0.913996966694495E+002 -0.167451030290137E+002 -0.714918428154571E+001
  0.100000000000000E+001  0.128114705711085E+002 -0.192925801286418E+002  0.723215896484006E+002 -0.819817502108766E+000  0.512011021107299E+001  0.466781226464234E+002 -0.167451030290137E+002 -0.640573528555425E+001
  0.100000000000000E+001  0.142489014022938E+002  0.101222101411452E+002  0.708362345701815E+002 -0.574804321675987E+000  0.483346284907497E+001  0.971920946445717E+002 -0.167451030290137E+002 -0.712445070114690E+001
  0.100000000000000E+001  0.142043541051701E+002 -0.325550565491039E+000  0.620101128734904E+002 -0.851535798626649E+000  0.624923282517660E+001  0.687171802853019E+002 -0.167451030290137E+002 -0.710217705258504E+001
  0.100000000000000E+001  0.128157388085121E+002  0.411821545421950E+001  0.705569418382608E+002 -0.697380892023494E+000  0.598916229076780E+001  0.908363597918924E+002 -0.167451030290137E+002 -0.640786940425606E+001
  0.100000000000000E+001  0.141422176875375E+002 -0.175619606548848E+002  0.709508445780334E+002 -0.508024254285298E+000  0.251787518849130E+001  0.446427699586409E+002 -0.167451030290137E+002 -0.707110884376875E+001
  0.100000000000000E+001  0.128258905360957E+002 -0.470610442271839E+001  0.653475681427860E+002 -0.653106967237948E+000  0.402310888877210E+001  0.508360647437875E+002 -0.167451030290137E+002 -0.641294526804787E+001
  0.100000000000000E+001  0.128519267781534E+002 -0.690258866697425E+001  0.642256181580908E+002 -0.818777049188600E+000  0.556596268326391E+001  0.509938319808350E+002 -0.167451030290137E+002 -0.642596338907671E+001
  0.100000000000000E+001  0.140954172493431E+002  0.833198739757568E+001  0.636644604306688E+002 -0.694134377278952E+000  0.496240085089991E+001  0.709050407183540E+002 -0.167451030290137E+002 -0.704770862467157E+001
  0.100000000000000E+001  0.128531142118040E+002  0.150953411068625E+002  0.741819024537939E+002 -0.827884969917288E+000  0.610884629273484E+001  0.732508170673906E+002 -0.167451030290137E+002 -0.642655710590199E+001
  0.100000000000000E+001  0.140732084675655E+002 -0.108758492226360E+002  0.685395419723678E+002 -0.547678888683454E+000  0.402837014125895E+001  0.968168575057770E+002 -0.167451030290137E+002 -0.703660423378276E+001
  0.100000000000000E+001  0.140642671087594E+002  0.524505813649052E+001  0.733121829384963E+002 -0.575310756464019E+000  0.393839497662885E+001  0.825803689445455E+002 -0.167451030290137E+002 -0.703213355437971E+001
  0.100000000000000E+001  0.128541062135832E+002  0.181818067110970E+002  0.707752800320751E+002 -0.574872857782607E+000  0.451422796765486E+001  0.932099896132287E+002 -0.167451030290137E+002 -0.642705310679158E+001
  0.100000000000000E+001  0.139866816120886E+002 -0.170920372200652E+002  0.739251120909684E+002 -0.806233571150033E+000  0.555986427261193E+001  0.680012485466815E+002 -0.167451030290137E+002 -0.699334080604429E+001
  0.100000000000000E+001  0.139378144948164E+002 -0.167946072130646E+002  0.624535660280440E+002 -0.708351713724343E+000  0.505256445883860E+001  0.540048828099864E+002 -0.167451030290137E+002 -0.696890724740819E+001
  0.100000000000000E+001  0.139108477051852E+002  0.638308097753378E+001  0.659312203646906E+002 -0.562292111105813E+000  0.232242613674813E+001  0.104632845468185E+002 -0.167451030290137E+002 -0.695542385259261E+001
  0.100000000000000E+001  0.139060011107948E+002  0.168565881567105E+002  0.735885074658246E+002 -0.555654019125040E+000  0.363506761765999E+001  0.632277488964542E+002 -0.167451030290137E+002 -0.695300055539738E+001
  0.100000000000000E+001  0.138740060271586E+002  0.176470744464866E+002  0.692532940569976E+002 -0.788973381702872E+000  0.538967931105203E+001  0.501041873965563E+002 -0.167451030290137E+002 -0.693700301357932E+001
  0.100000000000000E+001  0.138641869827911E+002  0.300435881197284E+001  0.734671551730915E+002 -0.575877017300876E+000  0.337015455180471E+001  0.566508399496625E+002 -0.167451030290137E+002 -0.693209349139557E+001
  0.100000000000000E+001  0.138622578069521E+002 -0.278919465530885E+001  0.679143710833398E+002 -0.653526023857395E+000  0.477202713085523E+001  0.857221326055187E+002 -0.167451030290137E+002 -0.693112890347603E+001
  0.100000000000000E+001  0.138620331558173E+002 -0.891175874371639E+001  0.642291970295157E+002 -0.702508140748220E+000  0.473228713612459E+001  0.621362715049904E+002 -0.167451030290137E+002 -0.693101657790866E+001
  0.100000000000000E+001  0.138369707035679E+002 -0.356860006032982E+001  0.673725056982728E+002 -0.941319574593473E+000  0.731011635652602E+001  0.823323804275263E+002 -0.167451030290137E+002 -0.691848535178398E+001
  0.100000000000000E+001  0.137943002841687E+002 -0.189155531363867E+002  0.675887589728562E+002 -0.540055481441031E+000  0.267721517194551E+001  0.220415175444007E+002 -0.167451030290137E+002 -0.689715014208434E+001
  0.100000000000000E+001  0.137892958662513E+002 -0.150062564546957E+002  0.733003982296175E+002 -0.611241386295381E+000  0.490696989516384E+001  0.875441305987013E+002 -0.167451030290137E+002 -0.689464793312566E+001
  0.100000000000000E+001  0.137647390156865E+002 -0.148777520256343E+002  0.699095580519294E+002 -0.548014074144114E+000  0.434430038649637E+001  0.955935903933241E+002 -0.167451030290137E+002 -0.688236950784327E+001
  0.100000000000000E+001  0.137618747694161E+002 -0.438378644424405E+001  0.685830473816571E+002 -0.787862919481648E+000  0.624562485920219E+001  0.722638076596827E+002 -0.167451030290137E+002 -0.688093738470802E+001
  0.100000000000000E+001  0.128719979604619E+002  0.143852781572330E+002  0.711367511906071E+002 -0.552228712512535E+000  0.294501181059486E+001  0.312462151328460E+002 -0.167451030290137E+002 -0.643599898023097E+001
  0.100000000000000E+001  0.137400263549175E+002 -0.154614835250632E+002  0.617880165982076E+002 -0.714772875886770E+000  0.520794384105662E+001  0.651749463971944E+002 -0.167451030290137E+002 -0.687001317745876E+001
  0.100000000000000E+001  0.128789299457045E+002  0.535709217991024E+001  0.617281841778407E+002 -0.621253812366774E+000  0.288076522457050E+001  0.173703683654321E+002 -0.167451030290137E+002 -0.643946497285223E+001
  0.100000000000000E+001  0.129097005470366E+002 -0.670908446065800E+001  0.642801453712666E+002 -0.785181075705431E+000  0.648573222816274E+001  0.979166432389300E+002 -0.167451030290137E+002 -0.645485027351828E+001
  0.100000000000000E+001  0.129340210662648E+002  0.135107492598751E+002  0.731164975125147E+002 -0.635903733447185E+000  0.436344741453647E+001  0.563343724526014E+002 -0.167451030290137E+002 -0.646701053313242E+001
  0.100000000000000E+001  0.136736886701877E+002  0.485498726744597E+001  0.747875806365892E+002 -0.711256079302713E+000  0.528130324503471E+001  0.856596321097142E+002 -0.167451030290137E+002 -0.683684433509385E+001
  0.100000000000000E+001  0.136631720980394E+002  0.956290555898367E+001  0.724888716939159E+002 -0.879449362175812E+000  0.706091962686511E+001  0.853312792542892E+002 -0.167451030290137E+002 -0.683158604901971E+001
  0.100000000000000E+001  0.136624040440553E+002  0.527972373248043E+001  0.736571862419580E+002 -0.585750464498141E+000  0.265001910158659E+001  0.290272281624414E+002 -0.167451030290137E+002 -0.683120202202763E+001
  0.100000000000000E+001  0.129811553292671E+002  0.440377748292951E+001  0.751291009904179E+002 -0.820725766146617E+000  0.672666667528344E+001  0.952207807086091E+002 -0.167451030290137E+002 -0.649057766463356E+001
  0.100000000000000E+001  0.136017774914644E+002 -0.168756583090557E+002  0.665090608891203E+002 -0.696802799452254E+000  0.532262302871061E+001  0.893358722328491E+002 -0.167451030290137E+002 -0.680088874573221E+001
  0.100000000000000E+001  0.135976957619485E+002 -0.220946208184102E+001  0.736891482335178E+002 -0.724436959602545E+000  0.417671545638368E+001  0.342857578558078E+002 -0.167451030290137E+002 -0.679884788097425E+001
  0.100000000000000E+001  0.129990723046725E+002 -0.228126628105828E+001  0.661657171518155E+002 -0.863922117625355E+000  0.587406383051927E+001  0.598608542352538E+002 -0.167451030290137E+002 -0.649953615233625E+001
  0.100000000000000E+001  0.135592253524946E+002  0.322037983444478E+000  0.749452760091470E+002 -0.636156391913027E+000  0.487513265069105E+001  0.924613244790267E+002 -0.167451030290137E+002 -0.677961267624732E+001
  0.100000000000000E+001  0.130031470733481E+002  0.975541095888042E+001  0.663782738617064E+002 -0.625749359940032E+000  0.350324487072181E+001  0.426596947320778E+002 -0.167451030290137E+002 -0.650157353667407E+001
  0.100000000000000E+001  0.135104950689316E+002 -0.292941015822943E+001  0.682047865916116E+002 -0.933771004607225E+000  0.744697821411618E+001  0.920694021914531E+002 -0.167451030290137E+002 -0.675524753446579E+001
  0.100000000000000E+001  0.130206883729527E+002 -0.134474451669829E+002  0.673340703405095E+002 -0.622747355055001E+000  0.439006389188739E+001  0.544671638469772E+002 -0.167451030290137E+002 -0.651034418647636E+001
  0.100000000000000E+001  0.134734388415456E+002 -0.358808819916201E+001  0.748046112330210E+002 -0.740193399130686E+000  0.606355084375635E+001  0.877747662828450E+002 -0.167451030290137E+002 -0.673671942077279E+001
  0.100000000000000E+001  0.134370804939789E+002 -0.185329318259060E+002  0.677636237705365E+002 -0.628341529359488E+000  0.552022859531810E+001  0.976302750759647E+002 -0.167451030290137E+002 -0.671854024698943E+001
  0.100000000000000E+001  0.134365273359019E+002 -0.519871425297894E+001  0.664267542127488E+002 -0.507243257496008E+000  0.193342563886391E+001  0.175651598395653E+002 -0.167451030290137E+002 -0.671826366795094E+001
  0.100000000000000E+001  0.130433529288664E+002  0.904104288578924E+001  0.661707066399922E+002 -0.506962422516660E+000  0.194198717948208E+001  0.117449059260529E+002 -0.167451030290137E+002 -0.652167646443321E+001
  0.100000000000000E+001  0.130595378784345E+002 -0.742943139116666E+001  0.643368185494388E+002 -0.808370636582219E+000  0.626098681886135E+001  0.839549898226275E+002 -0.167451030290137E+002 -0.652976893921725E+001
  0.100000000000000E+001  0.131191443313472E+002  0.748407914798726E+001  0.708763339883146E+002 -0.668571459615083E+000  0.351549939386861E+001  0.241676578016950E+002 -0.167451030290137E+002 -0.655957216567359E+001
  0.100000000000000E+001  0.133633002137838E+002  0.193959393647280E+002  0.686761201790653E+002 -0.546773268454863E+000  0.340470511530834E+001  0.631238744914291E+002 -0.167451030290137E+002 -0.668165010689189E+001
  0.100000000000000E+001  0.133420349148472E+002  0.390330228295040E+001  0.656760941557319E+002 -0.650975263993398E+000  0.501183888110949E+001  0.669192223099921E+002 -0.167451030290137E+002 -0.667101745742359E+001
  0.100000000000000E+001  0.132978402672429E+002  0.108666425744713E+002  0.660548526827967E+002 -0.484194518273656E+000  0.112208605855193E+001  0.378572201751525E+001 -0.167451030290137E+002 -0.664892013362143E+001
  0.100000000000000E+001  0.131211837796696E+002 -0.120796497455117E+002  0.642283094463286E+002 -0.626275644940936E+000  0.420149238483251E+001  0.588926793636351E+002 -0.167451030290137E+002 -0.656059188983480E+001
  0.100000000000000E+001  0.123851207148430E+002  0.432824503281931E+001  0.666719728842228E+002 -0.615123026879618E+000  0.248967754027426E+001  0.177213689902070E+002 -0.167451030290137E+002 -0.619256035742152E+001
  0.100000000000000E+001  0.123216296913955E+002 -0.183949943772208E+002  0.745451986643323E+002 -0.714766086304466E+000  0.576325934368928E+001  0.972337926979826E+002 -0.167451030290137E+002 -0.616081484569773E+001
  0.100000000000000E+001  0.123094864720590E+002 -0.946116341803543E+001  0.640270639998377E+002 -0.718098918235557E+000  0.399686128618037E+001  0.277348478367563E+002 -0.167451030290137E+002 -0.615474323602952E+001
  0.100000000000000E+001  0.122749922490725E+002  0.282215034581287E+001  0.692350666351002E+002 -0.562471013694288E+000  0.283111441298053E+001  0.241904867657416E+002 -0.167451030290137E+002 -0.613749612453623E+001
  0.100000000000000E+001  0.122480669459635E+002  0.773829541330605E+001  0.655634623338155E+002 -0.847226106257472E+000  0.683835839966811E+001  0.929557899960219E+002 -0.167451030290137E+002 -0.612403347298173E+001
  0.100000000000000E+001  0.122321488568882E+002  0.123912815736704E+002  0.739037321819543E+002 -0.631624131928785E+000  0.354087176070673E+001  0.424586908258538E+002 -0.167451030290137E+002 -0.611607442844408E+001
  0.100000000000000E+001  0.122229720011987E+002 -0.152444447723923E+002  0.736467886069193E+002 -0.644031316234424E+000  0.486046675620833E+001  0.837843221321345E+002 -0.167451030290137E+002 -0.611148600059935E+001
  0.100000000000000E+001  0.122195521793636E+002  0.101498771922751E+002  0.705523555219620E+002 -0.786723585353455E+000  0.545303891212852E+001  0.679413277549421E+002 -0.167451030290137E+002 -0.610977608968178E+001
  0.100000000000000E+001  0.122101275603139E+002  0.239573132885374E+001  0.705606527434344E+002 -0.616129774966423E+000  0.242710887814077E+001  0.174994860145174E+002 -0.167451030290137E+002 -0.610506378015696E+001
  0.100000000000000E+001  0.121838911321870E+002 -0.106522398658125E+002  0.662374549150545E+002 -0.837710695925482E+000  0.607684452198881E+001  0.617213366655903E+002 -0.167451030290137E+002 -0.609194556609351E+001
  0.100000000000000E+001  0.121756139105258E+002 -0.123102809941671E+001  0.661032890346278E+002 -0.892547288162643E+000  0.695501203220843E+001  0.828988748779163E+002 -0.167451030290137E+002 -0.608780695526289E+001
  0.100000000000000E+001  0.121522895258312E+002  0.188762725562448E+002  0.686239169478343E+002 -0.604005866515471E+000  0.307078746773574E+001  0.348222349296551E+002 -0.167451030290137E+002 -0.607614476291561E+001
  0.100000000000000E+001  0.121499455519880E+002 -0.296092309092772E+001  0.678352485942677E+002 -0.908662040909013E+000  0.717829261296504E+001  0.847543687518584E+002 -0.167451030290137E+002 -0.607497277599398E+001
  0.100000000000000E+001  0.121419146267197E+002  0.187123391650956E+002  0.674614794027526E+002 -0.676501564219891E+000  0.405836149813428E+001  0.340864750081903E+002 -0.167451030290137E+002 -0.607095731335987E+001
  0.100000000000000E+001  0.121336062593080E+002 -0.103654371684000E+002  0.717456389871887E+002 -0.637479211118424E+000  0.503236190470765E+001  0.818538683904218E+002 -0.167451030290137E+002 -0.606680312965401E+001
  0.100000000000000E+001  0.121278051095437E+002  0.179622742467894E+002  0.691872390171919E+002 -0.563942054049360E+000  0.333299373884948E+001  0.416624157221200E+002 -0.167451030290137E+002 -0.606390255477187E+001
  0.100000000000000E+001  0.121147148022891E+002 -0.377498913544627E+001  0.657802297645825E+002 -0.664745496294669E+000  0.548396540051915E+001  0.850683605701198E+002 -0.167451030290137E+002 -0.605735740114453E+001
  0.100000000000000E+001  0.120604808129650E+002 -0.947619971121452E+001  0.743718778133392E+002 -0.661103629113075E+000  0.384296896253334E+001  0.439385979957847E+002 -0.167451030290137E+002 -0.603024040648249E+001
  0.100000000000000E+001  0.120492526452717E+002 -0.938968098000294E+001  0.716542342471779E+002 -0.621906556003622E+000  0.467672473961151E+001  0.876256000685213E+002 -0.167451030290137E+002 -0.602462632263584E+001
  0.100000000000000E+001  0.120422426627792E+002 -0.162122274435295E+002  0.665259066572932E+002 -0.732421327533200E+000  0.579646051815033E+001  0.916811373067269E+002 -0.167451030290137E+002 -0.602112133138962E+001
  0.100000000000000E+001  0.120382258037398E+002  0.306447651318010E+001  0.684201274673674E+002 -0.600309376462195E+000  0.304448828991604E+001  0.343161999760569E+002 -0.167451030290137E+002 -0.601911290186988E+001
  0.100000000000000E+001  0.120335025899066E+002 -0.131274894371961E+002  0.630106564496191E+002 -0.730148052483343E+000  0.446493200492845E+001  0.377283361439264E+002 -0.167451030290137E+002 -0.601675129495331E+001
  0.100000000000000E+001  0.120330248215746E+002 -0.858826014539581E+001  0.647061461351609E+002 -0.749807916423880E+000  0.531876983917870E+001  0.548080748280044E+002 -0.167451030290137E+002 -0.601651241078732E+001
  0.100000000000000E+001  0.120075888310311E+002 -0.998289319998321E+001  0.696450847862472E+002 -0.591301429942320E+000  0.436914939787185E+001  0.775755829126520E+002 -0.167451030290137E+002 -0.600379441551554E+001
  0.100000000000000E+001  0.120040973189653E+002 -0.107459026119256E+002  0.638484110561208E+002 -0.774968972950040E+000  0.580927175195845E+001  0.736520952820977E+002 -0.167451030290137E+002 -0.600204865948263E+001
  0.100000000000000E+001  0.120000652514239E+002  0.167811492333113E+002  0.637290476761564E+002 -0.684727111553542E+000  0.486953198911803E+001  0.610027248234465E+002 -0.167451030290137E+002 -0.600003262571194E+001
  0.100000000000000E+001  0.119668563176759E+002 -0.459662228469673E+001  0.663250772113130E+002 -0.811470496940459E+000  0.621209492250576E+001  0.688637276506695E+002 -0.167451030290137E+002 -0.598342815883793E+001
  0.100000000000000E+001  0.119362592447069E+002  0.102827886129176E+002  0.733131743616126E+002 -0.831976691413919E+000  0.661089811775314E+001  0.906139315063687E+002 -0.167451030290137E+002 -0.596812962235345E+001
  0.100000000000000E+001  0.119351435620470E+002 -0.140564039905801E+002  0.728758612135960E+002 -0.836513656290909E+000  0.656595576323341E+001  0.884998137163372E+002 -0.167451030290137E+002 -0.596757178102351E+001
  0.100000000000000E+001  0.119285918629149E+002  0.806483778470337E+001  0.721250797935603E+002 -0.793794123026981E+000  0.545678947506031E+001  0.650515188029756E+002 -0.167451030290137E+002 -0.596429593145745E+001
  0.100000000000000E+001  0.118884550863837E+002  0.889392533597780E+001  0.684334309698838E+002 -0.603873623563448E+000  0.459891460070237E+001  0.821024255975961E+002 -0.167451030290137E+002 -0.594422754319187E+001
  0.100000000000000E+001  0.118723889144103E+002 -0.944562596598370E+000  0.676997632388481E+002 -0.558994741950596E+000  0.303810476482688E+001  0.341073969070861E+002 -0.167451030290137E+002 -0.593619445720514E+001
  0.100000000000000E+001  0.118498193028908E+002 -0.364098224350018E+001  0.705678400940350E+002 -0.707504635398622E+000  0.530402562001095E+001  0.654992313083769E+002 -0.167451030290137E+002 -0.592490965144541E+001
  0.100000000000000E+001  0.118472266908823E+002 -0.147347475248423E+002  0.704644642201754E+002 -0.619730007372023E+000  0.497991032075466E+001  0.988571179712635E+002 -0.167451030290137E+002 -0.592361334544117E+001
  0.100000000000000E+001  0.118105124284956E+002  0.115274036039542E+002  0.706238113302773E+002 -0.624997470529488E+000  0.400100577422929E+001  0.604869293458624E+002 -0.167451030290137E+002 -0.590525621424782E+001
  0.100000000000000E+001  0.117474992711620E+002  0.130828745216549E+002  0.656649998822844E+002 -0.722048147454852E+000  0.582566567626474E+001  0.772327611219582E+002 -0.167451030290137E+002 -0.587374963558100E+001
  0.100000000000000E+001  0.117467169923816E+002 -0.124122739900953E+002  0.719301223847988E+002 -0.618645003491220E+000  0.267921027170258E+001  0.221972198181906E+002 -0.167451030290137E+002 -0.587335849619080E+001
  0.100000000000000E+001  0.117379486964437E+002  0.190183027264308E+002  0.669425474725619E+002 -0.633903525339341E+000  0.501249312021822E+001  0.868803126275818E+002 -0.167451030290137E+002 -0.586897434822183E+001
  0.100000000000000E+001  0.117298496904943E+002  0.216599809032809E+001  0.713973394579954E+002 -0.607845616907829E+000  0.408376957692268E+001  0.571524692187288E+002 -0.167451030290137E+002 -0.586492484524714E+001
  0.100000000000000E+001  0.117232046281069E+002  0.209029663170338E+001  0.735092321035300E+002 -0.685983131156646E+000  0.395247841682252E+001  0.430408190728682E+002 -0.167451030290137E+002 -0.586160231405346E+001
  0.100000000000000E+001  0.117206352205759E+002 -0.920874610872541E+001  0.635564743840759E+002 -0.765612391419110E+000  0.502740988490985E+001  0.468560519710472E+002 -0.167451030290137E+002 -0.586031761028794E+001
  0.100000000000000E+001  0.116880757145851E+002  0.152524566007994E+002  0.632357751844866E+002 -0.612431123748294E+000  0.274470218007086E+001  0.155443370138811E+002 -0.167451030290137E+002 -0.584403785729253E+001
  0.100000000000000E+001  0.116497547642455E+002  0.915296696080498E+001  0.703031433169624E+002 -0.725358343975451E+000  0.557830948730466E+001  0.699659415409052E+002 -0.167451030290137E+002 -0.582487738212274E+001
  0.100000000000000E+001  0.116494527950707E+002  0.327953232353774E+001  0.687700049948023E+002 -0.866754326612283E+000  0.645517774949791E+001  0.706369497406380E+002 -0.167451030290137E+002 -0.582472639753537E+001
  0.100000000000000E+001  0.116328661832595E+002  0.160281306134865E+002  0.639258147842882E+002 -0.758262259284283E+000  0.623601471121505E+001  0.853000419913663E+002 -0.167451030290137E+002 -0.581643309162976E+001
  0.100000000000000E+001  0.116047301308959E+002 -0.146806335303077E+002  0.697338499752823E+002 -0.686308668155752E+000  0.530043332959713E+001  0.709786323652738E+002 -0.167451030290137E+002 -0.580236506544797E+001
  0.100000000000000E+001  0.115752841971207E+002  0.123719944025962E+002  0.709213935587643E+002 -0.709146986510584E+000  0.528848493853419E+001  0.831745566372072E+002 -0.167451030290137E+002 -0.578764209856037E+001
  0.100000000000000E+001  0.115656871580319E+002  0.185811402609294E+002  0.685695387729334E+002 -0.847871642283431E+000  0.731286370782333E+001  0.963690877916249E+002 -0.167451030290137E+002 -0.578284357901593E+001
  0.100000000000000E+001  0.115562456743713E+002  0.118974744089794E+002  0.711486291328876E+002 -0.647647653872167E+000  0.530365711296769E+001  0.907883735198294E+002 -0.167451030290137E+002 -0.577812283718567E+001
  0.100000000000000E+001  0.115494333325192E+002  0.528322789959747E+001  0.688302774322509E+002 -0.666097752356085E+000  0.568998236745868E+001  0.942540486028763E+002 -0.167451030290137E+002 -0.577471666625958E+001
  0.100000000000000E+001  0.115457364533248E+002 -0.141283017414750E+002  0.685126887208756E+002 -0.731830543388623E+000  0.524191835674288E+001  0.569865153004570E+002 -0.167451030290137E+002 -0.577286822666241E+001
  0.100000000000000E+001  0.115316717466132E+002 -0.467434183489564E+001  0.674488248956809E+002 -0.855223715130188E+000  0.620773818170578E+001  0.650992812175419E+002 -0.167451030290137E+002 -0.576583587330659E+001
  0.100000000000000E+001  0.115044456127310E+002 -0.443368257054507E+001  0.672616577051432E+002 -0.580184637873265E+000  0.331518744184417E+001  0.374611196657616E+002 -0.167451030290137E+002 -0.575222280636550E+001
  0.100000000000000E+001  0.114955882562615E+002  0.137331394712589E+001  0.675867967415223E+002 -0.687519781241622E+000  0.417113470079097E+001  0.486604196460025E+002 -0.167451030290137E+002 -0.574779412813074E+001
  0.100000000000000E+001  0.114816633959732E+002 -0.850238968025402E+001  0.666155038432550E+002 -0.671602654563910E+000  0.558239608102098E+001  0.982722807595365E+002 -0.167451030290137E+002 -0.574083169798660E+001
  0.100000000000000E+001  0.114791686894124E+002  0.147617671937551E+002  0.675376259892774E+002 -0.645687566863986E+000  0.531527854241307E+001  0.902776350542779E+002 -0.167451030290137E+002 -0.573958434470619E+001
  0.100000000000000E+001  0.114714863122046E+002  0.178671717689253E+002  0.639494027967111E+002 -0.802052851897664E+000  0.628795856092060E+001  0.765944849113364E+002 -0.167451030290137E+002 -0.573574315610228E+001
  0.100000000000000E+001  0.114595214056570E+002 -0.147814996051117E+002  0.666249488871028E+002 -0.695411463511656E+000  0.488198189428338E+001  0.678727944794175E+002 -0.167451030290137E+002 -0.572976070282851E+001
  0.100000000000000E+001  0.114505284305746E+002  0.167261991175111E+001  0.696466139271152E+002 -0.741569367993611E+000  0.379390990056532E+001  0.244030630789437E+002 -0.167451030290137E+002 -0.572526421528729E+001
  0.100000000000000E+001  0.114364874899776E+002  0.185331527086092E+002  0.726989108792670E+002 -0.639952546195961E+000  0.437304023927804E+001  0.609859515039830E+002 -0.167451030290137E+002 -0.571824374498878E+001
  0.100000000000000E+001  0.114276892324121E+002  0.147981015862392E+002  0.733779427293427E+002 -0.785156964065495E+000  0.650216903500946E+001  0.933046586650661E+002 -0.167451030290137E+002 -0.571384461620607E+001
  0.100000000000000E+001  0.114088214230512E+002 -0.636434278017076E+001  0.721327488718391E+002 -0.596916422371038E+000  0.338469710347956E+001  0.390451975222009E+002 -0.167451030290137E+002 -0.570441071152561E+001
  0.100000000000000E+001  0.113538133051529E+002 -0.123965650874385E+002  0.733486969619020E+002 -0.774527287806333E+000  0.545304499571355E+001  0.647275633765109E+002 -0.167451030290137E+002 -0.567690665257646E+001
  0.100000000000000E+001  0.113524374673448E+002  0.471813476960062E+001  0.707597161783359E+002 -0.732486841963138E+000  0.453697431949791E+001  0.510659358198287E+002 -0.167451030290137E+002 -0.567621873367238E+001
  0.100000000000000E+001  0.113318396960003E+002  0.116435131115919E+002  0.729371989282804E+002 -0.664990133825631E+000  0.485319799371323E+001  0.747597190911963E+002 -0.167451030290137E+002 -0.566591984800013E+001
  0.100000000000000E+001  0.113297523669915E+002 -0.498351044690338E+001  0.640691451195760E+002 -0.781616160158983E+000  0.605622721749954E+001  0.770998916190013E+002 -0.167451030290137E+002 -0.566487618349576E+001
  0.100000000000000E+001  0.113230575672549E+002 -0.423472158704715E+001  0.669442641881403E+002 -0.710714126600190E+000  0.534387211227886E+001  0.799971876134425E+002 -0.167451030290137E+002 -0.566152878362744E+001
  0.100000000000000E+001  0.113216901624046E+002  0.538829243930150E+001  0.695919959414035E+002 -0.639275054985533E+000  0.518325536529365E+001  0.889318751733054E+002 -0.167451030290137E+002 -0.566084508120232E+001
  0.100000000000000E+001  0.113208414333950E+002  0.177820524841975E+002  0.688960886584833E+002 -0.550963161087854E+000  0.254938375232027E+001  0.216162047215685E+002 -0.167451030290137E+002 -0.566042071669752E+001
  0.100000000000000E+001  0.112845124450122E+002  0.174382846987820E+002  0.706667942290987E+002 -0.793896422765855E+000  0.580913209135858E+001  0.756444767101858E+002 -0.167451030290137E+002 -0.564225622250611E+001
  0.100000000000000E+001  0.112781430217923E+002  0.796761873788585E+001  0.732238906040922E+002 -0.625226640119419E+000  0.212268033555066E+001  0.902013154312502E+001 -0.167451030290137E+002 -0.563907151089616E+001
  0.100000000000000E+001  0.112458297579941E+002  0.184762738145969E+002  0.674327136742602E+002 -0.645113521300093E+000  0.488438596394266E+001  0.797117214632757E+002 -0.167451030290137E+002 -0.562291487899705E+001
  0.100000000000000E+001  0.112376900098812E+002  0.105490053277824E+002  0.653582922244962E+002 -0.822809934487136E+000  0.563339087507554E+001  0.560725119101451E+002 -0.167451030290137E+002 -0.561884500494061E+001
  0.100000000000000E+001  0.112126815330430E+002  0.131870564012767E+002  0.649420163925122E+002 -0.597214532379846E+000  0.247684221947932E+001  0.117196132309658E+002 -0.167451030290137E+002 -0.560634076652152E+001
  0.100000000000000E+001  0.112015769572953E+002  0.156058363925940E+002  0.672215619864141E+002 -0.714386296427791E+000  0.625505193884852E+001  0.975493957481237E+002 -0.167451030290137E+002 -0.560078847864764E+001
  0.100000000000000E+001  0.111869224485175E+002  0.611005839681956E+001  0.734960305610022E+002 -0.680516296002340E+000  0.440100428674990E+001  0.533617981404450E+002 -0.167451030290137E+002 -0.559346122425873E+001
  0.100000000000000E+001  0.111823718395120E+002  0.179417332949345E+002  0.710602482913314E+002 -0.641474548975814E+000  0.440517209114312E+001  0.677298333019806E+002 -0.167451030290137E+002 -0.559118591975602E+001
  0.100000000000000E+001  0.111677906063821E+002 -0.153640604540495E+002  0.683437181781125E+002 -0.620836039881363E+000  0.421840795831342E+001  0.633300958972891E+002 -0.167451030290137E+002 -0.558389530319107E+001
  0.100000000000000E+001  0.111635425638512E+002  0.420603876224557E+001  0.669654952683607E+002 -0.796339031384392E+000  0.574992705820709E+001  0.602705485007945E+002 -0.167451030290137E+002 -0.558177128192558E+001
  0.100000000000000E+001  0.111531273458547E+002 -0.884705766534117E+001  0.661687847234224E+002 -0.839670866955886E+000  0.685138704147327E+001  0.844120474238248E+002 -0.167451030290137E+002 -0.557656367292733E+001
  0.100000000000000E+001  0.111494506251882E+002  0.537856929561876E+000  0.693067458020895E+002 -0.660970650275716E+000  0.446341061958383E+001  0.508249428589002E+002 -0.167451030290137E+002 -0.557472531259411E+001
  0.100000000000000E+001  0.111176130196004E+002 -0.208051863466799E+001  0.702831239058302E+002 -0.654788034290058E+000  0.367235430735969E+001  0.308151092346830E+002 -0.167451030290137E+002 -0.555880650980021E+001
  0.100000000000000E+001  0.111051434140475E+002 -0.869365019853586E+000  0.681590977410495E+002 -0.566196189061545E+000  0.279116013828256E+001  0.280744814426696E+002 -0.167451030290137E+002 -0.555257170702377E+001
  0.100000000000000E+001  0.111012978312761E+002 -0.240340863609259E+001  0.720431383873335E+002 -0.719292353846450E+000  0.420074517712437E+001  0.365029795981724E+002 -0.167451030290137E+002 -0.555064891563806E+001
  0.100000000000000E+001  0.110756391716237E+002  0.101209685376451E+001  0.681361955613342E+002 -0.703098069576834E+000  0.516998739841252E+001  0.619011501686448E+002 -0.167451030290137E+002 -0.553781958581188E+001
  0.100000000000000E+001  0.110531644684805E+002 -0.171388334220481E+002  0.701741183397955E+002 -0.701677200336964E+000  0.535110571543226E+001  0.857924561747121E+002 -0.167451030290137E+002 -0.552658223424027E+001
  0.100000000000000E+001  0.110528165207834E+002 -0.126772349518060E+002  0.661464771613633E+002 -0.607863795465289E+000  0.347940590373941E+001  0.361599622352674E+002 -0.167451030290137E+002 -0.552640826039170E+001
  0.100000000000000E+001  0.110429813299616E+002 -0.953153147044714E+001  0.687642259285502E+002 -0.566389450056628E+000  0.265773347431662E+001  0.209608420095804E+002 -0.167451030290137E+002 -0.552149066498083E+001
  0.100000000000000E+001  0.110242459944084E+002 -0.984889078201644E+001  0.717565405074268E+002 -0.776243125855644E+000  0.628707061873094E+001  0.846311021706945E+002 -0.167451030290137E+002 -0.551212299720419E+001
  0.100000000000000E+001  0.110234365641787E+002  0.164521798476682E+002  0.675044641655959E+002 -0.622802044713138E+000  0.409347219154400E+001  0.507982809437431E+002 -0.167451030290137E+002 -0.551171828208934E+001
  0.100000000000000E+001  0.110046152770761E+002 -0.624655411393312E+001  0.660879318057575E+002 -0.838584613116611E+000  0.624403385686571E+001  0.690259230712321E+002 -0.167451030290137E+002 -0.550230763853805E+001
  0.100000000000000E+001  0.110004043546347E+002 -0.174047229797019E+002  0.643105626310459E+002 -0.752829898278663E+000  0.547020384267462E+001  0.649083229312070E+002 -0.167451030290137E+002 -0.550020217731735E+001
  0.100000000000000E+001  0.109905912478088E+002  0.235469886838705E+001  0.723932079631450E+002 -0.674617141128501E+000  0.478997691409181E+001  0.705528688126055E+002 -0.167451030290137E+002 -0.549529562390439E+001
  0.100000000000000E+001  0.109711875452464E+002 -0.483089303939564E+001  0.716942996443344E+002 -0.675924857289195E+000  0.553492493105861E+001  0.974942869822745E+002 -0.167451030290137E+002 -0.548559377262319E+001
  0.100000000000000E+001  0.109664120402700E+002 -0.112616379917671E+002  0.710825922018090E+002 -0.674909806209923E+000  0.406635446746954E+001  0.384875016211814E+002 -0.167451030290137E+002 -0.548320602013501E+001
  0.100000000000000E+001  0.109367946128420E+002  0.832011965624474E+001  0.695173142579645E+002 -0.770961864126182E+000  0.563349046401351E+001  0.627586149129294E+002 -0.167451030290137E+002 -0.546839730642098E+001
  0.100000000000000E+001  0.109305486918627E+002  0.537326441278070E+001  0.674964466825075E+002 -0.739116886680370E+000  0.401624550225508E+001  0.339432226969530E+002 -0.167451030290137E+002 -0.546527434593137E+001
  0.100000000000000E+001  0.109154199545652E+002  0.123057193373657E+002  0.647640903148482E+002 -0.691654003470000E+000  0.455240736829247E+001  0.516337488419657E+002 -0.167451030290137E+002 -0.545770997728262E+001
  0.100000000000000E+001  0.109081507586843E+002 -0.143513622371092E+002  0.707777710506619E+002 -0.658447682521222E+000  0.498573308864923E+001  0.827298134928040E+002 -0.167451030290137E+002 -0.545407537934216E+001
  0.100000000000000E+001  0.108797307551778E+002 -0.168457659588454E+002  0.696442351593909E+002 -0.596567700467037E+000  0.236758654853763E+001  0.109103758038337E+002 -0.167451030290137E+002 -0.543986537758890E+001
  0.100000000000000E+001  0.108734692381557E+002 -0.114344758875444E+002  0.649449949023122E+002 -0.800258146521912E+000  0.650630451760553E+001  0.881163268456232E+002 -0.167451030290137E+002 -0.543673461907784E+001
  0.100000000000000E+001  0.108723394456367E+002 -0.928854624489578E+001  0.721450971969406E+002 -0.666768439438663E+000  0.488529280659285E+001  0.733022817977292E+002 -0.167451030290137E+002 -0.543616972281836E+001
  0.100000000000000E+001  0.108720513110635E+002  0.891589173876388E+001  0.692821706523044E+002 -0.629032434725529E+000  0.442678038206929E+001  0.630580238051183E+002 -0.167451030290137E+002 -0.543602565553177E+001
  0.100000000000000E+001  0.108704777415130E+002 -0.727001663473192E+000  0.650861800421825E+002 -0.769965339841269E+000  0.626050859309152E+001  0.886293397085139E+002 -0.167451030290137E+002 -0.543523887075651E+001
  0.100000000000000E+001  0.108641467046082E+002 -0.836130919079683E+001  0.672278693876515E+002 -0.554806190470505E+000  0.186289430812527E+001  0.995528307521209E+001 -0.167451030290137E+002 -0.543207335230409E+001
  0.100000000000000E+001  0.117822407367807E+002 -0.183245113815158E+002  0.727917091307543E+002 -0.716168691325589E+000  0.445402277606781E+001  0.524007947588292E+002 -0.167451030290137E+002 -0.589112036839035E+001
  0.100000000000000E+001  0.117521011369173E+002 -0.193732368164840E+002  0.642352859369395E+002 -0.578194326151168E+000  0.232583504785809E+001  0.147731744384051E+002 -0.167451030290137E+002 -0.587605056845863E+001
  0.100000000000000E+001  0.111775277476689E+002 -0.164324354434364E+002  0.716748070799672E+002 -0.607895514621676E+000  0.370260032930873E+001  0.483003211684545E+002 -0.167451030290137E+002 -0.558876387383447E+001
  0.100000000000000E+001  0.108635566932113E+002 -0.127776275282100E+002  0.673560764065657E+002 -0.645028690614934E+000  0.459981152028423E+001  0.624673139182672E+002 -0.167451030290137E+002 -0.543177834660564E+001
  0.100000000000000E+001  0.108353475472907E+002 -0.560191127848601E+001  0.721879025603334E+002 -0.736897237980872E+000  0.414526903053081E+001  0.353800557625815E+002 -0.167451030290137E+002 -0.541767377364535E+001
  0.100000000000000E+001  0.108315857119500E+002 -0.960626165935753E+001  0.705453583923635E+002 -0.569181318664273E+000  0.214561179300956E+001  0.148549787355756E+002 -0.167451030290137E+002 -0.541579285597501E+001
  0.100000000000000E+001  0.107984804319626E+002 -0.164521788169690E+000  0.651488861096427E+002 -0.728795674539060E+000  0.518896847145265E+001  0.581331024810917E+002 -0.167451030290137E+002 -0.539924021598131E+001
  0.100000000000000E+001  0.107840429728174E+002 -0.701468129671679E+001  0.696414508700440E+002 -0.728076067486130E+000  0.601490736940547E+001  0.858230525081818E+002 -0.167451030290137E+002 -0.539202148640868E+001
  0.100000000000000E+001  0.107753217968742E+002 -0.735939689043906E+001  0.706170542887591E+002 -0.852874250942275E+000  0.681535736200778E+001  0.876047602829351E+002 -0.167451030290137E+002 -0.538766089843712E+001
  0.100000000000000E+001  0.107745871183885E+002  0.170140260726960E+002  0.661484186668682E+002 -0.750200141128911E+000  0.603315982967586E+001  0.790794495301823E+002 -0.167451030290137E+002 -0.538729355919424E+001
  0.100000000000000E+001  0.107657706938809E+002  0.118327785367867E+002  0.686624473045200E+002 -0.706223572968060E+000  0.480403193714707E+001  0.634471416818621E+002 -0.167451030290137E+002 -0.538288534694043E+001
  0.100000000000000E+001  0.107656621177793E+002  0.492159076139429E+001  0.659844019824526E+002 -0.821934022855925E+000  0.602752199868739E+001  0.659760532128010E+002 -0.167451030290137E+002 -0.538283105888964E+001
  0.100000000000000E+001  0.107592992612958E+002 -0.829943009207050E+001  0.686297808894639E+002 -0.610425959146266E+000  0.367173014586909E+001  0.462355951135970E+002 -0.167451030290137E+002 -0.537964963064792E+001
  0.100000000000000E+001  0.107538563451236E+002  0.864338251558118E+001  0.703628359504717E+002 -0.576218745047120E+000  0.244018405971837E+001  0.151324919900412E+002 -0.167451030290137E+002 -0.537692817256180E+001
  0.100000000000000E+001  0.107487822504104E+002 -0.915074920958829E+001  0.687275476820462E+002 -0.751620820372621E+000  0.587832736430812E+001  0.881826812517997E+002 -0.167451030290137E+002 -0.537439112520518E+001
  0.100000000000000E+001  0.107379047329029E+002 -0.153131422045791E+001  0.649740769619230E+002 -0.507659956707453E+000  0.121735490732993E+001  0.117903416140311E+001 -0.167451030290137E+002 -0.536895236645147E+001
  0.100000000000000E+001  0.107355912643489E+002 -0.184235162344243E+002  0.683000605762223E+002 -0.706080136815811E+000  0.556151714883067E+001  0.892241395552594E+002 -0.167451030290137E+002 -0.536779563217446E+001
  0.100000000000000E+001  0.107256648257184E+002  0.200577199641111E+001  0.695692330156129E+002 -0.709217845818709E+000  0.419301349778671E+001  0.446452158317620E+002 -0.167451030290137E+002 -0.536283241285919E+001
  0.100000000000000E+001  0.107109096527788E+002  0.229188346050211E+001  0.653158322930347E+002 -0.755071627675736E+000  0.609947947510828E+001  0.866726196500026E+002 -0.167451030290137E+002 -0.535545482638942E+001
  0.100000000000000E+001  0.106896089706558E+002 -0.136622999834772E+002  0.689889006825099E+002 -0.793799543712414E+000  0.605740636705989E+001  0.709663187253840E+002 -0.167451030290137E+002 -0.534480448532792E+001
  0.100000000000000E+001  0.106790581043339E+002 -0.250142604386559E+001  0.652523379598516E+002 -0.502321889613296E+000  0.122769595078987E+001  0.193064956729414E+001 -0.167451030290137E+002 -0.533952905216694E+001
  0.100000000000000E+001  0.106707706868872E+002  0.141557293360355E+002  0.646777955047154E+002 -0.756842414486269E+000  0.492841636381033E+001  0.475624945681137E+002 -0.167451030290137E+002 -0.533538534344359E+001
  0.100000000000000E+001  0.106348355009717E+002  0.434473930578641E+001  0.654618791517341E+002 -0.753931293869982E+000  0.529191932737877E+001  0.624019220645102E+002 -0.167451030290137E+002 -0.531741775048585E+001
  0.100000000000000E+001  0.106269152694585E+002  0.280763408031366E+001  0.686001109463521E+002 -0.529191688898729E+000  0.180698059736008E+001  0.962330235649516E+001 -0.167451030290137E+002 -0.531345763472924E+001
  0.100000000000000E+001  0.105952593496228E+002  0.418646833469770E+001  0.656653504118186E+002 -0.817928243528128E+000  0.681445913468564E+001  0.946094189146146E+002 -0.167451030290137E+002 -0.529762967481138E+001
  0.100000000000000E+001  0.105868795710440E+002  0.654097250804920E+001  0.704330536709249E+002 -0.681409331531547E+000  0.469600991252294E+001  0.659862945043495E+002 -0.167451030290137E+002 -0.529343978552201E+001
  0.100000000000000E+001  0.105831273309420E+002  0.340135532485581E+001  0.715909154946074E+002 -0.679427919736668E+000  0.386439692872762E+001  0.405892711396764E+002 -0.167451030290137E+002 -0.529156366547101E+001
  0.100000000000000E+001  0.105783466254057E+002 -0.852977611244246E+001  0.710060939649075E+002 -0.652409665764982E+000  0.294322530442730E+001  0.221939687956160E+002 -0.167451030290137E+002 -0.528917331270283E+001
  0.100000000000000E+001  0.105724661704781E+002  0.150651917198796E+002  0.696274174148782E+002 -0.677581241644072E+000  0.540289057331963E+001  0.909876577964179E+002 -0.167451030290137E+002 -0.528623308523904E+001
  0.100000000000000E+001  0.105709040050167E+002  0.356056681222894E+001  0.676457596213347E+002 -0.862015636765606E+000  0.715910213719595E+001  0.965880551046248E+002 -0.167451030290137E+002 -0.528545200250834E+001
  0.100000000000000E+001  0.105700520102029E+002 -0.136230327243732E+002  0.705756434886435E+002 -0.648373982143932E+000  0.411521305460421E+001  0.540019041459467E+002 -0.167451030290137E+002 -0.528502600510146E+001
  0.100000000000000E+001  0.105676521489173E+002  0.141135128447956E+002  0.724970341359140E+002 -0.688174198354250E+000  0.453136592441027E+001  0.542517351090070E+002 -0.167451030290137E+002 -0.528382607445863E+001
  0.100000000000000E+001  0.105570483016565E+002 -0.129105028981143E+001  0.636472225770621E+002 -0.576472416301405E+000  0.191942318758947E+001  0.641296579163388E+001 -0.167451030290137E+002 -0.527852415082824E+001
  0.100000000000000E+001  0.105549277063502E+002  0.115383644050574E+002  0.695144119357483E+002 -0.865379640624761E+000  0.717478541613857E+001  0.955907724654246E+002 -0.167451030290137E+002 -0.527746385317509E+001
  0.100000000000000E+001  0.105545325605172E+002 -0.170101524278239E+002  0.697397245146759E+002 -0.753621488963554E+000  0.579022728241492E+001  0.844322234547802E+002 -0.167451030290137E+002 -0.527726628025862E+001
  0.100000000000000E+001  0.105530770444163E+002 -0.143776390488415E+001  0.710378555538234E+002 -0.653053405047929E+000  0.388440363685878E+001  0.461082405323949E+002 -0.167451030290137E+002 -0.527653852220813E+001
  0.100000000000000E+001  0.105421476089650E+002 -0.107121048429163E+002  0.669719554581781E+002 -0.815336053507727E+000  0.661179487337439E+001  0.919332174061649E+002 -0.167451030290137E+002 -0.527107380448251E+001
  0.100000000000000E+001  0.105382403487487E+002  0.847263249920161E+000  0.686908899435717E+002 -0.660413729535627E+000  0.500246762150070E+001  0.782696791569323E+002 -0.167451030290137E+002 -0.526912017437436E+001
  0.100000000000000E+001  0.105292545389581E+002  0.308543606753683E+001  0.687707746670486E+002 -0.631286457800738E+000  0.391754336344429E+001  0.432677265343341E+002 -0.167451030290137E+002 -0.526462726947907E+001
  0.100000000000000E+001  0.105047132542145E+002  0.157224376924689E+002  0.710015362078218E+002 -0.685332004086631E+000  0.546196775954334E+001  0.858011127306494E+002 -0.167451030290137E+002 -0.525235662710726E+001
  0.100000000000000E+001  0.104951436618192E+002 -0.869426876205135E+001  0.721815139329374E+002 -0.690703154921891E+000  0.476211787991253E+001  0.602965689332518E+002 -0.167451030290137E+002 -0.524757183090959E+001
  0.100000000000000E+001  0.104905594289070E+002 -0.638502610337310E+001  0.680033700812035E+002 -0.701876718450243E+000  0.435452035589946E+001  0.493252736186314E+002 -0.167451030290137E+002 -0.524527971445352E+001
  0.100000000000000E+001  0.104809956450007E+002 -0.133468183096691E+002  0.716039552781997E+002 -0.728874159319778E+000  0.529692428235534E+001  0.732661857245431E+002 -0.167451030290137E+002 -0.524049782250036E+001
  0.100000000000000E+001  0.104782425849741E+002 -0.168652519878535E+002  0.691720872677520E+002 -0.670721507895392E+000  0.513604645677468E+001  0.748579141871523E+002 -0.167451030290137E+002 -0.523912129248707E+001
  0.100000000000000E+001  0.104730099799168E+002 -0.179137511345111E+001  0.661339890295213E+002 -0.713044708641866E+000  0.498033580530398E+001  0.554203217635657E+002 -0.167451030290137E+002 -0.523650498995841E+001
  0.100000000000000E+001  0.104513812071074E+002 -0.153301448414652E+001  0.694443303301312E+002 -0.549498635608628E+000  0.164397240438667E+001  0.710980735872599E+001 -0.167451030290137E+002 -0.522569060355368E+001
  0.100000000000000E+001  0.104387955586120E+002  0.136880775497393E+002  0.656877747110639E+002 -0.809327493562689E+000  0.634124529267442E+001  0.791668951400703E+002 -0.167451030290137E+002 -0.521939777930602E+001
  0.100000000000000E+001  0.104260229721926E+002  0.341287146972860E+001  0.720439931606356E+002 -0.708743425621494E+000  0.458664397647224E+001  0.543271477270942E+002 -0.167451030290137E+002 -0.521301148609632E+001
  0.100000000000000E+001  0.104245733054843E+002 -0.855128906044523E+001  0.658593370707585E+002 -0.732689264968175E+000  0.518058474403285E+001  0.636867158769298E+002 -0.167451030290137E+002 -0.521228665274214E+001
  0.100000000000000E+001  0.104055258370760E+002 -0.104397130511382E+002  0.672618965286029E+002 -0.704813277343865E+000  0.585969911038224E+001  0.914064864221510E+002 -0.167451030290137E+002 -0.520276291853799E+001
  0.100000000000000E+001  0.103978928500405E+002  0.834067691733134E+001  0.690364196973744E+002 -0.840761039119723E+000  0.671360860890616E+001  0.887253700611442E+002 -0.167451030290137E+002 -0.519894642502024E+001
  0.100000000000000E+001  0.103908777283428E+002  0.181215390929466E+002  0.686808710825678E+002 -0.739496964134044E+000  0.527067199513626E+001  0.693567238786510E+002 -0.167451030290137E+002 -0.519543886417138E+001
  0.100000000000000E+001  0.103797122673511E+002 -0.115751796342248E+002  0.717129976442749E+002 -0.761868194679829E+000  0.625308724188038E+001  0.901479203800561E+002 -0.167451030290137E+002 -0.518985613367557E+001
  0.100000000000000E+001  0.103643407077937E+002  0.110394836488316E+001  0.720559704401377E+002 -0.783590356048905E+000  0.655231207472717E+001  0.986696557195573E+002 -0.167451030290137E+002 -0.518217035389684E+001
  0.100000000000000E+001  0.103633251511529E+002 -0.459586130666422E+001  0.664493233821403E+002 -0.808633856476038E+000  0.609088079751184E+001  0.743672224066769E+002 -0.167451030290137E+002 -0.518166257557643E+001
  0.100000000000000E+001  0.103275910706850E+002 -0.143463928763560E+002  0.691187266122321E+002 -0.673412201258613E+000  0.481488431065104E+001  0.617446707067377E+002 -0.167451030290137E+002 -0.516379553534252E+001
  0.100000000000000E+001  0.103258579034135E+002  0.173671932708990E+002  0.673211778290771E+002 -0.796841554648578E+000  0.604726410597394E+001  0.779093756689842E+002 -0.167451030290137E+002 -0.516292895170673E+001
  0.100000000000000E+001  0.103178485503346E+002 -0.158957231528590E+001  0.667936409636950E+002 -0.712230503955223E+000  0.556414359542433E+001  0.763164368710668E+002 -0.167451030290137E+002 -0.515892427516731E+001
  0.100000000000000E+001  0.103073166226570E+002 -0.675184724381224E+001  0.663897540395651E+002 -0.531862929673989E+000  0.153182690046735E+001  0.344755646775002E+001 -0.167451030290137E+002 -0.515365831132852E+001
  0.100000000000000E+001  0.102963482387029E+002 -0.387517663436203E+000  0.709259242088822E+002 -0.817380177659240E+000  0.661547756128708E+001  0.919354848553517E+002 -0.167451030290137E+002 -0.514817411935144E+001
  0.100000000000000E+001  0.102670408685225E+002 -0.859870320123782E+001  0.698827863205394E+002 -0.648848215201259E+000  0.430524755715683E+001  0.574659340837844E+002 -0.167451030290137E+002 -0.513352043426123E+001
  0.100000000000000E+001  0.102608661451034E+002  0.156469127966443E+002  0.691052060785562E+002 -0.691519473258376E+000  0.443080047118303E+001  0.538220422453139E+002 -0.167451030290137E+002 -0.513043307255169E+001
  0.100000000000000E+001  0.102514772397727E+002  0.101071094123301E+002  0.666599106083502E+002 -0.576292773253757E+000  0.244147477836034E+001  0.157388495259677E+002 -0.167451030290137E+002 -0.512573861988637E+001
  0.100000000000000E+001  0.102267938281877E+002  0.102020281110482E+002  0.718068001866209E+002 -0.757612310439982E+000  0.587093500792854E+001  0.799094017187973E+002 -0.167451030290137E+002 -0.511339691409387E+001
  0.100000000000000E+001  0.102210060001114E+002  0.149084566331372E+002  0.663331442683837E+002 -0.682588780583368E+000  0.427621176002160E+001  0.473118215618561E+002 -0.167451030290137E+002 -0.511050300005569E+001
  0.100000000000000E+001  0.102090520522149E+002  0.551096722860976E+000  0.712141442450570E+002 -0.801085970748155E+000  0.664129278097539E+001  0.977376106715051E+002 -0.167451030290137E+002 -0.510452602610747E+001
  0.100000000000000E+001  0.101816020173500E+002 -0.793825039695536E+001  0.656843923539495E+002 -0.723304582789416E+000  0.472303601044355E+001  0.473658310475338E+002 -0.167451030290137E+002 -0.509080100867502E+001
  0.100000000000000E+001  0.101534856226082E+002 -0.120439513746118E+002  0.717306785755239E+002 -0.711631426966890E+000  0.425171959336721E+001  0.430267870172005E+002 -0.167451030290137E+002 -0.507674281130409E+001
  0.100000000000000E+001  0.101521866637327E+002  0.853690723058114E+001  0.686908601009383E+002 -0.776928729630536E+000  0.505327308369442E+001  0.527312972737627E+002 -0.167451030290137E+002 -0.507609333186637E+001
  0.100000000000000E+001  0.101520648134954E+002 -0.599998760320192E+001  0.652709987866138E+002 -0.563361750541955E+000  0.185570097896821E+001  0.582078926128251E+001 -0.167451030290137E+002 -0.507603240674772E+001
  0.100000000000000E+001  0.101399652347575E+002 -0.198514856614687E+001  0.693985671899301E+002 -0.704810010022788E+000  0.452194627289813E+001  0.535505146960370E+002 -0.167451030290137E+002 -0.506998261737873E+001
  0.100000000000000E+001  0.108211088501436E+002 -0.192511518494240E+002  0.644156686980818E+002 -0.672344017954271E+000  0.341351572833508E+001  0.263992958802445E+002 -0.167451030290137E+002 -0.541055442507179E+001
  0.100000000000000E+001  0.107128603500018E+002 -0.180921867789791E+002  0.708870208719904E+002 -0.753219472813540E+000  0.415543739500337E+001  0.341130721469423E+002 -0.167451030290137E+002 -0.535643017500089E+001
  0.100000000000000E+001  0.105502838831920E+002 -0.163772890558272E+002  0.685223921991583E+002 -0.695164148150367E+000  0.417897015628293E+001  0.461589085203562E+002 -0.167451030290137E+002 -0.527514194159602E+001
  0.100000000000000E+001  0.102860672031471E+002 -0.172489944237023E+002  0.686665816352504E+002 -0.663832960181683E+000  0.387696952207611E+001  0.347245451776749E+002 -0.167451030290137E+002 -0.514303360157355E+001
  0.100000000000000E+001  0.102409577169288E+002 -0.133647351272549E+002  0.700027888079898E+002 -0.648175759368929E+000  0.312758857305825E+001  0.264397011204393E+002 -0.167451030290137E+002 -0.512047885846439E+001
  0.100000000000000E+001  0.101263291087411E+002  0.389114342164661E+001  0.670400309207848E+002 -0.790202480047256E+000  0.655926568674471E+001  0.886734737874287E+002 -0.167451030290137E+002 -0.506316455437056E+001
  0.100000000000000E+001  0.101122836589008E+002 -0.792548905191616E+001  0.663587485134749E+002 -0.711796499241810E+000  0.495566697114714E+001  0.606707860173758E+002 -0.167451030290137E+002 -0.505614182945039E+001
  0.100000000000000E+001  0.101062474822362E+002 -0.150657978619293E+002  0.678861319363515E+002 -0.797011538070374E+000  0.539322048609196E+001  0.562651214030105E+002 -0.167451030290137E+002 -0.505312374111810E+001
  0.100000000000000E+001  0.100955929039278E+002 -0.136978930377085E+002  0.704235677296548E+002 -0.789455842058369E+000  0.671378379521490E+001  0.968422152618340E+002 -0.167451030290137E+002 -0.504779645196390E+001
  0.100000000000000E+001  0.100791470454610E+002  0.129554990936000E+002  0.674290090139893E+002 -0.751656135521300E+000  0.543841352454574E+001  0.692136378745109E+002 -0.167451030290137E+002 -0.503957352273051E+001
  0.100000000000000E+001  0.100692338050639E+002  0.150308427165429E+002  0.666505100525729E+002 -0.742044134336263E+000  0.584234002127767E+001  0.782278805315758E+002 -0.167451030290137E+002 -0.503461690253196E+001
  0.100000000000000E+001  0.100642570746678E+002  0.117505527857236E+002  0.700013045209381E+002 -0.782823078820158E+000  0.523770869133802E+001  0.553594673785479E+002 -0.167451030290137E+002 -0.503212853733387E+001
  0.100000000000000E+001  0.100490029555085E+002  0.194638371259264E+002  0.666748535783123E+002 -0.773223286806440E+000  0.659514732746027E+001  0.990343276127044E+002 -0.167451030290137E+002 -0.502450147775423E+001
  0.100000000000000E+001  0.100324560543606E+002  0.113701249941016E+000  0.659801791610425E+002 -0.741574852606733E+000  0.440964123928232E+001  0.375667164494608E+002 -0.167451030290137E+002 -0.501622802718028E+001
  0.100000000000000E+001  0.100232172366540E+002  0.647253959066901E+001  0.703796791875086E+002 -0.698132151203565E+000  0.505560594621032E+001  0.708652536656118E+002 -0.167451030290137E+002 -0.501160861832701E+001
  0.100000000000000E+001  0.999579356562192E+001 -0.271915399724137E+001  0.656069923633364E+002 -0.628191862118217E+000  0.300844012166654E+001  0.209226707546618E+002 -0.167451030290137E+002 -0.499789678281096E+001
  0.100000000000000E+001  0.998719233443402E+001 -0.508293874994376E+001  0.670069024626353E+002 -0.782725308775297E+000  0.558812682099212E+001  0.613650350167348E+002 -0.167451030290137E+002 -0.499359616721701E+001
  0.100000000000000E+001  0.997948906815577E+001 -0.276362559281468E+001  0.681084687715961E+002 -0.720103599850914E+000  0.586605331319141E+001  0.906730766488436E+002 -0.167451030290137E+002 -0.498974453407789E+001
  0.100000000000000E+001  0.997921263720445E+001 -0.285380128831070E+001  0.677210958048482E+002 -0.754908077494951E+000  0.621784185993486E+001  0.942217323472335E+002 -0.167451030290137E+002 -0.498960631860223E+001
  0.100000000000000E+001  0.997433260360648E+001 -0.326332908940152E+000  0.674157266255501E+002 -0.699743993457227E+000  0.359959860723497E+001  0.286698971150559E+002 -0.167451030290137E+002 -0.498716630180324E+001
  0.100000000000000E+001  0.997420230958780E+001 -0.192336365523130E+002  0.713859944313796E+002 -0.710993035782415E+000  0.486116009045030E+001  0.588719661098602E+002 -0.167451030290137E+002 -0.498710115479390E+001
  0.100000000000000E+001  0.996930991174365E+001  0.354194681183850E+001  0.690375658181767E+002 -0.757782415048120E+000  0.630854567195523E+001  0.987033485735254E+002 -0.167451030290137E+002 -0.498465495587182E+001
  0.100000000000000E+001  0.995624164354577E+001  0.168862288395876E+002  0.667574229897536E+002 -0.742067826108229E+000  0.584658361988680E+001  0.805890017400938E+002 -0.167451030290137E+002 -0.497812082177289E+001
  0.100000000000000E+001  0.993387942091929E+001 -0.812728713064270E+001  0.671027231277842E+002 -0.771172888242390E+000  0.659865008861644E+001  0.976178977911821E+002 -0.167451030290137E+002 -0.496693971045964E+001
  0.100000000000000E+001  0.993286136484573E+001  0.191589964043878E+002  0.706957653867527E+002 -0.727722952386217E+000  0.584672320814394E+001  0.879576419895642E+002 -0.167451030290137E+002 -0.496643068242287E+001
  0.100000000000000E+001  0.991980104782425E+001 -0.137022525949903E+002  0.687492481797381E+002 -0.802721979934674E+000  0.658723353623632E+001  0.879843256578503E+002 -0.167451030290137E+002 -0.495990052391213E+001
  0.100000000000000E+001  0.991955857502589E+001  0.868359909470369E+001  0.704746381193754E+002 -0.711179918958128E+000  0.526644534223124E+001  0.698152687543491E+002 -0.167451030290137E+002 -0.495977928751295E+001
  0.100000000000000E+001  0.991666398852133E+001  0.120470993309482E+001  0.692057373481886E+002 -0.709020161703952E+000  0.542331855486668E+001  0.797315422075102E+002 -0.167451030290137E+002 -0.495833199426067E+001
  0.100000000000000E+001  0.990443962002552E+001  0.109389751426860E+002  0.679340218098924E+002 -0.550437903044464E+000  0.189333619292545E+001  0.904941982603403E+001 -0.167451030290137E+002 -0.495221981001276E+001
  0.100000000000000E+001  0.989500681576046E+001  0.836472480574272E+001  0.686249131305068E+002 -0.720837761328104E+000  0.385102370100890E+001  0.315727269336578E+002 -0.167451030290137E+002 -0.494750340788023E+001
  0.100000000000000E+001  0.987634813342143E+001  0.185892569825274E+002  0.677978250801327E+002 -0.649568263905281E+000  0.386365416030358E+001  0.416161619773656E+002 -0.167451030290137E+002 -0.493817406671072E+001
  0.100000000000000E+001  0.987422822209800E+001  0.131186252528869E+002  0.681895841041832E+002 -0.702164076343339E+000  0.467173648820636E+001  0.501577303571067E+002 -0.167451030290137E+002 -0.493711411104900E+001
  0.100000000000000E+001  0.986623232721316E+001  0.107802069936036E+002  0.672701852053156E+002 -0.725518610024066E+000  0.524975105842016E+001  0.628042852258022E+002 -0.167451030290137E+002 -0.493311616360658E+001
  0.100000000000000E+001  0.985937647122214E+001  0.630091437455263E+001  0.705865482485335E+002 -0.684611113999454E+000  0.461512198552415E+001  0.570444319534572E+002 -0.167451030290137E+002 -0.492968823561107E+001
  0.100000000000000E+001  0.985357409147138E+001  0.266609242456557E+001  0.680009798832345E+002 -0.694505947138802E+000  0.503262700014344E+001  0.673207225123901E+002 -0.167451030290137E+002 -0.492678704573569E+001
  0.100000000000000E+001  0.985292700941009E+001  0.549843515418703E+001  0.651164743491352E+002 -0.609582676658578E+000  0.215668897819530E+001  0.891908870684159E+001 -0.167451030290137E+002 -0.492646350470504E+001
  0.100000000000000E+001  0.985068723912551E+001  0.183480770516416E+002  0.690469779207308E+002 -0.741743738616542E+000  0.629978043998755E+001  0.966056933043981E+002 -0.167451030290137E+002 -0.492534361956276E+001
  0.100000000000000E+001  0.983110067948678E+001  0.346239640365450E+000  0.688497191657770E+002 -0.658386173448195E+000  0.399881838108292E+001  0.409381479877380E+002 -0.167451030290137E+002 -0.491555033974339E+001
  0.100000000000000E+001  0.982272150194689E+001 -0.109765708393215E+002  0.683555929275889E+002 -0.703953718659473E+000  0.525084601210255E+001  0.700216125927318E+002 -0.167451030290137E+002 -0.491136075097345E+001
  0.100000000000000E+001  0.980120742397312E+001  0.148973586531925E+002  0.701515919392101E+002 -0.761018833510451E+000  0.649879034716792E+001  0.996732325999345E+002 -0.167451030290137E+002 -0.490060371198656E+001
  0.100000000000000E+001  0.979847462599908E+001  0.537100549454609E+001  0.701174446175746E+002 -0.747215565122584E+000  0.629153240024849E+001  0.971230442015290E+002 -0.167451030290137E+002 -0.489923731299954E+001
  0.100000000000000E+001  0.978647829248754E+001 -0.117452048999086E+002  0.685252742534588E+002 -0.698316730572840E+000  0.503660759015295E+001  0.642049616281727E+002 -0.167451030290137E+002 -0.489323914624377E+001
  0.100000000000000E+001  0.977822413186487E+001 -0.109805945234396E+002  0.663286252808094E+002 -0.712539573776409E+000  0.448395358686623E+001  0.439734991950441E+002 -0.167451030290137E+002 -0.488911206593244E+001
  0.100000000000000E+001  0.974910564938443E+001  0.186038781889482E+002  0.676243725675262E+002 -0.729307604671934E+000  0.529437417201445E+001  0.637910143263016E+002 -0.167451030290137E+002 -0.487455282469221E+001
  0.100000000000000E+001  0.973875948357740E+001 -0.497785932588566E+001  0.693767966211958E+002 -0.730826214859177E+000  0.572120711935154E+001  0.834218484093238E+002 -0.167451030290137E+002 -0.486937974178870E+001
  0.100000000000000E+001  0.972613984089850E+001 -0.173087498091531E+002  0.668977309896943E+002 -0.734131969734573E+000  0.521098985635096E+001  0.611067573671376E+002 -0.167451030290137E+002 -0.486306992044925E+001
  0.100000000000000E+001  0.970604468603934E+001 -0.274734536005672E+001  0.666110021297627E+002 -0.667728985470431E+000  0.372712867732576E+001  0.317869016600169E+002 -0.167451030290137E+002 -0.485302234301967E+001
  0.100000000000000E+001  0.969643203992162E+001 -0.115781659676301E+002  0.695166471044802E+002 -0.774726812498401E+000  0.624319506276449E+001  0.895490462048703E+002 -0.167451030290137E+002 -0.484821601996081E+001
  0.100000000000000E+001  0.967651111964919E+001  0.702990203169000E+001  0.647914654756690E+002 -0.621154512948895E+000  0.221515017009795E+001  0.812805569523709E+001 -0.167451030290137E+002 -0.483825555982460E+001
  0.100000000000000E+001  0.966910795572851E+001  0.158000007684391E+002  0.675279147166513E+002 -0.682806574448272E+000  0.436568157704851E+001  0.470034207218889E+002 -0.167451030290137E+002 -0.483455397786426E+001
  0.100000000000000E+001  0.957910457556324E+001 -0.967470374761545E+001  0.689357068348332E+002 -0.756549471309315E+000  0.603289574966644E+001  0.836360912771798E+002 -0.167451030290137E+002 -0.478955228778162E+001
  0.100000000000000E+001  0.956501265933865E+001  0.317721004253664E+001  0.697269635278284E+002 -0.739028947727974E+000  0.470552647668017E+001  0.487762236084457E+002 -0.167451030290137E+002 -0.478250632966932E+001
  0.100000000000000E+001  0.972064890029196E+001 -0.133476450738274E+002  0.684715698243510E+002 -0.704669082320652E+000  0.370606716983937E+001  0.303492429393384E+002 -0.167451030290137E+002 -0.486032445014598E+001
  0.100000000000000E+001  0.952968678950401E+001 -0.269392903737119E+001  0.664741077186363E+002 -0.587510850074167E+000  0.222496634598461E+001  0.106523266810667E+002 -0.167451030290137E+002 -0.476484339475201E+001
  0.100000000000000E+001  0.952270165420516E+001  0.126031413151268E+002  0.690737627160359E+002 -0.647916756576542E+000  0.329434190182829E+001  0.283021948472474E+002 -0.167451030290137E+002 -0.476135082710258E+001
  0.100000000000000E+001  0.946394905526228E+001 -0.169922013212051E+001  0.675623054567496E+002 -0.632672815675910E+000  0.310750696015375E+001  0.230886976045961E+002 -0.167451030290137E+002 -0.473197452763114E+001
  0.100000000000000E+001  0.942772263525072E+001  0.129452328531572E+002  0.693081423958064E+002 -0.694920490664279E+000  0.433048917956430E+001  0.463733451955113E+002 -0.167451030290137E+002 -0.471386131762536E+001
  0.100000000000000E+001  0.949570955887186E+001 -0.129639775363938E+002  0.676978906214674E+002 -0.689706521045248E+000  0.309499711793560E+001  0.175882853440833E+002 -0.167451030290137E+002 -0.474785477943593E+001
  0.100000000000000E+001  0.945917087758649E+001 -0.129514528359978E+002  0.685725365591472E+002 -0.697333254023725E+000  0.444522389330882E+001  0.467828700658038E+002 -0.167451030290137E+002 -0.472958543879324E+001
  0.100000000000000E+001  0.945424264353446E+001 -0.194464774867965E+002  0.698973897607359E+002 -0.701642585800315E+000  0.389712177335964E+001  0.333117895824664E+002 -0.167451030290137E+002 -0.472712132176723E+001
  0.100000000000000E+001  0.935020882187125E+001 -0.535950859931575E+001  0.695163266030998E+002 -0.681417605576488E+000  0.330203193222918E+001  0.227432825574054E+002 -0.167451030290137E+002 -0.467510441093563E+001
  0.100000000000000E+001  0.933207639815976E+001 -0.601091698230725E+001  0.689060292944811E+002 -0.673259290198371E+000  0.373248647101254E+001  0.342052177062193E+002 -0.167451030290137E+002 -0.466603819907988E+001
