 -0.126548953112333E+002  0.400001035522558E+002  0.514161660141625E-005 -0.424975424012055E+001 -0.399291810083503E+001 -0.128330800235856E+002 -0.262856714343364E+005 -0.262856714343364E+005 -0.262859388211231E+005
 -0.126563951615505E+002  0.400003379557389E+002  0.560017678402625E-004 -0.420854628878158E+001 -0.398542827737644E+001 -0.128330800235856E+002 -0.262859012918267E+005 -0.262859012918267E+005 -0.262860997511036E+005
 -0.126574581032958E+002  0.400002434618408E+002  0.184807817279628E-003 -0.430853770372453E+001 -0.398760691913123E+001 -0.128330800235856E+002 -0.262859161781044E+005 -0.262859161781044E+005 -0.262860527395206E+005
 -0.126568442907296E+002  0.400001276669126E+002  0.734436746959856E-004 -0.421333038486947E+001 -0.399369081140304E+001 -0.128330800235856E+002 -0.262857298413636E+005 -0.262857298413636E+005 -0.262859284320688E+005
 -0.126575159306879E+002  0.400000971967659E+002  0.411791397591835E-003 -0.426911308463722E+001 -0.399910997849561E+001 -0.128330800235856E+002 -0.262858475170177E+005 -0.262858475170177E+005 -0.262859274579879E+005
 -0.126537318092994E+002  0.400001769420046E+002  0.608501407597771E-004 -0.422272058835395E+001 -0.399303663998933E+001 -0.128330800235856E+002 -0.262858541028696E+005 -0.262858541028696E+005 -0.262860668236185E+005
 -0.126527867801309E+002  0.400000754569913E+002  0.233678494910570E-004 -0.415629771721614E+001 -0.397908353683399E+001 -0.128330800235856E+002 -0.262859075793175E+005 -0.262859075793175E+005 -0.262861377331029E+005
 -0.126572118365472E+002  0.400000836260013E+002  0.134950202632704E-003 -0.421770325278976E+001 -0.397038342214157E+001 -0.128330800235856E+002 -0.262858344963544E+005 -0.262858344963544E+005 -0.262860056078807E+005
 -0.126562477742628E+002  0.400000357208799E+002  0.683836536411827E-004 -0.415711747904106E+001 -0.397919738165489E+001 -0.128330800235856E+002 -0.262858739097132E+005 -0.262858739097132E+005 -0.262861124275031E+005
 -0.126560804415326E+002  0.400000087566294E+002  0.204092218194908E-003 -0.425648644940864E+001 -0.393466332511011E+001 -0.128330800235856E+002 -0.262858637963533E+005 -0.262858637963533E+005 -0.262859615767128E+005
 -0.126555248301066E+002  0.400001880538180E+002  0.126070747972496E-003 -0.429908105251099E+001 -0.399415385333497E+001 -0.128330800235856E+002 -0.262858878120755E+005 -0.262858878120755E+005 -0.262861540631548E+005
 -0.126569250085034E+002  0.400001171738079E+002  0.161905081332089E-003 -0.424568264088894E+001 -0.397349760927343E+001 -0.128330800235856E+002 -0.262857910336132E+005 -0.262857910336132E+005 -0.262859610527285E+005
 -0.126552808176545E+002  0.400000327500550E+002  0.116092908097185E-003 -0.423605660419080E+001 -0.394053213458162E+001 -0.128330800235856E+002 -0.262858249494490E+005 -0.262858249494490E+005 -0.262860450058381E+005
 -0.126568017440880E+002  0.400000560272647E+002  0.182787038946691E-004 -0.435329530355870E+001 -0.399006796795744E+001 -0.128330800235856E+002 -0.262858849786881E+005 -0.262858849786881E+005 -0.262867033765505E+005
 -0.126565112009378E+002  0.400001349537245E+002  0.517452829249742E-004 -0.427559036875569E+001 -0.395590235278807E+001 -0.128330800235856E+002 -0.262858157249137E+005 -0.262858157249137E+005 -0.262863071429501E+005
 -0.126558416704727E+002  0.400002027091079E+002  0.344383930352258E-003 -0.427186672190153E+001 -0.399375747117709E+001 -0.128330800235856E+002 -0.262859078409602E+005 -0.262859078409602E+005 -0.262859425489958E+005
 -0.126558193246630E+002  0.400001424978014E+002  0.319971955309762E-004 -0.424321592105472E+001 -0.396643380716734E+001 -0.128330800235856E+002 -0.262857504722698E+005 -0.262857504722698E+005 -0.262860742329626E+005
 -0.126586281448360E+002  0.400000949509590E+002  0.914293848567340E-004 -0.423459328445256E+001 -0.399138463230632E+001 -0.128330800235856E+002 -0.262858956881331E+005 -0.262858956881331E+005 -0.262859510116901E+005
 -0.126576414138841E+002  0.400000516522244E+002  0.129216467025027E-003 -0.420064981123132E+001 -0.399454446014830E+001 -0.128330800235856E+002 -0.262858463139768E+005 -0.262858463139768E+005 -0.262859260247428E+005
 -0.126572914517100E+002  0.400000728134160E+002  0.192609738075232E-003 -0.426452973073284E+001 -0.398988861819677E+001 -0.128330800235856E+002 -0.262857206191270E+005 -0.262857206191270E+005 -0.262859682562507E+005
 -0.126581424826035E+002  0.400001953725750E+002  0.852700731009721E-004 -0.423825850126545E+001 -0.398248186607465E+001 -0.128330800235856E+002 -0.262859126589734E+005 -0.262859126589734E+005 -0.262861975047291E+005
 -0.126551330511300E+002  0.400000527879664E+002  0.102268304580818E-003 -0.417035566000990E+001 -0.395142106970443E+001 -0.128330800235856E+002 -0.262858689078348E+005 -0.262858689078348E+005 -0.262861729960513E+005
 -0.126566901385330E+002  0.400000280558660E+002  0.964606810400258E-004 -0.429240978058541E+001 -0.397131021995215E+001 -0.128330800235856E+002 -0.262857241507705E+005 -0.262857241507705E+005 -0.262859283633648E+005
 -0.126573644131061E+002  0.400001160940755E+002  0.245107702090843E-003 -0.426765183326873E+001 -0.396495663462960E+001 -0.128330800235856E+002 -0.262858834229664E+005 -0.262858834229664E+005 -0.262859899411539E+005
 -0.126566918578942E+002  0.400001440688119E+002  0.182490547627604E-003 -0.424961564236688E+001 -0.395642057361682E+001 -0.128330800235856E+002 -0.262858768955327E+005 -0.262858768955327E+005 -0.262859743469436E+005
 -0.126577517181515E+002  0.400000331303315E+002  0.192758480877058E-003 -0.430494867911941E+001 -0.396169969434454E+001 -0.128330800235856E+002 -0.262858480545094E+005 -0.262858480545094E+005 -0.262860264815675E+005
 -0.126572553575368E+002  0.400001745878120E+002  0.224635734078598E-003 -0.430817798043649E+001 -0.398004347967001E+001 -0.128330800235856E+002 -0.262859108898231E+005 -0.262859108898231E+005 -0.262859987571424E+005
 -0.126566875737628E+002  0.400000333944536E+002  0.637141191443966E-004 -0.420258297546673E+001 -0.398354604741576E+001 -0.128330800235856E+002 -0.262856997316527E+005 -0.262856997316527E+005 -0.262859584320638E+005
 -0.126537295936291E+002  0.400000057287824E+002  0.136797419870942E-003 -0.419843172859469E+001 -0.398013663022636E+001 -0.128330800235856E+002 -0.262857810972037E+005 -0.262857810972037E+005 -0.262859300799134E+005
 -0.126554202529566E+002  0.400002598817094E+002  0.489550484793945E-004 -0.417570877897332E+001 -0.399662242083230E+001 -0.128330800235856E+002 -0.262858441659645E+005 -0.262858441659645E+005 -0.262866429842881E+005
 -0.126572929636228E+002  0.400000039967586E+002  0.406379936056466E-003 -0.427935149602046E+001 -0.399618150596399E+001 -0.128330800235856E+002 -0.262857668598842E+005 -0.262857668598842E+005 -0.262860177707013E+005
 -0.126581459442654E+002  0.400001126655875E+002  0.676584606355283E-004 -0.432276359390048E+001 -0.398168235537931E+001 -0.128330800235856E+002 -0.262858156893861E+005 -0.262858156893861E+005 -0.262862351268357E+005
 -0.126555266327281E+002  0.400002421774293E+002  0.187830974283032E-003 -0.422337127640369E+001 -0.399969625140508E+001 -0.128330800235856E+002 -0.262858069314817E+005 -0.262858069314817E+005 -0.262859260130236E+005
 -0.126557789126507E+002  0.400000909238610E+002  0.175483745488338E-003 -0.430196936785904E+001 -0.399452875210841E+001 -0.128330800235856E+002 -0.262858181477667E+005 -0.262858181477667E+005 -0.262871384287448E+005
 -0.126566703645967E+002  0.400002553463924E+002  0.249716889602834E-003 -0.424922489725826E+001 -0.398112092016107E+001 -0.128330800235856E+002 -0.262859161043023E+005 -0.262859161043023E+005 -0.262859759625739E+005
 -0.126568648258047E+002  0.400002043848616E+002  0.110619970828358E-003 -0.422976439137890E+001 -0.399644134141867E+001 -0.128330800235856E+002 -0.262857685461037E+005 -0.262857685461037E+005 -0.262865890147860E+005
 -0.126573651836710E+002  0.400000194076887E+002  0.256067037320145E-003 -0.423188481754601E+001 -0.399775830700640E+001 -0.128330800235856E+002 -0.262857369605775E+005 -0.262857369605775E+005 -0.262860420817795E+005
 -0.126561729390382E+002  0.400001010024553E+002  0.166403180203015E-003 -0.418713811901660E+001 -0.397526182846959E+001 -0.128330800235856E+002 -0.262858582652042E+005 -0.262858582652042E+005 -0.262861317483385E+005
 -0.126579892818028E+002  0.400000226866463E+002  0.417014868755805E-003 -0.430361996910402E+001 -0.399649812972398E+001 -0.128330800235856E+002 -0.262858401295028E+005 -0.262858401295028E+005 -0.262860139997766E+005
 -0.126569561597231E+002  0.400000306974660E+002  0.414312572664370E-003 -0.427803419782831E+001 -0.398412307841939E+001 -0.128330800235856E+002 -0.262858294650445E+005 -0.262858294650445E+005 -0.262859373807202E+005
 -0.126562375248444E+002  0.400001481722799E+002  0.235678412235404E-004 -0.422425870121146E+001 -0.393867842680021E+001 -0.128330800235856E+002 -0.262858562344308E+005 -0.262858562344308E+005 -0.262859432007094E+005
 -0.126559124756352E+002  0.400002383550326E+002  0.175620690639988E-005 -0.426230547699775E+001 -0.399368004822959E+001 -0.128330800235856E+002 -0.262857242820430E+005 -0.262857242820430E+005 -0.262860308244428E+005
 -0.126564495055400E+002  0.400001815208497E+002  0.139303643886780E-003 -0.421637153154423E+001 -0.399085478247745E+001 -0.128330800235856E+002 -0.262857880375632E+005 -0.262857880375632E+005 -0.262859591348834E+005
 -0.126566404556019E+002  0.400001589654318E+002  0.248518854334676E-003 -0.427149692872539E+001 -0.396687444042442E+001 -0.128330800235856E+002 -0.262858971898845E+005 -0.262858971898845E+005 -0.262865557551152E+005
 -0.126563118462212E+002  0.400000030541181E+002  0.216298372221545E-003 -0.425584526441818E+001 -0.393891984543613E+001 -0.128330800235856E+002 -0.262858447932653E+005 -0.262858447932653E+005 -0.262863329920346E+005
 -0.126560072669615E+002  0.400002484022454E+002  0.255230071469749E-003 -0.424013467167747E+001 -0.399441122632972E+001 -0.128330800235856E+002 -0.262858586700709E+005 -0.262858586700709E+005 -0.262859519318456E+005
 -0.126542930900758E+002  0.400000891502357E+002  0.358084045339765E-004 -0.415437108156953E+001 -0.398849873437060E+001 -0.128330800235856E+002 -0.262857841251441E+005 -0.262857841251441E+005 -0.262859963870177E+005
 -0.126571044249761E+002  0.400000565611072E+002  0.284380701111239E-003 -0.427146678875713E+001 -0.397690284730783E+001 -0.128330800235856E+002 -0.262858020490889E+005 -0.262858020490889E+005 -0.262859799461381E+005
 -0.126570456199810E+002  0.400001638833824E+002  0.295522990936628E-004 -0.426494832375145E+001 -0.395316843756298E+001 -0.128330800235856E+002 -0.262858278725659E+005 -0.262858278725659E+005 -0.262860615898375E+005
 -0.126540005403022E+002  0.400002005647680E+002  0.828308631585874E-004 -0.419481000533225E+001 -0.398009917739918E+001 -0.128330800235856E+002 -0.262858792498332E+005 -0.262858792498332E+005 -0.262859758539036E+005
 -0.126563847515222E+002  0.400000578783214E+002  0.883303226760333E-004 -0.433174208469749E+001 -0.399806042821537E+001 -0.128330800235856E+002 -0.262858078173604E+005 -0.262858078173604E+005 -0.262859458034801E+005
 -0.126553070347645E+002  0.400000956527817E+002  0.200185304902736E-004 -0.426155117601384E+001 -0.399286526586080E+001 -0.128330800235856E+002 -0.262856600108740E+005 -0.262856600108740E+005 -0.262860624569673E+005
 -0.126585072312428E+002  0.400002169147985E+002  0.613117193118727E-004 -0.428903610866266E+001 -0.398781101374815E+001 -0.128330800235856E+002 -0.262858625671038E+005 -0.262858625671038E+005 -0.262861395884828E+005
 -0.126559648819085E+002  0.400000585983433E+002  0.312281663969625E-004 -0.416425153039627E+001 -0.398381238665409E+001 -0.128330800235856E+002 -0.262857892094795E+005 -0.262857892094795E+005 -0.262861486071557E+005
 -0.126558674555722E+002  0.400000749998659E+002  0.586376951360914E-004 -0.429233647903603E+001 -0.396056322494849E+001 -0.128330800235856E+002 -0.262858338303978E+005 -0.262858338303978E+005 -0.262860040218666E+005
 -0.126529340283928E+002  0.400001297713786E+002  0.405511232760730E-004 -0.416115481327794E+001 -0.398687990952225E+001 -0.128330800235856E+002 -0.262859101475831E+005 -0.262859101475831E+005 -0.262859292975991E+005
 -0.126585426199374E+002  0.400001722760356E+002  0.389297202836756E-004 -0.429054796039478E+001 -0.396490374850978E+001 -0.128330800235856E+002 -0.262859020384798E+005 -0.262859020384798E+005 -0.262860017946560E+005
 -0.126546625255463E+002  0.400001358114871E+002  0.266510998224226E-003 -0.421930086388680E+001 -0.397394617394047E+001 -0.128330800235856E+002 -0.262859005258884E+005 -0.262859005258884E+005 -0.262859258646537E+005
 -0.126576500468524E+002  0.400000197129257E+002  0.141018817836448E-003 -0.430184160828555E+001 -0.398460580659922E+001 -0.128330800235856E+002 -0.262857092494947E+005 -0.262857092494947E+005 -0.262859344398443E+005
 -0.126558237066942E+002  0.400000516569360E+002  0.443681198767469E-003 -0.424649677829209E+001 -0.397092802463715E+001 -0.128330800235856E+002 -0.262858973898336E+005 -0.262858973898336E+005 -0.262859928438197E+005
 -0.126552660224154E+002  0.400003664262742E+002  0.109888947172056E-003 -0.421227074813832E+001 -0.399642874526149E+001 -0.128330800235856E+002 -0.262858884229098E+005 -0.262858884229098E+005 -0.262861427746133E+005
 -0.126555139224344E+002  0.400000193117685E+002  0.279948970348753E-005 -0.425826992563712E+001 -0.393185431055379E+001 -0.128330800235856E+002 -0.262858021178422E+005 -0.262858021178422E+005 -0.262861649202401E+005
 -0.126529951947338E+002  0.400001930065353E+002  0.748392332650420E-005 -0.416766706150754E+001 -0.399483234506015E+001 -0.128330800235856E+002 -0.262859007693640E+005 -0.262859007693640E+005 -0.262865976109465E+005
 -0.126574346326753E+002  0.400000817443988E+002  0.874509519779944E-005 -0.434736105885085E+001 -0.396882814936520E+001 -0.128330800235856E+002 -0.262859095064723E+005 -0.262859095064723E+005 -0.262866248221824E+005
 -0.126564708797094E+002  0.400000880678705E+002  0.199035982662313E-003 -0.419809683204927E+001 -0.396852801328659E+001 -0.128330800235856E+002 -0.262858757847070E+005 -0.262858757847070E+005 -0.262859684977220E+005
 -0.126560303945192E+002  0.400002626340206E+002  0.177705566835725E-003 -0.428081949436190E+001 -0.398123999569948E+001 -0.128330800235856E+002 -0.262859217188306E+005 -0.262859217188306E+005 -0.262860679064469E+005
 -0.126565320444572E+002  0.400001956963175E+002  0.575740897417538E-004 -0.423611284110176E+001 -0.397097903533771E+001 -0.128330800235856E+002 -0.262857952257618E+005 -0.262857952257618E+005 -0.262859524477567E+005
 -0.126575574733821E+002  0.400000323803875E+002  0.230872331520541E-004 -0.431899885608055E+001 -0.394159085577515E+001 -0.128330800235856E+002 -0.262858669945740E+005 -0.262858669945740E+005 -0.262859532487640E+005
 -0.126542957778889E+002  0.400002674795582E+002  0.106046980988453E-003 -0.418802004150907E+001 -0.399689135743396E+001 -0.128330800235856E+002 -0.262858691433894E+005 -0.262858691433894E+005 -0.262859560589536E+005
 -0.126541783830306E+002  0.400000271781085E+002  0.345794877703137E-004 -0.413329258131212E+001 -0.397254686601222E+001 -0.128330800235856E+002 -0.262858648012069E+005 -0.262858648012069E+005 -0.262860180399518E+005
 -0.126536400087686E+002  0.400000312668932E+002  0.392120367062004E-003 -0.420645476452403E+001 -0.399370475653043E+001 -0.128330800235856E+002 -0.262859118763455E+005 -0.262859118763455E+005 -0.262859414789863E+005
 -0.126561194291790E+002  0.400000022983830E+002  0.388306450869134E-003 -0.424931946433973E+001 -0.394493155980209E+001 -0.128330800235856E+002 -0.262859183888819E+005 -0.262859183888819E+005 -0.262859337609094E+005
 -0.126585148220507E+002  0.400000539600134E+002  0.106369713290991E-003 -0.433607510365239E+001 -0.396868347072143E+001 -0.128330800235856E+002 -0.262858916302248E+005 -0.262858916302248E+005 -0.262860250965799E+005
 -0.126546911498417E+002  0.400001346579294E+002  0.743455232383478E-004 -0.418663408094677E+001 -0.396724014384164E+001 -0.128330800235856E+002 -0.262858302103759E+005 -0.262858302103759E+005 -0.262860619996230E+005
 -0.126538349974596E+002  0.400000192498013E+002  0.148906279086608E-003 -0.413298207007448E+001 -0.397637875286457E+001 -0.128330800235856E+002 -0.262859216376555E+005 -0.262859216376555E+005 -0.262859704631614E+005
 -0.126565446307409E+002  0.400001389856391E+002  0.114113987293053E-003 -0.424668258691454E+001 -0.395714612773378E+001 -0.128330800235856E+002 -0.262858272291590E+005 -0.262858272291590E+005 -0.262859754049573E+005
 -0.126570871836519E+002  0.400001372673468E+002  0.805520176858971E-004 -0.423916722637761E+001 -0.398834607889302E+001 -0.128330800235856E+002 -0.262857231797423E+005 -0.262857231797423E+005 -0.262859445237240E+005
 -0.126580084456506E+002  0.400000953855832E+002  0.176742890172245E-003 -0.431854739970989E+001 -0.398132490409297E+001 -0.128330800235856E+002 -0.262858494706552E+005 -0.262858494706552E+005 -0.262860424931766E+005
 -0.126538160960697E+002  0.400002973003070E+002  0.887804841560615E-005 -0.421452560452384E+001 -0.398869289975059E+001 -0.128330800235856E+002 -0.262859141351571E+005 -0.262859141351571E+005 -0.262861825853534E+005
 -0.126568739868316E+002  0.400000268231547E+002  0.105947371855432E-003 -0.424131166091940E+001 -0.399586222784042E+001 -0.128330800235856E+002 -0.262856038388313E+005 -0.262856038388313E+005 -0.262860969775689E+005
 -0.126559442421444E+002  0.400000079828808E+002  0.291755937841948E-003 -0.419945941661672E+001 -0.395982898778526E+001 -0.128330800235856E+002 -0.262858601765073E+005 -0.262858601765073E+005 -0.262861883480478E+005
 -0.126569081645078E+002  0.400001343934885E+002  0.190818830569425E-003 -0.426405591696818E+001 -0.399956577080741E+001 -0.128330800235856E+002 -0.262857186822196E+005 -0.262857186822196E+005 -0.262861072639770E+005
 -0.126565733351210E+002  0.400001371883636E+002  0.900881391733263E-004 -0.428254588193635E+001 -0.395218227162444E+001 -0.128330800235856E+002 -0.262858656337474E+005 -0.262858656337474E+005 -0.262859413468094E+005
 -0.126581875012839E+002  0.400000393697407E+002  0.337972116923137E-003 -0.423147116913139E+001 -0.399704471300718E+001 -0.128330800235856E+002 -0.262859178819917E+005 -0.262859178819917E+005 -0.262859456829958E+005
 -0.126558273424400E+002  0.400000471758435E+002  0.375771185595157E-003 -0.417823427311023E+001 -0.399153069805150E+001 -0.128330800235856E+002 -0.262858977591276E+005 -0.262858977591276E+005 -0.262859374440110E+005
 -0.126559677252800E+002  0.400001392019669E+002  0.186357166541238E-004 -0.419343706129703E+001 -0.398326790838349E+001 -0.128330800235856E+002 -0.262857391552630E+005 -0.262857391552630E+005 -0.262861682966812E+005
 -0.126567112595709E+002  0.400000210472926E+002  0.377101910085863E-003 -0.422072743027167E+001 -0.397850882612950E+001 -0.128330800235856E+002 -0.262858491410348E+005 -0.262858491410348E+005 -0.262859463693965E+005
 -0.126574194109468E+002  0.400000756792156E+002  0.203057673616178E-003 -0.433702388063315E+001 -0.399670049361288E+001 -0.128330800235856E+002 -0.262858453888602E+005 -0.262858453888602E+005 -0.262859812921941E+005
 -0.126568280887403E+002  0.400001758831789E+002  0.109807201132633E-004 -0.432586446527523E+001 -0.396826790322605E+001 -0.128330800235856E+002 -0.262859209670802E+005 -0.262859209670802E+005 -0.262859272712267E+005
 -0.126563363182252E+002  0.400001748861404E+002  0.173970968560527E-003 -0.429967964380126E+001 -0.397239720601886E+001 -0.128330800235856E+002 -0.262859200096518E+005 -0.262859200096518E+005 -0.262859430478282E+005
 -0.126544952683434E+002  0.400000237840716E+002  0.181738130275342E-003 -0.424755294099486E+001 -0.398735007998886E+001 -0.128330800235856E+002 -0.262857669786355E+005 -0.262857669786355E+005 -0.262859532153058E+005
 -0.126567750691752E+002  0.400000393164528E+002  0.361616575740710E-004 -0.420867820913005E+001 -0.397443144567764E+001 -0.128330800235856E+002 -0.262857078095019E+005 -0.262857078095019E+005 -0.262859862640390E+005
 -0.126573895045519E+002  0.400001531918551E+002  0.215908573622312E-003 -0.432387132979871E+001 -0.399219492082650E+001 -0.128330800235856E+002 -0.262858852038722E+005 -0.262858852038722E+005 -0.262859332884865E+005
 -0.126568037636987E+002  0.400001130298112E+002  0.258668218695437E-003 -0.429374149094128E+001 -0.398548881910489E+001 -0.128330800235856E+002 -0.262858287388859E+005 -0.262858287388859E+005 -0.262859735460115E+005
 -0.126564730427295E+002  0.400000975251743E+002  0.218390681117815E-003 -0.419165592275926E+001 -0.396915579896422E+001 -0.128330800235856E+002 -0.262859160500781E+005 -0.262859160500781E+005 -0.262860449103257E+005
 -0.126550089848690E+002  0.400000167866635E+002  0.323132528024653E-003 -0.424782325600408E+001 -0.398221199309360E+001 -0.128330800235856E+002 -0.262858055165533E+005 -0.262858055165533E+005 -0.262861730918089E+005
 -0.126567224417431E+002  0.400000683685337E+002  0.953446661575469E-004 -0.422796827280562E+001 -0.399717545671401E+001 -0.128330800235856E+002 -0.262856384311291E+005 -0.262856384311291E+005 -0.262860917870703E+005
 -0.126556615122493E+002  0.400001814630238E+002  0.654225433900174E-004 -0.421527240617901E+001 -0.394792140815226E+001 -0.128330800235856E+002 -0.262858778182995E+005 -0.262858778182995E+005 -0.262863027415654E+005
 -0.126553650206537E+002  0.400000516534481E+002  0.313166706390401E-003 -0.428160419684356E+001 -0.399400212879734E+001 -0.128330800235856E+002 -0.262858312025148E+005 -0.262858312025148E+005 -0.262861350928364E+005
 -0.126533919703216E+002  0.400002045495682E+002  0.282151888682726E-004 -0.419382583133891E+001 -0.398114915809163E+001 -0.128330800235856E+002 -0.262859169148664E+005 -0.262859169148664E+005 -0.262862701245169E+005
 -0.126587103521240E+002  0.400000422843040E+002  0.143311157604292E-003 -0.429576511114177E+001 -0.397795041688136E+001 -0.128330800235856E+002 -0.262858242107265E+005 -0.262858242107265E+005 -0.262860628618631E+005
 -0.126549693776767E+002  0.400001002055801E+002  0.127457569858060E-004 -0.422803378083048E+001 -0.392863639768280E+001 -0.128330800235856E+002 -0.262858792677786E+005 -0.262858792677786E+005 -0.262860945151484E+005
 -0.126549216190621E+002  0.400000369992246E+002  0.170552494050027E-003 -0.419577011639412E+001 -0.396266734041518E+001 -0.128330800235856E+002 -0.262858028594629E+005 -0.262858028594629E+005 -0.262860586868455E+005
 -0.126531847018886E+002  0.400000528375009E+002  0.194026991804475E-003 -0.420691937521901E+001 -0.399046805010233E+001 -0.128330800235856E+002 -0.262858978319646E+005 -0.262858978319646E+005 -0.262859240859995E+005
 -0.126575001616751E+002  0.400000816301389E+002  0.338320124503008E-003 -0.424322382692508E+001 -0.398243140779957E+001 -0.128330800235856E+002 -0.262858810637284E+005 -0.262858810637284E+005 -0.262859959423610E+005
 -0.126570574195890E+002  0.400000081210456E+002  0.482813925848974E-003 -0.424053186295026E+001 -0.396872107151372E+001 -0.128330800235856E+002 -0.262859232471970E+005 -0.262859232471970E+005 -0.262860244848019E+005
 -0.126549481720389E+002  0.400001013835544E+002  0.195757465741289E-003 -0.418733735339591E+001 -0.396816337580423E+001 -0.128330800235856E+002 -0.262858642660793E+005 -0.262858642660793E+005 -0.262861819528346E+005
 -0.126554197444308E+002  0.400000590595517E+002  0.157628563504823E-003 -0.422484014617418E+001 -0.393666295690311E+001 -0.128330800235856E+002 -0.262858728593783E+005 -0.262858728593783E+005 -0.262859936047092E+005
 -0.126585714084640E+002  0.400000034622042E+002  0.239143447573780E-003 -0.431175453676016E+001 -0.395935877997622E+001 -0.128330800235856E+002 -0.262859153657701E+005 -0.262859153657701E+005 -0.262859886842729E+005
 -0.126557314711739E+002  0.400000924650276E+002  0.258922040887095E-003 -0.418849775512266E+001 -0.398926310571012E+001 -0.128330800235856E+002 -0.262858301563805E+005 -0.262858301563805E+005 -0.262859798937834E+005
 -0.126565684595895E+002  0.400000573548732E+002  0.429620587948274E-003 -0.419799809130380E+001 -0.399496855035481E+001 -0.128330800235856E+002 -0.262859114059781E+005 -0.262859114059781E+005 -0.262861366281215E+005
 -0.126568811085624E+002  0.400000350435659E+002  0.221528315635631E-003 -0.420032248450035E+001 -0.397178391046095E+001 -0.128330800235856E+002 -0.262858652697063E+005 -0.262858652697063E+005 -0.262860644541497E+005
 -0.126534717652381E+002  0.400001400550813E+002  0.229346140578542E-004 -0.420157522441448E+001 -0.399329808264921E+001 -0.128330800235856E+002 -0.262858114366167E+005 -0.262858114366167E+005 -0.262861042326383E+005
 -0.126565990163417E+002  0.400000433795988E+002  0.107217129359570E-003 -0.424738956458885E+001 -0.392835433461499E+001 -0.128330800235856E+002 -0.262858526672348E+005 -0.262858526672348E+005 -0.262860484410033E+005
 -0.126561803467056E+002  0.400000913361072E+002  0.433811606067593E-003 -0.424141890412580E+001 -0.399619756933895E+001 -0.128330800235856E+002 -0.262858274750420E+005 -0.262858274750420E+005 -0.262861705493657E+005
 -0.126571982372360E+002  0.400000597494315E+002  0.768627052281281E-004 -0.431287649261664E+001 -0.398749976193788E+001 -0.128330800235856E+002 -0.262857189399177E+005 -0.262857189399177E+005 -0.262859459131018E+005
 -0.126556802966629E+002  0.400000713369446E+002  0.420703580159100E-004 -0.421276412596117E+001 -0.390940077944729E+001 -0.128330800235856E+002 -0.262859155964040E+005 -0.262859155964040E+005 -0.262861024345817E+005
 -0.126565769603753E+002  0.400001821394550E+002  0.549672926868151E-004 -0.424805343133404E+001 -0.394044318637169E+001 -0.128330800235856E+002 -0.262858908303424E+005 -0.262858908303424E+005 -0.262859605295969E+005
 -0.126558673959855E+002  0.400000077811294E+002  0.762920041524200E-004 -0.433106864597938E+001 -0.398068504647265E+001 -0.128330800235856E+002 -0.262858931430514E+005 -0.262858931430514E+005 -0.262861360511932E+005
 -0.126545479100437E+002  0.400001554929765E+002  0.108339926255768E-003 -0.418897889282161E+001 -0.399573265780867E+001 -0.128330800235856E+002 -0.262857689449790E+005 -0.262857689449790E+005 -0.262859374093223E+005
 -0.126576125474146E+002  0.400000364973580E+002  0.270868795016769E-003 -0.426695067703985E+001 -0.396896803447628E+001 -0.128330800235856E+002 -0.262858336105323E+005 -0.262858336105323E+005 -0.262859323779075E+005
 -0.126546237976541E+002  0.400000150979383E+002  0.773897604121000E-004 -0.429844160051894E+001 -0.398246716516104E+001 -0.128330800235856E+002 -0.262859054715029E+005 -0.262859054715029E+005 -0.262860823664229E+005
 -0.126541952746915E+002  0.400000683883800E+002  0.378393853935479E-004 -0.424425566324233E+001 -0.395962112003763E+001 -0.128330800235856E+002 -0.262858644448573E+005 -0.262858644448573E+005 -0.262860311077414E+005
 -0.126551708224115E+002  0.400000185034609E+002  0.177546584746434E-003 -0.423897181769730E+001 -0.399429555576404E+001 -0.128330800235856E+002 -0.262856552118570E+005 -0.262856552118570E+005 -0.262862104011531E+005
 -0.126563967561528E+002  0.400000518895412E+002  0.146543204586999E-003 -0.423792893594071E+001 -0.393125928082502E+001 -0.128330800235856E+002 -0.262858700469372E+005 -0.262858700469372E+005 -0.262859263042294E+005
 -0.126569413785028E+002  0.400002484026566E+002  0.948997412567135E-004 -0.423137905629282E+001 -0.398533981944059E+001 -0.128330800235856E+002 -0.262858372887898E+005 -0.262858372887898E+005 -0.262859941298253E+005
 -0.126571554986663E+002  0.400000383149266E+002  0.329627000147342E-003 -0.421066185932315E+001 -0.398123699520616E+001 -0.128330800235856E+002 -0.262858960088675E+005 -0.262858960088675E+005 -0.262859760070607E+005
 -0.126572742849594E+002  0.400000086757597E+002  0.155733315763788E-003 -0.426143863024681E+001 -0.392896467382671E+001 -0.128330800235856E+002 -0.262858728593406E+005 -0.262858728593406E+005 -0.262860055713586E+005
 -0.126557432085747E+002  0.400000314824368E+002  0.137620089159231E-003 -0.421123453648592E+001 -0.396737181335385E+001 -0.128330800235856E+002 -0.262857325619416E+005 -0.262857325619416E+005 -0.262860078083595E+005
 -0.126560993709104E+002  0.400001645280788E+002  0.845736081385827E-004 -0.422811406642005E+001 -0.393792932976639E+001 -0.128330800235856E+002 -0.262859027408816E+005 -0.262859027408816E+005 -0.262859564587754E+005
 -0.126576064190349E+002  0.400000328258284E+002  0.254117751778664E-003 -0.427721326889205E+001 -0.398215686442474E+001 -0.128330800235856E+002 -0.262857695596620E+005 -0.262857695596620E+005 -0.262864759013614E+005
 -0.126541161665345E+002  0.400002477832854E+002  0.213886656481559E-004 -0.420565398953195E+001 -0.398307043833394E+001 -0.128330800235856E+002 -0.262858606646524E+005 -0.262858606646524E+005 -0.262860680719674E+005
 -0.126557211958504E+002  0.400001729420812E+002  0.130723057824954E-003 -0.419846406645841E+001 -0.398814185805628E+001 -0.128330800235856E+002 -0.262857953568445E+005 -0.262857953568445E+005 -0.262863470665192E+005
 -0.126572169051402E+002  0.400000485674115E+002  0.148556767565950E-003 -0.428586558626072E+001 -0.395428513577113E+001 -0.128330800235856E+002 -0.262858203361412E+005 -0.262858203361412E+005 -0.262861505099776E+005
 -0.126574371247554E+002  0.400001673679826E+002  0.691110027991976E-004 -0.424159016607787E+001 -0.397876193606360E+001 -0.128330800235856E+002 -0.262858000906655E+005 -0.262858000906655E+005 -0.262861458754417E+005
 -0.126572090382750E+002  0.400000557605425E+002  0.156363371893628E-003 -0.421158361797972E+001 -0.396076150616999E+001 -0.128330800235856E+002 -0.262858766090605E+005 -0.262858766090605E+005 -0.262860677682842E+005
 -0.126580278795998E+002  0.400000600573686E+002  0.299710331600878E-004 -0.433487823367539E+001 -0.398056310289901E+001 -0.128330800235856E+002 -0.262857890967598E+005 -0.262857890967598E+005 -0.262859693371091E+005
 -0.126564088064723E+002  0.400003991130321E+002  0.901339718538639E-004 -0.424430868318703E+001 -0.399828482917262E+001 -0.128330800235856E+002 -0.262858734401876E+005 -0.262858734401876E+005 -0.262859785066928E+005
 -0.126555307692929E+002  0.400000302557064E+002  0.505226524353772E-004 -0.426409119785144E+001 -0.396436545935898E+001 -0.128330800235856E+002 -0.262857222929405E+005 -0.262857222929405E+005 -0.262861342678180E+005
 -0.126555360749873E+002  0.400000158892160E+002  0.200612413129182E-004 -0.432808389941311E+001 -0.398861577353501E+001 -0.128330800235856E+002 -0.262858679943197E+005 -0.262858679943197E+005 -0.262859493418783E+005
 -0.126563522518951E+002  0.400000764148758E+002  0.101522937209220E-003 -0.427407371928204E+001 -0.393953992005267E+001 -0.128330800235856E+002 -0.262858611965152E+005 -0.262858611965152E+005 -0.262859346615757E+005
 -0.126564707535417E+002  0.400001055534459E+002  0.382253009959735E-003 -0.424106180418395E+001 -0.399106951469553E+001 -0.128330800235856E+002 -0.262858333252631E+005 -0.262858333252631E+005 -0.262859366700118E+005
 -0.126550450555680E+002  0.400000597513528E+002  0.568960330203818E-004 -0.417165083543023E+001 -0.394726497243651E+001 -0.128330800235856E+002 -0.262858563299506E+005 -0.262858563299506E+005 -0.262860095238471E+005
 -0.126571295645702E+002  0.400001761698515E+002  0.631229389227094E-004 -0.429363299489578E+001 -0.397675244409440E+001 -0.128330800235856E+002 -0.262858016154529E+005 -0.262858016154529E+005 -0.262860546949586E+005
 -0.126554915199371E+002  0.400001299886199E+002  0.471584777790088E-003 -0.421445104729990E+001 -0.399270304894195E+001 -0.128330800235856E+002 -0.262859158010788E+005 -0.262859158010788E+005 -0.262859749247911E+005
 -0.126566957372127E+002  0.400001939816217E+002  0.339565003409760E-003 -0.424081013278114E+001 -0.399261779656897E+001 -0.128330800235856E+002 -0.262858839854240E+005 -0.262858839854240E+005 -0.262860336216636E+005
 -0.126553291008057E+002  0.400003161716594E+002  0.269628109637884E-004 -0.422879407939991E+001 -0.398933507899415E+001 -0.128330800235856E+002 -0.262858162652752E+005 -0.262858162652752E+005 -0.262859411770412E+005
 -0.126551067235033E+002  0.400000935287645E+002  0.246726650946304E-003 -0.417318272274337E+001 -0.397907782078820E+001 -0.128330800235856E+002 -0.262858870725915E+005 -0.262858870725915E+005 -0.262860037437114E+005
 -0.126575333856363E+002  0.400000839194887E+002  0.104669785217762E-003 -0.429182197423935E+001 -0.397877553365864E+001 -0.128330800235856E+002 -0.262857453760469E+005 -0.262857453760469E+005 -0.262862327543279E+005
 -0.126578839739512E+002  0.400000526036487E+002  0.186706372701341E-003 -0.429402566399367E+001 -0.395640423373385E+001 -0.128330800235856E+002 -0.262858707483635E+005 -0.262858707483635E+005 -0.262859572053855E+005
 -0.126544579273881E+002  0.400000350956286E+002  0.902170949389991E-004 -0.425707297170129E+001 -0.395459390271682E+001 -0.128330800235856E+002 -0.262858865530322E+005 -0.262858865530322E+005 -0.262859969333661E+005
 -0.126578639768335E+002  0.400000261209980E+002  0.650321190039227E-004 -0.427404781283968E+001 -0.396311942716323E+001 -0.128330800235856E+002 -0.262857423614801E+005 -0.262857423614801E+005 -0.262859420141258E+005
 -0.126575986548395E+002  0.400003149190686E+002  0.323819743908000E-004 -0.422737606162894E+001 -0.399114141518620E+001 -0.128330800235856E+002 -0.262859080847562E+005 -0.262859080847562E+005 -0.262859506568485E+005
 -0.126532254125735E+002  0.400000169210576E+002  0.769763186237418E-004 -0.414693153614863E+001 -0.396400703931608E+001 -0.128330800235856E+002 -0.262859104518137E+005 -0.262859104518137E+005 -0.262862313497189E+005
 -0.126565592757152E+002  0.400000121036352E+002  0.158079537526415E-003 -0.427847045818655E+001 -0.395367781827589E+001 -0.128330800235856E+002 -0.262857880135175E+005 -0.262857880135175E+005 -0.262863335496692E+005
 -0.126540870901915E+002  0.400000010704853E+002  0.265923386919997E-003 -0.422891625491962E+001 -0.399661778102454E+001 -0.128330800235856E+002 -0.262857744697374E+005 -0.262857744697374E+005 -0.262866735500825E+005
 -0.126554329976047E+002  0.400000513679983E+002  0.116463584144031E-003 -0.424885307521094E+001 -0.397579802104823E+001 -0.128330800235856E+002 -0.262857116281865E+005 -0.262857116281865E+005 -0.262862084328584E+005
 -0.126582327774883E+002  0.400000463674150E+002  0.233327880408985E-004 -0.420923716010032E+001 -0.397564621600880E+001 -0.128330800235856E+002 -0.262859004312574E+005 -0.262859004312574E+005 -0.262860516258829E+005
 -0.126561864088075E+002  0.400001060009580E+002  0.141146460192999E-003 -0.432478521220904E+001 -0.398506944180663E+001 -0.128330800235856E+002 -0.262859135694350E+005 -0.262859135694350E+005 -0.262861151832363E+005
 -0.126570631651120E+002  0.400000544139204E+002  0.526248164442074E-004 -0.433926633028881E+001 -0.399770108712559E+001 -0.128330800235856E+002 -0.262857699575537E+005 -0.262857699575537E+005 -0.262859430799847E+005
 -0.126538271741539E+002  0.400001517033293E+002  0.206193435795242E-004 -0.420155945692033E+001 -0.396719597937438E+001 -0.128330800235856E+002 -0.262858705251388E+005 -0.262858705251388E+005 -0.262861276454530E+005
 -0.126557246216587E+002  0.400000947207793E+002  0.141464451123338E-003 -0.426472660647541E+001 -0.394023582247158E+001 -0.128330800235856E+002 -0.262859071892625E+005 -0.262859071892625E+005 -0.262859737299140E+005
 -0.126537534728816E+002  0.400000197287351E+002  0.305140412578650E-003 -0.419733334129002E+001 -0.397039386188370E+001 -0.128330800235856E+002 -0.262859210695490E+005 -0.262859210695490E+005 -0.262861269972526E+005
 -0.126580604556854E+002  0.400001119332240E+002  0.105300084179846E-004 -0.427217769656900E+001 -0.394817198896115E+001 -0.128330800235856E+002 -0.262858544518581E+005 -0.262858544518581E+005 -0.262859432203633E+005
 -0.126573739988140E+002  0.400001269979765E+002  0.393033040818567E-003 -0.430904419801167E+001 -0.399341810941857E+001 -0.128330800235856E+002 -0.262859151308345E+005 -0.262859151308345E+005 -0.262859274954602E+005
 -0.126569613584772E+002  0.400000317008727E+002  0.150842023035685E-003 -0.432125797998384E+001 -0.395439543526646E+001 -0.128330800235856E+002 -0.262859091187342E+005 -0.262859091187342E+005 -0.262859767659956E+005
 -0.126547513684175E+002  0.400000087931830E+002  0.700895709188935E-004 -0.427193725854002E+001 -0.395119402091675E+001 -0.128330800235856E+002 -0.262858787638042E+005 -0.262858787638042E+005 -0.262860206836929E+005
 -0.126566914662738E+002  0.400000843031062E+002  0.942891542195650E-004 -0.428389572212404E+001 -0.395842477933837E+001 -0.128330800235856E+002 -0.262858003614821E+005 -0.262858003614821E+005 -0.262859236517185E+005
 -0.126561757765653E+002  0.400000612474862E+002  0.219943280316032E-003 -0.418197479148275E+001 -0.397309091927738E+001 -0.128330800235856E+002 -0.262858853372023E+005 -0.262858853372023E+005 -0.262859880923662E+005
 -0.126565242315340E+002  0.400000020968063E+002  0.458353375657894E-003 -0.422759269550120E+001 -0.397399139114193E+001 -0.128330800235856E+002 -0.262858733855362E+005 -0.262858733855362E+005 -0.262859963122249E+005
 -0.126569866308861E+002  0.400001227507667E+002  0.100808822185363E-003 -0.433054707126897E+001 -0.398094936659581E+001 -0.128330800235856E+002 -0.262858848999017E+005 -0.262858848999017E+005 -0.262859870082604E+005
 -0.126560907589715E+002  0.400002500679471E+002  0.352959792125525E-004 -0.421211131122084E+001 -0.397014482487684E+001 -0.128330800235856E+002 -0.262858475146510E+005 -0.262858475146510E+005 -0.262860465978189E+005
 -0.126541749403551E+002  0.400000428035352E+002  0.173692691285322E-003 -0.416995574878439E+001 -0.397370377046270E+001 -0.128330800235856E+002 -0.262858428751222E+005 -0.262858428751222E+005 -0.262860064465354E+005
 -0.126538770038106E+002  0.400000736972734E+002  0.265047974987065E-003 -0.416421662656472E+001 -0.399573891368805E+001 -0.128330800235856E+002 -0.262858741871495E+005 -0.262858741871495E+005 -0.262861216801277E+005
 -0.126570467755969E+002  0.400000190961526E+002  0.255735377547090E-003 -0.428379630146055E+001 -0.397548301450492E+001 -0.128330800235856E+002 -0.262857701278454E+005 -0.262857701278454E+005 -0.262869316454267E+005
 -0.126569071746063E+002  0.400003103343186E+002  0.168604151665839E-003 -0.424359945877122E+001 -0.399199399861653E+001 -0.128330800235856E+002 -0.262858883981336E+005 -0.262858883981336E+005 -0.262860091623851E+005
 -0.126574570507485E+002  0.400000577756284E+002  0.909173859352767E-004 -0.422948459584649E+001 -0.396444948708025E+001 -0.128330800235856E+002 -0.262858008608500E+005 -0.262858008608500E+005 -0.262862538024101E+005
 -0.126548792377251E+002  0.400002307975858E+002  0.550203223173260E-004 -0.419365801301646E+001 -0.396884946313406E+001 -0.128330800235856E+002 -0.262858752257442E+005 -0.262858752257442E+005 -0.262860949955263E+005
 -0.126580897698569E+002  0.400000484409747E+002  0.437423293774352E-003 -0.427015576983906E+001 -0.398741710531299E+001 -0.128330800235856E+002 -0.262859148030367E+005 -0.262859148030367E+005 -0.262861167580968E+005
 -0.126556365131046E+002  0.400000994428119E+002  0.355143011380292E-005 -0.420497285077663E+001 -0.397206946319131E+001 -0.128330800235856E+002 -0.262857007020419E+005 -0.262857007020419E+005 -0.262859532369002E+005
 -0.126570371308579E+002  0.400001773364364E+002  0.111218487446366E-003 -0.424565080945802E+001 -0.397827539619095E+001 -0.128330800235856E+002 -0.262857994408319E+005 -0.262857994408319E+005 -0.262864637097630E+005
 -0.126571298150173E+002  0.400002447684343E+002  0.105267901198446E-003 -0.422845521718237E+001 -0.397027616975295E+001 -0.128330800235856E+002 -0.262859148239510E+005 -0.262859148239510E+005 -0.262859257815883E+005
 -0.126572897341254E+002  0.400000259166193E+002  0.526604295350193E-003 -0.428619763960315E+001 -0.398135553440779E+001 -0.128330800235856E+002 -0.262859156737132E+005 -0.262859156737132E+005 -0.262860530041246E+005
 -0.126537023535554E+002  0.400000821005493E+002  0.944165882870126E-004 -0.421020426547890E+001 -0.396215954777846E+001 -0.128330800235856E+002 -0.262858982911811E+005 -0.262858982911811E+005 -0.262860689041639E+005
 -0.126562173761612E+002  0.400002851594206E+002  0.513258434114986E-005 -0.426415082886293E+001 -0.395221250435794E+001 -0.128330800235856E+002 -0.262859154652859E+005 -0.262859154652859E+005 -0.262859648484521E+005
 -0.126534925580656E+002  0.400002126954546E+002  0.100340367094664E-003 -0.418141763160373E+001 -0.399950124562626E+001 -0.128330800235856E+002 -0.262858859206356E+005 -0.262858859206356E+005 -0.262861043563949E+005
 -0.126572863199549E+002  0.400000416281711E+002  0.196439764858632E-003 -0.422643346545653E+001 -0.396039779266082E+001 -0.128330800235856E+002 -0.262858557628543E+005 -0.262858557628543E+005 -0.262860389512953E+005
 -0.126552399501680E+002  0.400004385969091E+002  0.104338345024162E-004 -0.418888290846068E+001 -0.399844204789491E+001 -0.128330800235856E+002 -0.262859199789857E+005 -0.262859199789857E+005 -0.262859306275287E+005
 -0.126566745685502E+002  0.400003552865278E+002  0.171406608219165E-004 -0.424969032230905E+001 -0.399125807299048E+001 -0.128330800235856E+002 -0.262858247271040E+005 -0.262858247271040E+005 -0.262861243935869E+005
 -0.126531713269588E+002  0.400000187697279E+002  0.621540759019394E-004 -0.416346172647497E+001 -0.399398887275186E+001 -0.128330800235856E+002 -0.262857774158414E+005 -0.262857774158414E+005 -0.262861195132282E+005
 -0.126553199938858E+002  0.400000385224392E+002  0.130458939210035E-003 -0.420498818734523E+001 -0.393171524848041E+001 -0.128330800235856E+002 -0.262858711177479E+005 -0.262858711177479E+005 -0.262859425988515E+005
 -0.126578334385222E+002  0.400001682594942E+002  0.618125731561291E-004 -0.424376229514022E+001 -0.396675077862922E+001 -0.128330800235856E+002 -0.262858763973634E+005 -0.262858763973634E+005 -0.262860911064759E+005
 -0.126574716683108E+002  0.400001039984364E+002  0.495832951570901E-004 -0.422420616174123E+001 -0.394872248677917E+001 -0.128330800235856E+002 -0.262858846515389E+005 -0.262858846515389E+005 -0.262859746664373E+005
 -0.126555614099339E+002  0.400000020777474E+002  0.147613219842216E-003 -0.424462175414005E+001 -0.394863353261319E+001 -0.128330800235856E+002 -0.262857802764003E+005 -0.262857802764003E+005 -0.262859533186015E+005
 -0.126563958010425E+002  0.400000235895397E+002  0.338803115756674E-003 -0.427090949628138E+001 -0.398229279146630E+001 -0.128330800235856E+002 -0.262857805300882E+005 -0.262857805300882E+005 -0.262868455751780E+005
 -0.126568840895054E+002  0.400000998984390E+002  0.217801609033986E-003 -0.427165857457970E+001 -0.397690316864981E+001 -0.128330800235856E+002 -0.262857943914253E+005 -0.262857943914253E+005 -0.262861367974105E+005
 -0.126551860143321E+002  0.400001820765195E+002  0.398221880395538E-004 -0.423399218083969E+001 -0.394139458053102E+001 -0.128330800235856E+002 -0.262859037475734E+005 -0.262859037475734E+005 -0.262859429577930E+005
 -0.126573841145728E+002  0.400000073862122E+002  0.180033239644954E-003 -0.425503228774271E+001 -0.397089536679430E+001 -0.128330800235856E+002 -0.262857401880648E+005 -0.262857401880648E+005 -0.262859332978710E+005
 -0.126550610508451E+002  0.400000063972756E+002  0.118436247675004E-003 -0.422174095526763E+001 -0.397806463015292E+001 -0.128330800235856E+002 -0.262856699589399E+005 -0.262856699589399E+005 -0.262859634667929E+005
 -0.126554542310719E+002  0.400000902229665E+002  0.567422294476864E-004 -0.415912620922079E+001 -0.397914029634009E+001 -0.128330800235856E+002 -0.262858330115553E+005 -0.262858330115553E+005 -0.262861577771183E+005
 -0.126582804320371E+002  0.400001190284065E+002  0.791018897393014E-004 -0.425210492596150E+001 -0.396124128937856E+001 -0.128330800235856E+002 -0.262859045546337E+005 -0.262859045546337E+005 -0.262861086698685E+005
 -0.126551092735859E+002  0.400002124259949E+002  0.226647209661511E-003 -0.421024395453285E+001 -0.397678349989610E+001 -0.128330800235856E+002 -0.262859075572591E+005 -0.262859075572591E+005 -0.262862446193408E+005
 -0.126557490613053E+002  0.400000506785969E+002  0.273067560175438E-004 -0.420230569068449E+001 -0.399875044625934E+001 -0.128330800235856E+002 -0.262855877420512E+005 -0.262855877420512E+005 -0.262859351082416E+005
 -0.126554229248537E+002  0.400000646042073E+002  0.230390045783438E-003 -0.426373077685011E+001 -0.396340932829432E+001 -0.128330800235856E+002 -0.262858616202635E+005 -0.262858616202635E+005 -0.262859790685281E+005
 -0.126565540764326E+002  0.400000327093664E+002  0.691198191694704E-004 -0.420545008910488E+001 -0.395578643796757E+001 -0.128330800235856E+002 -0.262857785943097E+005 -0.262857785943097E+005 -0.262859604197995E+005
 -0.126552504195760E+002  0.400001342160415E+002  0.130601363731771E-003 -0.421442727978247E+001 -0.396664220064921E+001 -0.128330800235856E+002 -0.262858170446828E+005 -0.262858170446828E+005 -0.262860122957244E+005
 -0.126553230706240E+002  0.400002111680682E+002  0.955629490441416E-004 -0.426622663779028E+001 -0.398478300635172E+001 -0.128330800235856E+002 -0.262858367889755E+005 -0.262858367889755E+005 -0.262860039889345E+005
 -0.126550682930543E+002  0.400000359629266E+002  0.211644188744154E-003 -0.416322306588331E+001 -0.397650063247293E+001 -0.128330800235856E+002 -0.262858600530085E+005 -0.262858600530085E+005 -0.262859381364069E+005
 -0.126551849721397E+002  0.400002811040401E+002  0.252376361223416E-003 -0.421548304796082E+001 -0.399913029683726E+001 -0.128330800235856E+002 -0.262858918202947E+005 -0.262858918202947E+005 -0.262859766750466E+005
 -0.126586000420161E+002  0.400000996055867E+002  0.315889300751253E-003 -0.430275136399522E+001 -0.399486373128165E+001 -0.128330800235856E+002 -0.262858984611388E+005 -0.262858984611388E+005 -0.262859619370731E+005
 -0.126565075173934E+002  0.400001316560837E+002  0.826231761748431E-004 -0.431555693729332E+001 -0.397477864832180E+001 -0.128330800235856E+002 -0.262858738802791E+005 -0.262858738802791E+005 -0.262859647299693E+005
 -0.126570037056254E+002  0.400000663055206E+002  0.260165233588730E-003 -0.425015306507298E+001 -0.396657533340592E+001 -0.128330800235856E+002 -0.262858328885009E+005 -0.262858328885009E+005 -0.262861420810484E+005
 -0.126540105387184E+002  0.400000459822284E+002  0.335523159634451E-003 -0.417249317646787E+001 -0.398584321220096E+001 -0.128330800235856E+002 -0.262859031776547E+005 -0.262859031776547E+005 -0.262859354926091E+005
 -0.126566299031603E+002  0.400000672430812E+002  0.336004974218166E-003 -0.429755062321722E+001 -0.398168434489808E+001 -0.128330800235856E+002 -0.262858636586592E+005 -0.262858636586592E+005 -0.262859273607758E+005
 -0.126581611887462E+002  0.400000895457766E+002  0.852242818657816E-004 -0.427392280844042E+001 -0.393977020871193E+001 -0.128330800235856E+002 -0.262859201310850E+005 -0.262859201310850E+005 -0.262859896903821E+005
 -0.126566804375813E+002  0.400003073491167E+002  0.957365746204961E-004 -0.430097576985031E+001 -0.399012211183293E+001 -0.128330800235856E+002 -0.262859005310933E+005 -0.262859005310933E+005 -0.262859344887606E+005
 -0.126568340170402E+002  0.400000453603884E+002  0.414696708266354E-003 -0.426738830890261E+001 -0.396563635650292E+001 -0.128330800235856E+002 -0.262859020639395E+005 -0.262859020639395E+005 -0.262864990398543E+005
 -0.126583128123936E+002  0.400000176015136E+002  0.175129776898685E-003 -0.423437760260807E+001 -0.398146936431383E+001 -0.128330800235856E+002 -0.262858621018485E+005 -0.262858621018485E+005 -0.262861548134620E+005
 -0.126556445659206E+002  0.400000326923343E+002  0.657070420524654E-004 -0.420513947605712E+001 -0.390585454313570E+001 -0.128330800235856E+002 -0.262859188255277E+005 -0.262859188255277E+005 -0.262861221863671E+005
 -0.126569115424458E+002  0.400001031602015E+002  0.118647767294605E-004 -0.432964323633639E+001 -0.398093495810002E+001 -0.128330800235856E+002 -0.262858215845809E+005 -0.262858215845809E+005 -0.262863269216982E+005
 -0.126565834638707E+002  0.400000277667223E+002  0.222129102641031E-003 -0.427372316883289E+001 -0.398980742383546E+001 -0.128330800235856E+002 -0.262856897960950E+005 -0.262856897960950E+005 -0.262863516762748E+005
 -0.126555106561911E+002  0.400000027952377E+002  0.118942164103496E-003 -0.416430177573959E+001 -0.394724989844110E+001 -0.128330800235856E+002 -0.262858863486505E+005 -0.262858863486505E+005 -0.262863948330818E+005
 -0.126560549686974E+002  0.400000406252512E+002  0.143127482374529E-003 -0.425837861391317E+001 -0.394927096099643E+001 -0.128330800235856E+002 -0.262858023410970E+005 -0.262858023410970E+005 -0.262859333287702E+005
 -0.126554481174060E+002  0.400000848634246E+002  0.223999899491569E-003 -0.424224512396215E+001 -0.396809692621218E+001 -0.128330800235856E+002 -0.262858210288985E+005 -0.262858210288985E+005 -0.262860125963567E+005
 -0.126577253079780E+002  0.400000063931324E+002  0.409108765790506E-003 -0.424489621064354E+001 -0.398998925227053E+001 -0.128330800235856E+002 -0.262858549225755E+005 -0.262858549225755E+005 -0.262859407332219E+005
 -0.126530837079475E+002  0.400000117392223E+002  0.395920867503254E-004 -0.417221898033516E+001 -0.397255491429276E+001 -0.128330800235856E+002 -0.262858387830286E+005 -0.262858387830286E+005 -0.262874434335977E+005
 -0.126574042202997E+002  0.400000005751342E+002  0.364886891135980E-003 -0.428750244754537E+001 -0.395257782605875E+001 -0.128330800235856E+002 -0.262859174657347E+005 -0.262859174657347E+005 -0.262862542448949E+005
 -0.126554733991642E+002  0.400001735619631E+002  0.712030681711605E-004 -0.418896978170152E+001 -0.395507130425298E+001 -0.128330800235856E+002 -0.262858918017611E+005 -0.262858918017611E+005 -0.262859919937915E+005
 -0.126539427390821E+002  0.400000810782063E+002  0.154654525322465E-003 -0.413246969415518E+001 -0.399391389237915E+001 -0.128330800235856E+002 -0.262859184695758E+005 -0.262859184695758E+005 -0.262860751260418E+005
 -0.126584653520982E+002  0.400001163130596E+002  0.151728333662023E-003 -0.428974847414357E+001 -0.396263933393474E+001 -0.128330800235856E+002 -0.262859224157413E+005 -0.262859224157413E+005 -0.262859801360149E+005
 -0.126559332901781E+002  0.400000065977239E+002  0.191387053309911E-003 -0.425747371965788E+001 -0.396112048097968E+001 -0.128330800235856E+002 -0.262857597372023E+005 -0.262857597372023E+005 -0.262859525666221E+005
 -0.126593045117704E+002  0.400000473019331E+002  0.419239311985197E-004 -0.427716697908976E+001 -0.397289647983680E+001 -0.128330800235856E+002 -0.262858904279671E+005 -0.262858904279671E+005 -0.262861032567141E+005
 -0.126565654827010E+002  0.400000632852434E+002  0.270994812358652E-004 -0.428131882261538E+001 -0.399179833614914E+001 -0.128330800235856E+002 -0.262856128510028E+005 -0.262856128510028E+005 -0.262859638629963E+005
 -0.126556530817576E+002  0.400000042215262E+002  0.274792320140231E-003 -0.422378246820769E+001 -0.395143318204812E+001 -0.128330800235856E+002 -0.262858364791008E+005 -0.262858364791008E+005 -0.262859296784814E+005
 -0.126589451490363E+002  0.400001392035479E+002  0.121447316354141E-003 -0.429100962341445E+001 -0.397982625578195E+001 -0.128330800235856E+002 -0.262859157520992E+005 -0.262859157520992E+005 -0.262859666756729E+005
 -0.126557022473760E+002  0.400000523795064E+002  0.987503023844829E-004 -0.425352232353243E+001 -0.398288170046669E+001 -0.128330800235856E+002 -0.262856665599418E+005 -0.262856665599418E+005 -0.262860018286653E+005
 -0.126558932338152E+002  0.400001882739944E+002  0.228205551640689E-003 -0.428208379939714E+001 -0.399274499045745E+001 -0.128330800235856E+002 -0.262858558567879E+005 -0.262858558567879E+005 -0.262859322190416E+005
 -0.126547900575473E+002  0.400003493171232E+002  0.126374658847269E-003 -0.420290857692302E+001 -0.399223367117567E+001 -0.128330800235856E+002 -0.262859232449839E+005 -0.262859232449839E+005 -0.262862645137634E+005
 -0.126554004865493E+002  0.400001596702276E+002  0.355263645466208E-004 -0.422039311164265E+001 -0.399325786079627E+001 -0.128330800235856E+002 -0.262856782760433E+005 -0.262856782760433E+005 -0.262863479095308E+005
 -0.126564629725623E+002  0.400004351502864E+002  0.556530662394964E-004 -0.425586294952066E+001 -0.399135948707769E+001 -0.128330800235856E+002 -0.262859086837950E+005 -0.262859086837950E+005 -0.262859385306543E+005
 -0.126549319271372E+002  0.400000136669289E+002  0.180464849247830E-003 -0.415741907067708E+001 -0.395442196569568E+001 -0.128330800235856E+002 -0.262859144759653E+005 -0.262859144759653E+005 -0.262859458985334E+005
 -0.126542632269674E+002  0.400000992368190E+002  0.140757628010329E-003 -0.417549713034434E+001 -0.397414725316676E+001 -0.128330800235856E+002 -0.262858529273233E+005 -0.262858529273233E+005 -0.262859952154240E+005
 -0.126556841276735E+002  0.400000612085147E+002  0.169688603996269E-003 -0.425450976245744E+001 -0.396345279876556E+001 -0.128330800235856E+002 -0.262857902839652E+005 -0.262857902839652E+005 -0.262861070012025E+005
 -0.126575189845232E+002  0.400000819129650E+002  0.186127227545872E-004 -0.418710181835397E+001 -0.399087334029104E+001 -0.128330800235856E+002 -0.262858617611610E+005 -0.262858617611610E+005 -0.262859845749864E+005
 -0.126553591619682E+002  0.400000604813223E+002  0.998515920525270E-005 -0.426075405464042E+001 -0.399241389324561E+001 -0.128330800235856E+002 -0.262856214585664E+005 -0.262856214585664E+005 -0.262859264516792E+005
 -0.126556071938387E+002  0.400000103826665E+002  0.212841400347857E-003 -0.415636721904072E+001 -0.399567381487003E+001 -0.128330800235856E+002 -0.262858334084959E+005 -0.262858334084959E+005 -0.262870015746057E+005
 -0.126533678923898E+002  0.400000932464267E+002  0.168187060479766E-004 -0.416822158007415E+001 -0.397051277140761E+001 -0.128330800235856E+002 -0.262858675869172E+005 -0.262858675869172E+005 -0.262859554992214E+005
 -0.126573966330620E+002  0.400001058140092E+002  0.273118913916538E-004 -0.431891204941383E+001 -0.396239466986622E+001 -0.128330800235856E+002 -0.262858465136943E+005 -0.262858465136943E+005 -0.262860739447164E+005
 -0.126554884163604E+002  0.400000489375989E+002  0.564041974616764E-004 -0.418972739433754E+001 -0.399242736259993E+001 -0.128330800235856E+002 -0.262856495473010E+005 -0.262856495473010E+005 -0.262859910463660E+005
 -0.126571648735469E+002  0.400000288380961E+002  0.167608650596148E-003 -0.427856703964316E+001 -0.392858511929229E+001 -0.128330800235856E+002 -0.262859038606216E+005 -0.262859038606216E+005 -0.262859699844960E+005
 -0.126541789114314E+002  0.400000921481561E+002  0.870683722940655E-004 -0.419778544761381E+001 -0.394695969559688E+001 -0.128330800235856E+002 -0.262858978316840E+005 -0.262858978316840E+005 -0.262859429469476E+005
 -0.126570316905895E+002  0.400003356016460E+002  0.524828598031837E-004 -0.429364193640506E+001 -0.398848435171727E+001 -0.128330800235856E+002 -0.262858805501807E+005 -0.262858805501807E+005 -0.262859573954948E+005
 -0.126556789611246E+002  0.400001286364121E+002  0.800141480207706E-006 -0.418858692897649E+001 -0.396766357207296E+001 -0.128330800235856E+002 -0.262857749900241E+005 -0.262857749900241E+005 -0.262863674487615E+005
 -0.126552908036418E+002  0.400000465562348E+002  0.138835466399777E-003 -0.423636394222157E+001 -0.394057495668741E+001 -0.128330800235856E+002 -0.262858486472045E+005 -0.262858486472045E+005 -0.262860645298467E+005
 -0.126572193456965E+002  0.400000120150362E+002  0.241012013471000E-003 -0.424068270601970E+001 -0.396370550625991E+001 -0.128330800235856E+002 -0.262858115304080E+005 -0.262858115304080E+005 -0.262860655673832E+005
 -0.126563227208941E+002  0.400000549520100E+002  0.169883996363344E-004 -0.418923506901555E+001 -0.394441655583518E+001 -0.128330800235856E+002 -0.262858367504172E+005 -0.262858367504172E+005 -0.262862669773086E+005
 -0.126539380634223E+002  0.400000812501649E+002  0.579185780720750E-004 -0.413921312516220E+001 -0.398125971776426E+001 -0.128330800235856E+002 -0.262858747303198E+005 -0.262858747303198E+005 -0.262859356223513E+005
 -0.126578370585893E+002  0.400001032805180E+002  0.942460880889200E-004 -0.428947010706585E+001 -0.395207581185482E+001 -0.128330800235856E+002 -0.262858689992843E+005 -0.262858689992843E+005 -0.262859450702644E+005
 -0.126559086287029E+002  0.400000468156875E+002  0.450452902270420E-003 -0.425403337111887E+001 -0.398160605425811E+001 -0.128330800235856E+002 -0.262858596459560E+005 -0.262858596459560E+005 -0.262859432514035E+005
 -0.126584525487838E+002  0.400000735483075E+002  0.115279706203345E-003 -0.428638005371088E+001 -0.395301488991990E+001 -0.128330800235856E+002 -0.262859006358543E+005 -0.262859006358543E+005 -0.262859656028363E+005
 -0.126543162395497E+002  0.400001488204688E+002  0.541721687657450E-004 -0.418994745118027E+001 -0.395841415088689E+001 -0.128330800235856E+002 -0.262858762383879E+005 -0.262858762383879E+005 -0.262859560358717E+005
 -0.126558321165468E+002  0.400002630021830E+002  0.896887159691777E-004 -0.427337256657607E+001 -0.399194031093467E+001 -0.128330800235856E+002 -0.262858254726681E+005 -0.262858254726681E+005 -0.262859367353147E+005
 -0.126585383369287E+002  0.400000786919792E+002  0.270959940543497E-004 -0.435117556803526E+001 -0.398960720823700E+001 -0.128330800235856E+002 -0.262858338192460E+005 -0.262858338192460E+005 -0.262870310198723E+005
 -0.126580102031118E+002  0.400002894938569E+002  0.103971529889660E-003 -0.426667577401180E+001 -0.399191534469852E+001 -0.128330800235856E+002 -0.262858950592377E+005 -0.262858950592377E+005 -0.262862794672541E+005
 -0.126550867883510E+002  0.400003150235860E+002  0.177487931112630E-003 -0.424055956737751E+001 -0.399679529247730E+001 -0.128330800235856E+002 -0.262858940797994E+005 -0.262858940797994E+005 -0.262859952117736E+005
 -0.126575861069630E+002  0.400001294437622E+002  0.335511003809203E-003 -0.428168533587100E+001 -0.397841006753444E+001 -0.128330800235856E+002 -0.262859110192332E+005 -0.262859110192332E+005 -0.262862878831952E+005
 -0.126582270865894E+002  0.400000339473631E+002  0.452763689740560E-004 -0.430318252926967E+001 -0.397860994373950E+001 -0.128330800235856E+002 -0.262857187575173E+005 -0.262857187575173E+005 -0.262859644535782E+005
 -0.126575248540355E+002  0.400000027622624E+002  0.186539160025285E-003 -0.430296973424490E+001 -0.394149315226666E+001 -0.128330800235856E+002 -0.262858901617458E+005 -0.262858901617458E+005 -0.262861803441805E+005
 -0.126565451794015E+002  0.400001674176527E+002  0.189308413953611E-004 -0.417564475996642E+001 -0.397472709526449E+001 -0.128330800235856E+002 -0.262859060902883E+005 -0.262859060902883E+005 -0.262860169274652E+005
 -0.126553867816960E+002  0.400001885399102E+002  0.292640933860417E-003 -0.426276499767714E+001 -0.399622929328925E+001 -0.128330800235856E+002 -0.262858701295599E+005 -0.262858701295599E+005 -0.262862334573639E+005
 -0.126558693246590E+002  0.400001222147438E+002  0.395244900106066E-003 -0.426720502391086E+001 -0.399301598651497E+001 -0.128330800235856E+002 -0.262858638224161E+005 -0.262858638224161E+005 -0.262861325688591E+005
 -0.126572684126787E+002  0.400000817624070E+002  0.369939034203118E-003 -0.428942913590610E+001 -0.399346206962327E+001 -0.128330800235856E+002 -0.262858283899991E+005 -0.262858283899991E+005 -0.262859279563778E+005
 -0.126570455185004E+002  0.400002038676699E+002  0.116660336538744E-004 -0.428335040640156E+001 -0.397134750211395E+001 -0.128330800235856E+002 -0.262857982107513E+005 -0.262857982107513E+005 -0.262859470565449E+005
 -0.126555599769879E+002  0.400000140100660E+002  0.207221585988426E-003 -0.423434662381831E+001 -0.396988476372918E+001 -0.128330800235856E+002 -0.262857379701375E+005 -0.262857379701375E+005 -0.262862170716113E+005
 -0.126548483217048E+002  0.400000054539277E+002  0.526764004051228E-004 -0.413344843884697E+001 -0.399913944742787E+001 -0.128330800235856E+002 -0.262857874375001E+005 -0.262857874375001E+005 -0.262859870135952E+005
 -0.126549518858834E+002  0.400000980183349E+002  0.191566628434386E-003 -0.424100421785291E+001 -0.395137969277502E+001 -0.128330800235856E+002 -0.262859096005350E+005 -0.262859096005350E+005 -0.262860487591578E+005
 -0.126563357521596E+002  0.400002503751923E+002  0.663056900193319E-004 -0.429128580803176E+001 -0.397345174812354E+001 -0.128330800235856E+002 -0.262858918901434E+005 -0.262858918901434E+005 -0.262860507600518E+005
 -0.126552369260042E+002  0.400002579816178E+002  0.694970661586544E-004 -0.422140252107057E+001 -0.398299512000006E+001 -0.128330800235856E+002 -0.262858206475255E+005 -0.262858206475255E+005 -0.262859276507988E+005
 -0.126585423200307E+002  0.400001278684310E+002  0.300813862157794E-003 -0.430559557246711E+001 -0.399432559710473E+001 -0.128330800235856E+002 -0.262859110232668E+005 -0.262859110232668E+005 -0.262859809031569E+005
 -0.126554690491195E+002  0.400001523038281E+002  0.879338650128163E-004 -0.420805896092358E+001 -0.393876169936696E+001 -0.128330800235856E+002 -0.262859087199002E+005 -0.262859087199002E+005 -0.262862897084354E+005
 -0.126523223329742E+002  0.400000110121522E+002  0.252349452558850E-004 -0.413825394826689E+001 -0.398483603216660E+001 -0.128330800235856E+002 -0.262859230805781E+005 -0.262859230805781E+005 -0.262859802108722E+005
 -0.126566267833351E+002  0.400001811503840E+002  0.573206971285299E-004 -0.429698905389077E+001 -0.397355952993001E+001 -0.128330800235856E+002 -0.262858329421488E+005 -0.262858329421488E+005 -0.262860729669530E+005
 -0.126537233429154E+002  0.400000157990253E+002  0.123726130628945E-004 -0.418252613284297E+001 -0.394036507120058E+001 -0.128330800235856E+002 -0.262858636848869E+005 -0.262858636848869E+005 -0.262860432567196E+005
 -0.126544616562522E+002  0.400000289403000E+002  0.449771545189909E-004 -0.420797540039037E+001 -0.391350523033145E+001 -0.128330800235856E+002 -0.262859230308407E+005 -0.262859230308407E+005 -0.262860759319743E+005
 -0.126546292404404E+002  0.400000036135119E+002  0.236901078195986E-003 -0.425874157680397E+001 -0.397866575367812E+001 -0.128330800235856E+002 -0.262858274286204E+005 -0.262858274286204E+005 -0.262860092467026E+005
 -0.126554809362770E+002  0.400001172484344E+002  0.354194693369702E-004 -0.426409664786417E+001 -0.395320217897246E+001 -0.128330800235856E+002 -0.262858321607682E+005 -0.262858321607682E+005 -0.262859472941742E+005
 -0.126551266260404E+002  0.400001624972612E+002  0.260362520434705E-004 -0.420088506889328E+001 -0.395693715841213E+001 -0.128330800235856E+002 -0.262858289975477E+005 -0.262858289975477E+005 -0.262859293423265E+005
 -0.126556409249155E+002  0.400000658965732E+002  0.267305230477366E-004 -0.422270456902191E+001 -0.396108557025841E+001 -0.128330800235856E+002 -0.262857076327126E+005 -0.262857076327126E+005 -0.262859493327290E+005
 -0.126577350851308E+002  0.400001218134087E+002  0.804187964910800E-004 -0.431071459557674E+001 -0.395545200368046E+001 -0.128330800235856E+002 -0.262858942633821E+005 -0.262858942633821E+005 -0.262859648941606E+005
 -0.126561192279443E+002  0.400000061249230E+002  0.140447724228559E-003 -0.417567488468548E+001 -0.396847189414002E+001 -0.128330800235856E+002 -0.262858266520038E+005 -0.262858266520038E+005 -0.262862735264262E+005
 -0.126529002040170E+002  0.400000008673283E+002  0.631591815143877E-007 -0.416122701323952E+001 -0.397926335984979E+001 -0.128330800235856E+002 -0.262858139315385E+005 -0.262858139315385E+005 -0.262860547936007E+005
 -0.126560080345976E+002  0.400001168769939E+002  0.316565935988457E-004 -0.427551284184668E+001 -0.395338364711997E+001 -0.128330800235856E+002 -0.262858197804314E+005 -0.262858197804314E+005 -0.262859899066934E+005
 -0.126569843215089E+002  0.400001405523542E+002  0.120960612577158E-003 -0.421175622706998E+001 -0.399259524487907E+001 -0.128330800235856E+002 -0.262857913948290E+005 -0.262857913948290E+005 -0.262859268341483E+005
 -0.126562229189856E+002  0.400000113162978E+002  0.107481849599536E-003 -0.430482275287286E+001 -0.398041929670661E+001 -0.128330800235856E+002 -0.262857449717794E+005 -0.262857449717794E+005 -0.262860227853216E+005
 -0.126541853421403E+002  0.400002412983698E+002  0.558620609245453E-004 -0.416523167121581E+001 -0.398196818979598E+001 -0.128330800235856E+002 -0.262859159305986E+005 -0.262859159305986E+005 -0.262859685265597E+005
 -0.126568470513661E+002  0.400000939883164E+002  0.133171003256832E-003 -0.418669185546240E+001 -0.399592116055124E+001 -0.128330800235856E+002 -0.262858312981410E+005 -0.262858312981410E+005 -0.262861079207971E+005
 -0.126544130443277E+002  0.400000702490174E+002  0.870162654799313E-004 -0.415406528462847E+001 -0.399012055362407E+001 -0.128330800235856E+002 -0.262857935587881E+005 -0.262857935587881E+005 -0.262860181356366E+005
 -0.126579473077677E+002  0.400001918341579E+002  0.163427899700558E-004 -0.432622408829385E+001 -0.396784342033624E+001 -0.128330800235856E+002 -0.262859122594657E+005 -0.262859122594657E+005 -0.262864503219143E+005
 -0.126541721244824E+002  0.400002080437832E+002  0.168884790276057E-003 -0.421227693985484E+001 -0.398584992253910E+001 -0.128330800235856E+002 -0.262858995238681E+005 -0.262858995238681E+005 -0.262859342235099E+005
 -0.126582699566171E+002  0.400000469258667E+002  0.308230288046781E-004 -0.436406949437240E+001 -0.398962661249051E+001 -0.128330800235856E+002 -0.262858639460730E+005 -0.262858639460730E+005 -0.262859236342984E+005
