 -0.420504407496799E+001  0.688355871507668E+002 -0.599462560301725E+000  0.249532376193460E+001 -0.114467856624657E+002 -0.709237281967643E+003 -0.709237281967643E+003
 -0.147158909538338E+002  0.693973906499576E+002 -0.603814104408278E+000  0.248747240542993E+001 -0.114467856624657E+002 -0.709242715811514E+003 -0.709242715811514E+003
 -0.116712458546302E+002  0.694437215616736E+002 -0.604495963614053E+000  0.251365646943457E+001 -0.114467856624657E+002 -0.709248102865968E+003 -0.709248102865968E+003
 -0.193563525990464E+002  0.696272877996404E+002 -0.596841355272927E+000  0.246042947751176E+001 -0.114467856624657E+002 -0.709244735174875E+003 -0.709244735174875E+003
 -0.164485091435171E+002  0.692216744361987E+002 -0.598242673322434E+000  0.249647733130364E+001 -0.114467856624657E+002 -0.709245570346413E+003 -0.709245570346413E+003
 -0.192734600744357E+002  0.687822595163375E+002 -0.593864215042901E+000  0.243482961422065E+001 -0.114467856624657E+002 -0.709238978622188E+003 -0.709238978622188E+003
 -0.878222651243624E+001  0.691373257101776E+002 -0.585083390646283E+000  0.238374007940739E+001 -0.114467856624657E+002 -0.709242735837951E+003 -0.709242735837951E+003
 -0.180677956188383E+002  0.692084266167052E+002 -0.593790233723500E+000  0.241522991189094E+001 -0.114467856624657E+002 -0.709239364008990E+003 -0.709239364008990E+003
 -0.150860981452674E+002  0.688102349440976E+002 -0.588875038763792E+000  0.243708135670999E+001 -0.114467856624657E+002 -0.709246065748381E+003 -0.709246065748381E+003
 -0.151630172599718E+002  0.694110655492648E+002 -0.603802572629781E+000  0.248824822645945E+001 -0.114467856624657E+002 -0.709242893463178E+003 -0.709242893463178E+003
 -0.164502785247835E+002  0.695483182206047E+002 -0.596301459550402E+000  0.243902880732671E+001 -0.114467856624657E+002 -0.709239878582563E+003 -0.709239878582563E+003
 -0.782980043052228E+001  0.693548088055939E+002 -0.601507140422115E+000  0.250430073680021E+001 -0.114467856624657E+002 -0.709244379627104E+003 -0.709244379627104E+003
 -0.371567379976165E+001  0.688192075530199E+002 -0.595304343914190E+000  0.243130962504168E+001 -0.114467856624657E+002 -0.709243202195911E+003 -0.709243202195911E+003
 -0.172048981331649E+002  0.692422357686804E+002 -0.601091470202556E+000  0.248062718777763E+001 -0.114467856624657E+002 -0.709234974995382E+003 -0.709234974995382E+003
 -0.151437448157454E+002  0.689878336308230E+002 -0.604388100770434E+000  0.250071513465935E+001 -0.114467856624657E+002 -0.709238305027170E+003 -0.709238305027170E+003
 -0.107891113305374E+002  0.692984851099690E+002 -0.588510431974394E+000  0.239564033063033E+001 -0.114467856624657E+002 -0.709238311456783E+003 -0.709238311456783E+003
 -0.411134237889422E+001  0.693963412797448E+002 -0.587031238241113E+000  0.241422134562031E+001 -0.114467856624657E+002 -0.709246280436023E+003 -0.709246280436023E+003
 -0.105297619046132E+002  0.690135522144318E+002 -0.602709184243669E+000  0.251583587738823E+001 -0.114467856624657E+002 -0.709240269659135E+003 -0.709240269659135E+003
 -0.544087817906680E+001  0.694948933835976E+002 -0.594096058244341E+000  0.245193763286783E+001 -0.114467856624657E+002 -0.709241515064427E+003 -0.709241515064427E+003
 -0.106889744896388E+002  0.694940668405342E+002 -0.594456671263077E+000  0.242795016866050E+001 -0.114467856624657E+002 -0.709238064553202E+003 -0.709238064553202E+003
 -0.103736283335093E+002  0.695770741855705E+002 -0.599410183983835E+000  0.247141666948387E+001 -0.114467856624657E+002 -0.709243069980496E+003 -0.709243069980496E+003
 -0.194210054026122E+002  0.693726618667830E+002 -0.599332903827308E+000  0.248431859175026E+001 -0.114467856624657E+002 -0.709239248551253E+003 -0.709239248551253E+003
 -0.166538191495330E+002  0.691336410851398E+002 -0.604964946953378E+000  0.251385984336243E+001 -0.114467856624657E+002 -0.709239582173129E+003 -0.709239582173129E+003
 -0.187439767548920E+002  0.689897899017549E+002 -0.597388174261291E+000  0.247058665426675E+001 -0.114467856624657E+002 -0.709232303669726E+003 -0.709232303669726E+003
 -0.116675780663391E+002  0.690379348005261E+002 -0.606797627106054E+000  0.252571229757373E+001 -0.114467856624657E+002 -0.709242248014771E+003 -0.709242248014771E+003
 -0.122323079483142E+002  0.685642465469907E+002 -0.596030053192162E+000  0.244767564839368E+001 -0.114467856624657E+002 -0.709247703128065E+003 -0.709247703128065E+003
 -0.153323474942560E+002  0.691970127810774E+002 -0.587509445702596E+000  0.237444320202971E+001 -0.114467856624657E+002 -0.709247304738632E+003 -0.709247304738632E+003
 -0.115297371675111E+002  0.691425083243763E+002 -0.603957130750525E+000  0.253010617219143E+001 -0.114467856624657E+002 -0.709248595006845E+003 -0.709248595006845E+003
 -0.186996059842602E+002  0.688482686737063E+002 -0.596037869773680E+000  0.248422365005186E+001 -0.114467856624657E+002 -0.709241538335140E+003 -0.709241538335140E+003
 -0.114496779974453E+002  0.687872449105151E+002 -0.586163636048305E+000  0.240176417983237E+001 -0.114467856624657E+002 -0.709246852050570E+003 -0.709246852050570E+003
 -0.156170103489915E+002  0.694658573477243E+002 -0.589302884697980E+000  0.241487740349995E+001 -0.114467856624657E+002 -0.709240276309763E+003 -0.709240276309763E+003
 -0.107464062471201E+002  0.690324844876860E+002 -0.600981247650488E+000  0.246013856209404E+001 -0.114467856624657E+002 -0.709242394448713E+003 -0.709242394448713E+003
 -0.143884337475167E+002  0.689775608680390E+002 -0.605384203279028E+000  0.253430947767654E+001 -0.114467856624657E+002 -0.709245079810636E+003 -0.709245079810636E+003
 -0.124715939082366E+002  0.690247310670061E+002 -0.592362020115439E+000  0.245998072346599E+001 -0.114467856624657E+002 -0.709241965373114E+003 -0.709241965373114E+003
 -0.519052268502873E+001  0.689847605726053E+002 -0.608150799870863E+000  0.252392705416758E+001 -0.114467856624657E+002 -0.709245203142473E+003 -0.709245203142473E+003
 -0.150659836481435E+002  0.688037155126174E+002 -0.606167673720235E+000  0.254051073894269E+001 -0.114467856624657E+002 -0.709246862241788E+003 -0.709246862241788E+003
 -0.659417994883527E+001  0.690322138792829E+002 -0.595256690813877E+000  0.247024739378906E+001 -0.114467856624657E+002 -0.709236361820291E+003 -0.709236361820291E+003
 -0.121215063100298E+002  0.692665442627505E+002 -0.598457900462883E+000  0.247630809511909E+001 -0.114467856624657E+002 -0.709234773583536E+003 -0.709234773583536E+003
 -0.880465206069452E+001  0.695303231920935E+002 -0.584148529563788E+000  0.237212930723777E+001 -0.114467856624657E+002 -0.709248392121428E+003 -0.709248392121428E+003
 -0.181485814434193E+002  0.688739318780946E+002 -0.591091119533211E+000  0.245346981191863E+001 -0.114467856624657E+002 -0.709244002447886E+003 -0.709244002447886E+003
 -0.158286829768588E+002  0.688369618161513E+002 -0.594926170946578E+000  0.247634999889296E+001 -0.114467856624657E+002 -0.709241237711319E+003 -0.709241237711319E+003
 -0.124387889309467E+002  0.688613653116586E+002 -0.594027133669592E+000  0.241647365119129E+001 -0.114467856624657E+002 -0.709247483003700E+003 -0.709247483003700E+003
 -0.120422722973553E+002  0.691073077396869E+002 -0.594739994538745E+000  0.242864046645249E+001 -0.114467856624657E+002 -0.709235808842459E+003 -0.709235808842459E+003
 -0.162665134899323E+002  0.691925425502563E+002 -0.589569074543085E+000  0.243479023314696E+001 -0.114467856624657E+002 -0.709241289412952E+003 -0.709241289412952E+003
 -0.153370754308255E+002  0.694417938674479E+002 -0.594610922812307E+000  0.240896236709412E+001 -0.114467856624657E+002 -0.709247160937097E+003 -0.709247160937097E+003
 -0.104563601599147E+002  0.696480689180309E+002 -0.596504422315583E+000  0.246266050022625E+001 -0.114467856624657E+002 -0.709247387363082E+003 -0.709247387363082E+003
 -0.148563561275514E+002  0.696893996487413E+002 -0.596299982808572E+000  0.245281140096133E+001 -0.114467856624657E+002 -0.709246313653534E+003 -0.709246313653534E+003
 -0.152393482154455E+002  0.692208474588019E+002 -0.596955925403743E+000  0.243993621873847E+001 -0.114467856624657E+002 -0.709236087766817E+003 -0.709236087766817E+003
 -0.148428154980654E+002  0.688420428319776E+002 -0.600959478856969E+000  0.248985766727698E+001 -0.114467856624657E+002 -0.709235400298199E+003 -0.709235400298199E+003
 -0.115032566649633E+002  0.690101798327755E+002 -0.586798644244950E+000  0.238813564698658E+001 -0.114467856624657E+002 -0.709242565867569E+003 -0.709242565867569E+003
 -0.161883764190355E+002  0.688332552379497E+002 -0.605537229426876E+000  0.252363931522354E+001 -0.114467856624657E+002 -0.709241349227193E+003 -0.709241349227193E+003
 -0.125544906619609E+002  0.693628144036835E+002 -0.601545530645431E+000  0.247001524628687E+001 -0.114467856624657E+002 -0.709239671359160E+003 -0.709239671359160E+003
 -0.110500954283960E+002  0.694099319807316E+002 -0.603971991100608E+000  0.250846467206030E+001 -0.114467856624657E+002 -0.709245000098360E+003 -0.709245000098360E+003
 -0.108175811367306E+002  0.687576214420816E+002 -0.603765873934949E+000  0.251973799812507E+001 -0.114467856624657E+002 -0.709241366536507E+003 -0.709241366536507E+003
 -0.113163105055726E+002  0.687180738431414E+002 -0.595803722270279E+000  0.245936273077433E+001 -0.114467856624657E+002 -0.709237445012446E+003 -0.709237445012446E+003
 -0.119309641104183E+002  0.684504734065321E+002 -0.598310313015237E+000  0.248165187184387E+001 -0.114467856624657E+002 -0.709247786375163E+003 -0.709247786375163E+003
 -0.189873709576355E+002  0.689312031735924E+002 -0.602799361919890E+000  0.247191158566206E+001 -0.114467856624657E+002 -0.709245819465144E+003 -0.709245819465144E+003
 -0.192418697404682E+002  0.693325114225387E+002 -0.601923572399991E+000  0.249891491344952E+001 -0.114467856624657E+002 -0.709240266587469E+003 -0.709240266587469E+003
 -0.186050554519406E+002  0.690596698058837E+002 -0.599166938148893E+000  0.244606239128319E+001 -0.114467856624657E+002 -0.709242880192089E+003 -0.709242880192089E+003
 -0.161780300254790E+002  0.692151267458275E+002 -0.594057111615217E+000  0.246020325128321E+001 -0.114467856624657E+002 -0.709237454686631E+003 -0.709237454686631E+003
 -0.179527741188345E+002  0.696130470798847E+002 -0.600743071531732E+000  0.247494871591349E+001 -0.114467856624657E+002 -0.709245507356504E+003 -0.709245507356504E+003
 -0.129153139072346E+002  0.691299350303635E+002 -0.587861905011594E+000  0.239406108037427E+001 -0.114467856624657E+002 -0.709239068249778E+003 -0.709239068249778E+003
 -0.621615062814039E+001  0.689980650430274E+002 -0.596943557649373E+000  0.244075521430541E+001 -0.114467856624657E+002 -0.709237998079293E+003 -0.709237998079293E+003
 -0.135081248574422E+002  0.689510745685540E+002 -0.589625842575261E+000  0.243443871874487E+001 -0.114467856624657E+002 -0.709239988599640E+003 -0.709239988599640E+003
 -0.574164291881814E+001  0.695446465414946E+002 -0.598190733379173E+000  0.246249503226854E+001 -0.114467856624657E+002 -0.709240429529796E+003 -0.709240429529796E+003
 -0.143295651588895E+002  0.690869663365037E+002 -0.585059142744307E+000  0.240702364495240E+001 -0.114467856624657E+002 -0.709247460202200E+003 -0.709247460202200E+003
 -0.169667226576663E+002  0.689039997331837E+002 -0.596368556461648E+000  0.249407508181047E+001 -0.114467856624657E+002 -0.709247352475364E+003 -0.709247352475364E+003
 -0.887836449292674E+001  0.691641594130438E+002 -0.599519419468934E+000  0.244098482149846E+001 -0.114467856624657E+002 -0.709247386452313E+003 -0.709247386452313E+003
 -0.151934004103392E+002  0.693899867796186E+002 -0.596687269321134E+000  0.243055506228179E+001 -0.114467856624657E+002 -0.709240841584888E+003 -0.709240841584888E+003
 -0.172781863509670E+002  0.696437317558473E+002 -0.599635911487790E+000  0.247250620789532E+001 -0.114467856624657E+002 -0.709246396073653E+003 -0.709246396073653E+003
 -0.489135207001531E+001  0.692740173013513E+002 -0.589344261413843E+000  0.237929212673580E+001 -0.114467856624657E+002 -0.709248674731645E+003 -0.709248674731645E+003
 -0.192654639027094E+002  0.693031963866576E+002 -0.586440782397578E+000  0.237459704428726E+001 -0.114467856624657E+002 -0.709244349007717E+003 -0.709244349007717E+003
 -0.101482204386297E+002  0.687570688740010E+002 -0.595380335286904E+000  0.243229942450047E+001 -0.114467856624657E+002 -0.709245350971788E+003 -0.709245350971788E+003
  0.178077026316989E+002  0.689456023718323E+002 -0.594803547745958E+000  0.245665885022754E+001 -0.114467856624657E+002 -0.709233139486604E+003 -0.709233139486604E+003
  0.158584771479943E+002  0.693915848412498E+002 -0.592895273642967E+000  0.245915771658086E+001 -0.114467856624657E+002 -0.709246954017827E+003 -0.709246954017827E+003
  0.913980021830877E+001  0.689852032490761E+002 -0.584269008071443E+000  0.238363265343639E+001 -0.114467856624657E+002 -0.709246125318653E+003 -0.709246125318653E+003
  0.141571342778065E+002  0.687091260186721E+002 -0.600857795390132E+000  0.247706044703232E+001 -0.114467856624657E+002 -0.709241483213149E+003 -0.709241483213149E+003
  0.268075918110613E+001  0.689027422512054E+002 -0.590127264801718E+000  0.241582438874772E+001 -0.114467856624657E+002 -0.709237933759423E+003 -0.709237933759423E+003
  0.142044862270534E+002  0.695954646193678E+002 -0.592208261609663E+000  0.243650574669130E+001 -0.114467856624657E+002 -0.709244473399904E+003 -0.709244473399904E+003
  0.121850061184363E+002  0.690092357212751E+002 -0.608214098421525E+000  0.253002253447344E+001 -0.114467856624657E+002 -0.709244862671851E+003 -0.709244862671851E+003
  0.107133915042711E+002  0.690937672526065E+002 -0.588946879023246E+000  0.242769136427981E+001 -0.114467856624657E+002 -0.709239520288419E+003 -0.709239520288419E+003
  0.172870155979512E+002  0.687753286953204E+002 -0.597432305713028E+000  0.246686132517054E+001 -0.114467856624657E+002 -0.709235660525112E+003 -0.709235660525112E+003
  0.466659952606408E+001  0.686467364317518E+002 -0.591072042022548E+000  0.241875462747808E+001 -0.114467856624657E+002 -0.709247081293584E+003 -0.709247081293584E+003
  0.809497401680855E+001  0.696109248439054E+002 -0.597513454704274E+000  0.245822097073573E+001 -0.114467856624657E+002 -0.709242738332875E+003 -0.709242738332875E+003
  0.102548278424889E+002  0.695501018509083E+002 -0.588514247101440E+000  0.239421369135932E+001 -0.114467856624657E+002 -0.709242563022900E+003 -0.709242563022900E+003
  0.899447096744066E+001  0.689677270877986E+002 -0.606894246285499E+000  0.252335162942985E+001 -0.114467856624657E+002 -0.709242119919169E+003 -0.709242119919169E+003
  0.220727540879155E+001  0.692878860883905E+002 -0.592365070402656E+000  0.241434519930003E+001 -0.114467856624657E+002 -0.709236067506239E+003 -0.709236067506239E+003
  0.125803679349276E+002  0.696807385926242E+002 -0.594804203527710E+000  0.244405571054697E+001 -0.114467856624657E+002 -0.709245472279948E+003 -0.709245472279948E+003
  0.980060875429757E+001  0.689964701460219E+002 -0.596880337786105E+000  0.244945860559501E+001 -0.114467856624657E+002 -0.709233901534036E+003 -0.709233901534036E+003
  0.146541358209462E+002  0.686778195875415E+002 -0.594304679179827E+000  0.247391863908123E+001 -0.114467856624657E+002 -0.709244831270466E+003 -0.709244831270466E+003
  0.120671856246128E+002  0.692771780592556E+002 -0.603779073196161E+000  0.251268534620186E+001 -0.114467856624657E+002 -0.709242325076555E+003 -0.709242325076555E+003
  0.102087373623009E+002  0.691427686788993E+002 -0.594740349241737E+000  0.245185023518918E+001 -0.114467856624657E+002 -0.709232035032053E+003 -0.709232035032053E+003
  0.956882521038592E+001  0.695076742941384E+002 -0.584603441135130E+000  0.237943756650332E+001 -0.114467856624657E+002 -0.709247091847016E+003 -0.709247091847016E+003
  0.644534062185647E+001  0.691331014891351E+002 -0.602196585877256E+000  0.249337164358974E+001 -0.114467856624657E+002 -0.709235113637309E+003 -0.709235113637309E+003
  0.150959508294104E+002  0.690066297874208E+002 -0.605808264093866E+000  0.253398459460641E+001 -0.114467856624657E+002 -0.709244601228143E+003 -0.709244601228143E+003
  0.185894735224484E+001  0.693953810409483E+002 -0.590365163382259E+000  0.239917074315879E+001 -0.114467856624657E+002 -0.709239426985353E+003 -0.709239426985353E+003
  0.143142180038857E+002  0.690622222441291E+002 -0.588627010572845E+000  0.238927548120790E+001 -0.114467856624657E+002 -0.709242952439192E+003 -0.709242952439192E+003
  0.113397286636905E+002  0.689112825927486E+002 -0.602188675617080E+000  0.247966299064598E+001 -0.114467856624657E+002 -0.709238999481730E+003 -0.709238999481730E+003
  0.191485645742846E+002  0.688298169992721E+002 -0.590639387209444E+000  0.245051687681390E+001 -0.114467856624657E+002 -0.709244835764550E+003 -0.709244835764550E+003
  0.111679508561349E+002  0.687546310071917E+002 -0.597255349144126E+000  0.247351649918216E+001 -0.114467856624657E+002 -0.709236232353775E+003 -0.709236232353775E+003
  0.153884086643165E+002  0.689775604288335E+002 -0.598592143491290E+000  0.250394297136422E+001 -0.114467856624657E+002 -0.709245242073529E+003 -0.709245242073529E+003
  0.101591749095870E+002  0.688869204299935E+002 -0.604040030154989E+000  0.248796921942345E+001 -0.114467856624657E+002 -0.709243080751849E+003 -0.709243080751849E+003
  0.151281169366221E+002  0.685624406740797E+002 -0.597500380165445E+000  0.247317416136830E+001 -0.114467856624657E+002 -0.709242730480773E+003 -0.709242730480773E+003
  0.920646189924959E+001  0.684709574849259E+002 -0.596936356348440E+000  0.247588851101275E+001 -0.114467856624657E+002 -0.709247016437365E+003 -0.709247016437365E+003
  0.165832627858811E+002  0.694282801979674E+002 -0.591804879013031E+000  0.243273801652568E+001 -0.114467856624657E+002 -0.709237903206139E+003 -0.709237903206139E+003
  0.217262191795560E+001  0.690348285013320E+002 -0.605389381546581E+000  0.251714156948423E+001 -0.114467856624657E+002 -0.709239595109987E+003 -0.709239595109987E+003
  0.567454468975485E+001  0.686890467341963E+002 -0.600515780939509E+000  0.246771551096071E+001 -0.114467856624657E+002 -0.709245820907798E+003 -0.709245820907798E+003
  0.119484343221227E+002  0.687542013052865E+002 -0.593231755351282E+000  0.246655529400816E+001 -0.114467856624657E+002 -0.709243571489765E+003 -0.709243571489765E+003
  0.802869573283758E+001  0.694229567815531E+002 -0.589858547344810E+000  0.242635455371316E+001 -0.114467856624657E+002 -0.709241187434647E+003 -0.709241187434647E+003
  0.184253241663273E+002  0.689367562803399E+002 -0.603111947030902E+000  0.247323144439959E+001 -0.114467856624657E+002 -0.709246460505072E+003 -0.709246460505072E+003
  0.158016388918585E+002  0.687513675628510E+002 -0.595143656112419E+000  0.247845352960381E+001 -0.114467856624657E+002 -0.709242655948488E+003 -0.709242655948488E+003
  0.692700088420982E+001  0.687424010427323E+002 -0.596461541557453E+000  0.249063231313113E+001 -0.114467856624657E+002 -0.709244991119758E+003 -0.709244991119758E+003
  0.192185947866416E+002  0.687966896657223E+002 -0.586769733165839E+000  0.239014277799220E+001 -0.114467856624657E+002 -0.709248376098797E+003 -0.709248376098797E+003
  0.810990867724997E+001  0.692772523391639E+002 -0.605158680033708E+000  0.252492705013562E+001 -0.114467856624657E+002 -0.709246572317623E+003 -0.709246572317623E+003
  0.115171654455991E+002  0.695654610319322E+002 -0.595916204852809E+000  0.242294396299413E+001 -0.114467856624657E+002 -0.709245263747867E+003 -0.709245263747867E+003
  0.185940637434844E+001  0.692092701122409E+002 -0.604310421498713E+000  0.250380285597117E+001 -0.114467856624657E+002 -0.709238862275251E+003 -0.709238862275251E+003
  0.683775927873720E+001  0.693038720787877E+002 -0.590211919008161E+000  0.241074946311707E+001 -0.114467856624657E+002 -0.709235594842840E+003 -0.709235594842840E+003
  0.365934111119734E+001  0.691123159343645E+002 -0.582737597618311E+000  0.237203248972308E+001 -0.114467856624657E+002 -0.709248072250821E+003 -0.709248072250821E+003
  0.536914719469194E+001  0.691416889683384E+002 -0.605783179763070E+000  0.253189682471238E+001 -0.114467856624657E+002 -0.709245762705007E+003 -0.709245762705007E+003
  0.135340039743436E+002  0.691786163602892E+002 -0.607961980369704E+000  0.252868588891936E+001 -0.114467856624657E+002 -0.709245860956947E+003 -0.709245860956947E+003
  0.115153273515295E+001  0.692742083275048E+002 -0.603520057537355E+000  0.249628624773635E+001 -0.114467856624657E+002 -0.709238633538790E+003 -0.709238633538790E+003
  0.916456825144655E+001  0.695993916377258E+002 -0.601517066077105E+000  0.249062620562539E+001 -0.114467856624657E+002 -0.709248530899045E+003 -0.709248530899045E+003
  0.107879644828765E+002  0.685007848839432E+002 -0.601077431884435E+000  0.250983057415195E+001 -0.114467856624657E+002 -0.709247715651956E+003 -0.709247715651956E+003
  0.192655345676879E+002  0.687721771870708E+002 -0.587569210086980E+000  0.240935058318641E+001 -0.114467856624657E+002 -0.709244615131583E+003 -0.709244615131583E+003
  0.935608395918725E+001  0.690879598457292E+002 -0.601976021844270E+000  0.247957197970901E+001 -0.114467856624657E+002 -0.709236187254537E+003 -0.709236187254537E+003
  0.141301194292947E+002  0.689159620103935E+002 -0.607936631899206E+000  0.254122243902074E+001 -0.114467856624657E+002 -0.709246103290599E+003 -0.709246103290599E+003
  0.643978137026042E+001  0.687558732277639E+002 -0.599140070958772E+000  0.248219735302507E+001 -0.114467856624657E+002 -0.709236301242186E+003 -0.709236301242186E+003
  0.186098366534714E+002  0.689946202167404E+002 -0.595706898855013E+000  0.246226940116518E+001 -0.114467856624657E+002 -0.709232579434727E+003 -0.709232579434727E+003
  0.122227270511239E+002  0.691190369627894E+002 -0.594720264302735E+000  0.245745373090159E+001 -0.114467856624657E+002 -0.709233199818659E+003 -0.709233199818659E+003
  0.451822418463131E+001  0.687557083799369E+002 -0.589709270565034E+000  0.241530479798446E+001 -0.114467856624657E+002 -0.709242632475024E+003 -0.709242632475024E+003
  0.178267727810853E+002  0.689630336880027E+002 -0.591372574537258E+000  0.240588943228682E+001 -0.114467856624657E+002 -0.709242108423555E+003 -0.709242108423555E+003
  0.107302689102165E+002  0.694783108433097E+002 -0.599419185496650E+000  0.244087003992415E+001 -0.114467856624657E+002 -0.709247536773351E+003 -0.709247536773351E+003
  0.102896042599628E+002  0.696111570903777E+002 -0.595777424411637E+000  0.245341125444194E+001 -0.114467856624657E+002 -0.709243317918259E+003 -0.709243317918259E+003
  0.101825926996619E+001  0.691990391762356E+002 -0.600495423236526E+000  0.246532429648207E+001 -0.114467856624657E+002 -0.709236398002909E+003 -0.709236398002909E+003
  0.487541639970983E+001  0.687006268665937E+002 -0.605825011842003E+000  0.253357915192970E+001 -0.114467856624657E+002 -0.709245618407613E+003 -0.709245618407613E+003
  0.179259095191079E+002  0.696482806972605E+002 -0.596079300720639E+000  0.244211192325196E+001 -0.114467856624657E+002 -0.709243053937721E+003 -0.709243053937721E+003
  0.340820169325599E+001  0.694195916856230E+002 -0.587822024355878E+000  0.238557051358818E+001 -0.114467856624657E+002 -0.709241869580855E+003 -0.709241869580855E+003
  0.108710705721722E+002  0.688380454040601E+002 -0.601992664679240E+000  0.249845373549175E+001 -0.114467856624657E+002 -0.709236384144442E+003 -0.709236384144442E+003
  0.109375661126832E+002  0.687758356421990E+002 -0.608620600940982E+000  0.254110351624594E+001 -0.114467856624657E+002 -0.709247765628714E+003 -0.709247765628714E+003
  0.170105001754697E+002  0.691846276313299E+002 -0.602659649157723E+000  0.248843788265331E+001 -0.114467856624657E+002 -0.709236287924110E+003 -0.709236287924110E+003
  0.419178339893117E+001  0.686372806683430E+002 -0.600829843698537E+000  0.247097048817356E+001 -0.114467856624657E+002 -0.709247514328496E+003 -0.709247514328496E+003
  0.823962343931698E+001  0.689521064114029E+002 -0.591850844000255E+000  0.242669820378019E+001 -0.114467856624657E+002 -0.709234910765723E+003 -0.709234910765723E+003
  0.506903236173916E+001  0.693461648402115E+002 -0.596547321460081E+000  0.242315740234621E+001 -0.114467856624657E+002 -0.709244935200862E+003 -0.709244935200862E+003
  0.174848180663092E+002  0.686365779524289E+002 -0.597534105846933E+000  0.249775082676380E+001 -0.114467856624657E+002 -0.709247150689905E+003 -0.709247150689905E+003
  0.123360256515908E+002  0.685993697149862E+002 -0.590206494946742E+000  0.244001644019185E+001 -0.114467856624657E+002 -0.709248022263557E+003 -0.709248022263557E+003
  0.166882656064938E+002  0.693852472331836E+002 -0.603236077195368E+000  0.249668080215350E+001 -0.114467856624657E+002 -0.709241122429631E+003 -0.709241122429631E+003
  0.483723536784579E+001  0.694591248906372E+002 -0.601917828876453E+000  0.245817126541752E+001 -0.114467856624657E+002 -0.709248538107279E+003 -0.709248538107279E+003
  0.929128815732556E+001  0.696619680486957E+002 -0.590193147927611E+000  0.239289477633956E+001 -0.114467856624657E+002 -0.709247128909983E+003 -0.709247128909983E+003
  0.155281317733563E+002  0.690551876392398E+002 -0.586491271716990E+000  0.240690035833990E+001 -0.114467856624657E+002 -0.709241536350935E+003 -0.709241536350935E+003
  0.248298547428013E+001  0.686684429083888E+002 -0.605925893073116E+000  0.252940308532749E+001 -0.114467856624657E+002 -0.709245396344838E+003 -0.709245396344838E+003
  0.127886819058036E+002  0.684762607435539E+002 -0.594708013361268E+000  0.246426050433681E+001 -0.114467856624657E+002 -0.709248009426613E+003 -0.709248009426613E+003
  0.595968065543123E+001  0.688913753306487E+002 -0.586804258426172E+000  0.238664167629617E+001 -0.114467856624657E+002 -0.709246402863444E+003 -0.709246402863444E+003
  0.136775027993715E+002  0.689669206532631E+002 -0.583954783479752E+000  0.238623955683247E+001 -0.114467856624657E+002 -0.709247164542006E+003 -0.709247164542006E+003
  0.160376112477991E+002  0.694752400783919E+002 -0.592416559358313E+000  0.245325034618966E+001 -0.114467856624657E+002 -0.709248255248391E+003 -0.709248255248391E+003
  0.496749054055818E+001  0.686951598977821E+002 -0.606039393379586E+000  0.251252767180435E+001 -0.114467856624657E+002 -0.709246169744598E+003 -0.709246169744598E+003
  0.163529723068649E+002  0.688477212084817E+002 -0.596054977065243E+000  0.245722769477908E+001 -0.114467856624657E+002 -0.709234107147385E+003 -0.709234107147385E+003
  0.112860838445679E+002  0.690462768209700E+002 -0.602273830978998E+000  0.247383337166245E+001 -0.114467856624657E+002 -0.709239915528736E+003 -0.709239915528736E+003
  0.192904090157972E+002  0.689752972455703E+002 -0.591274068047446E+000  0.245296266567961E+001 -0.114467856624657E+002 -0.709242442338729E+003 -0.709242442338729E+003
  0.100787259046879E+001  0.685842731225013E+002 -0.594208345675490E+000  0.244427807878992E+001 -0.114467856624657E+002 -0.709244701652401E+003 -0.709244701652401E+003
  0.142842442414150E+001  0.686373393106476E+002 -0.591324779461158E+000  0.245364086625968E+001 -0.114467856624657E+002 -0.709247582601203E+003 -0.709247582601203E+003
  0.169948686368249E+001  0.689336103769195E+002 -0.590745754025232E+000  0.245014734043711E+001 -0.114467856624657E+002 -0.709243290292274E+003 -0.709243290292274E+003
  0.146873534404414E+001  0.689131486243928E+002 -0.591140708693109E+000  0.245200048446530E+001 -0.114467856624657E+002 -0.709242616558582E+003 -0.709242616558582E+003
  0.120218590192733E+002  0.687440345640999E+002 -0.595545795965087E+000  0.246587467753343E+001 -0.114467856624657E+002 -0.709237188737624E+003 -0.709237188737624E+003
  0.178634578751476E+002  0.686417413848898E+002 -0.601705712831785E+000  0.251071568805133E+001 -0.114467856624657E+002 -0.709242757632905E+003 -0.709242757632905E+003
  0.188381751354918E+002  0.692780276615561E+002 -0.593188543950946E+000  0.240127044379776E+001 -0.114467856624657E+002 -0.709246698265717E+003 -0.709246698265717E+003
  0.117455802405050E+002  0.691699764083550E+002 -0.594587821024112E+000  0.245098974720138E+001 -0.114467856624657E+002 -0.709232269503773E+003 -0.709232269503773E+003
  0.103658315886855E+002  0.687165580478691E+002 -0.605068889759888E+000  0.251491300777200E+001 -0.114467856624657E+002 -0.709242546379999E+003 -0.709242546379999E+003
  0.155259787345596E+002  0.686868342369702E+002 -0.590340384843454E+000  0.243092285187802E+001 -0.114467856624657E+002 -0.709243139530993E+003 -0.709243139530993E+003
  0.132333923328383E+002  0.687999582362982E+002 -0.603003819239695E+000  0.250163488499963E+001 -0.114467856624657E+002 -0.709238070895566E+003 -0.709238070895566E+003
  0.116863371006271E+002  0.692715631620098E+002 -0.584455561876938E+000  0.239637289229958E+001 -0.114467856624657E+002 -0.709247068049926E+003 -0.709247068049926E+003
  0.176075968140102E+002  0.689105210852443E+002 -0.591904655055438E+000  0.242806654029718E+001 -0.114467856624657E+002 -0.709235540160054E+003 -0.709235540160054E+003
  0.143426744667152E+002  0.687968275345071E+002 -0.595819335318946E+000  0.245814573996788E+001 -0.114467856624657E+002 -0.709235227093128E+003 -0.709235227093128E+003
  0.668354121791799E+001  0.692426980800300E+002 -0.583502083855194E+000  0.237156092744409E+001 -0.114467856624657E+002 -0.709245995616363E+003 -0.709245995616363E+003
  0.141429063636489E+002  0.695077466470584E+002 -0.590537507152991E+000  0.241110699032132E+001 -0.114467856624657E+002 -0.709239148710879E+003 -0.709239148710879E+003
  0.185994157386052E+002  0.692560775847159E+002 -0.594880874811764E+000  0.247171896546150E+001 -0.114467856624657E+002 -0.709242391458703E+003 -0.709242391458703E+003
  0.158861912765427E+002  0.691266129239449E+002 -0.602090459528262E+000  0.251386103069865E+001 -0.114467856624657E+002 -0.709242193713620E+003 -0.709242193713620E+003
  0.914202237254431E+001  0.687826807205681E+002 -0.606690294476738E+000  0.250845109459693E+001 -0.114467856624657E+002 -0.709247685828601E+003 -0.709247685828601E+003
  0.418023064143824E+000  0.688100642240496E+002 -0.599631614301956E+000  0.245996995798643E+001 -0.114467856624657E+002 -0.709242134749485E+003 -0.709242134749485E+003
 -0.591900283935043E+000  0.693134849885013E+002 -0.597355974825049E+000  0.243579875024120E+001 -0.114467856624657E+002 -0.709239822079875E+003 -0.709239822079875E+003
 -0.169186083737213E+000  0.690186913519134E+002 -0.590461424958935E+000  0.241561361409132E+001 -0.114467856624657E+002 -0.709235664959116E+003 -0.709235664959116E+003
 -0.469769275344301E+000  0.693498585880693E+002 -0.587016655906712E+000  0.239995872420629E+001 -0.114467856624657E+002 -0.709240340865609E+003 -0.709240340865609E+003
 -0.490408253505148E+000  0.689175855260733E+002 -0.603997484319098E+000  0.252792126372862E+001 -0.114467856624657E+002 -0.709243647704489E+003 -0.709243647704489E+003
 -0.283255578903730E+001  0.689488328624888E+002 -0.602531449532261E+000  0.251508609521060E+001 -0.114467856624657E+002 -0.709239821902845E+003 -0.709239821902845E+003
 -0.305995503373497E+001  0.689729113037942E+002 -0.606704092286640E+000  0.250535682545337E+001 -0.114467856624657E+002 -0.709245251440880E+003 -0.709245251440880E+003
  0.128513321222847E+000  0.690608689508918E+002 -0.583459989197197E+000  0.237835365123479E+001 -0.114467856624657E+002 -0.709246823153947E+003 -0.709246823153947E+003
  0.211741060492113E+000  0.692362551425240E+002 -0.591988682990902E+000  0.242655693817639E+001 -0.114467856624657E+002 -0.709233263156537E+003 -0.709233263156537E+003
 -0.329398114723530E+001  0.687567631310511E+002 -0.600232690262316E+000  0.247096874794151E+001 -0.114467856624657E+002 -0.709240404787721E+003 -0.709240404787721E+003
 -0.897546630321504E+000  0.696793929291861E+002 -0.598023468245472E+000  0.246227807268595E+001 -0.114467856624657E+002 -0.709246622268036E+003 -0.709246622268036E+003
 -0.233165817713630E+001  0.694893623061073E+002 -0.596262931722390E+000  0.244924903744345E+001 -0.114467856624657E+002 -0.709237327673980E+003 -0.709237327673980E+003
 -0.128441286696621E+001  0.692994056887369E+002 -0.593287786809680E+000  0.243186136133862E+001 -0.114467856624657E+002 -0.709233257967563E+003 -0.709233257967563E+003
 -0.143699845379972E+001  0.689011819250075E+002 -0.605397225341940E+000  0.253794532252527E+001 -0.114467856624657E+002 -0.709246637364796E+003 -0.709246637364796E+003
 -0.262115542419540E+001  0.687576106057695E+002 -0.589205128535897E+000  0.240110508524902E+001 -0.114467856624657E+002 -0.709247516739139E+003 -0.709247516739139E+003
 -0.214257687698676E+001  0.690742106742700E+002 -0.607505547604049E+000  0.250594632942034E+001 -0.114467856624657E+002 -0.709247939474198E+003 -0.709247939474198E+003
  0.112439469034832E+000  0.690617922929224E+002 -0.593491072392820E+000  0.247130903739578E+001 -0.114467856624657E+002 -0.709245014873299E+003 -0.709245014873299E+003
 -0.271360297555232E+001  0.690012174901426E+002 -0.586687549140049E+000  0.240113498643668E+001 -0.114467856624657E+002 -0.709240807858923E+003 -0.709240807858923E+003
 -0.354582060889651E+000  0.689279726864311E+002 -0.609172538180311E+000  0.253987283138813E+001 -0.114467856624657E+002 -0.709247295559430E+003 -0.709247295559430E+003
 -0.191732810335051E+001  0.690999954742969E+002 -0.596919202898002E+000  0.248560007444082E+001 -0.114467856624657E+002 -0.709240162546085E+003 -0.709240162546085E+003
  0.874156183165837E-001  0.691785654942200E+002 -0.603676013791147E+000  0.250667542717114E+001 -0.114467856624657E+002 -0.709238261696028E+003 -0.709238261696028E+003
 -0.272954622771380E+001  0.691767967295247E+002 -0.593526871274276E+000  0.244937719808372E+001 -0.114467856624657E+002 -0.709233857992915E+003 -0.709233857992915E+003
 -0.761874747181466E-001  0.688279286237340E+002 -0.607450705133284E+000  0.252603091253430E+001 -0.114467856624657E+002 -0.709244525680251E+003 -0.709244525680251E+003
