 -0.193821382234182E+002  0.687227335239429E+002 -0.411407972429339E+000  0.530919395587038E+000 -0.114467856624657E+002 -0.756859246312960E+003 -0.756859246312960E+003
 -0.191689570537285E+002  0.762754489634861E+002 -0.482852573973179E+000  0.514645879914885E+000 -0.114467856624657E+002 -0.753422449365790E+003 -0.753422449365790E+003
 -0.191516796872632E+002  0.765108589957811E+002 -0.403442067161577E+000  0.490507384399707E+000 -0.114467856624657E+002 -0.754861940231145E+003 -0.754861940231145E+003
 -0.191982405690171E+002  0.739420122621827E+002 -0.277019287573323E+000  0.283567151250287E+000 -0.114467856624657E+002 -0.759635427585348E+003 -0.759635427585348E+003
 -0.191709500578395E+002  0.761100075447021E+002 -0.420314429356012E+000  0.427044119357073E+000 -0.114467856624657E+002 -0.755041581408236E+003 -0.755041581408236E+003
 -0.192862559427063E+002  0.715977990435014E+002 -0.420275135210901E+000  0.574013947636177E+000 -0.114467856624657E+002 -0.755879577915829E+003 -0.755879577915829E+003
 -0.193447967961708E+002  0.696440714388725E+002 -0.386923160402269E+000  0.374056932339702E+000 -0.114467856624657E+002 -0.758761255626463E+003 -0.758761255626463E+003
 -0.192874280564279E+002  0.709367916480942E+002 -0.301171130251945E+000  0.385569305396634E+000 -0.114467856624657E+002 -0.755868061727932E+003 -0.755868061727932E+003
 -0.192540971970867E+002  0.735246753966248E+002 -0.453962443083328E+000  0.484158606458083E+000 -0.114467856624657E+002 -0.750561611657380E+003 -0.750561611657380E+003
 -0.191979238309159E+002  0.742030447894849E+002 -0.336018918859052E+000  0.338689741517710E+000 -0.114467856624657E+002 -0.755546101935464E+003 -0.755546101935464E+003
 -0.193520486793134E+002  0.704374973382514E+002 -0.497934609634834E+000  0.502848264866883E+000 -0.114467856624657E+002 -0.760079007622092E+003 -0.760079007622092E+003
 -0.191684496555465E+002  0.763390271766072E+002 -0.465657327363884E+000  0.441001985029127E+000 -0.114467856624657E+002 -0.759608041494607E+003 -0.759608041494607E+003
 -0.192356897446002E+002  0.727246777305918E+002 -0.336262664258860E+000  0.383970569045945E+000 -0.114467856624657E+002 -0.754878668416387E+003 -0.754878668416387E+003
 -0.193233429609247E+002  0.713381755783522E+002 -0.506472656646139E+000  0.567726650935871E+000 -0.114467856624657E+002 -0.750971818659974E+003 -0.750971818659974E+003
 -0.193119731282935E+002  0.706323743505359E+002 -0.322909544855639E+000  0.292183723989758E+000 -0.114467856624657E+002 -0.758292262694996E+003 -0.758292262694996E+003
 -0.193195543088480E+002  0.706009293068972E+002 -0.435168003215681E+000  0.436827160294389E+000 -0.114467856624657E+002 -0.757154600469531E+003 -0.757154600469531E+003
 -0.193350645013023E+002  0.708110233772447E+002 -0.492529999977289E+000  0.548385110413999E+000 -0.114467856624657E+002 -0.750968553086475E+003 -0.750968553086475E+003
 -0.192893712531995E+002  0.714779240114125E+002 -0.341838863535889E+000  0.321928540594289E+000 -0.114467856624657E+002 -0.754840034983113E+003 -0.754840034983113E+003
 -0.191675270983049E+002  0.750551511766294E+002 -0.300465214229473E+000  0.317678983404265E+000 -0.114467856624657E+002 -0.760041131350250E+003 -0.760041131350250E+003
 -0.192897397623749E+002  0.725740143935161E+002 -0.454703385781551E+000  0.508469554523004E+000 -0.114467856624657E+002 -0.757241519588042E+003 -0.757241519588042E+003
 -0.192517434470645E+002  0.723069724478381E+002 -0.355191204625357E+000  0.423250440048232E+000 -0.114467856624657E+002 -0.752292543167294E+003 -0.752292543167294E+003
 -0.192801972704647E+002  0.729477713707148E+002 -0.510695490243052E+000  0.572427840150604E+000 -0.114467856624657E+002 -0.751151924788448E+003 -0.751151924788448E+003
 -0.192419412660625E+002  0.728510555855829E+002 -0.377612666303406E+000  0.508704793929172E+000 -0.114467856624657E+002 -0.751885983958195E+003 -0.751885983958195E+003
 -0.192584131677796E+002  0.733388616821170E+002 -0.471006893752817E+000  0.506824677130452E+000 -0.114467856624657E+002 -0.748502907201980E+003 -0.748502907201980E+003
 -0.192528356299010E+002  0.724853335117551E+002 -0.411334182412397E+000  0.551066870632406E+000 -0.114467856624657E+002 -0.755799486650876E+003 -0.755799486650876E+003
 -0.193139235205260E+002  0.713410458086465E+002 -0.534679540338962E+000  0.618536602865738E+000 -0.114467856624657E+002 -0.756062947355724E+003 -0.756062947355724E+003
 -0.192370237661030E+002  0.724819499832566E+002 -0.294893674069573E+000  0.345412431109349E+000 -0.114467856624657E+002 -0.757887129007305E+003 -0.757887129007305E+003
 -0.191741522612916E+002  0.761285088170894E+002 -0.406946521535463E+000  0.465535007198033E+000 -0.114467856624657E+002 -0.758291797196072E+003 -0.758291797196072E+003
 -0.192183969630803E+002  0.735973804350970E+002 -0.377137101902505E+000  0.446782682439652E+000 -0.114467856624657E+002 -0.750984922465802E+003 -0.750984922465802E+003
 -0.191684235548820E+002  0.756202664814424E+002 -0.401657157569399E+000  0.387693511807998E+000 -0.114467856624657E+002 -0.757405252514011E+003 -0.757405252514011E+003
 -0.191792590843382E+002  0.759033977134554E+002 -0.407777818118207E+000  0.475914000710686E+000 -0.114467856624657E+002 -0.756590477522442E+003 -0.756590477522442E+003
 -0.192120975724976E+002  0.740569296340961E+002 -0.463713577869274E+000  0.559747718720157E+000 -0.114467856624657E+002 -0.758003738374310E+003 -0.758003738374310E+003
 -0.193102682694290E+002  0.711179128879183E+002 -0.362276160740568E+000  0.463672030987308E+000 -0.114467856624657E+002 -0.755972909781598E+003 -0.755972909781598E+003
 -0.192840250342449E+002  0.709712709908569E+002 -0.286188341926632E+000  0.305407736352886E+000 -0.114467856624657E+002 -0.759011157952706E+003 -0.759011157952706E+003
 -0.192663092491163E+002  0.721938941044840E+002 -0.321749866782999E+000  0.399526275419793E+000 -0.114467856624657E+002 -0.753736193843936E+003 -0.753736193843936E+003
 -0.192225468822650E+002  0.748336105066504E+002 -0.545793178555746E+000  0.610603862683683E+000 -0.114467856624657E+002 -0.753026345107746E+003 -0.753026345107746E+003
 -0.191753649867440E+002  0.752349947094215E+002 -0.328489863572787E+000  0.380603797813799E+000 -0.114467856624657E+002 -0.755685260811701E+003 -0.755685260811701E+003
 -0.192566306276592E+002  0.719565275105412E+002 -0.323183373773657E+000  0.336345055805070E+000 -0.114467856624657E+002 -0.757770060170267E+003 -0.757770060170267E+003
 -0.192287196733320E+002  0.734373188487048E+002 -0.309221431025547E+000  0.361817281595082E+000 -0.114467856624657E+002 -0.755835865533617E+003 -0.755835865533617E+003
 -0.191514766297146E+002  0.764422406527094E+002 -0.463560761097640E+000  0.523027493594634E+000 -0.114467856624657E+002 -0.756508582986834E+003 -0.756508582986834E+003
 -0.192310366145973E+002  0.737987841812312E+002 -0.434020632210759E+000  0.503426472555402E+000 -0.114467856624657E+002 -0.746038445497724E+003 -0.746038445497724E+003
 -0.192203451216436E+002  0.742591154817843E+002 -0.423163739827783E+000  0.358846730766680E+000 -0.114467856624657E+002 -0.759428602355366E+003 -0.759428602355366E+003
 -0.191980117430564E+002  0.750417601554728E+002 -0.378506048193271E+000  0.368611293495955E+000 -0.114467856624657E+002 -0.756734417123632E+003 -0.756734417123632E+003
 -0.192098473409191E+002  0.740983454869658E+002 -0.343402098100421E+000  0.441522743079240E+000 -0.114467856624657E+002 -0.752567155012754E+003 -0.752567155012754E+003
 -0.192395053954239E+002  0.725327480183410E+002 -0.348638196285087E+000  0.492562169200529E+000 -0.114467856624657E+002 -0.758706068783454E+003 -0.758706068783454E+003
 -0.191708565794363E+002  0.758934381591342E+002 -0.467753850695110E+000  0.475872073075988E+000 -0.114467856624657E+002 -0.757299000860186E+003 -0.757299000860186E+003
 -0.191790441125635E+002  0.755035919209573E+002 -0.478377971829587E+000  0.536526765855038E+000 -0.114467856624657E+002 -0.755371477658432E+003 -0.755371477658432E+003
 -0.192488667594803E+002  0.732548284296369E+002 -0.414070079281463E+000  0.396495020438578E+000 -0.114467856624657E+002 -0.752054062675415E+003 -0.752054062675415E+003
 -0.192837940537645E+002  0.713809870295390E+002 -0.299508820986271E+000  0.397731531283605E+000 -0.114467856624657E+002 -0.755859117406582E+003 -0.755859117406582E+003
 -0.193381938164399E+002  0.701316329186737E+002 -0.405053932172175E+000  0.509228873075449E+000 -0.114467856624657E+002 -0.750812974756036E+003 -0.750812974756036E+003
 -0.191737971863729E+002  0.761432067701543E+002 -0.472723682493050E+000  0.591834680873577E+000 -0.114467856624657E+002 -0.757868367135390E+003 -0.757868367135390E+003
 -0.192978785863325E+002  0.722007262558098E+002 -0.489779725244028E+000  0.550379883652950E+000 -0.114467856624657E+002 -0.750017458555499E+003 -0.750017458555499E+003
 -0.192250733399139E+002  0.744767328253386E+002 -0.455997507742659E+000  0.471764235270871E+000 -0.114467856624657E+002 -0.751437674537297E+003 -0.751437674537297E+003
 -0.192890848505279E+002  0.712676532599320E+002 -0.310015862409730E+000  0.323245630810048E+000 -0.114467856624657E+002 -0.755087234953091E+003 -0.755087234953091E+003
 -0.193119581107048E+002  0.702207266613449E+002 -0.333789374223482E+000  0.429479327895325E+000 -0.114467856624657E+002 -0.755454632025823E+003 -0.755454632025823E+003
 -0.192280965568176E+002  0.737554054251203E+002 -0.483004328317766E+000  0.532932640142747E+000 -0.114467856624657E+002 -0.755290036307427E+003 -0.755290036307427E+003
 -0.192389442588286E+002  0.738990411428876E+002 -0.486520168340616E+000  0.526876501786377E+000 -0.114467856624657E+002 -0.748186330827435E+003 -0.748186330827435E+003
 -0.191899483566658E+002  0.761628633488569E+002 -0.527635194221415E+000  0.615064947714286E+000 -0.114467856624657E+002 -0.758571750391665E+003 -0.758571750391665E+003
 -0.193033416466436E+002  0.713032724962626E+002 -0.360644198020715E+000  0.387970351927152E+000 -0.114467856624657E+002 -0.753895092926184E+003 -0.753895092926184E+003
 -0.192995033408996E+002  0.708360690037657E+002 -0.388445195211964E+000  0.479564038078894E+000 -0.114467856624657E+002 -0.753099999260731E+003 -0.753099999260731E+003
 -0.192634005051335E+002  0.725863995069207E+002 -0.402527501768419E+000  0.403444962858305E+000 -0.114467856624657E+002 -0.750013763084071E+003 -0.750013763084071E+003
 -0.192087440453238E+002  0.741943588624176E+002 -0.326231532610957E+000  0.446980473001225E+000 -0.114467856624657E+002 -0.758345776860596E+003 -0.758345776860596E+003
 -0.191618396282192E+002  0.757097083590886E+002 -0.434949632770327E+000  0.479675102286517E+000 -0.114467856624657E+002 -0.760105246096652E+003 -0.760105246096652E+003
 -0.192236493383477E+002  0.735432089099111E+002 -0.346870291238741E+000  0.413611393658520E+000 -0.114467856624657E+002 -0.750093936776462E+003 -0.750093936776462E+003
 -0.192786955829239E+002  0.731901126804752E+002 -0.579739006043506E+000  0.651334910512431E+000 -0.114467856624657E+002 -0.757768911804178E+003 -0.757768911804178E+003
 -0.191472279735755E+002  0.761427083277094E+002 -0.341058282651524E+000  0.420068657474738E+000 -0.114467856624657E+002 -0.757727842093938E+003 -0.757727842093938E+003
 -0.193168300630685E+002  0.706231508593106E+002 -0.434363899821793E+000  0.513396827525407E+000 -0.114467856624657E+002 -0.751045731056043E+003 -0.751045731056043E+003
 -0.192380707466290E+002  0.735640479021031E+002 -0.490441570555220E+000  0.498011391912567E+000 -0.114467856624657E+002 -0.758673871919906E+003 -0.758673871919906E+003
 -0.192456908659306E+002  0.740386212007999E+002 -0.528661563448438E+000  0.542942046052540E+000 -0.114467856624657E+002 -0.755187271355643E+003 -0.755187271355643E+003
 -0.192972066270486E+002  0.716611298838058E+002 -0.498736860559217E+000  0.630251799288356E+000 -0.114467856624657E+002 -0.759827105014652E+003 -0.759827105014652E+003
 -0.192906232027915E+002  0.727868908879957E+002 -0.552615136334650E+000  0.566783952703966E+000 -0.114467856624657E+002 -0.759981593520206E+003 -0.759981593520206E+003
 -0.192722416587912E+002  0.723931787730640E+002 -0.462836194558201E+000  0.594322218153205E+000 -0.114467856624657E+002 -0.752967716988401E+003 -0.752967716988401E+003
 -0.191828255198179E+002  0.750712468558265E+002 -0.445908166711850E+000  0.477405998940071E+000 -0.114467856624657E+002 -0.758691389128470E+003 -0.758691389128470E+003
 -0.192893653856753E+002  0.719421316587391E+002 -0.357980052152939E+000  0.374415482673566E+000 -0.114467856624657E+002 -0.758475985637747E+003 -0.758475985637747E+003
 -0.193073212328978E+002  0.712518801375980E+002 -0.450397227304552E+000  0.558167464687883E+000 -0.114467856624657E+002 -0.748580043899874E+003 -0.748580043899874E+003
 -0.191900370920853E+002  0.745638069315645E+002 -0.297491495380280E+000  0.262097918731206E+000 -0.114467856624657E+002 -0.759987502539075E+003 -0.759987502539075E+003
 -0.193357271557132E+002  0.707596847684823E+002 -0.442332267324889E+000  0.427028741031715E+000 -0.114467856624657E+002 -0.759313968344916E+003 -0.759313968344916E+003
 -0.191538603697195E+002  0.760359891086165E+002 -0.328114245931910E+000  0.353360386630186E+000 -0.114467856624657E+002 -0.758833419656053E+003 -0.758833419656053E+003
 -0.193065681365595E+002  0.712836786322813E+002 -0.394627774656435E+000  0.339320521778027E+000 -0.114467856624657E+002 -0.758872348127535E+003 -0.758872348127535E+003
 -0.191833759040614E+002  0.748023932745057E+002 -0.311630680956091E+000  0.353250474065552E+000 -0.114467856624657E+002 -0.756160949263045E+003 -0.756160949263045E+003
 -0.192564419619188E+002  0.734957824255637E+002 -0.454062808864488E+000  0.568890648170362E+000 -0.114467856624657E+002 -0.755661926515491E+003 -0.755661926515491E+003
 -0.192955903667268E+002  0.717070436547960E+002 -0.395856118917304E+000  0.552512150289974E+000 -0.114467856624657E+002 -0.759837242202111E+003 -0.759837242202111E+003
 -0.193154881696452E+002  0.710943548160501E+002 -0.448744970865126E+000  0.413471283172791E+000 -0.114467856624657E+002 -0.759113751783721E+003 -0.759113751783721E+003
 -0.192629573791208E+002  0.733443093010287E+002 -0.551131506936903E+000  0.651689562618635E+000 -0.114467856624657E+002 -0.758018187253010E+003 -0.758018187253010E+003
 -0.192070113523663E+002  0.742769716247533E+002 -0.372284123412239E+000  0.302162653965423E+000 -0.114467856624657E+002 -0.759574293072459E+003 -0.759574293072459E+003
 -0.192602887259895E+002  0.729109010638258E+002 -0.356010216406437E+000  0.434764165815325E+000 -0.114467856624657E+002 -0.758856118462488E+003 -0.758856118462488E+003
 -0.193569449859385E+002  0.691139077759441E+002 -0.415792207997604E+000  0.476167985226205E+000 -0.114467856624657E+002 -0.759170618710982E+003 -0.759170618710982E+003
 -0.191381224560671E+002  0.765761341032874E+002 -0.386143370545787E+000  0.428866215913030E+000 -0.114467856624657E+002 -0.757099702583260E+003 -0.757099702583260E+003
 -0.192620923179925E+002  0.728188627976775E+002 -0.416186595375020E+000  0.489770819634847E+000 -0.114467856624657E+002 -0.746616412511640E+003 -0.746616412511640E+003
 -0.193038263977003E+002  0.716050409000876E+002 -0.421160612005121E+000  0.477107882812920E+000 -0.114467856624657E+002 -0.749837990569380E+003 -0.749837990569380E+003
 -0.192550220334152E+002  0.718969018599263E+002 -0.255197131299688E+000  0.300916921520487E+000 -0.114467856624657E+002 -0.759784410824928E+003 -0.759784410824928E+003
 -0.191340453726052E+002  0.768725467873028E+002 -0.437883895894150E+000  0.512162465154886E+000 -0.114467856624657E+002 -0.758773590620034E+003 -0.758773590620034E+003
 -0.192237328964229E+002  0.743169889917180E+002 -0.515098207280051E+000  0.592525395982816E+000 -0.114467856624657E+002 -0.751941019593277E+003 -0.751941019593277E+003
 -0.192103130804664E+002  0.753590376382027E+002 -0.472822259408322E+000  0.540571888748513E+000 -0.114467856624657E+002 -0.757869561662282E+003 -0.757869561662282E+003
 -0.192160891790722E+002  0.739234411802097E+002 -0.425414439291218E+000  0.478053033121236E+000 -0.114467856624657E+002 -0.751159033294916E+003 -0.751159033294916E+003
 -0.193270570746911E+002  0.705837108391985E+002 -0.499088929602947E+000  0.609411627288012E+000 -0.114467856624657E+002 -0.758030755536516E+003 -0.758030755536516E+003
 -0.192139208795729E+002  0.737393131517839E+002 -0.312002723143965E+000  0.382499232181067E+000 -0.114467856624657E+002 -0.753980553912966E+003 -0.753980553912966E+003
 -0.193583217555973E+002  0.692248150891727E+002 -0.387381743783821E+000  0.469595360677125E+000 -0.114467856624657E+002 -0.753436654057921E+003 -0.753436654057921E+003
 -0.191660838294094E+002  0.769854079563601E+002 -0.527860928501380E+000  0.599515664226397E+000 -0.114467856624657E+002 -0.758852519543969E+003 -0.758852519543969E+003
 -0.192596322144578E+002  0.732900355964813E+002 -0.453439803301485E+000  0.533732686601905E+000 -0.114467856624657E+002 -0.749121367895238E+003 -0.749121367895238E+003
 -0.193246507882104E+002  0.697582651380339E+002 -0.304542407968024E+000  0.320456480461374E+000 -0.114467856624657E+002 -0.760041236149257E+003 -0.760041236149257E+003
 -0.193816261633831E+002  0.689100612221472E+002 -0.406182705512397E+000  0.449689019119863E+000 -0.114467856624657E+002 -0.757683085771085E+003 -0.757683085771085E+003
 -0.193093386054831E+002  0.719468607019667E+002 -0.531988078097327E+000  0.582001404827805E+000 -0.114467856624657E+002 -0.752703621197615E+003 -0.752703621197615E+003
 -0.193605791575718E+002  0.695190405162992E+002 -0.502369099548674E+000  0.575905895150743E+000 -0.114467856624657E+002 -0.760000536320215E+003 -0.760000536320215E+003
 -0.191610048562277E+002  0.759760962831891E+002 -0.391660955470598E+000  0.516397969322319E+000 -0.114467856624657E+002 -0.756835734213791E+003 -0.756835734213791E+003
 -0.191927496569920E+002  0.753265410829063E+002 -0.432989794433084E+000  0.382552046042592E+000 -0.114467856624657E+002 -0.759344552916692E+003 -0.759344552916692E+003
 -0.192411758239833E+002  0.737791760800701E+002 -0.396564719386144E+000  0.445545093457861E+000 -0.114467856624657E+002 -0.755090710247250E+003 -0.755090710247250E+003
 -0.192980697735418E+002  0.716867383837936E+002 -0.384950299641384E+000  0.396820810829102E+000 -0.114467856624657E+002 -0.754463253658531E+003 -0.754463253658531E+003
 -0.191820694841979E+002  0.755589506695655E+002 -0.432555104670762E+000  0.487032775722519E+000 -0.114467856624657E+002 -0.749540145085723E+003 -0.749540145085723E+003
 -0.191724896608890E+002  0.761568354789670E+002 -0.491691592923919E+000  0.519907815164864E+000 -0.114467856624657E+002 -0.754221171075062E+003 -0.754221171075062E+003
 -0.192215459666600E+002  0.737511954076779E+002 -0.434256025600742E+000  0.423983558603468E+000 -0.114467856624657E+002 -0.759272374176673E+003 -0.759272374176673E+003
 -0.192548218418415E+002  0.733702796548492E+002 -0.494856566033258E+000  0.508969755748886E+000 -0.114467856624657E+002 -0.751880035020114E+003 -0.751880035020114E+003
 -0.192892474494144E+002  0.715938911462237E+002 -0.387482029969987E+000  0.427533031609655E+000 -0.114467856624657E+002 -0.748300477119338E+003 -0.748300477119338E+003
 -0.193216491322377E+002  0.712690636682412E+002 -0.520534198167067E+000  0.566823252987127E+000 -0.114467856624657E+002 -0.752761821831350E+003 -0.752761821831350E+003
 -0.193585032835622E+002  0.694581524121406E+002 -0.378169742017313E+000  0.452681359689450E+000 -0.114467856624657E+002 -0.754707872863805E+003 -0.754707872863805E+003
 -0.191708747623203E+002  0.755045388681058E+002 -0.383234597585653E+000  0.415413901442381E+000 -0.114467856624657E+002 -0.752755196846817E+003 -0.752755196846817E+003
 -0.192753013912503E+002  0.723969816263833E+002 -0.420310053661517E+000  0.553727166018557E+000 -0.114467856624657E+002 -0.752236658230253E+003 -0.752236658230253E+003
 -0.192128097687909E+002  0.745676815730779E+002 -0.384985743934578E+000  0.394572755630359E+000 -0.114467856624657E+002 -0.754499795562986E+003 -0.754499795562986E+003
 -0.192325712230342E+002  0.731662610624709E+002 -0.321402452320808E+000  0.450862702184793E+000 -0.114467856624657E+002 -0.755451069476011E+003 -0.755451069476011E+003
 -0.193291440883712E+002  0.701910469749601E+002 -0.392458184929352E+000  0.545463313791209E+000 -0.114467856624657E+002 -0.755753220069802E+003 -0.755753220069802E+003
 -0.193372297840611E+002  0.705689508312754E+002 -0.503841079127176E+000  0.557207381631487E+000 -0.114467856624657E+002 -0.752912859638505E+003 -0.752912859638505E+003
 -0.191786732668133E+002  0.758307664061753E+002 -0.477825292329850E+000  0.520879829611757E+000 -0.114467856624657E+002 -0.751569487323538E+003 -0.751569487323538E+003
 -0.192900785732252E+002  0.723136600702350E+002 -0.500451083766387E+000  0.489253377383042E+000 -0.114467856624657E+002 -0.757365120941793E+003 -0.757365120941793E+003
 -0.192148828345016E+002  0.745251029604158E+002 -0.479400946408805E+000  0.489070494676050E+000 -0.114467856624657E+002 -0.753303388947428E+003 -0.753303388947428E+003
 -0.192304861159767E+002  0.733118731207379E+002 -0.314620014766350E+000  0.427891186673586E+000 -0.114467856624657E+002 -0.756185971950342E+003 -0.756185971950342E+003
 -0.191682177584888E+002  0.752832970725144E+002 -0.390615793842754E+000  0.450183132843476E+000 -0.114467856624657E+002 -0.757197563795289E+003 -0.757197563795289E+003
 -0.191211007909752E+002  0.774755900782437E+002 -0.431367254023430E+000  0.468348385375902E+000 -0.114467856624657E+002 -0.759220948579428E+003 -0.759220948579428E+003
 -0.193318072446423E+002  0.705547025785710E+002 -0.417053687310522E+000  0.565426756148706E+000 -0.114467856624657E+002 -0.758129018859501E+003 -0.758129018859501E+003
 -0.193063368489955E+002  0.715840845809852E+002 -0.525155004667812E+000  0.603493763522348E+000 -0.114467856624657E+002 -0.753296046506204E+003 -0.753296046506204E+003
 -0.191592022326674E+002  0.769770016209622E+002 -0.505597930853613E+000  0.514890437308290E+000 -0.114467856624657E+002 -0.759340102472028E+003 -0.759340102472028E+003
 -0.191944859058706E+002  0.748597632635158E+002 -0.384252761758714E+000  0.328840184784143E+000 -0.114467856624657E+002 -0.758099308363176E+003 -0.758099308363176E+003
 -0.193066159330974E+002  0.713728807137807E+002 -0.381133043804780E+000  0.472023204234501E+000 -0.114467856624657E+002 -0.754572261419263E+003 -0.754572261419263E+003
 -0.193097664756688E+002  0.719761266178201E+002 -0.477243179651409E+000  0.519752743094895E+000 -0.114467856624657E+002 -0.756667993363009E+003 -0.756667993363009E+003
 -0.193638526386072E+002  0.695703924770991E+002 -0.488076627196689E+000  0.543452914231666E+000 -0.114467856624657E+002 -0.755427233723260E+003 -0.755427233723260E+003
 -0.192289502525472E+002  0.729963481560708E+002 -0.329219742224412E+000  0.409289190990774E+000 -0.114467856624657E+002 -0.753336255870936E+003 -0.753336255870936E+003
 -0.193623450669683E+002  0.693754631314890E+002 -0.413980782075996E+000  0.477642762222796E+000 -0.114467856624657E+002 -0.752702898047622E+003 -0.752702898047622E+003
 -0.191608268228254E+002  0.757088157945311E+002 -0.396359111218645E+000  0.413478489592947E+000 -0.114467856624657E+002 -0.757534293981508E+003 -0.757534293981508E+003
 -0.193289800292479E+002  0.699739921090612E+002 -0.400981436504609E+000  0.535704199240898E+000 -0.114467856624657E+002 -0.756087627133524E+003 -0.756087627133524E+003
 -0.192926510218145E+002  0.728815847926654E+002 -0.577461495947856E+000  0.615884777183490E+000 -0.114467856624657E+002 -0.760077518853567E+003 -0.760077518853567E+003
 -0.192108503704349E+002  0.749363647509001E+002 -0.475631503028703E+000  0.556215712572382E+000 -0.114467856624657E+002 -0.749086276902913E+003 -0.749086276902913E+003
 -0.192092511871817E+002  0.748555147941791E+002 -0.412778793188520E+000  0.394515591739435E+000 -0.114467856624657E+002 -0.756190636991373E+003 -0.756190636991373E+003
 -0.192382038248949E+002  0.738787330086004E+002 -0.419928895596501E+000  0.360598278650546E+000 -0.114467856624657E+002 -0.759836663511699E+003 -0.759836663511699E+003
 -0.192245320473107E+002  0.747094521937306E+002 -0.481760512503811E+000  0.583637704194380E+000 -0.114467856624657E+002 -0.754772419199109E+003 -0.754772419199109E+003
 -0.192582961706753E+002  0.729125705797514E+002 -0.398786466295842E+000  0.548315228772243E+000 -0.114467856624657E+002 -0.756825628759397E+003 -0.756825628759397E+003
 -0.192222775878024E+002  0.739325169895841E+002 -0.335809274038675E+000  0.416796073299771E+000 -0.114467856624657E+002 -0.757009678222176E+003 -0.757009678222176E+003
 -0.191873070703105E+002  0.751885076134085E+002 -0.392949766839990E+000  0.359519437778371E+000 -0.114467856624657E+002 -0.756022041063804E+003 -0.756022041063804E+003
 -0.192589284048180E+002  0.720868304866225E+002 -0.348934643765863E+000  0.433639449558662E+000 -0.114467856624657E+002 -0.751514407531774E+003 -0.751514407531774E+003
 -0.192860747848639E+002  0.721642387026306E+002 -0.501130310120635E+000  0.495486706096377E+000 -0.114467856624657E+002 -0.759499081603318E+003 -0.759499081603318E+003
 -0.192640403674623E+002  0.716282662181602E+002 -0.259296253524758E+000  0.358550936533394E+000 -0.114467856624657E+002 -0.759810858350953E+003 -0.759810858350953E+003
 -0.193840147596152E+002  0.689986258904431E+002 -0.415095501764868E+000  0.459290138605224E+000 -0.114467856624657E+002 -0.759542944143150E+003 -0.759542944143150E+003
 -0.193152017166569E+002  0.719531820798351E+002 -0.523159443574641E+000  0.594661642277053E+000 -0.114467856624657E+002 -0.755898909983897E+003 -0.755898909983897E+003
 -0.192909742554455E+002  0.720243344145811E+002 -0.470993487627095E+000  0.502487013070497E+000 -0.114467856624657E+002 -0.748886381690073E+003 -0.748886381690073E+003
 -0.192854865950147E+002  0.720186952358948E+002 -0.397121834484836E+000  0.447153613980302E+000 -0.114467856624657E+002 -0.748987158615501E+003 -0.748987158615501E+003
 -0.193501870201593E+002  0.706323476228227E+002 -0.493431168903065E+000  0.520246014388991E+000 -0.114467856624657E+002 -0.759193988005439E+003 -0.759193988005439E+003
 -0.191951884142906E+002  0.760928783376159E+002 -0.549802998805530E+000  0.631810236685853E+000 -0.114467856624657E+002 -0.759691013857858E+003 -0.759691013857858E+003
 -0.192648845553675E+002  0.733429594617378E+002 -0.449649834429092E+000  0.447963366276063E+000 -0.114467856624657E+002 -0.758286671821033E+003 -0.758286671821033E+003
 -0.192786261301134E+002  0.726219418471099E+002 -0.452559952223938E+000  0.409828583483303E+000 -0.114467856624657E+002 -0.758752792007834E+003 -0.758752792007834E+003
 -0.193311623132400E+002  0.706490882138745E+002 -0.371381350572778E+000  0.417150615458239E+000 -0.114467856624657E+002 -0.760113185654357E+003 -0.760113185654357E+003
 -0.192724933044152E+002  0.728425144106807E+002 -0.494299688783530E+000  0.556467412259450E+000 -0.114467856624657E+002 -0.747267408005638E+003 -0.747267408005638E+003
 -0.191276803191008E+002  0.769599997698009E+002 -0.376316406670792E+000  0.391100820436882E+000 -0.114467856624657E+002 -0.759789102535532E+003 -0.759789102535532E+003
 -0.191995960330972E+002  0.745513007321501E+002 -0.368760703703625E+000  0.321768390382564E+000 -0.114467856624657E+002 -0.756898526960567E+003 -0.756898526960567E+003
 -0.192173687445574E+002  0.742587291694241E+002 -0.398134355893340E+000  0.346528769981594E+000 -0.114467856624657E+002 -0.756713561193765E+003 -0.756713561193765E+003
 -0.193349584524927E+002  0.698538054284360E+002 -0.414932759274764E+000  0.554046204572472E+000 -0.114467856624657E+002 -0.757260144848914E+003 -0.757260144848914E+003
 -0.192829659473065E+002  0.724230304273041E+002 -0.466571193426542E+000  0.530341090436605E+000 -0.114467856624657E+002 -0.746864785890506E+003 -0.746864785890506E+003
 -0.192956574037474E+002  0.716446673894329E+002 -0.369026195584018E+000  0.330569903362321E+000 -0.114467856624657E+002 -0.758034033108871E+003 -0.758034033108871E+003
 -0.191456267544893E+002  0.767696654457871E+002 -0.437308390568801E+000  0.429186658491732E+000 -0.114467856624657E+002 -0.758744889454605E+003 -0.758744889454605E+003
 -0.191598224797312E+002  0.760645708674472E+002 -0.347913023878009E+000  0.400184247821151E+000 -0.114467856624657E+002 -0.758117961006134E+003 -0.758117961006134E+003
 -0.192630739012193E+002  0.726260346591180E+002 -0.421956990862820E+000  0.497120489661029E+000 -0.114467856624657E+002 -0.745674530890795E+003 -0.745674530890795E+003
 -0.193161889448284E+002  0.701097307097295E+002 -0.282475809682935E+000  0.367732752333416E+000 -0.114467856624657E+002 -0.758620306678801E+003 -0.758620306678801E+003
 -0.191921648589760E+002  0.758547589480850E+002 -0.523546242525986E+000  0.626202833402112E+000 -0.114467856624657E+002 -0.758198284586489E+003 -0.758198284586489E+003
 -0.193148624378538E+002  0.706508878541600E+002 -0.423505050827587E+000  0.434850226574972E+000 -0.114467856624657E+002 -0.756030774679084E+003 -0.756030774679084E+003
 -0.192913289331768E+002  0.717391550867540E+002 -0.345186044584704E+000  0.357309009562482E+000 -0.114467856624657E+002 -0.757713894093697E+003 -0.757713894093697E+003
 -0.193728409062742E+002  0.688327491173858E+002 -0.420858664459457E+000  0.453982435584414E+000 -0.114467856624657E+002 -0.758683808070311E+003 -0.758683808070311E+003
 -0.191752037310779E+002  0.754747394015851E+002 -0.403045378306941E+000  0.465752694416457E+000 -0.114467856624657E+002 -0.750691336792234E+003 -0.750691336792234E+003
 -0.193857553708195E+002  0.684353928700102E+002 -0.387545476656982E+000  0.445157853907022E+000 -0.114467856624657E+002 -0.757553488976542E+003 -0.757553488976542E+003
 -0.191616008770731E+002  0.757595573152516E+002 -0.415577967204915E+000  0.418979937090303E+000 -0.114467856624657E+002 -0.759717155043580E+003 -0.759717155043580E+003
 -0.193398211895217E+002  0.698896089819025E+002 -0.437285205740428E+000  0.460122937476438E+000 -0.114467856624657E+002 -0.757893979153806E+003 -0.757893979153806E+003
 -0.192960374148490E+002  0.714228539733996E+002 -0.411134508038604E+000  0.531150787172736E+000 -0.114467856624657E+002 -0.748981914358596E+003 -0.748981914358596E+003
 -0.193325047995884E+002  0.699191949041583E+002 -0.390482318248418E+000  0.458730927676022E+000 -0.114467856624657E+002 -0.752734262707114E+003 -0.752734262707114E+003
 -0.192417710108701E+002  0.736704007226460E+002 -0.426851018378469E+000  0.531549993101484E+000 -0.114467856624657E+002 -0.750163899272609E+003 -0.750163899272609E+003
 -0.193176217674942E+002  0.711006165730620E+002 -0.397433042502173E+000  0.519495144485510E+000 -0.114467856624657E+002 -0.757243780786441E+003 -0.757243780786441E+003
 -0.193032637761767E+002  0.712140992605069E+002 -0.322938847344339E+000  0.357173104767966E+000 -0.114467856624657E+002 -0.759664297892057E+003 -0.759664297892057E+003
 -0.191797725737955E+002  0.754285114389157E+002 -0.378208545049094E+000  0.394617853751166E+000 -0.114467856624657E+002 -0.753152612690331E+003 -0.753152612690331E+003
 -0.192302906906199E+002  0.739961084376018E+002 -0.467046323597532E+000  0.552006217253247E+000 -0.114467856624657E+002 -0.746930856020538E+003 -0.746930856020538E+003
 -0.192240425592199E+002  0.739540257163177E+002 -0.490023953166820E+000  0.603666719820414E+000 -0.114467856624657E+002 -0.757284688282643E+003 -0.757284688282643E+003
 -0.193061746647975E+002  0.719429990495961E+002 -0.508089616841803E+000  0.502753224671110E+000 -0.114467856624657E+002 -0.758162283491820E+003 -0.758162283491820E+003
 -0.191514055900723E+002  0.758788033763701E+002 -0.337686298446521E+000  0.445466841959571E+000 -0.114467856624657E+002 -0.758891749724669E+003 -0.758891749724669E+003
 -0.191886276749120E+002  0.743674439402709E+002 -0.330236704445059E+000  0.323492444448851E+000 -0.114467856624657E+002 -0.759295379973895E+003 -0.759295379973895E+003
 -0.191779551716166E+002  0.746065410325386E+002 -0.303452308671925E+000  0.410408886570139E+000 -0.114467856624657E+002 -0.759705908474091E+003 -0.759705908474091E+003
 -0.192462034145211E+002  0.738257255691583E+002 -0.514287574593316E+000  0.617174253866658E+000 -0.114467856624657E+002 -0.752282104732582E+003 -0.752282104732582E+003
 -0.192453748526047E+002  0.740715838060362E+002 -0.561412200836432E+000  0.614464724904236E+000 -0.114467856624657E+002 -0.755012443584681E+003 -0.755012443584681E+003
 -0.192346282722565E+002  0.725201581270470E+002 -0.278025010476610E+000  0.366309981066088E+000 -0.114467856624657E+002 -0.758732152951024E+003 -0.758732152951024E+003
 -0.192274073056451E+002  0.733549363361851E+002 -0.314297051558729E+000  0.410682779594975E+000 -0.114467856624657E+002 -0.754462091878250E+003 -0.754462091878250E+003
 -0.193520437501063E+002  0.692224805952701E+002 -0.388286539193267E+000  0.428109831079229E+000 -0.114467856624657E+002 -0.758031451016034E+003 -0.758031451016034E+003
 -0.193380573937057E+002  0.706243196134584E+002 -0.504141475720273E+000  0.515205561597951E+000 -0.114467856624657E+002 -0.758023746718312E+003 -0.758023746718312E+003
 -0.191919967884945E+002  0.745128288520168E+002 -0.366629800108212E+000  0.393776300893753E+000 -0.114467856624657E+002 -0.753650612200706E+003 -0.753650612200706E+003
 -0.193193624769937E+002  0.705114075847403E+002 -0.466350256526772E+000  0.586685646335672E+000 -0.114467856624657E+002 -0.759686641013214E+003 -0.759686641013214E+003
 -0.193007101718324E+002  0.703766926588550E+002 -0.325384815938907E+000  0.432053900245077E+000 -0.114467856624657E+002 -0.759525722247227E+003 -0.759525722247227E+003
 -0.192568544532180E+002  0.738300146999094E+002 -0.536467872959559E+000  0.636748439343403E+000 -0.114467856624657E+002 -0.757163510673431E+003 -0.757163510673431E+003
 -0.192427197445546E+002  0.727448991544157E+002 -0.287867366042696E+000  0.292721526613553E+000 -0.114467856624657E+002 -0.757096889415051E+003 -0.757096889415051E+003
 -0.192183387562976E+002  0.737831086439211E+002 -0.417690190398389E+000  0.485198525333534E+000 -0.114467856624657E+002 -0.750843973450713E+003 -0.750843973450713E+003
 -0.193012276764701E+002  0.711587668544329E+002 -0.439581913241412E+000  0.587498482497130E+000 -0.114467856624657E+002 -0.756960917201909E+003 -0.756960917201909E+003
 -0.193586931789747E+002  0.695386438282445E+002 -0.421226921366461E+000  0.559898508599803E+000 -0.114467856624657E+002 -0.756439229568129E+003 -0.756439229568129E+003
 -0.193550343997277E+002  0.705653077319205E+002 -0.561450768824130E+000  0.617967900106270E+000 -0.114467856624657E+002 -0.759607602576114E+003 -0.759607602576114E+003
 -0.193373766392091E+002  0.698172796150660E+002 -0.409254332350795E+000  0.465740755348057E+000 -0.114467856624657E+002 -0.754230035875450E+003 -0.754230035875450E+003
 -0.192318654790747E+002  0.726828145834523E+002 -0.307237977211557E+000  0.319198523448636E+000 -0.114467856624657E+002 -0.759561272526673E+003 -0.759561272526673E+003
 -0.192945927543372E+002  0.714251549169826E+002 -0.458297435953804E+000  0.567669411667326E+000 -0.114467856624657E+002 -0.752558709169108E+003 -0.752558709169108E+003
 -0.193517884164720E+002  0.694230061719285E+002 -0.374313051903320E+000  0.386780403739011E+000 -0.114467856624657E+002 -0.756442621437932E+003 -0.756442621437932E+003
 -0.191790552982764E+002  0.751859101384858E+002 -0.450522281690601E+000  0.505020780965273E+000 -0.114467856624657E+002 -0.758493454042136E+003 -0.758493454042136E+003
 -0.192427394125221E+002  0.735777114181034E+002 -0.469746489652178E+000  0.525047260371241E+000 -0.114467856624657E+002 -0.746678818737938E+003 -0.746678818737938E+003
 -0.192610305916929E+002  0.729591776935116E+002 -0.381540879861895E+000  0.393565895049745E+000 -0.114467856624657E+002 -0.754750219658020E+003 -0.754750219658020E+003
 -0.192411613582174E+002  0.737659613650873E+002 -0.448292283827692E+000  0.428896430609360E+000 -0.114467856624657E+002 -0.753673420772610E+003 -0.753673420772610E+003
 -0.192368918942660E+002  0.738820190619184E+002 -0.470405660433680E+000  0.554613349930825E+000 -0.114467856624657E+002 -0.746817558351625E+003 -0.746817558351625E+003
 -0.192813039355094E+002  0.718872413336676E+002 -0.417329112440537E+000  0.495665463614452E+000 -0.114467856624657E+002 -0.746572133436189E+003 -0.746572133436189E+003
 -0.192632636740497E+002  0.721825224531332E+002 -0.414446680292540E+000  0.486715137606843E+000 -0.114467856624657E+002 -0.751510613815162E+003 -0.751510613815162E+003
 -0.192953750040720E+002  0.717781417949568E+002 -0.492919808018176E+000  0.519706994191202E+000 -0.114467856624657E+002 -0.753774191648183E+003 -0.753774191648183E+003
 -0.193347389219056E+002  0.698928097821764E+002 -0.327789674009005E+000  0.418652225214055E+000 -0.114467856624657E+002 -0.755946965375498E+003 -0.755946965375498E+003
 -0.191284610212689E+002  0.773460961844353E+002 -0.452415161829432E+000  0.480929230502131E+000 -0.114467856624657E+002 -0.759024108351736E+003 -0.759024108351736E+003
 -0.192126417952185E+002  0.734974115458290E+002 -0.380809802832584E+000  0.497200767233634E+000 -0.114467856624657E+002 -0.760100264372105E+003 -0.760100264372105E+003
 -0.191800098133110E+002  0.759538517207039E+002 -0.474285067979064E+000  0.495720129670639E+000 -0.114467856624657E+002 -0.752820716468605E+003 -0.752820716468605E+003
 -0.192081579600726E+002  0.744711712528041E+002 -0.410449803760202E+000  0.470308062703085E+000 -0.114467856624657E+002 -0.747596379559390E+003 -0.747596379559390E+003
 -0.192836846668840E+002  0.716280907396179E+002 -0.409180909784815E+000  0.398398483495033E+000 -0.114467856624657E+002 -0.756075920902223E+003 -0.756075920902223E+003
 -0.191722619065316E+002  0.754280901088040E+002 -0.389998284755958E+000  0.481350454699887E+000 -0.114467856624657E+002 -0.752359942925915E+003 -0.752359942925915E+003
 -0.191592210540432E+002  0.763243255648860E+002 -0.413295566960855E+000  0.453579539501106E+000 -0.114467856624657E+002 -0.753042223060032E+003 -0.753042223060032E+003
 -0.191710446744482E+002  0.756565428607465E+002 -0.391108238042692E+000  0.427346197100393E+000 -0.114467856624657E+002 -0.751960911091429E+003 -0.751960911091429E+003
 -0.193545205042887E+002  0.699180428766118E+002 -0.443081917752032E+000  0.468179852472868E+000 -0.114467856624657E+002 -0.754200991924178E+003 -0.754200991924178E+003
 -0.192176394882904E+002  0.743002394708373E+002 -0.509399121195579E+000  0.614425063386031E+000 -0.114467856624657E+002 -0.758403024394542E+003 -0.758403024394542E+003
 -0.191420875059962E+002  0.765064283638653E+002 -0.347051887540449E+000  0.338954210424371E+000 -0.114467856624657E+002 -0.759942681070702E+003 -0.759942681070702E+003
 -0.191804744506439E+002  0.749508633114595E+002 -0.339790118117703E+000  0.399810967094625E+000 -0.114467856624657E+002 -0.753612612452902E+003 -0.753612612452902E+003
 -0.192068946908847E+002  0.747467618021101E+002 -0.470264701502067E+000  0.610983780386812E+000 -0.114467856624657E+002 -0.759675752771421E+003 -0.759675752771421E+003
 -0.191847628805053E+002  0.747654262313278E+002 -0.379627381846544E+000  0.369666220261919E+000 -0.114467856624657E+002 -0.758496235487652E+003 -0.758496235487652E+003
 -0.192811383173445E+002  0.717936390142409E+002 -0.396272072582417E+000  0.389605636399944E+000 -0.114467856624657E+002 -0.752570777864948E+003 -0.752570777864948E+003
 -0.191941674627397E+002  0.753740726575644E+002 -0.423305599725292E+000  0.379362250653893E+000 -0.114467856624657E+002 -0.759135223476394E+003 -0.759135223476394E+003
 -0.191682042105510E+002  0.762251848967764E+002 -0.430742099914967E+000  0.507916454628714E+000 -0.114467856624657E+002 -0.753261458140386E+003 -0.753261458140386E+003
 -0.192476330384080E+002  0.734447085590988E+002 -0.518355641080734E+000  0.536047144286553E+000 -0.114467856624657E+002 -0.758808602905630E+003 -0.758808602905630E+003
 -0.192404742920519E+002  0.740823385899673E+002 -0.531882038127373E+000  0.545267305403527E+000 -0.114467856624657E+002 -0.756287417056856E+003 -0.756287417056856E+003
 -0.192957009978949E+002  0.711390262688997E+002 -0.398242940944376E+000  0.418560828582676E+000 -0.114467856624657E+002 -0.753617133207198E+003 -0.753617133207198E+003
 -0.192256624661556E+002  0.733836613622934E+002 -0.304984705368652E+000  0.302595644104919E+000 -0.114467856624657E+002 -0.755790618525053E+003 -0.755790618525053E+003
 -0.191854153698350E+002  0.756879355507708E+002 -0.474095365111756E+000  0.592806880311704E+000 -0.114467856624657E+002 -0.755974377764526E+003 -0.755974377764526E+003
 -0.192585924898161E+002  0.728135984455916E+002 -0.342979534050341E+000  0.374554986813296E+000 -0.114467856624657E+002 -0.756490928544207E+003 -0.756490928544207E+003
 -0.192465804613840E+002  0.726674964221616E+002 -0.370821572216406E+000  0.516422387801695E+000 -0.114467856624657E+002 -0.753697892054204E+003 -0.753697892054204E+003
 -0.191905366373797E+002  0.749318395538099E+002 -0.390594769907612E+000  0.457493414896323E+000 -0.114467856624657E+002 -0.749535662283676E+003 -0.749535662283676E+003
 -0.191713150365528E+002  0.761366308630045E+002 -0.421687667787080E+000  0.390763618529673E+000 -0.114467856624657E+002 -0.759059601514655E+003 -0.759059601514655E+003
