 -0.192608012606861E+002  0.728787217206771E+002 -0.440122700752981E+000  0.508898324989452E+000 -0.114467856624657E+002 -0.745510083020485E+003 -0.745510083020485E+003
 -0.192596683261044E+002  0.728806269744325E+002 -0.435732140529794E+000  0.509876947716014E+000 -0.114467856624657E+002 -0.745510057595066E+003 -0.745510057595066E+003
 -0.192541885336428E+002  0.730610255759701E+002 -0.441369463584870E+000  0.517710808856203E+000 -0.114467856624657E+002 -0.745534416931926E+003 -0.745534416931926E+003
 -0.192638278864851E+002  0.727710746838040E+002 -0.442907651647154E+000  0.517780118216768E+000 -0.114467856624657E+002 -0.745497854815597E+003 -0.745497854815597E+003
 -0.192616557966846E+002  0.728221932615531E+002 -0.443035408265053E+000  0.519827999199423E+000 -0.114467856624657E+002 -0.745510062910617E+003 -0.745510062910617E+003
 -0.192547538742544E+002  0.729976272674369E+002 -0.437042599093082E+000  0.509005718015207E+000 -0.114467856624657E+002 -0.745532370523788E+003 -0.745532370523788E+003
 -0.192590730193927E+002  0.729269218863171E+002 -0.441096499742968E+000  0.515156994738112E+000 -0.114467856624657E+002 -0.745493443720787E+003 -0.745493443720787E+003
 -0.192551957264928E+002  0.730133542140299E+002 -0.440370869393881E+000  0.517274392113115E+000 -0.114467856624657E+002 -0.745536951739222E+003 -0.745536951739222E+003
 -0.192645652345004E+002  0.727571984001115E+002 -0.446712536143975E+000  0.520640818676220E+000 -0.114467856624657E+002 -0.745509384892460E+003 -0.745509384892460E+003
 -0.192594385441218E+002  0.729598187205240E+002 -0.446807344600463E+000  0.520474649756038E+000 -0.114467856624657E+002 -0.745528412045930E+003 -0.745528412045930E+003
 -0.192590373534559E+002  0.728526006924571E+002 -0.431355739137627E+000  0.498807000442345E+000 -0.114467856624657E+002 -0.745535171130202E+003 -0.745535171130202E+003
 -0.192642811057677E+002  0.727577607554617E+002 -0.444852429598936E+000  0.511216653819377E+000 -0.114467856624657E+002 -0.745536033423590E+003 -0.745536033423590E+003
 -0.192555940110832E+002  0.730349025971638E+002 -0.440551887173754E+000  0.511978406037180E+000 -0.114467856624657E+002 -0.745492884141634E+003 -0.745492884141634E+003
 -0.192617792893748E+002  0.728833229893115E+002 -0.450968122180626E+000  0.523749542122038E+000 -0.114467856624657E+002 -0.745537197520814E+003 -0.745537197520814E+003
 -0.192634377465299E+002  0.728226111538103E+002 -0.445071871571546E+000  0.514724486566279E+000 -0.114467856624657E+002 -0.745527101419277E+003 -0.745527101419277E+003
 -0.192613033774808E+002  0.728920603774162E+002 -0.445365438964523E+000  0.515465299914037E+000 -0.114467856624657E+002 -0.745515310146811E+003 -0.745515310146811E+003
 -0.192611552363189E+002  0.729107513361781E+002 -0.450408371763448E+000  0.521979332510041E+000 -0.114467856624657E+002 -0.745532994764190E+003 -0.745532994764190E+003
 -0.192618223327249E+002  0.728779838117869E+002 -0.444684486734923E+000  0.518172104462113E+000 -0.114467856624657E+002 -0.745536598330239E+003 -0.745536598330239E+003
 -0.192624327930394E+002  0.727833302542604E+002 -0.435371348302153E+000  0.504175646275986E+000 -0.114467856624657E+002 -0.745508831980714E+003 -0.745508831980714E+003
 -0.192667783826027E+002  0.725993053309576E+002 -0.432647825496957E+000  0.503453400076268E+000 -0.114467856624657E+002 -0.745530842226970E+003 -0.745530842226970E+003
 -0.192647711600468E+002  0.727501124377778E+002 -0.445164623251035E+000  0.515925379872701E+000 -0.114467856624657E+002 -0.745499565342267E+003 -0.745499565342267E+003
 -0.192649947626450E+002  0.726657308584714E+002 -0.437916929368425E+000  0.511600191477111E+000 -0.114467856624657E+002 -0.745509648757815E+003 -0.745509648757815E+003
 -0.192589590601490E+002  0.729176734586352E+002 -0.443518470096756E+000  0.509262155515474E+000 -0.114467856624657E+002 -0.745537335566788E+003 -0.745537335566788E+003
 -0.192642562615177E+002  0.727427102314280E+002 -0.443878414526769E+000  0.520513795368109E+000 -0.114467856624657E+002 -0.745515207755254E+003 -0.745515207755254E+003
 -0.192632497110049E+002  0.728020269167540E+002 -0.447588797276546E+000  0.517949518205420E+000 -0.114467856624657E+002 -0.745513384292675E+003 -0.745513384292675E+003
 -0.192659606181068E+002  0.726436702050288E+002 -0.434746068456635E+000  0.509482949968493E+000 -0.114467856624657E+002 -0.745513897612864E+003 -0.745513897612864E+003
 -0.192545533240746E+002  0.730239487469319E+002 -0.438542530848326E+000  0.514977374543846E+000 -0.114467856624657E+002 -0.745535922012555E+003 -0.745535922012555E+003
 -0.192614405360989E+002  0.728270908508229E+002 -0.445254824875715E+000  0.517986766543384E+000 -0.114467856624657E+002 -0.745515418939283E+003 -0.745515418939283E+003
 -0.192524274345104E+002  0.730784562953326E+002 -0.433752272285895E+000  0.504473662673286E+000 -0.114467856624657E+002 -0.745536762849869E+003 -0.745536762849869E+003
 -0.192602667677824E+002  0.728739693779560E+002 -0.438624190044155E+000  0.506685357374784E+000 -0.114467856624657E+002 -0.745498080823574E+003 -0.745498080823574E+003
 -0.192556325655135E+002  0.730240633504694E+002 -0.436930378030454E+000  0.510790819264778E+000 -0.114467856624657E+002 -0.745520925842001E+003 -0.745520925842001E+003
 -0.192565835307928E+002  0.729375361776986E+002 -0.433709915602797E+000  0.508508300683054E+000 -0.114467856624657E+002 -0.745514802407642E+003 -0.745514802407642E+003
 -0.192614872224505E+002  0.728529772084731E+002 -0.440574446438970E+000  0.516843830662786E+000 -0.114467856624657E+002 -0.745528945782784E+003 -0.745528945782784E+003
 -0.192569402756607E+002  0.729771180135728E+002 -0.442771487675776E+000  0.515119275799691E+000 -0.114467856624657E+002 -0.745494283983609E+003 -0.745494283983609E+003
 -0.192537635906035E+002  0.731243103557871E+002 -0.446279763893022E+000  0.516469125176703E+000 -0.114467856624657E+002 -0.745526573384571E+003 -0.745526573384571E+003
 -0.192676183826089E+002  0.725960870067612E+002 -0.438860499460387E+000  0.508515354476023E+000 -0.114467856624657E+002 -0.745525259846489E+003 -0.745525259846489E+003
 -0.192659013446687E+002  0.726556750419471E+002 -0.438148171240334E+000  0.512330489090893E+000 -0.114467856624657E+002 -0.745497834125296E+003 -0.745497834125296E+003
 -0.192653588427946E+002  0.726781450963844E+002 -0.437623484030508E+000  0.506317884317299E+000 -0.114467856624657E+002 -0.745507798818801E+003 -0.745507798818801E+003
 -0.192636004083573E+002  0.727117608292004E+002 -0.433831320758898E+000  0.508175096216821E+000 -0.114467856624657E+002 -0.745503958895957E+003 -0.745503958895957E+003
 -0.192665060053087E+002  0.726424841526458E+002 -0.437025224627606E+000  0.508567760373496E+000 -0.114467856624657E+002 -0.745502639665376E+003 -0.745502639665376E+003
 -0.192581024034675E+002  0.729363637769989E+002 -0.442635647600840E+000  0.512831080953720E+000 -0.114467856624657E+002 -0.745494986888367E+003 -0.745494986888367E+003
 -0.192585285264235E+002  0.729128579667553E+002 -0.440392612160369E+000  0.517778678452374E+000 -0.114467856624657E+002 -0.745516207303901E+003 -0.745516207303901E+003
 -0.192595416082477E+002  0.728300366860853E+002 -0.431819308908176E+000  0.500516918394490E+000 -0.114467856624657E+002 -0.745523811415686E+003 -0.745523811415686E+003
 -0.192590428903970E+002  0.729102546237112E+002 -0.444643994108866E+000  0.513333347322147E+000 -0.114467856624657E+002 -0.745521700018404E+003 -0.745521700018404E+003
 -0.192536089755083E+002  0.730567556625057E+002 -0.438048880763168E+000  0.508488547776823E+000 -0.114467856624657E+002 -0.745519396034987E+003 -0.745519396034987E+003
 -0.192588672083131E+002  0.728536953074534E+002 -0.433831065550669E+000  0.505319022028986E+000 -0.114467856624657E+002 -0.745506015698631E+003 -0.745506015698631E+003
 -0.192595421321369E+002  0.728516905713666E+002 -0.437675258438770E+000  0.512480046537704E+000 -0.114467856624657E+002 -0.745497504093569E+003 -0.745497504093569E+003
 -0.192621548436828E+002  0.727956399278580E+002 -0.436321596966567E+000  0.508854183422041E+000 -0.114467856624657E+002 -0.745493213540725E+003 -0.745493213540725E+003
 -0.192608065357192E+002  0.728730328978692E+002 -0.437424822556945E+000  0.507966781749980E+000 -0.114467856624657E+002 -0.745533504374749E+003 -0.745533504374749E+003
 -0.192669609240495E+002  0.726660515708521E+002 -0.441565511852180E+000  0.518040258870101E+000 -0.114467856624657E+002 -0.745535449379663E+003 -0.745535449379663E+003
 -0.192570602196079E+002  0.729357410961400E+002 -0.434492401727382E+000  0.510182834905503E+000 -0.114467856624657E+002 -0.745514219450188E+003 -0.745514219450188E+003
 -0.192587921553730E+002  0.729035467947661E+002 -0.437224817719928E+000  0.506881385668426E+000 -0.114467856624657E+002 -0.745485482049903E+003 -0.745485482049903E+003
 -0.192657802421542E+002  0.726681810876199E+002 -0.433665042289611E+000  0.505468045603390E+000 -0.114467856624657E+002 -0.745537245913589E+003 -0.745537245913589E+003
 -0.192647879380983E+002  0.726817438056876E+002 -0.439492704196510E+000  0.517410737167610E+000 -0.114467856624657E+002 -0.745535779071155E+003 -0.745535779071155E+003
 -0.192511526450766E+002  0.731587501205242E+002 -0.440249377208173E+000  0.512755945067812E+000 -0.114467856624657E+002 -0.745536491865121E+003 -0.745536491865121E+003
 -0.192561775924295E+002  0.729962830483744E+002 -0.439826056179529E+000  0.507865795505577E+000 -0.114467856624657E+002 -0.745502912245964E+003 -0.745502912245964E+003
 -0.192572198518394E+002  0.729157585566010E+002 -0.436705025803256E+000  0.513119676849790E+000 -0.114467856624657E+002 -0.745530017094636E+003 -0.745530017094636E+003
 -0.192556208008967E+002  0.730346754438689E+002 -0.438166801959760E+000  0.507515082625524E+000 -0.114467856624657E+002 -0.745512681897252E+003 -0.745512681897252E+003
 -0.192635479333858E+002  0.727839494117316E+002 -0.446180000305611E+000  0.523583016838361E+000 -0.114467856624657E+002 -0.745534930560018E+003 -0.745534930560018E+003
 -0.192553226743526E+002  0.729759137747609E+002 -0.432334269575895E+000  0.504522743756986E+000 -0.114467856624657E+002 -0.745519792470512E+003 -0.745519792470512E+003
 -0.192638900334064E+002  0.727814890616260E+002 -0.447231065720401E+000  0.522645069328110E+000 -0.114467856624657E+002 -0.745520738656001E+003 -0.745520738656001E+003
 -0.192571018495227E+002  0.729391510097828E+002 -0.439585432811543E+000  0.510654269842369E+000 -0.114467856624657E+002 -0.745508760149287E+003 -0.745508760149287E+003
 -0.192638011868789E+002  0.727696669234705E+002 -0.444925062221115E+000  0.518776502692317E+000 -0.114467856624657E+002 -0.745495917064001E+003 -0.745495917064001E+003
 -0.192542457276638E+002  0.730723342928364E+002 -0.439268471207466E+000  0.515282771510091E+000 -0.114467856624657E+002 -0.745533062890279E+003 -0.745533062890279E+003
 -0.192541458708771E+002  0.730995143901522E+002 -0.442219107095695E+000  0.515699170971843E+000 -0.114467856624657E+002 -0.745519322148475E+003 -0.745519322148475E+003
 -0.192582589751318E+002  0.729801931349553E+002 -0.445429552197812E+000  0.521093225642604E+000 -0.114467856624657E+002 -0.745526476754643E+003 -0.745526476754643E+003
 -0.192636140969351E+002  0.727479970656710E+002 -0.434686898263154E+000  0.504574138785730E+000 -0.114467856624657E+002 -0.745523107191042E+003 -0.745523107191042E+003
 -0.192583014259760E+002  0.729929411547261E+002 -0.446346961156104E+000  0.519395857924561E+000 -0.114467856624657E+002 -0.745520767248321E+003 -0.745520767248321E+003
 -0.192647108038071E+002  0.726792442929136E+002 -0.438979045655009E+000  0.514537673702868E+000 -0.114467856624657E+002 -0.745517082499103E+003 -0.745517082499103E+003
 -0.192589995269564E+002  0.729013579949448E+002 -0.439298534695457E+000  0.513087680295095E+000 -0.114467856624657E+002 -0.745480171173032E+003 -0.745480171173032E+003
 -0.192572329558110E+002  0.729819503911636E+002 -0.444179929347554E+000  0.517923067591579E+000 -0.114467856624657E+002 -0.745498092827986E+003 -0.745498092827986E+003
 -0.192573449694958E+002  0.729458523340409E+002 -0.443022550307491E+000  0.514146244649552E+000 -0.114467856624657E+002 -0.745525992993797E+003 -0.745525992993797E+003
 -0.192515087053863E+002  0.731225654202372E+002 -0.435112782859597E+000  0.506833342609513E+000 -0.114467856624657E+002 -0.745536156642436E+003 -0.745536156642436E+003
 -0.192585053458004E+002  0.729357582828695E+002 -0.445596224861010E+000  0.517300563738949E+000 -0.114467856624657E+002 -0.745508552495013E+003 -0.745508552495013E+003
 -0.192617055047032E+002  0.728499193737325E+002 -0.440735192047764E+000  0.508818803356021E+000 -0.114467856624657E+002 -0.745512134022397E+003 -0.745512134022397E+003
 -0.192691859556433E+002  0.725500563862222E+002 -0.438370775951831E+000  0.512737344007244E+000 -0.114467856624657E+002 -0.745525069267308E+003 -0.745525069267308E+003
 -0.192642152450114E+002  0.726762463490924E+002 -0.430580571352803E+000  0.504464262936930E+000 -0.114467856624657E+002 -0.745531132109906E+003 -0.745531132109906E+003
 -0.192594060537239E+002  0.729359044684902E+002 -0.443357972575992E+000  0.512894334377568E+000 -0.114467856624657E+002 -0.745497945647846E+003 -0.745497945647846E+003
 -0.192664599647186E+002  0.726496618185670E+002 -0.442396985369325E+000  0.518326506703882E+000 -0.114467856624657E+002 -0.745521646506631E+003 -0.745521646506631E+003
 -0.192592921735259E+002  0.728421490442128E+002 -0.430783161766406E+000  0.502087296110510E+000 -0.114467856624657E+002 -0.745517184092856E+003 -0.745517184092856E+003
 -0.192631970116993E+002  0.727294014250973E+002 -0.435157050271598E+000  0.511089277663677E+000 -0.114467856624657E+002 -0.745506046721194E+003 -0.745506046721194E+003
 -0.192641712386138E+002  0.727348598575471E+002 -0.440697709968539E+000  0.511062652335008E+000 -0.114467856624657E+002 -0.745486403629955E+003 -0.745486403629955E+003
 -0.192592036614230E+002  0.729035884093968E+002 -0.442765458347316E+000  0.517433970969322E+000 -0.114467856624657E+002 -0.745492367669295E+003 -0.745492367669295E+003
 -0.192559995931404E+002  0.730257988085150E+002 -0.445060072718056E+000  0.514408890769127E+000 -0.114467856624657E+002 -0.745514560239626E+003 -0.745514560239626E+003
 -0.192528557485474E+002  0.730848376421317E+002 -0.436963132642336E+000  0.506229049775197E+000 -0.114467856624657E+002 -0.745524334380992E+003 -0.745524334380992E+003
 -0.192586246678998E+002  0.729878923200598E+002 -0.446860544674000E+000  0.520602936430576E+000 -0.114467856624657E+002 -0.745532410376946E+003 -0.745532410376946E+003
 -0.192628093142254E+002  0.727535313840821E+002 -0.437549155912593E+000  0.504783875770122E+000 -0.114467856624657E+002 -0.745516397895023E+003 -0.745516397895023E+003
 -0.192538931445616E+002  0.730942511767552E+002 -0.438168053347020E+000  0.508493570823977E+000 -0.114467856624657E+002 -0.745525091263522E+003 -0.745525091263522E+003
 -0.192604422965145E+002  0.728878671195612E+002 -0.447910054299199E+000  0.519411196512879E+000 -0.114467856624657E+002 -0.745518168424264E+003 -0.745518168424264E+003
 -0.192584702600359E+002  0.728986902860248E+002 -0.433516855201439E+000  0.507540349940282E+000 -0.114467856624657E+002 -0.745511709839643E+003 -0.745511709839643E+003
 -0.192622760067885E+002  0.727325786777672E+002 -0.434184130979205E+000  0.511218292001004E+000 -0.114467856624657E+002 -0.745534566301508E+003 -0.745534566301508E+003
 -0.192606339849617E+002  0.728364752526536E+002 -0.439304647782244E+000  0.516690916308923E+000 -0.114467856624657E+002 -0.745510252007332E+003 -0.745510252007332E+003
 -0.192612419130017E+002  0.727665060035146E+002 -0.436336335124977E+000  0.508791885547196E+000 -0.114467856624657E+002 -0.745534604323640E+003 -0.745534604323640E+003
 -0.192647177008095E+002  0.727355845274932E+002 -0.438634321005631E+000  0.507505418309250E+000 -0.114467856624657E+002 -0.745519403549469E+003 -0.745519403549469E+003
 -0.192572769599012E+002  0.729995097603019E+002 -0.443499318834992E+000  0.514011035629768E+000 -0.114467856624657E+002 -0.745493049741277E+003 -0.745493049741277E+003
 -0.192569150897762E+002  0.730446882174142E+002 -0.445580275277822E+000  0.515311192668339E+000 -0.114467856624657E+002 -0.745532506708812E+003 -0.745532506708812E+003
 -0.192631995607317E+002  0.728065864045892E+002 -0.443893893045852E+000  0.511416319931524E+000 -0.114467856624657E+002 -0.745513739146247E+003 -0.745513739146247E+003
 -0.192606879541958E+002  0.728470448595017E+002 -0.436559808590711E+000  0.513466857484678E+000 -0.114467856624657E+002 -0.745527806045692E+003 -0.745527806045692E+003
 -0.192633675169931E+002  0.727113802712176E+002 -0.434845238093854E+000  0.510301560424137E+000 -0.114467856624657E+002 -0.745508884062588E+003 -0.745508884062588E+003
 -0.192555460436283E+002  0.729633441776593E+002 -0.433981162227876E+000  0.506080838010037E+000 -0.114467856624657E+002 -0.745520609040760E+003 -0.745520609040760E+003
 -0.192605883922306E+002  0.728402623731986E+002 -0.442778533503928E+000  0.513081209229730E+000 -0.114467856624657E+002 -0.745513116192782E+003 -0.745513116192782E+003
 -0.192582938181214E+002  0.729775528943261E+002 -0.449220765015041E+000  0.520696739618455E+000 -0.114467856624657E+002 -0.745525052208569E+003 -0.745525052208569E+003
 -0.192523572895197E+002  0.731019613303406E+002 -0.436804433293234E+000  0.505598774035128E+000 -0.114467856624657E+002 -0.745531399457653E+003 -0.745531399457653E+003
 -0.192586930381875E+002  0.729390402919785E+002 -0.445905664435523E+000  0.520849007681657E+000 -0.114467856624657E+002 -0.745511766329384E+003 -0.745511766329384E+003
 -0.192595687152710E+002  0.729025937215774E+002 -0.446280508823952E+000  0.515556447204397E+000 -0.114467856624657E+002 -0.745525222827913E+003 -0.745525222827913E+003
 -0.192615513248599E+002  0.727891153272388E+002 -0.441184520982512E+000  0.516354196676438E+000 -0.114467856624657E+002 -0.745525530932479E+003 -0.745525530932479E+003
 -0.192588109693035E+002  0.729467814225235E+002 -0.445517257879012E+000  0.518717236376229E+000 -0.114467856624657E+002 -0.745494778552806E+003 -0.745494778552806E+003
 -0.192631083428378E+002  0.727952825835992E+002 -0.443075218928629E+000  0.509859466249193E+000 -0.114467856624657E+002 -0.745515588200618E+003 -0.745515588200618E+003
 -0.192561794605597E+002  0.729799898547678E+002 -0.437777769526812E+000  0.505170342177692E+000 -0.114467856624657E+002 -0.745513805141482E+003 -0.745513805141482E+003
 -0.192626124417040E+002  0.728053883776896E+002 -0.441310617487592E+000  0.512988628206399E+000 -0.114467856624657E+002 -0.745481216651132E+003 -0.745481216651132E+003
 -0.192566792560344E+002  0.729494369149560E+002 -0.433002991249313E+000  0.504111556267853E+000 -0.114467856624657E+002 -0.745508627437503E+003 -0.745508627437503E+003
 -0.192630823654242E+002  0.727916474566894E+002 -0.441263771502877E+000  0.507253239329257E+000 -0.114467856624657E+002 -0.745523947780263E+003 -0.745523947780263E+003
 -0.192580085739772E+002  0.729761657897614E+002 -0.443335195662145E+000  0.511333717684060E+000 -0.114467856624657E+002 -0.745503566518458E+003 -0.745503566518458E+003
 -0.192631181857128E+002  0.727396140898509E+002 -0.432694338707597E+000  0.500831915979006E+000 -0.114467856624657E+002 -0.745529006859038E+003 -0.745529006859038E+003
 -0.192624490032236E+002  0.727869257326535E+002 -0.443043291008406E+000  0.518677332051284E+000 -0.114467856624657E+002 -0.745506599573632E+003 -0.745506599573632E+003
 -0.192669209827260E+002  0.726685058024781E+002 -0.444007784006931E+000  0.518852757876500E+000 -0.114467856624657E+002 -0.745514221536328E+003 -0.745514221536328E+003
 -0.192624210535155E+002  0.727464724435544E+002 -0.431025784408026E+000  0.504179650000971E+000 -0.114467856624657E+002 -0.745522103887921E+003 -0.745522103887921E+003
 -0.192628113255890E+002  0.727687757047883E+002 -0.436657888328675E+000  0.510526544047938E+000 -0.114467856624657E+002 -0.745491482040235E+003 -0.745491482040235E+003
 -0.192613820975140E+002  0.728036401696601E+002 -0.436348308444710E+000  0.503949330595498E+000 -0.114467856624657E+002 -0.745505008269797E+003 -0.745505008269797E+003
 -0.192560644958237E+002  0.729849421716077E+002 -0.437134616645206E+000  0.508603497055883E+000 -0.114467856624657E+002 -0.745490186182081E+003 -0.745490186182081E+003
 -0.192611443200844E+002  0.728881080745127E+002 -0.443844973718552E+000  0.517914940386416E+000 -0.114467856624657E+002 -0.745520386998943E+003 -0.745520386998943E+003
 -0.192546838602225E+002  0.730392387188245E+002 -0.435011564571519E+000  0.503486167126353E+000 -0.114467856624657E+002 -0.745523909896679E+003 -0.745523909896679E+003
 -0.192636768739238E+002  0.727482935013890E+002 -0.436591060283663E+000  0.513767017955645E+000 -0.114467856624657E+002 -0.745536645302379E+003 -0.745536645302379E+003
 -0.192588865478150E+002  0.728586409195398E+002 -0.431051655651156E+000  0.498944496736355E+000 -0.114467856624657E+002 -0.745533120673824E+003 -0.745533120673824E+003
 -0.192565169120685E+002  0.729389758800098E+002 -0.431394178546268E+000  0.501479437835036E+000 -0.114467856624657E+002 -0.745522381033045E+003 -0.745522381033045E+003
 -0.192541495428555E+002  0.730680323372829E+002 -0.442465914973008E+000  0.515753196090810E+000 -0.114467856624657E+002 -0.745515137285425E+003 -0.745515137285425E+003
 -0.192628510319526E+002  0.727290972988465E+002 -0.435854115701155E+000  0.513923903284002E+000 -0.114467856624657E+002 -0.745533318477604E+003 -0.745533318477604E+003
 -0.192601430052371E+002  0.728566792973001E+002 -0.440978223518219E+000  0.513583293028570E+000 -0.114467856624657E+002 -0.745483466402462E+003 -0.745483466402462E+003
 -0.192554990024792E+002  0.729941824628830E+002 -0.441195980051234E+000  0.512836561556204E+000 -0.114467856624657E+002 -0.745534921026943E+003 -0.745534921026943E+003
 -0.192617768341713E+002  0.728434454273741E+002 -0.443185218610512E+000  0.510329938243302E+000 -0.114467856624657E+002 -0.745507893180926E+003 -0.745507893180926E+003
 -0.192551845672544E+002  0.730179252698058E+002 -0.439403945444577E+000  0.505764783663890E+000 -0.114467856624657E+002 -0.745535307380329E+003 -0.745535307380329E+003
 -0.192656999586082E+002  0.727493600404852E+002 -0.448186826294146E+000  0.519061045696754E+000 -0.114467856624657E+002 -0.745530943276246E+003 -0.745530943276246E+003
 -0.192585924574474E+002  0.728855325683646E+002 -0.435265324716855E+000  0.511113708263179E+000 -0.114467856624657E+002 -0.745505555310356E+003 -0.745505555310356E+003
 -0.192618003011784E+002  0.728322527719137E+002 -0.440942987209618E+000  0.519103480860073E+000 -0.114467856624657E+002 -0.745536919489441E+003 -0.745536919489441E+003
 -0.192632311425265E+002  0.727931350544919E+002 -0.442496661467873E+000  0.520119067200387E+000 -0.114467856624657E+002 -0.745532109375826E+003 -0.745532109375826E+003
 -0.192544748538311E+002  0.730492344462448E+002 -0.441529799861978E+000  0.510523604153392E+000 -0.114467856624657E+002 -0.745521236919237E+003 -0.745521236919237E+003
 -0.192633267756393E+002  0.727268736684514E+002 -0.439095060997839E+000  0.507262225615933E+000 -0.114467856624657E+002 -0.745533752120662E+003 -0.745533752120662E+003
 -0.192617131938415E+002  0.727780142073489E+002 -0.438990025786301E+000  0.515574775232689E+000 -0.114467856624657E+002 -0.745519673705685E+003 -0.745519673705685E+003
 -0.192517390742626E+002  0.731388431228518E+002 -0.438098418786449E+000  0.507041456166482E+000 -0.114467856624657E+002 -0.745530186877111E+003 -0.745530186877111E+003
 -0.192641287932864E+002  0.727370586769693E+002 -0.436341662915674E+000  0.505890545252269E+000 -0.114467856624657E+002 -0.745513013825717E+003 -0.745513013825717E+003
 -0.192581386140969E+002  0.729405872783092E+002 -0.437427497137920E+000  0.511182071467685E+000 -0.114467856624657E+002 -0.745502666930686E+003 -0.745502666930686E+003
 -0.192590700960967E+002  0.728335935597498E+002 -0.433432985386177E+000  0.505888237882685E+000 -0.114467856624657E+002 -0.745522865637873E+003 -0.745522865637873E+003
 -0.192635397602172E+002  0.726811007031348E+002 -0.432734741073193E+000  0.505582296047860E+000 -0.114467856624657E+002 -0.745529922898985E+003 -0.745529922898985E+003
 -0.192628124861572E+002  0.727264877395836E+002 -0.433017563574693E+000  0.509042302218647E+000 -0.114467856624657E+002 -0.745518567836635E+003 -0.745518567836635E+003
 -0.192575035804867E+002  0.729884820004521E+002 -0.442772634660799E+000  0.515455361191096E+000 -0.114467856624657E+002 -0.745493123496481E+003 -0.745493123496481E+003
 -0.192569248706331E+002  0.729104822885048E+002 -0.433837863570094E+000  0.506794596682707E+000 -0.114467856624657E+002 -0.745522609329639E+003 -0.745522609329639E+003
 -0.192622030327333E+002  0.728338254030553E+002 -0.442972428753292E+000  0.509784256121543E+000 -0.114467856624657E+002 -0.745514769038926E+003 -0.745514769038926E+003
 -0.192603123820604E+002  0.729126144171859E+002 -0.444562259976728E+000  0.512190787249179E+000 -0.114467856624657E+002 -0.745513856254182E+003 -0.745513856254182E+003
 -0.192588908213297E+002  0.728545341615183E+002 -0.435237761839061E+000  0.510533580134339E+000 -0.114467856624657E+002 -0.745514600940787E+003 -0.745514600940787E+003
 -0.192640767449288E+002  0.727042817276000E+002 -0.434347255372005E+000  0.511698602356487E+000 -0.114467856624657E+002 -0.745530556649654E+003 -0.745530556649654E+003
 -0.192640624362313E+002  0.727315027479772E+002 -0.440355981734440E+000  0.518761028276447E+000 -0.114467856624657E+002 -0.745528249976788E+003 -0.745528249976788E+003
 -0.192602787571289E+002  0.729021883826973E+002 -0.444601094069624E+000  0.511957103804583E+000 -0.114467856624657E+002 -0.745509073701334E+003 -0.745509073701334E+003
 -0.192620470530442E+002  0.728484171150034E+002 -0.445925093786116E+000  0.512629410096669E+000 -0.114467856624657E+002 -0.745525561485956E+003 -0.745525561485956E+003
 -0.192559166599057E+002  0.730173488453352E+002 -0.436654607403524E+000  0.509015823877882E+000 -0.114467856624657E+002 -0.745519059396165E+003 -0.745519059396165E+003
 -0.192637029808765E+002  0.726838776920890E+002 -0.433604628454874E+000  0.506218597997501E+000 -0.114467856624657E+002 -0.745520135731040E+003 -0.745520135731040E+003
 -0.192662186375736E+002  0.726703134318101E+002 -0.441719319895879E+000  0.518215396530969E+000 -0.114467856624657E+002 -0.745515343559887E+003 -0.745515343559887E+003
 -0.192584342735500E+002  0.729084053118108E+002 -0.443123221004914E+000  0.513829710395425E+000 -0.114467856624657E+002 -0.745528147435498E+003 -0.745528147435498E+003
 -0.192549727545233E+002  0.730050700001766E+002 -0.438914000032801E+000  0.512094545713644E+000 -0.114467856624657E+002 -0.745521791550222E+003 -0.745521791550222E+003
 -0.192651336552570E+002  0.727040455355439E+002 -0.438726893848639E+000  0.505993824914116E+000 -0.114467856624657E+002 -0.745518514194308E+003 -0.745518514194308E+003
 -0.192656339210495E+002  0.726751199911466E+002 -0.443692253864263E+000  0.518623100690104E+000 -0.114467856624657E+002 -0.745529213996406E+003 -0.745529213996406E+003
 -0.192604643995461E+002  0.728243691487894E+002 -0.432730504795451E+000  0.500571113080567E+000 -0.114467856624657E+002 -0.745521675459171E+003 -0.745521675459171E+003
 -0.192652319576597E+002  0.727211922005889E+002 -0.446808003862714E+000  0.521071437839638E+000 -0.114467856624657E+002 -0.745522517469122E+003 -0.745522517469122E+003
 -0.192669735891506E+002  0.725916402817055E+002 -0.434717483881924E+000  0.504553222346510E+000 -0.114467856624657E+002 -0.745533545935534E+003 -0.745533545935534E+003
 -0.192576020685205E+002  0.729792377350363E+002 -0.441714367147310E+000  0.510220602975532E+000 -0.114467856624657E+002 -0.745496539555264E+003 -0.745496539555264E+003
 -0.192569939025556E+002  0.729133547480982E+002 -0.429919402913045E+000  0.501593048359847E+000 -0.114467856624657E+002 -0.745530755243670E+003 -0.745530755243670E+003
 -0.192581070654135E+002  0.729637749067890E+002 -0.444743174263146E+000  0.510293761763547E+000 -0.114467856624657E+002 -0.745537544780111E+003 -0.745537544780111E+003
 -0.192607629468142E+002  0.728821068359234E+002 -0.445811549518445E+000  0.514263816737863E+000 -0.114467856624657E+002 -0.745505649126032E+003 -0.745505649126032E+003
 -0.192641772235196E+002  0.727038244781766E+002 -0.434338282170801E+000  0.509872060160188E+000 -0.114467856624657E+002 -0.745513897533130E+003 -0.745513897533130E+003
 -0.192638361443182E+002  0.727329419747009E+002 -0.441002737043453E+000  0.517457947042839E+000 -0.114467856624657E+002 -0.745507242522104E+003 -0.745507242522104E+003
 -0.192611895141384E+002  0.728890928537611E+002 -0.445665332432290E+000  0.512722991479778E+000 -0.114467856624657E+002 -0.745524717727680E+003 -0.745524717727680E+003
 -0.192574334532977E+002  0.729250996628688E+002 -0.433201561462143E+000  0.507112429601857E+000 -0.114467856624657E+002 -0.745510833459958E+003 -0.745510833459958E+003
 -0.192569224036535E+002  0.730069427484955E+002 -0.439155631561586E+000  0.509052325080859E+000 -0.114467856624657E+002 -0.745521155136463E+003 -0.745521155136463E+003
 -0.192601928868117E+002  0.728063910020266E+002 -0.434549362696868E+000  0.502950796229888E+000 -0.114467856624657E+002 -0.745533010725717E+003 -0.745533010725717E+003
 -0.192535260858927E+002  0.730561016172122E+002 -0.436209744899249E+000  0.506537810895518E+000 -0.114467856624657E+002 -0.745516994459894E+003 -0.745516994459894E+003
 -0.192652946052017E+002  0.726932870381797E+002 -0.440132222348265E+000  0.511578488708771E+000 -0.114467856624657E+002 -0.745488615625672E+003 -0.745488615625672E+003
 -0.192591853846478E+002  0.728727246567425E+002 -0.433786442190996E+000  0.501387408994415E+000 -0.114467856624657E+002 -0.745516082408157E+003 -0.745516082408157E+003
 -0.192637461495157E+002  0.727510753889746E+002 -0.439826568886420E+000  0.510677041567215E+000 -0.114467856624657E+002 -0.745482291046984E+003 -0.745482291046984E+003
 -0.192538795061851E+002  0.730489522390602E+002 -0.438178846202362E+000  0.514002015098692E+000 -0.114467856624657E+002 -0.745531680836302E+003 -0.745531680836302E+003
 -0.192635261712328E+002  0.727804281552729E+002 -0.444948996590024E+000  0.518143283395840E+000 -0.114467856624657E+002 -0.745492591150414E+003 -0.745492591150414E+003
 -0.192548475548719E+002  0.730701695861068E+002 -0.445637278606733E+000  0.516649716116955E+000 -0.114467856624657E+002 -0.745516789512086E+003 -0.745516789512086E+003
 -0.192593532191267E+002  0.729254702315328E+002 -0.443988146810082E+000  0.516384392485136E+000 -0.114467856624657E+002 -0.745484907705776E+003 -0.745484907705776E+003
 -0.192580907982015E+002  0.729936209425606E+002 -0.445741770110764E+000  0.519208125830746E+000 -0.114467856624657E+002 -0.745516309870829E+003 -0.745516309870829E+003
 -0.192522221287287E+002  0.731206253311674E+002 -0.437110355489426E+000  0.505852184208136E+000 -0.114467856624657E+002 -0.745528044704917E+003 -0.745528044704917E+003
 -0.192607729872383E+002  0.727758243294687E+002 -0.433725157494095E+000  0.506302991722113E+000 -0.114467856624657E+002 -0.745524660145031E+003 -0.745524660145031E+003
 -0.192637381666556E+002  0.728086107515380E+002 -0.443317031379495E+000  0.515153233261421E+000 -0.114467856624657E+002 -0.745535835643048E+003 -0.745535835643048E+003
 -0.192655246815987E+002  0.727173040171548E+002 -0.440932584254377E+000  0.513459407669108E+000 -0.114467856624657E+002 -0.745507665968796E+003 -0.745507665968796E+003
 -0.192637857933615E+002  0.728006987273977E+002 -0.443393305997631E+000  0.512463648227618E+000 -0.114467856624657E+002 -0.745524554567321E+003 -0.745524554567321E+003
 -0.192618364638843E+002  0.727791276300502E+002 -0.439094840236450E+000  0.511843951524117E+000 -0.114467856624657E+002 -0.745496004918922E+003 -0.745496004918922E+003
 -0.192573007167743E+002  0.729398173489534E+002 -0.439667132705057E+000  0.514547082761193E+000 -0.114467856624657E+002 -0.745502717620605E+003 -0.745502717620605E+003
 -0.192507247017549E+002  0.731728177055013E+002 -0.438743350554906E+000  0.511336729720710E+000 -0.114467856624657E+002 -0.745537727157872E+003 -0.745537727157872E+003
 -0.192601494117543E+002  0.729039131211745E+002 -0.438795464214734E+000  0.509314955154907E+000 -0.114467856624657E+002 -0.745531570708738E+003 -0.745531570708738E+003
 -0.192698501249478E+002  0.725585031972625E+002 -0.441621308566661E+000  0.511532162170587E+000 -0.114467856624657E+002 -0.745536839151302E+003 -0.745536839151302E+003
 -0.192578338245671E+002  0.729588857443768E+002 -0.442436272144581E+000  0.520058168854588E+000 -0.114467856624657E+002 -0.745527633963923E+003 -0.745527633963923E+003
 -0.192602995400873E+002  0.728369878880520E+002 -0.440683355139454E+000  0.510176373961208E+000 -0.114467856624657E+002 -0.745515414254717E+003 -0.745515414254717E+003
 -0.192586534361329E+002  0.729728187854182E+002 -0.442979560393794E+000  0.514815536857828E+000 -0.114467856624657E+002 -0.745521926321040E+003 -0.745521926321040E+003
 -0.192570002781268E+002  0.729407758472182E+002 -0.438152924796610E+000  0.508944739360054E+000 -0.114467856624657E+002 -0.745500040149305E+003 -0.745500040149305E+003
 -0.192604254408222E+002  0.728479322136938E+002 -0.439740197663096E+000  0.517672635644727E+000 -0.114467856624657E+002 -0.745517936444473E+003 -0.745517936444473E+003
 -0.192636533687102E+002  0.726944532300189E+002 -0.431410494155052E+000  0.502468835430349E+000 -0.114467856624657E+002 -0.745520143257094E+003 -0.745520143257094E+003
 -0.192583670013807E+002  0.729060922900114E+002 -0.433549795199836E+000  0.506191350555920E+000 -0.114467856624657E+002 -0.745509425486890E+003 -0.745509425486890E+003
 -0.192589519876934E+002  0.728639398866542E+002 -0.438583940143501E+000  0.512057558654572E+000 -0.114467856624657E+002 -0.745514069536758E+003 -0.745514069536758E+003
 -0.192655328314925E+002  0.726867647501503E+002 -0.435198418166068E+000  0.504466051862776E+000 -0.114467856624657E+002 -0.745533751852814E+003 -0.745533751852814E+003
 -0.192683436448396E+002  0.725851173032532E+002 -0.438812991328895E+000  0.511695147105034E+000 -0.114467856624657E+002 -0.745512199025723E+003 -0.745512199025723E+003
 -0.192639804010967E+002  0.727572117616735E+002 -0.438670426988544E+000  0.508898104590051E+000 -0.114467856624657E+002 -0.745504377777011E+003 -0.745504377777011E+003
 -0.192596361076348E+002  0.728814088981719E+002 -0.441552333166453E+000  0.516861178790085E+000 -0.114467856624657E+002 -0.745492983133362E+003 -0.745492983133362E+003
 -0.192613130409590E+002  0.728660217523544E+002 -0.448663985821950E+000  0.523795925159250E+000 -0.114467856624657E+002 -0.745531794569201E+003 -0.745531794569201E+003
 -0.192584187612372E+002  0.729228377378396E+002 -0.442981720883531E+000  0.518822092458226E+000 -0.114467856624657E+002 -0.745511607371099E+003 -0.745511607371099E+003
 -0.192642810767708E+002  0.726983715658201E+002 -0.440389606774631E+000  0.516599573077388E+000 -0.114467856624657E+002 -0.745526031430346E+003 -0.745526031430346E+003
 -0.192644761592719E+002  0.726886066740836E+002 -0.441056985649502E+000  0.514851098243994E+000 -0.114467856624657E+002 -0.745533015580044E+003 -0.745533015580044E+003
 -0.192553602439460E+002  0.730437567178434E+002 -0.443615847365240E+000  0.520347567990306E+000 -0.114467856624657E+002 -0.745534356928748E+003 -0.745534356928748E+003
 -0.192573499520468E+002  0.729636055790765E+002 -0.438537214362830E+000  0.512231505417269E+000 -0.114467856624657E+002 -0.745491417913646E+003 -0.745491417913646E+003
 -0.192576678700870E+002  0.729657292002245E+002 -0.445632478895125E+000  0.519197751317232E+000 -0.114467856624657E+002 -0.745511659666137E+003 -0.745511659666137E+003
 -0.192620293320644E+002  0.728737820523021E+002 -0.449511760690967E+000  0.519126942320653E+000 -0.114467856624657E+002 -0.745527815027131E+003 -0.745527815027131E+003
 -0.192534184813507E+002  0.730591037018192E+002 -0.436845342995549E+000  0.508656073781029E+000 -0.114467856624657E+002 -0.745517095756653E+003 -0.745517095756653E+003
 -0.192513181555672E+002  0.731680484673542E+002 -0.440032348726086E+000  0.513089472762928E+000 -0.114467856624657E+002 -0.745532856560978E+003 -0.745532856560978E+003
 -0.192594365813478E+002  0.728756622793373E+002 -0.441157379341090E+000  0.517640769654514E+000 -0.114467856624657E+002 -0.745511581307352E+003 -0.745511581307352E+003
 -0.192582817284916E+002  0.728999754874020E+002 -0.439542900191285E+000  0.516285743410957E+000 -0.114467856624657E+002 -0.745521767196956E+003 -0.745521767196956E+003
 -0.192581591710693E+002  0.728877675888471E+002 -0.435060053153948E+000  0.510375929252489E+000 -0.114467856624657E+002 -0.745507505409440E+003 -0.745507505409440E+003
 -0.192619972980280E+002  0.728252473793450E+002 -0.443938732743759E+000  0.521503751977295E+000 -0.114467856624657E+002 -0.745522449068686E+003 -0.745522449068686E+003
 -0.192590131519786E+002  0.729197257352274E+002 -0.441499610437157E+000  0.515461860806457E+000 -0.114467856624657E+002 -0.745483971818867E+003 -0.745483971818867E+003
 -0.192545630953138E+002  0.730528286768042E+002 -0.442494212614531E+000  0.513403075136640E+000 -0.114467856624657E+002 -0.745512301208871E+003 -0.745512301208871E+003
 -0.192601517612179E+002  0.728945083875384E+002 -0.442575176934982E+000  0.518352462965654E+000 -0.114467856624657E+002 -0.745504345574716E+003 -0.745504345574716E+003
 -0.192595901597977E+002  0.729271584853241E+002 -0.445761838729267E+000  0.518272615059031E+000 -0.114467856624657E+002 -0.745493236826013E+003 -0.745493236826013E+003
 -0.192588874304520E+002  0.729010902963207E+002 -0.435719046430497E+000  0.506152166889153E+000 -0.114467856624657E+002 -0.745494366224309E+003 -0.745494366224309E+003
 -0.192574298764701E+002  0.729742749852182E+002 -0.443542252376171E+000  0.514409505619059E+000 -0.114467856624657E+002 -0.745489578994310E+003 -0.745489578994310E+003
 -0.192643035211979E+002  0.727653423969205E+002 -0.444848538595566E+000  0.510988225114264E+000 -0.114467856624657E+002 -0.745536755769650E+003 -0.745536755769650E+003
 -0.192611814893947E+002  0.727953793922629E+002 -0.437500697652586E+000  0.514905036351633E+000 -0.114467856624657E+002 -0.745518923322954E+003 -0.745518923322954E+003
 -0.192651855229033E+002  0.727013267833856E+002 -0.442127837236274E+000  0.519729911960004E+000 -0.114467856624657E+002 -0.745524359906491E+003 -0.745524359906491E+003
 -0.192636070680561E+002  0.727818151510183E+002 -0.442256525406207E+000  0.509608548488877E+000 -0.114467856624657E+002 -0.745511931362924E+003 -0.745511931362924E+003
 -0.192581746079567E+002  0.729575714436664E+002 -0.442360214505155E+000  0.513328634283114E+000 -0.114467856624657E+002 -0.745482834195128E+003 -0.745482834195128E+003
 -0.192664066086603E+002  0.726514602019992E+002 -0.442141736360161E+000  0.513913876067034E+000 -0.114467856624657E+002 -0.745509882729723E+003 -0.745509882729723E+003
 -0.192637449539787E+002  0.727110562300673E+002 -0.435368233113395E+000  0.512434287898962E+000 -0.114467856624657E+002 -0.745518051827549E+003 -0.745518051827549E+003
 -0.192611608054621E+002  0.728032733015031E+002 -0.433204000593070E+000  0.500961561084113E+000 -0.114467856624657E+002 -0.745519814588290E+003 -0.745519814588290E+003
 -0.192539069694955E+002  0.731080753607787E+002 -0.442332894077601E+000  0.510217935906416E+000 -0.114467856624657E+002 -0.745523224937336E+003 -0.745523224937336E+003
 -0.192652122424711E+002  0.727105047807297E+002 -0.437516367289974E+000  0.507485294628690E+000 -0.114467856624657E+002 -0.745517117942586E+003 -0.745517117942586E+003
 -0.192670896243893E+002  0.726026754560128E+002 -0.437766793916046E+000  0.511397761031573E+000 -0.114467856624657E+002 -0.745513554668345E+003 -0.745513554668345E+003
 -0.192609246512638E+002  0.728954311094437E+002 -0.444763391453981E+000  0.518179274751755E+000 -0.114467856624657E+002 -0.745509331634428E+003 -0.745509331634428E+003
 -0.192565148669274E+002  0.729985615368560E+002 -0.440792450177071E+000  0.505914993849928E+000 -0.114467856624657E+002 -0.745534420532984E+003 -0.745534420532984E+003
 -0.192576302720656E+002  0.729001581383010E+002 -0.436495941481808E+000  0.507849093182953E+000 -0.114467856624657E+002 -0.745515274454611E+003 -0.745515274454611E+003
 -0.192661769943379E+002  0.726750838565384E+002 -0.441182678464810E+000  0.510095330244161E+000 -0.114467856624657E+002 -0.745507827902507E+003 -0.745507827902507E+003
 -0.192588659172862E+002  0.728831419008576E+002 -0.433858130166605E+000  0.505600802002339E+000 -0.114467856624657E+002 -0.745497135193030E+003 -0.745497135193030E+003
 -0.192668431233614E+002  0.726502040388777E+002 -0.445489287586695E+000  0.517917639576155E+000 -0.114467856624657E+002 -0.745534538852808E+003 -0.745534538852808E+003
 -0.192610878751387E+002  0.729000463519193E+002 -0.444745851829209E+000  0.515840514645477E+000 -0.114467856624657E+002 -0.745520137739095E+003 -0.745520137739095E+003
 -0.192554313815159E+002  0.729771235709719E+002 -0.437242334196430E+000  0.512759427099096E+000 -0.114467856624657E+002 -0.745535281193129E+003 -0.745535281193129E+003
 -0.192615652257956E+002  0.728488397775785E+002 -0.441268707707503E+000  0.513995243561732E+000 -0.114467856624657E+002 -0.745490247871553E+003 -0.745490247871553E+003
 -0.192603974627955E+002  0.728496860132670E+002 -0.441340728745817E+000  0.507576394782092E+000 -0.114467856624657E+002 -0.745532964839356E+003 -0.745532964839356E+003
 -0.192663904616144E+002  0.726276670470758E+002 -0.434162554935205E+000  0.504671396796597E+000 -0.114467856624657E+002 -0.745518450063599E+003 -0.745518450063599E+003
 -0.192568714428053E+002  0.729852871524981E+002 -0.440585099401851E+000  0.514806838611152E+000 -0.114467856624657E+002 -0.745492465337428E+003 -0.745492465337428E+003
 -0.192552153064997E+002  0.730112143583806E+002 -0.432883396312438E+000  0.503605284588652E+000 -0.114467856624657E+002 -0.745529292798757E+003 -0.745529292798757E+003
 -0.192655096601112E+002  0.727183401362199E+002 -0.439505431144884E+000  0.513190057227893E+000 -0.114467856624657E+002 -0.745530178489741E+003 -0.745530178489741E+003
 -0.192658164434196E+002  0.726678488926907E+002 -0.435479306991732E+000  0.511597274751191E+000 -0.114467856624657E+002 -0.745534400445944E+003 -0.745534400445944E+003
