  0.899199475431069E-321  0.294302097618060E+004 -0.185309797791155E+002  0.941750817038372E+002 -0.223187995535803E-001 -0.218197091352509E+000 -0.107536384819057E+002 -0.146889552831226E+004
  0.187744945419674E-320  0.294154698315315E+004 -0.190425094990052E+002  0.820538736686363E+002 -0.114375901156616E+001  0.483483746113473E+001 -0.107536384819057E+002 -0.146815853179854E+004
  0.354709983840910E-317  0.292644995935003E+004 -0.192023486870116E+002  0.834772224883978E+002 -0.128758332324723E+001  0.207116548641961E+001 -0.107536384819057E+002 -0.146061001989698E+004
  0.420582570643374E-316  0.292149612512511E+004 -0.187633526656993E+002  0.873470905809368E+002 -0.321624904117857E+000 -0.159782586493486E+001 -0.107536384819057E+002 -0.145813310278452E+004
  0.391484859853277E-313  0.290781601844549E+004 -0.194313766175070E+002  0.679956514582761E+002 -0.902573158087733E+000 -0.229214546834995E+001 -0.107536384819057E+002 -0.145129304944471E+004
  0.128699603593095E-312  0.290542779583305E+004 -0.192589700846184E+002  0.806077740281380E+002 -0.738910800272449E+000 -0.255957605889209E+001 -0.107536384819057E+002 -0.145009893813849E+004
  0.201665554991851E-310  0.289531121217371E+004 -0.188951338218427E+002  0.950482038347085E+002 -0.775106349876517E+000 -0.450283121982750E+001 -0.107536384819057E+002 -0.144504064630882E+004
  0.122532805467320E-308  0.288708935148528E+004 -0.187155922174105E+002  0.931287654515844E+002 -0.583326907102926E+000 -0.317295410516288E+001 -0.107536384819057E+002 -0.144092971596460E+004
  0.301859433478847E-305  0.287146269155858E+004 -0.191489557886500E+002  0.852854693641874E+002 -0.927883443269043E+000 -0.471666610365246E+001 -0.107536384819057E+002 -0.143311638600126E+004
  0.131667517074967E-302  0.285929856000199E+004 -0.189113376629130E+002  0.946997187202409E+002 -0.959413939760560E+000 -0.180602475378077E+001 -0.107536384819057E+002 -0.142703432022296E+004
  0.255358206897297E-302  0.285796580124472E+004 -0.189767533581408E+002  0.925907905882330E+002 -0.144895642731184E+001  0.479059950293881E+001 -0.107536384819057E+002 -0.142636794084432E+004
  0.133683857639513E-301  0.285464702611866E+004 -0.190304110093262E+002  0.894573144504895E+002 -0.134069611272263E+001  0.264833208104262E+001 -0.107536384819057E+002 -0.142470855328129E+004
  0.191452612548530E-301  0.285392071691051E+004 -0.186107039752957E+002  0.965978591024531E+002 -0.544174876601188E+000 -0.114597926537787E+001 -0.107536384819057E+002 -0.142434539867722E+004
  0.919518533405956E-300  0.284616914293027E+004 -0.188281789895797E+002  0.987116577390329E+002 -0.132760695757704E+001  0.470912088677701E+001 -0.107536384819057E+002 -0.142046961168710E+004
  0.291392926908422E-297  0.283464400348802E+004 -0.189766032206464E+002  0.893356793977726E+002 -0.427400738560589E+000 -0.947022064072243E+000 -0.107536384819057E+002 -0.141470704196597E+004
  0.320427404826982E-293  0.281602537245347E+004 -0.184962698228561E+002  0.972740316571049E+002 -0.263483502348042E+000  0.551793271539140E+000 -0.107536384819057E+002 -0.140539772644870E+004
  0.660463823880766E-292  0.280996564501104E+004 -0.187412003667714E+002  0.948444379161248E+002 -0.883057055210441E+000 -0.371360408972052E+001 -0.107536384819057E+002 -0.140236786272749E+004
  0.338072327379421E-291  0.280669185576798E+004 -0.188289668297568E+002  0.970731141912114E+002 -0.768353533373888E+000  0.220292883777169E+000 -0.107536384819057E+002 -0.140073096810595E+004
  0.184846745538118E-289  0.279868099691277E+004 -0.192606143220684E+002  0.757264200810453E+002 -0.123198563169040E+001  0.288768819216047E+001 -0.107536384819057E+002 -0.139672553867835E+004
  0.115990646348912E-288  0.279499987773692E+004 -0.194380583347081E+002  0.683712959757734E+002 -0.104867136799482E+001  0.239115918281517E+001 -0.107536384819057E+002 -0.139488497909042E+004
  0.212591183163635E-284  0.277535949006915E+004 -0.191655656020293E+002  0.773167709488195E+002 -0.972963816991061E+000  0.254700814490008E+000 -0.107536384819057E+002 -0.138506478525654E+004
  0.398538864007096E-284  0.277409463797532E+004 -0.190403353873007E+002  0.846160525916643E+002 -0.114835357445746E+001  0.144257176592899E+001 -0.107536384819057E+002 -0.138443235920962E+004
  0.330021892699935E-281  0.276064843542570E+004 -0.192838443608119E+002  0.792679787443209E+002 -0.101591267723400E+001  0.692755789006557E+000 -0.107536384819057E+002 -0.137770925793481E+004
  0.833421752535723E-280  0.275418251954551E+004 -0.186640449761437E+002  0.954474420519819E+002 -0.761256808618916E+000  0.433101598243375E+000 -0.107536384819057E+002 -0.137447629999472E+004
  0.460847052969455E-279  0.275075431252490E+004 -0.188443786477851E+002  0.910815019593625E+002 -0.113310638991811E+001  0.418922843288619E+001 -0.107536384819057E+002 -0.137276219648441E+004
  0.332730268100790E-278  0.274679262641558E+004 -0.188558468551406E+002  0.842597714927780E+002 -0.182925143860216E+000 -0.449916598533698E+001 -0.107536384819057E+002 -0.137078135342975E+004
  0.507939437433520E-278  0.274593858223948E+004 -0.187712020521762E+002  0.862374627229810E+002 -0.202892179347718E-001 -0.387257233131171E+001 -0.107536384819057E+002 -0.137035433134171E+004
  0.120658566098359E-277  0.274420022287835E+004 -0.187228386857335E+002  0.915387551921145E+002 -0.351149145043154E+000 -0.457707499333434E+001 -0.107536384819057E+002 -0.136948515166114E+004
  0.768375209113376E-275  0.273127927170733E+004 -0.187581827045062E+002  0.999327029227192E+002 -0.738344511139580E+000 -0.451812038478920E+001 -0.107536384819057E+002 -0.136302467607563E+004
  0.926767633863326E-275  0.273089643826057E+004 -0.194336903961659E+002  0.680516787205071E+002 -0.801538968536159E+000 -0.471611460115222E+001 -0.107536384819057E+002 -0.136283325935225E+004
  0.333504804989153E-274  0.272832737522499E+004 -0.185312312637114E+002  0.961424347239741E+002 -0.289956681038245E+000  0.445692215712821E+000 -0.107536384819057E+002 -0.136154872783446E+004
  0.348219117119302E-274  0.272823304187143E+004 -0.191842671669266E+002  0.773437918101888E+002 -0.109661380682508E+001  0.231449024935064E+001 -0.107536384819057E+002 -0.136150156115768E+004
  0.540786788192598E-274  0.272734467149731E+004 -0.186892873131873E+002  0.963520559134485E+002 -0.669333479310496E+000 -0.479764186734757E+001 -0.107536384819057E+002 -0.136105737597062E+004
  0.758103836775481E-273  0.272205592672923E+004 -0.189219383862336E+002  0.910208422254142E+002 -0.318420944412048E+000 -0.234450025372720E+001 -0.107536384819057E+002 -0.135841300358658E+004
  0.947815345143539E-273  0.272160126401552E+004 -0.185740131306479E+002  0.967764333368006E+002 -0.470561049501963E+000 -0.176489796804237E+000 -0.107536384819057E+002 -0.135818567222972E+004
  0.870115464619068E-271  0.271255400715877E+004 -0.190407812425662E+002  0.772067116993977E+002 -0.368743910425078E+000 -0.156095157319385E+001 -0.107536384819057E+002 -0.135366204380135E+004
  0.272233816012368E-269  0.270565961195639E+004 -0.188357628063921E+002  0.975543600247303E+002 -0.126549385949293E+001  0.404761623469789E+001 -0.107536384819057E+002 -0.135021484620016E+004
  0.114582025441402E-268  0.270277719846548E+004 -0.194583284866901E+002  0.734182060891384E+002 -0.105171805642679E+001 -0.196672147644777E+001 -0.107536384819057E+002 -0.134877363945470E+004
  0.139238221355171E-266  0.269316908336498E+004 -0.187148638788338E+002  0.969434183517650E+002 -0.921747433075451E+000 -0.403391162049179E+001 -0.107536384819057E+002 -0.134396958190445E+004
  0.152263851239756E-264  0.268377190176949E+004 -0.191846881638815E+002  0.833834191700907E+002 -0.948594564700648E+000 -0.146793981056067E+001 -0.107536384819057E+002 -0.133927099110671E+004
  0.375293995160793E-264  0.268195972807393E+004 -0.191351114171044E+002  0.737710474987878E+002 -0.265672856685744E+000 -0.278957565131516E+001 -0.107536384819057E+002 -0.133836490425893E+004
  0.376180783350856E-262  0.267273668340198E+004 -0.189409620804212E+002  0.926548370662873E+002 -0.879832981008910E+000 -0.233928357711845E+001 -0.107536384819057E+002 -0.133375338192296E+004
  0.960175715597122E-262  0.267085460641911E+004 -0.187710265263232E+002  0.980429660107042E+002 -0.424972274155257E+000 -0.483873475472856E+001 -0.107536384819057E+002 -0.133281234343152E+004
  0.111719464780978E-261  0.267054370289947E+004 -0.190740246185130E+002  0.866642354371143E+002 -0.643385829144936E+000 -0.285330662545786E+001 -0.107536384819057E+002 -0.133265689167170E+004
  0.729398281661466E-261  0.266678326091253E+004 -0.194170449115167E+002  0.704167244288607E+002 -0.124224658376924E+001  0.428542639790933E+001 -0.107536384819057E+002 -0.133077667067823E+004
  0.164144701538024E-259  0.266054787961260E+004 -0.187954809605058E+002  0.959954121525102E+002 -0.112730629014193E+001 -0.253721641076760E+001 -0.107536384819057E+002 -0.132765898002826E+004
  0.769905481069801E-258  0.265284368660367E+004 -0.191197744899213E+002  0.773409515006906E+002 -0.636498868865527E+000 -0.265170702575900E+001 -0.107536384819057E+002 -0.132380688352380E+004
  0.121936511409082E-257  0.265191606686407E+004 -0.188842261289154E+002  0.795519617937197E+002 -0.538061439640589E-001  0.305574962924547E+000 -0.107536384819057E+002 -0.132334307365400E+004
  0.612770928234820E-257  0.264867910149066E+004 -0.190917848469796E+002  0.869637172338660E+002 -0.105479171510480E+001  0.305241293322980E+001 -0.107536384819057E+002 -0.132172459096729E+004
  0.894582121961800E-255  0.263870404601619E+004 -0.192749481492474E+002  0.742677570576788E+002 -0.109115522734975E+001 -0.405624171181726E+001 -0.107536384819057E+002 -0.131673706323006E+004
  0.309909083438122E-254  0.263621104725001E+004 -0.193615091000968E+002  0.767656390546867E+002 -0.957706677440225E+000 -0.371506141171992E+001 -0.107536384819057E+002 -0.131549056384697E+004
  0.809069593812585E-254  0.263428385128224E+004 -0.193172690910116E+002  0.781318768558355E+002 -0.830650249548480E+000 -0.448609132136391E+001 -0.107536384819057E+002 -0.131452696586308E+004
  0.188079135642414E-253  0.263258874131235E+004 -0.188468069434862E+002  0.918491492741678E+002 -0.438805000216997E-001 -0.211797064688508E+001 -0.107536384819057E+002 -0.131367941087814E+004
  0.931097543764666E-253  0.262938175479707E+004 -0.193868112495114E+002  0.759078303041506E+002 -0.103891548987443E+001  0.344372841535941E+001 -0.107536384819057E+002 -0.131207591762050E+004
  0.802781653639060E-252  0.262506516313095E+004 -0.193663939638687E+002  0.748654018168521E+002 -0.593358513463012E+000  0.290421819246474E+000 -0.107536384819057E+002 -0.130991762178744E+004
  0.100826143789656E-246  0.260157552812987E+004 -0.187072542332170E+002  0.931285584305722E+002 -0.430193247475503E+000 -0.365566448435920E+001 -0.107536384819057E+002 -0.129817280428690E+004
  0.208460900072066E-246  0.260011483646929E+004 -0.188692871790624E+002  0.913020245089334E+002 -0.125244074375357E+000 -0.180484547275960E+001 -0.107536384819057E+002 -0.129744245845661E+004
  0.184778390813222E-243  0.258653253041775E+004 -0.188832953904177E+002  0.896736040006252E+002 -0.127356171159885E+000 -0.243610018896796E+000 -0.107536384819057E+002 -0.129065130543084E+004
  0.112095982081951E-242  0.258291897965397E+004 -0.193755782870610E+002  0.761775842091840E+002 -0.102523587271591E+001  0.134795728623356E+001 -0.107536384819057E+002 -0.128884453004895E+004
  0.116514481359716E-241  0.257822850526218E+004 -0.192579796674571E+002  0.691141817609431E+002 -0.375017231295524E+000 -0.233148929327279E+000 -0.107536384819057E+002 -0.128649929285305E+004
  0.545516057105025E-240  0.257052791769043E+004 -0.189155680515752E+002  0.880730294750893E+002 -0.997579711701041E+000  0.392706126748443E+001 -0.107536384819057E+002 -0.128264899906718E+004
  0.518422937002124E-239  0.256601664516308E+004 -0.189749157303815E+002  0.906030737464419E+002 -0.746276067496205E+000 -0.413072051980728E+001 -0.107536384819057E+002 -0.128039336280351E+004
  0.256582883200291E-237  0.255820500004061E+004 -0.192536768393061E+002  0.769959588723152E+002 -0.309248959691282E+000 -0.684573791267180E-001 -0.107536384819057E+002 -0.127648754024227E+004
  0.937138969788472E-237  0.255560625631610E+004 -0.189832594026797E+002  0.857671476858462E+002 -0.104784679958423E+001 -0.242411096869895E+001 -0.107536384819057E+002 -0.127518816838002E+004
  0.134105416040506E-236  0.255488151290205E+004 -0.192615723051109E+002  0.794810580795327E+002 -0.140254523106343E+001  0.437362359723237E+001 -0.107536384819057E+002 -0.127482579667299E+004
  0.281966076392733E-235  0.254878203749417E+004 -0.188875919187059E+002  0.893446781269886E+002 -0.961738984914634E+000 -0.873625662186842E+000 -0.107536384819057E+002 -0.127177605896905E+004
  0.246543665710972E-234  0.254443737855881E+004 -0.191177410151593E+002  0.798736247148767E+002 -0.994894591371382E+000 -0.106580212144610E+001 -0.107536384819057E+002 -0.126960372950137E+004
  0.261319092480749E-234  0.254431298828327E+004 -0.193608139045493E+002  0.711032438263557E+002 -0.923396976486066E+000 -0.841217829430648E+000 -0.107536384819057E+002 -0.126954153436360E+004
  0.178749557346368E-231  0.253124900674667E+004 -0.188219399611059E+002  0.968539321950272E+002 -0.121134402933263E+001  0.436506335177429E+001 -0.107536384819057E+002 -0.126300954359530E+004
  0.127132086257191E-229  0.252271220055203E+004 -0.192257271272875E+002  0.796511961123635E+002 -0.138349259722235E+001  0.459636708201849E+001 -0.107536384819057E+002 -0.125874114049798E+004
  0.138437390649648E-229  0.252253383335929E+004 -0.193876785977735E+002  0.706429792765852E+002 -0.104748401315146E+001  0.297922999248596E+001 -0.107536384819057E+002 -0.125865195690161E+004
  0.450531187096848E-228  0.251556066086668E+004 -0.191883692597530E+002  0.821708468599065E+002 -0.697418054131516E+000 -0.489166379450313E+001 -0.107536384819057E+002 -0.125516537065530E+004
  0.783689170106128E-228  0.251444550647885E+004 -0.189497687399050E+002  0.853866001091427E+002 -0.776897065946072E+000 -0.170166592694790E+001 -0.107536384819057E+002 -0.125460779346139E+004
  0.159957719229144E-226  0.250840538796342E+004 -0.190907802374002E+002  0.800803632299877E+002 -0.144637340225735E-001  0.336035825513608E+000 -0.107536384819057E+002 -0.125158773420367E+004
  0.161366990431498E-226  0.250837986054253E+004 -0.187208240958560E+002  0.998758690846043E+002 -0.596371488674688E+000 -0.250340651710859E+001 -0.107536384819057E+002 -0.125157497049323E+004
  0.815548415578997E-226  0.250513151735034E+004 -0.194461635862544E+002  0.730068999212497E+002 -0.137797193341994E+001  0.457849700206021E+001 -0.107536384819057E+002 -0.124995079889713E+004
  0.121198800324150E-225  0.250433122035026E+004 -0.187153617485554E+002  0.883060548666539E+002 -0.119381327952030E+000 -0.103026630297548E+001 -0.107536384819057E+002 -0.124955065039710E+004
  0.448123629102991E-225  0.250170796235394E+004 -0.190569454183055E+002  0.847684638470296E+002 -0.126343878957640E+001  0.366924912420681E+001 -0.107536384819057E+002 -0.124823902139893E+004
  0.659865078448654E-225  0.250092604584067E+004 -0.187142307707344E+002  0.991385759539751E+002 -0.100791547351084E+001  0.304374956654843E+001 -0.107536384819057E+002 -0.124784806314230E+004
  0.136900237555607E-223  0.249485328726613E+004 -0.187589352485025E+002  0.982639595846814E+002 -0.573770154181302E+000 -0.344036779586485E+001 -0.107536384819057E+002 -0.124481168385503E+004
  0.175910892772530E-222  0.248973868282115E+004 -0.189421026772985E+002  0.872927752344349E+002 -0.101295804322510E+001  0.258032736121142E+001 -0.107536384819057E+002 -0.124225438163254E+004
  0.262680298674571E-222  0.248892877853344E+004 -0.191550577547359E+002  0.822505171338171E+002 -0.116346189922624E+001  0.155308404562341E+001 -0.107536384819057E+002 -0.124184942948869E+004
  0.674927981588615E-222  0.248703345790513E+004 -0.192406460180460E+002  0.792607122013670E+002 -0.109029207180759E+001 -0.279568373931182E+001 -0.107536384819057E+002 -0.124090176917453E+004
  0.153648895320959E-220  0.248077500527515E+004 -0.187089169201897E+002  0.976734296626376E+002 -0.757351067521190E+000 -0.412204032018051E+001 -0.107536384819057E+002 -0.123777254285954E+004
  0.294390666434185E-220  0.247946654606522E+004 -0.188730472638150E+002  0.815616723826208E+002 -0.699552817652793E-001 -0.122900618969759E+001 -0.107536384819057E+002 -0.123711831325458E+004
  0.412833876648538E-220  0.247878228683536E+004 -0.194573961007059E+002  0.729011976283281E+002 -0.101737927380487E+001  0.361319436654998E+001 -0.107536384819057E+002 -0.123677618363964E+004
  0.391362942338965E-219  0.247427595241806E+004 -0.194852918332092E+002  0.677088808638936E+002 -0.995281702619565E+000 -0.451649806233651E+001 -0.107536384819057E+002 -0.123452301643099E+004
  0.312725449683530E-218  0.247011141763485E+004 -0.194725546725678E+002  0.692246147940207E+002 -0.118607388054437E+001  0.318785053335216E+001 -0.107536384819057E+002 -0.123244074903939E+004
  0.297559971803329E-217  0.246559768312130E+004 -0.185624803446496E+002  0.988903544780889E+002 -0.254617250438492E+000 -0.333712429040968E+001 -0.107536384819057E+002 -0.123018388178262E+004
  0.339075966852567E-217  0.246532848231332E+004 -0.187075266130643E+002  0.995159330184476E+002 -0.482924313877496E+000 -0.760316114616365E+000 -0.107536384819057E+002 -0.123004928137862E+004
  0.717309862241831E-217  0.246382193079304E+004 -0.194393292134463E+002  0.725144149034231E+002 -0.137173219942626E+001  0.483516660047403E+001 -0.107536384819057E+002 -0.122929600561848E+004
  0.108437406442457E-216  0.246298744617410E+004 -0.190210209096371E+002  0.856742025680157E+002 -0.122604350872020E+001  0.403726612933356E+001 -0.107536384819057E+002 -0.122887876330901E+004
  0.525610581340417E-216  0.245982268714850E+004 -0.186601895443096E+002  0.893100852330303E+002 -0.700800390945853E-001  0.688057480173260E+000 -0.107536384819057E+002 -0.122729638379621E+004
  0.528262553579265E-216  0.245980463746239E+004 -0.187543065889150E+002  0.983578824311672E+002 -0.911368344582695E+000 -0.499299703297895E+001 -0.107536384819057E+002 -0.122728735895316E+004
  0.787091125678431E-216  0.245899915220045E+004 -0.189861806479517E+002  0.901619344960792E+002 -0.100376551517620E+001 -0.474685526801522E+001 -0.107536384819057E+002 -0.122688461632219E+004
  0.292217799184800E-215  0.245636768720898E+004 -0.194594622076443E+002  0.703651203811857E+002 -0.126419776403759E+001  0.392299300215140E+001 -0.107536384819057E+002 -0.122556888382645E+004
  0.737626435481326E-214  0.244990265678123E+004 -0.194705759746369E+002  0.676103683817506E+002 -0.831362537073120E+000 -0.218001867925727E+001 -0.107536384819057E+002 -0.122233636861258E+004
  0.226936663990284E-213  0.244764703564504E+004 -0.189409627782256E+002  0.881871531852716E+002 -0.916656157682061E-002 -0.415981357381273E+001 -0.107536384819057E+002 -0.122120855804449E+004
  0.599816588169042E-213  0.244569514568889E+004 -0.190640316762935E+002  0.848544501217798E+002 -0.376613377292423E+000 -0.143690282980943E+001 -0.107536384819057E+002 -0.122023261306641E+004
  0.476338865851622E-212  0.244154298029656E+004 -0.192573295634142E+002  0.777982124742934E+002 -0.268556285476852E+000 -0.434359312402408E+001 -0.107536384819057E+002 -0.121815653037025E+004
  0.649362411385165E-212  0.244091527331017E+004 -0.188108903379601E+002  0.957530807659384E+002 -0.562183634364235E+000 -0.121476202116943E+001 -0.107536384819057E+002 -0.121784267687705E+004
  0.871982953595844E-211  0.243571256128332E+004 -0.190346783477593E+002  0.864811229572340E+002 -0.520007532400621E+000 -0.416470259589030E+000 -0.107536384819057E+002 -0.121524132086362E+004
  0.576219738539912E-210  0.243192796864803E+004 -0.194190473016556E+002  0.729259407338472E+002 -0.115392138590633E+001  0.158202871337133E+001 -0.107536384819057E+002 -0.121334902454598E+004
  0.728304250911343E-210  0.243145152498650E+004 -0.187687487246120E+002  0.935457137127678E+002 -0.879367905741684E+000  0.665531211780674E+000 -0.107536384819057E+002 -0.121311080271521E+004
  0.211858008290523E-209  0.242930797597778E+004 -0.193643377793896E+002  0.760701658679184E+002 -0.119203461743730E+001  0.256407660000919E+001 -0.107536384819057E+002 -0.121203902821085E+004
  0.587958579599069E-208  0.242265334130026E+004 -0.187376562908448E+002  0.895152778721947E+002 -0.955478316090146E-001 -0.442066542276474E+001 -0.107536384819057E+002 -0.120871171087209E+004
  0.615837976170168E-208  0.242255270245636E+004 -0.189067370496201E+002  0.929934348070445E+002 -0.105855471448341E+001  0.425815930133761E+001 -0.107536384819057E+002 -0.120866139145014E+004
  0.116059729730268E-206  0.241667213590821E+004 -0.193083704240974E+002  0.714989341145759E+002 -0.771231055613485E+000 -0.133213783451463E+000 -0.107536384819057E+002 -0.120572110817607E+004
  0.441889797096137E-206  0.241399024075947E+004 -0.190775878514529E+002  0.866821610804804E+002 -0.123316923114357E+001  0.434551339429149E+001 -0.107536384819057E+002 -0.120438016060170E+004
  0.474277077454647E-206  0.241384079435823E+004 -0.190002241262997E+002  0.875989104638865E+002 -0.486336996232178E+000 -0.580835371005363E+000 -0.107536384819057E+002 -0.120430543740108E+004
  0.538909328787472E-206  0.241357729904953E+004 -0.187532647542429E+002  0.972833674005995E+002 -0.851805757959246E+000 -0.331980484651700E+001 -0.107536384819057E+002 -0.120417368974673E+004
  0.957635429888946E-205  0.240736430307813E+004 -0.193989807814842E+002  0.711826924925793E+002 -0.111107433713229E+001  0.247193170304687E+001 -0.107536384819057E+002 -0.120368215153906E+004
  0.125714913548790E-203  0.240204084075147E+004 -0.191355365360285E+002  0.797308704457492E+002 -0.990422148425248E+000  0.420391516192700E+001 -0.107536384819057E+002 -0.120102042037573E+004
  0.127223373192029E-203  0.240201698548548E+004 -0.189571667199417E+002  0.885786257829227E+002 -0.114400208889938E+001  0.249893035820867E+001 -0.107536384819057E+002 -0.120100849274274E+004
  0.141437957207112E-203  0.240180515194463E+004 -0.192847749821030E+002  0.785630953273502E+002 -0.121894295865747E+001  0.259546767566664E+001 -0.107536384819057E+002 -0.120090257597231E+004
  0.620145387579393E-200  0.238503345580530E+004 -0.192743318042500E+002  0.778728217440901E+002 -0.127296709967815E+001  0.336464249838255E+001 -0.107536384819057E+002 -0.119251672790265E+004
  0.619148247145154E-199  0.238043150403542E+004 -0.194543749377783E+002  0.711749440769643E+002 -0.126253919138196E+001  0.375643823648399E+001 -0.107536384819057E+002 -0.119021575201771E+004
  0.347038337458442E-190  0.234014279132584E+004 -0.188786580142376E+002  0.915105184542068E+002 -0.105874372219168E+001  0.470405010260995E+001 -0.107536384819057E+002 -0.117007139566292E+004
  0.761713203361070E-190  0.233857052161611E+004 -0.190697247126079E+002  0.839581929360901E+002 -0.114355506141539E+001  0.257691901529486E+001 -0.107536384819057E+002 -0.116928526080805E+004
  0.409382213995969E-189  0.233520719319630E+004 -0.189587863539584E+002  0.904949361886931E+002 -0.107792633530324E+001  0.355614877830413E+001 -0.107536384819057E+002 -0.116760359659815E+004
  0.131762079868547E-187  0.232826415553869E+004 -0.193496191185024E+002  0.727838083475446E+002 -0.109856935190065E+001  0.373891359479266E+001 -0.107536384819057E+002 -0.116413207776935E+004
  0.200441299460750E-183  0.230887535062829E+004 -0.190728579521381E+002  0.826758761782608E+002 -0.101153449482315E+001  0.486036234523296E+001 -0.107536384819057E+002 -0.115443767531415E+004
  0.107090926829388E-182  0.230552386679442E+004 -0.193092664049461E+002  0.750082373845484E+002 -0.116948018376854E+001  0.335933670730440E+001 -0.107536384819057E+002 -0.115276193339721E+004
  0.155825317273384E-182  0.230477375207097E+004 -0.188811101443772E+002  0.922024195903827E+002 -0.991920030228251E+000  0.446900313419466E+001 -0.107536384819057E+002 -0.115238687603548E+004
  0.178659711485400E-182  0.230450025742174E+004 -0.191991462143468E+002  0.814059990962007E+002 -0.121693615634691E+001  0.381341639282209E+001 -0.107536384819057E+002 -0.115225012871087E+004
  0.211285797261375E-182  0.230416479989578E+004 -0.191744591551875E+002  0.812853943789808E+002 -0.118770362818319E+001  0.263213371827546E+001 -0.107536384819057E+002 -0.115208239994789E+004
  0.282361993051829E-180  0.229437450311445E+004 -0.194271400378239E+002  0.712183912665263E+002 -0.112285224533484E+001  0.222402077916603E+001 -0.107536384819057E+002 -0.114718725155722E+004
  0.340637554154201E-180  0.229399924489461E+004 -0.194313772031920E+002  0.731443461010137E+002 -0.110959885994653E+001  0.358748469636952E+001 -0.107536384819057E+002 -0.114699962244730E+004
  0.263434379567910E-177  0.228069776377245E+004 -0.194936631183817E+002  0.693132317136395E+002 -0.119090669403107E+001  0.454696026031593E+001 -0.107536384819057E+002 -0.114034888188622E+004
  0.394144469817746E-177  0.227989193734508E+004 -0.189122036852753E+002  0.907247339262940E+002 -0.103610250524363E+001  0.461168138364760E+001 -0.107536384819057E+002 -0.113994596867254E+004
  0.996882392733397E-174  0.226422059621691E+004 -0.190292831402772E+002  0.873592664853093E+002 -0.108608136210260E+001  0.329987583128407E+001 -0.107536384819057E+002 -0.113211029810846E+004
  0.445811564903910E-165  0.222407523606202E+004 -0.193430918962621E+002  0.758292051824569E+002 -0.104740846672409E+001  0.360114471083019E+001 -0.107536384819057E+002 -0.111203761803101E+004
  0.164019054747832E-164  0.222146989338396E+004 -0.193878992562982E+002  0.738035803320639E+002 -0.112251649195132E+001  0.238149566457296E+001 -0.107536384819057E+002 -0.111073494669198E+004
  0.275547767864582E-159  0.219740648567186E+004 -0.194951220058294E+002  0.690910873931381E+002 -0.106212313999689E+001  0.340950450725331E+001 -0.107536384819057E+002 -0.109870324283593E+004
  0.288813626520959E-151  0.216047108300494E+004 -0.192738283712010E+002  0.777388478562291E+002 -0.105042511262710E+001  0.240224959555494E+001 -0.107536384819057E+002 -0.108023554150247E+004
  0.567892463822141E-150  0.215451361184417E+004 -0.193771966732378E+002  0.728307051614089E+002 -0.105315295689742E+001  0.465680524129031E+001 -0.107536384819057E+002 -0.107725680592209E+004
  0.230868254059745E-145  0.213328793062916E+004 -0.192492255262970E+002  0.776200091307211E+002 -0.107193552856921E+001  0.475172188580377E+001 -0.107536384819057E+002 -0.106664396531458E+004
