 -0.193163725597461E+002  0.710114910685502E+002 -0.479025957848115E+000  0.123782134030340E+001  0.174715203577350E+001 -0.156952809045150E+002 -0.749746037807512E+003 -0.749746037807512E+003
 -0.192996485587465E+002  0.717932557367163E+002 -0.642192475396491E+000  0.465024305390296E+001  0.590706488408578E+002 -0.156952809045150E+002 -0.749436208223822E+003 -0.749436208223822E+003
 -0.192989587737733E+002  0.718345803611805E+002 -0.674357007086494E+000  0.422746093684408E+001  0.434322014724290E+002 -0.156952809045150E+002 -0.749520435705266E+003 -0.749520435705266E+003
 -0.193108239239531E+002  0.714616711363578E+002 -0.699816624951180E+000  0.393761726910318E+001  0.287977851717772E+002 -0.156952809045150E+002 -0.750883753436862E+003 -0.750883753436862E+003
 -0.192621665365687E+002  0.736425797353960E+002 -0.684802714410584E+000  0.386208039714469E+001  0.397307860466282E+002 -0.156952809045150E+002 -0.752721424881935E+003 -0.752721424881935E+003
 -0.192382303534816E+002  0.739446331798877E+002 -0.646164358215942E+000  0.422140557540327E+001  0.370519044347311E+002 -0.156952809045150E+002 -0.753864744318042E+003 -0.753864744318042E+003
 -0.192129899416396E+002  0.747771774801856E+002 -0.593973141679303E+000  0.367836938713463E+001  0.545883671006012E+002 -0.156952809045150E+002 -0.752794305601020E+003 -0.752794305601020E+003
 -0.192162255237386E+002  0.742348588615047E+002 -0.591383518553906E+000  0.471504319745502E+001  0.677344849649727E+002 -0.156952809045150E+002 -0.750954792432754E+003 -0.750954792432754E+003
 -0.192369102724638E+002  0.739287392324796E+002 -0.671583139717849E+000  0.341921643524896E+001  0.252631746605672E+002 -0.156952809045150E+002 -0.749831395649543E+003 -0.749831395649543E+003
 -0.192664045568035E+002  0.729591367923401E+002 -0.710893866080962E+000  0.459961356862357E+001  0.396442328757924E+002 -0.156952809045150E+002 -0.749999525031213E+003 -0.749999525031213E+003
 -0.193115066198604E+002  0.709633937252413E+002 -0.454352562886658E+000  0.264892310242611E+001  0.408719516249863E+002 -0.156952809045150E+002 -0.753867967473548E+003 -0.753867967473548E+003
 -0.192733910227982E+002  0.729998239468448E+002 -0.624299037842625E+000  0.221259857705514E+001  0.759727695242560E+001 -0.156952809045150E+002 -0.747691927803346E+003 -0.747691927803346E+003
 -0.193133174672374E+002  0.716392764729090E+002 -0.688566742110535E+000  0.429332398836334E+001  0.432428300469757E+002 -0.156952809045150E+002 -0.750026835749700E+003 -0.750026835749700E+003
 -0.192529702307454E+002  0.725738862060512E+002 -0.345278872673905E+000  0.149352184203819E+001  0.490177968982709E+002 -0.156952809045150E+002 -0.753710972618004E+003 -0.753710972618004E+003
 -0.193045392422687E+002  0.715833834076377E+002 -0.551431038860495E+000  0.371533701015386E+001  0.539266331485036E+002 -0.156952809045150E+002 -0.752794432675437E+003 -0.752794432675437E+003
 -0.192637108129800E+002  0.726528778121465E+002 -0.525874320369223E+000  0.377128176849072E+001  0.485005462506969E+002 -0.156952809045150E+002 -0.753533712824447E+003 -0.753533712824447E+003
 -0.193279771582076E+002  0.713464272411442E+002 -0.765428664698752E+000  0.414209847748385E+001  0.324574461517243E+002 -0.156952809045150E+002 -0.753893633540621E+003 -0.753893633540621E+003
 -0.193029078071608E+002  0.714701970664171E+002 -0.595765723716057E+000  0.432521799219657E+001  0.532176995529099E+002 -0.156952809045150E+002 -0.751031502630999E+003 -0.751031502630999E+003
 -0.192849432195261E+002  0.725989960026321E+002 -0.712701543219306E+000  0.344835471778980E+001  0.190952663378650E+002 -0.156952809045150E+002 -0.749440165660734E+003 -0.749440165660734E+003
 -0.193042105577008E+002  0.713132264262294E+002 -0.506515335664309E+000  0.369959586113871E+001  0.647609794013993E+002 -0.156952809045150E+002 -0.752792521724759E+003 -0.752792521724759E+003
 -0.192551128635405E+002  0.731163848931909E+002 -0.493746362884398E+000  0.100342335732334E+001 -0.257803580407298E+000 -0.156952809045150E+002 -0.748233254540456E+003 -0.748233254540456E+003
 -0.192459109257736E+002  0.731831254619871E+002 -0.476932011987633E+000  0.233806390330251E+001  0.198040339185494E+002 -0.156952809045150E+002 -0.751246947526646E+003 -0.751246947526646E+003
 -0.192016805750554E+002  0.751951788921264E+002 -0.706653574608409E+000  0.391849031268815E+001  0.320001129670394E+002 -0.156952809045150E+002 -0.752417674773681E+003 -0.752417674773681E+003
 -0.192701375274457E+002  0.720587934483288E+002 -0.505996604392395E+000  0.305790776970274E+001  0.415024821113799E+002 -0.156952809045150E+002 -0.752298319567047E+003 -0.752298319567047E+003
 -0.192362615333496E+002  0.737310203643518E+002 -0.654363122252146E+000  0.481711983197287E+001  0.492260567913964E+002 -0.156952809045150E+002 -0.753413149244012E+003 -0.753413149244012E+003
 -0.193079165175765E+002  0.710722529349260E+002 -0.522562590882899E+000  0.269011195911275E+001  0.210097371737922E+002 -0.156952809045150E+002 -0.751162692207682E+003 -0.751162692207682E+003
 -0.192495394988399E+002  0.742891103883335E+002 -0.734629244480166E+000  0.331700885602861E+001  0.204919523224385E+002 -0.156952809045150E+002 -0.751710329915323E+003 -0.751710329915323E+003
 -0.193079533770916E+002  0.712859204620274E+002 -0.594793107437211E+000  0.396000184039604E+001  0.433762912614985E+002 -0.156952809045150E+002 -0.750556379454778E+003 -0.750556379454778E+003
 -0.192815182047967E+002  0.719559279528297E+002 -0.553271305166240E+000  0.401150499032604E+001  0.696207700857566E+002 -0.156952809045150E+002 -0.751260537620320E+003 -0.751260537620320E+003
 -0.192585618710329E+002  0.722460958743243E+002 -0.455481607592294E+000  0.278129071417523E+001  0.434688861197569E+002 -0.156952809045150E+002 -0.753405769909220E+003 -0.753405769909220E+003
 -0.192560247943896E+002  0.731746639178598E+002 -0.631308005564972E+000  0.388749415715070E+001  0.390511803747878E+002 -0.156952809045150E+002 -0.747841368952294E+003 -0.747841368952294E+003
 -0.192114180103465E+002  0.743205475412417E+002 -0.594006637237175E+000  0.408330955424364E+001  0.583406467560162E+002 -0.156952809045150E+002 -0.753097485312630E+003 -0.753097485312630E+003
 -0.192083330422301E+002  0.742789915152598E+002 -0.484218316187655E+000  0.355840231390336E+001  0.583888579882132E+002 -0.156952809045150E+002 -0.753160143992325E+003 -0.753160143992325E+003
 -0.192168640532527E+002  0.739468708369630E+002 -0.355442733802793E+000  0.415281617547989E+000  0.345251039338023E+002 -0.156952809045150E+002 -0.753811715070793E+003 -0.753811715070793E+003
 -0.193246713130965E+002  0.709363452215080E+002 -0.656934456542255E+000  0.439895031616165E+001  0.447364115194783E+002 -0.156952809045150E+002 -0.751062614268860E+003 -0.751062614268860E+003
 -0.192715490982662E+002  0.724031841451782E+002 -0.483377972601773E+000  0.324775147928607E+001  0.559187611958668E+002 -0.156952809045150E+002 -0.752246346551296E+003 -0.752246346551296E+003
 -0.192832939548319E+002  0.723580053208986E+002 -0.644654695494497E+000  0.356109354464088E+001  0.291514685902740E+002 -0.156952809045150E+002 -0.747929922039860E+003 -0.747929922039860E+003
 -0.192603647999361E+002  0.725947959418393E+002 -0.506687769914564E+000  0.149563053935671E+001  0.441939546138892E+001 -0.156952809045150E+002 -0.749879942077584E+003 -0.749879942077584E+003
 -0.191962128102000E+002  0.752585913907497E+002 -0.534580457233829E+000  0.207851176640646E+001  0.119367698327168E+002 -0.156952809045150E+002 -0.750635107143757E+003 -0.750635107143757E+003
 -0.192367324228702E+002  0.741876502876426E+002 -0.615350663626690E+000  0.393667551475507E+001  0.508398309697207E+002 -0.156952809045150E+002 -0.751753674031636E+003 -0.751753674031636E+003
 -0.193510024202632E+002  0.702942543111048E+002 -0.654028836147505E+000  0.358204017651427E+001  0.323026692295900E+002 -0.156952809045150E+002 -0.753838477692737E+003 -0.753838477692737E+003
 -0.192616084039241E+002  0.728020052844843E+002 -0.584504099627163E+000  0.415928078966343E+001  0.677206937703485E+002 -0.156952809045150E+002 -0.750369145654882E+003 -0.750369145654882E+003
 -0.192070280836057E+002  0.746822130124202E+002 -0.554124805961524E+000  0.329514473039027E+001  0.324364167425084E+002 -0.156952809045150E+002 -0.751324069906944E+003 -0.751324069906944E+003
 -0.193062377440220E+002  0.721898649965335E+002 -0.745603103486629E+000  0.426989312971535E+001  0.324268853399940E+002 -0.156952809045150E+002 -0.751009510073744E+003 -0.751009510073744E+003
 -0.192294349844268E+002  0.732640662882929E+002 -0.452003251353510E+000  0.241315128330539E+001  0.330526275911623E+002 -0.156952809045150E+002 -0.753343392596007E+003 -0.753343392596007E+003
 -0.192040190781803E+002  0.752970476778841E+002 -0.607341453540945E+000  0.310275584637719E+001  0.290108759090989E+002 -0.156952809045150E+002 -0.751763731321920E+003 -0.751763731321920E+003
 -0.191892188582875E+002  0.748438210970155E+002 -0.441583106210334E+000  0.219054595273946E+001  0.325257234201673E+002 -0.156952809045150E+002 -0.753607353814790E+003 -0.753607353814790E+003
 -0.192721359051369E+002  0.720580963599315E+002 -0.497473080791492E+000  0.314978390513786E+001  0.468109779310237E+002 -0.156952809045150E+002 -0.751096177753620E+003 -0.751096177753620E+003
 -0.192432257365269E+002  0.727638029838621E+002 -0.367729789439878E+000  0.137372701727893E+001  0.393840948140684E+002 -0.156952809045150E+002 -0.753404967248898E+003 -0.753404967248898E+003
 -0.192665041430125E+002  0.726945715297233E+002 -0.566273596256331E+000  0.232077960441630E+001  0.135249309818016E+002 -0.156952809045150E+002 -0.748047292618813E+003 -0.748047292618813E+003
 -0.192819796311376E+002  0.714879822184554E+002 -0.430160389739559E+000  0.157915712038140E+001  0.993677984309322E+001 -0.156952809045150E+002 -0.752817170930239E+003 -0.752817170930239E+003
 -0.191933112508251E+002  0.747702066335271E+002 -0.451563472140568E+000  0.303742774204775E+001  0.603996889856171E+002 -0.156952809045150E+002 -0.753526127179024E+003 -0.753526127179024E+003
 -0.192851992356921E+002  0.729237172114153E+002 -0.706535218525709E+000  0.311449224654074E+001  0.159608020866197E+002 -0.156952809045150E+002 -0.749836088879453E+003 -0.749836088879453E+003
 -0.192729649789812E+002  0.724437770061132E+002 -0.499490255931093E+000  0.271384350951784E+001  0.495843290055114E+002 -0.156952809045150E+002 -0.753035307424728E+003 -0.753035307424728E+003
 -0.192118094015228E+002  0.742374897857988E+002 -0.515231851259837E+000  0.270746006411513E+001  0.241129661819500E+002 -0.156952809045150E+002 -0.750752624592562E+003 -0.750752624592562E+003
 -0.192265410522585E+002  0.735252754562999E+002 -0.443198412678745E+000  0.301994238540881E+001  0.628545063129865E+002 -0.156952809045150E+002 -0.751959559354888E+003 -0.751959559354888E+003
 -0.192216344589277E+002  0.749810582646112E+002 -0.698609987677348E+000  0.455345053029388E+001  0.465256870835081E+002 -0.156952809045150E+002 -0.752607302831639E+003 -0.752607302831639E+003
 -0.192235725695631E+002  0.746822525944359E+002 -0.622526105596259E+000  0.350773044225763E+001  0.325682913005564E+002 -0.156952809045150E+002 -0.751460168693490E+003 -0.751460168693490E+003
 -0.192282317028724E+002  0.740474815982341E+002 -0.569328171063533E+000  0.209564707671461E+001  0.137054642937075E+002 -0.156952809045150E+002 -0.753393616653448E+003 -0.753393616653448E+003
 -0.191939207583289E+002  0.754266165670211E+002 -0.672650986278534E+000  0.308924698399780E+001  0.183944737943267E+002 -0.156952809045150E+002 -0.752708876785119E+003 -0.752708876785119E+003
 -0.192583677012396E+002  0.723357686641030E+002 -0.382761819553439E+000  0.157965838397425E+001  0.451704280603744E+002 -0.156952809045150E+002 -0.753213160560670E+003 -0.753213160560670E+003
 -0.192224283055439E+002  0.741277105908684E+002 -0.615354652552886E+000  0.250449150355752E+001  0.133613243183329E+002 -0.156952809045150E+002 -0.753651511960116E+003 -0.753651511960116E+003
 -0.192770274581773E+002  0.722981650367206E+002 -0.591947825442140E+000  0.259883800084693E+001  0.124509368901420E+002 -0.156952809045150E+002 -0.749439425080464E+003 -0.749439425080464E+003
 -0.191762627607172E+002  0.758223184557559E+002 -0.588230574991730E+000  0.366508198150086E+001  0.462563139282179E+002 -0.156952809045150E+002 -0.752786706505736E+003 -0.752786706505736E+003
 -0.192266109108308E+002  0.747583557849663E+002 -0.728703700129425E+000  0.346845627630313E+001  0.199966817662380E+002 -0.156952809045150E+002 -0.749686881998807E+003 -0.749686881998807E+003
 -0.192684067125368E+002  0.722500769896299E+002 -0.448110034572298E+000  0.249114295021828E+001  0.341577095415398E+002 -0.156952809045150E+002 -0.751297250928870E+003 -0.751297250928870E+003
 -0.193150649078928E+002  0.719198045581524E+002 -0.687667379278394E+000  0.292136889574468E+001  0.165624506657453E+002 -0.156952809045150E+002 -0.752090193713279E+003 -0.752090193713279E+003
 -0.192726037978957E+002  0.734889176108060E+002 -0.726036393814396E+000  0.396462521263902E+001  0.313243632411328E+002 -0.156952809045150E+002 -0.752164267864063E+003 -0.752164267864063E+003
 -0.192309921350861E+002  0.732083488056273E+002 -0.332330917344889E+000  0.833528597430893E+000  0.477400080848179E+002 -0.156952809045150E+002 -0.753153843485316E+003 -0.753153843485316E+003
 -0.192346373250275E+002  0.739477419404255E+002 -0.496969212817460E+000  0.207129236195631E+001  0.191673239751883E+002 -0.156952809045150E+002 -0.752192523497159E+003 -0.752192523497159E+003
 -0.191716277490730E+002  0.756782232884925E+002 -0.436732752749522E+000  0.111089474698254E+001  0.406954884816696E+001 -0.156952809045150E+002 -0.753558977987291E+003 -0.753558977987291E+003
 -0.192366340801380E+002  0.736084402657329E+002 -0.610315172554353E+000  0.434061561092641E+001  0.656665299694745E+002 -0.156952809045150E+002 -0.751324716997922E+003 -0.751324716997922E+003
 -0.192443748913609E+002  0.739570725418771E+002 -0.557207638155722E+000  0.159490706626387E+001  0.484462926988456E+001 -0.156952809045150E+002 -0.749663309740792E+003 -0.749663309740792E+003
 -0.192943090447375E+002  0.720159652672188E+002 -0.575437887765515E+000  0.387791930585102E+001  0.598631779462229E+002 -0.156952809045150E+002 -0.752046584538844E+003 -0.752046584538844E+003
 -0.192507759630350E+002  0.731147977452489E+002 -0.484133923853087E+000  0.162771654787778E+001  0.362790858670793E+001 -0.156952809045150E+002 -0.753208909385634E+003 -0.753208909385634E+003
 -0.192860665751512E+002  0.729210443247585E+002 -0.772537098868581E+000  0.376651799542757E+001  0.205880486527163E+002 -0.156952809045150E+002 -0.751380428744551E+003 -0.751380428744551E+003
 -0.192783052415071E+002  0.721179727199844E+002 -0.420819036217868E+000  0.204162521302945E+001  0.556347732024500E+002 -0.156952809045150E+002 -0.753796239143530E+003 -0.753796239143530E+003
 -0.192402561515337E+002  0.740846148504537E+002 -0.733816505537080E+000  0.466737034021847E+001  0.436754999932489E+002 -0.156952809045150E+002 -0.748299779682635E+003 -0.748299779682635E+003
 -0.192294370471157E+002  0.744551238152072E+002 -0.643358708188946E+000  0.206800240045084E+001  0.500206508891965E+001 -0.156952809045150E+002 -0.749526331350869E+003 -0.749526331350869E+003
 -0.192023133200571E+002  0.754970280176286E+002 -0.679542473956153E+000  0.447006848602176E+001  0.545087380142108E+002 -0.156952809045150E+002 -0.751996541464182E+003 -0.751996541464182E+003
 -0.192937694219952E+002  0.716151930462092E+002 -0.530993221746097E+000  0.142419205215325E+001  0.191172345599020E+001 -0.156952809045150E+002 -0.749859747449250E+003 -0.749859747449250E+003
 -0.192510762017853E+002  0.725726436557863E+002 -0.463575381921982E+000  0.280307168930957E+001  0.342740571898282E+002 -0.156952809045150E+002 -0.752535958543424E+003 -0.752535958543424E+003
 -0.193265108885182E+002  0.707032426671537E+002 -0.529918976346232E+000  0.257490812114772E+001  0.195755222366983E+002 -0.156952809045150E+002 -0.752080821349057E+003 -0.752080821349057E+003
 -0.192252293901583E+002  0.746507819795657E+002 -0.746098090655138E+000  0.350956674312287E+001  0.179520839885095E+002 -0.156952809045150E+002 -0.752919892520858E+003 -0.752919892520858E+003
 -0.192058598946391E+002  0.751428463251813E+002 -0.626925102447401E+000  0.313116483476576E+001  0.255579873232794E+002 -0.156952809045150E+002 -0.749859091241535E+003 -0.749859091241535E+003
 -0.192228446896985E+002  0.741747667299928E+002 -0.497773615002443E+000  0.325551300903495E+001  0.619587467664091E+002 -0.156952809045150E+002 -0.752526929295307E+003 -0.752526929295307E+003
 -0.192699673182445E+002  0.734706006749473E+002 -0.713283021695087E+000  0.401526891411486E+001  0.318291061385213E+002 -0.156952809045150E+002 -0.751750429519824E+003 -0.751750429519824E+003
 -0.193272681833198E+002  0.704682026021360E+002 -0.594870097837118E+000  0.358934134108366E+001  0.305367161894874E+002 -0.156952809045150E+002 -0.753578334175934E+003 -0.753578334175934E+003
 -0.192751564995845E+002  0.731701006928041E+002 -0.701292141350943E+000  0.416937324031019E+001  0.411820991915371E+002 -0.156952809045150E+002 -0.750560279547630E+003 -0.750560279547630E+003
 -0.192428364119895E+002  0.731679781351217E+002 -0.542826759478969E+000  0.402012626185331E+001  0.639855309602305E+002 -0.156952809045150E+002 -0.750145253635820E+003 -0.750145253635820E+003
 -0.192183939178564E+002  0.743277581049790E+002 -0.523867225092590E+000  0.170544146586841E+001  0.463070261272338E+001 -0.156952809045150E+002 -0.748961900621420E+003 -0.748961900621420E+003
 -0.192555633311285E+002  0.731632069132271E+002 -0.672474799048554E+000  0.457360405905504E+001  0.457131648467619E+002 -0.156952809045150E+002 -0.749112214174908E+003 -0.749112214174908E+003
 -0.192586612531878E+002  0.740732687177736E+002 -0.751051272372167E+000  0.415292683701173E+001  0.341067330763385E+002 -0.156952809045150E+002 -0.752850568349646E+003 -0.752850568349646E+003
 -0.192138384899477E+002  0.740073451298118E+002 -0.362312128386300E+000  0.134902640271051E+001  0.494757113307135E+002 -0.156952809045150E+002 -0.753651803980055E+003 -0.753651803980055E+003
 -0.192322422136674E+002  0.735878923861610E+002 -0.413676306206147E+000  0.217954265170318E+001  0.682736380285004E+002 -0.156952809045150E+002 -0.753110923076070E+003 -0.753110923076070E+003
 -0.192121674211803E+002  0.751415996409431E+002 -0.642084347914603E+000  0.308022330676486E+001  0.263948297133726E+002 -0.156952809045150E+002 -0.752373120204596E+003 -0.752373120204596E+003
 -0.191744948454492E+002  0.758445963725139E+002 -0.554438276220488E+000  0.273413264425922E+001  0.243865171142999E+002 -0.156952809045150E+002 -0.752414362336831E+003 -0.752414362336831E+003
 -0.192389793159242E+002  0.732027839970991E+002 -0.388176297918325E+000  0.141341399466464E+001  0.155666810030740E+002 -0.156952809045150E+002 -0.752534839141307E+003 -0.752534839141307E+003
 -0.192885730406325E+002  0.728053398150717E+002 -0.710370477573584E+000  0.428203385324514E+001  0.422753403213015E+002 -0.156952809045150E+002 -0.751873965726745E+003 -0.751873965726745E+003
 -0.192652544743156E+002  0.723599976533905E+002 -0.525562595447251E+000  0.435399793682173E+001  0.675929560156490E+002 -0.156952809045150E+002 -0.753080120715855E+003 -0.753080120715855E+003
 -0.192501567411695E+002  0.737594387183371E+002 -0.603324549570103E+000  0.370774137309458E+001  0.495896091139033E+002 -0.156952809045150E+002 -0.752922201000160E+003 -0.752922201000160E+003
 -0.192141867469229E+002  0.742920253364625E+002 -0.575386309477536E+000  0.453171212192962E+001  0.667730410703053E+002 -0.156952809045150E+002 -0.751043528391110E+003 -0.751043528391110E+003
 -0.192613666733111E+002  0.720929201587331E+002 -0.311524320631328E+000  0.741522750158716E+000  0.427354764592462E+002 -0.156952809045150E+002 -0.753847206421463E+003 -0.753847206421463E+003
 -0.193219743364355E+002  0.713454384713698E+002 -0.674213158867482E+000  0.461531185799212E+001  0.606461845017771E+002 -0.156952809045150E+002 -0.752722752474961E+003 -0.752722752474961E+003
 -0.193103103444630E+002  0.715071629345360E+002 -0.596147773107641E+000  0.359858072731933E+001  0.403047056850553E+002 -0.156952809045150E+002 -0.751024478247031E+003 -0.751024478247031E+003
 -0.192159058209250E+002  0.740006134281203E+002 -0.479810518461543E+000  0.294312382404615E+001  0.627927070415991E+002 -0.156952809045150E+002 -0.753852603792277E+003 -0.753852603792277E+003
 -0.192988556831209E+002  0.713173870621906E+002 -0.506546217067487E+000  0.322851972455801E+001  0.580682787614949E+002 -0.156952809045150E+002 -0.752872130897024E+003 -0.752872130897024E+003
 -0.192857304581206E+002  0.725982833500124E+002 -0.639997149293195E+000  0.427518462752523E+001  0.590772263046825E+002 -0.156952809045150E+002 -0.752505366050170E+003 -0.752505366050170E+003
 -0.192183335285384E+002  0.746665713026688E+002 -0.631503233532285E+000  0.488530266747791E+001  0.675350689436684E+002 -0.156952809045150E+002 -0.752244393129139E+003 -0.752244393129139E+003
 -0.192962188708642E+002  0.717073570232328E+002 -0.501622196271749E+000  0.170422553260886E+001  0.996785427099495E+001 -0.156952809045150E+002 -0.750198447762439E+003 -0.750198447762439E+003
 -0.192150587192697E+002  0.742170946396977E+002 -0.518750929948241E+000  0.348476475950908E+001  0.675287369619110E+002 -0.156952809045150E+002 -0.752249010703304E+003 -0.752249010703304E+003
 -0.193336059286767E+002  0.703392577900813E+002 -0.634803785962646E+000  0.426843740712987E+001  0.455064625320456E+002 -0.156952809045150E+002 -0.753673054284816E+003 -0.753673054284816E+003
 -0.192854228743903E+002  0.721600215807731E+002 -0.503710513521705E+000  0.184596277651239E+001  0.703738802333754E+001 -0.156952809045150E+002 -0.751647945794481E+003 -0.751647945794481E+003
 -0.192864850000301E+002  0.715314640830185E+002 -0.448779041488120E+000  0.187920538288053E+001  0.233823557210310E+002 -0.156952809045150E+002 -0.753379734420246E+003 -0.753379734420246E+003
 -0.192666988822200E+002  0.732885372880768E+002 -0.647166045926898E+000  0.337238928080967E+001  0.253455983168165E+002 -0.156952809045150E+002 -0.749774769132482E+003 -0.749774769132482E+003
 -0.192425131637882E+002  0.744367192558368E+002 -0.755411847061155E+000  0.426551197602087E+001  0.324361837682609E+002 -0.156952809045150E+002 -0.750502697412267E+003 -0.750502697412267E+003
 -0.192434962414484E+002  0.732256312843322E+002 -0.402518387481171E+000  0.178684161429824E+001  0.592283216305293E+002 -0.156952809045150E+002 -0.753432010926859E+003 -0.753432010926859E+003
 -0.192368256790919E+002  0.738010608212289E+002 -0.504944449898707E+000  0.216674318842865E+001  0.228976687386354E+002 -0.156952809045150E+002 -0.751433411751450E+003 -0.751433411751450E+003
 -0.191790898069852E+002  0.756625997960367E+002 -0.660259994490260E+000  0.452872013514031E+001  0.519452204181066E+002 -0.156952809045150E+002 -0.753605994963275E+003 -0.753605994963275E+003
 -0.192077322444524E+002  0.741291104489953E+002 -0.454425943368386E+000  0.304716776124770E+001  0.587001735966102E+002 -0.156952809045150E+002 -0.752820769167252E+003 -0.752820769167252E+003
 -0.192532888748266E+002  0.732815923469033E+002 -0.625603168222801E+000  0.357622429518400E+001  0.398053902316917E+002 -0.156952809045150E+002 -0.750813779909761E+003 -0.750813779909761E+003
 -0.192810710711910E+002  0.725557222691950E+002 -0.638613513737999E+000  0.367100268688873E+001  0.323315011244734E+002 -0.156952809045150E+002 -0.748354879266520E+003 -0.748354879266520E+003
 -0.192322120998729E+002  0.740552025652705E+002 -0.560734222744262E+000  0.338363304618355E+001  0.344880725090773E+002 -0.156952809045150E+002 -0.752622817298942E+003 -0.752622817298942E+003
 -0.192583115713144E+002  0.726101116804407E+002 -0.358002165429273E+000  0.442178801183870E+000  0.592396678739151E+002 -0.156952809045150E+002 -0.753469156197684E+003 -0.753469156197684E+003
 -0.192075427580517E+002  0.750080200506134E+002 -0.614843671966922E+000  0.398546492752346E+001  0.563364681924115E+002 -0.156952809045150E+002 -0.751857666725701E+003 -0.751857666725701E+003
 -0.192092528389022E+002  0.741441515603505E+002 -0.522257487908480E+000  0.360201170779006E+001  0.464652349343956E+002 -0.156952809045150E+002 -0.752921623526786E+003 -0.752921623526786E+003
 -0.191937990972154E+002  0.758986141581727E+002 -0.791404414602743E+000  0.486949412728571E+001  0.417543731720809E+002 -0.156952809045150E+002 -0.752355343910784E+003 -0.752355343910784E+003
 -0.192728401350375E+002  0.720188105679319E+002 -0.352091635074956E+000  0.137897319861081E+000  0.395879396404703E+002 -0.156952809045150E+002 -0.753353825600709E+003 -0.753353825600709E+003
 -0.192871723048168E+002  0.729779954728126E+002 -0.827697991153183E+000  0.498574588316895E+001  0.426517594471399E+002 -0.156952809045150E+002 -0.751135095502604E+003 -0.751135095502604E+003
 -0.193283784764228E+002  0.712935644091161E+002 -0.719007523097786E+000  0.305902323346667E+001  0.142874399607795E+002 -0.156952809045150E+002 -0.751944442523688E+003 -0.751944442523688E+003
 -0.192300885341746E+002  0.738442672770506E+002 -0.652163342972939E+000  0.442690824988737E+001  0.531416606876641E+002 -0.156952809045150E+002 -0.751691527788835E+003 -0.751691527788835E+003
 -0.192487022047838E+002  0.739522314538920E+002 -0.705449139333961E+000  0.374173619168107E+001  0.225638124459011E+002 -0.156952809045150E+002 -0.752893327431987E+003 -0.752893327431987E+003
 -0.192602837823521E+002  0.723300059956063E+002 -0.444574953800705E+000  0.203301355763550E+001  0.294422740578201E+002 -0.156952809045150E+002 -0.753245300999647E+003 -0.753245300999647E+003
 -0.193023572909107E+002  0.713359178690412E+002 -0.622137411833364E+000  0.432265743067336E+001  0.577852542582280E+002 -0.156952809045150E+002 -0.753110760829046E+003 -0.753110760829046E+003
 -0.192825409918091E+002  0.733276738926083E+002 -0.766178767518267E+000  0.376905303136854E+001  0.240592314282796E+002 -0.156952809045150E+002 -0.752617522332587E+003 -0.752617522332587E+003
 -0.192501032009716E+002  0.727635541513880E+002 -0.354357472210355E+000  0.165266157058122E+000  0.610929537502445E+002 -0.156952809045150E+002 -0.753083037019336E+003 -0.753083037019336E+003
 -0.191901622333030E+002  0.753801424683858E+002 -0.573134083397159E+000  0.197604229570656E+001  0.640639754707351E+001 -0.156952809045150E+002 -0.750619177886543E+003 -0.750619177886543E+003
 -0.192557038338513E+002  0.725521581232895E+002 -0.348706030547599E+000  0.138617985174447E+001  0.695402095093179E+002 -0.156952809045150E+002 -0.753155701463044E+003 -0.753155701463044E+003
 -0.192987777850609E+002  0.716975814698710E+002 -0.528611310405372E+000  0.164447122619042E+001  0.316503390711495E+001 -0.156952809045150E+002 -0.749905527859280E+003 -0.749905527859280E+003
 -0.192424188575300E+002  0.736737275473223E+002 -0.575610285779649E+000  0.293337710534293E+001  0.179118038561310E+002 -0.156952809045150E+002 -0.753136976943593E+003 -0.753136976943593E+003
 -0.191720001065458E+002  0.761489634360937E+002 -0.614236415048767E+000  0.353473372273907E+001  0.310642132389440E+002 -0.156952809045150E+002 -0.753085715785392E+003 -0.753085715785392E+003
 -0.192381340333099E+002  0.733141813758215E+002 -0.552448579360792E+000  0.367635559551134E+001  0.521069281991188E+002 -0.156952809045150E+002 -0.751092404154643E+003 -0.751092404154643E+003
 -0.192310851787078E+002  0.746114444053681E+002 -0.636105362770943E+000  0.227640515449213E+001  0.940643528599041E+001 -0.156952809045150E+002 -0.749536743865620E+003 -0.749536743865620E+003
 -0.191713918079617E+002  0.762682966964966E+002 -0.627951462998079E+000  0.341867798342592E+001  0.336801132577124E+002 -0.156952809045150E+002 -0.753379697467250E+003 -0.753379697467250E+003
 -0.192843076688206E+002  0.721471308958236E+002 -0.572209442356254E+000  0.356835739619565E+001  0.354859968360599E+002 -0.156952809045150E+002 -0.750787571719688E+003 -0.750787571719688E+003
 -0.191886759483049E+002  0.749903501725852E+002 -0.491438292054927E+000  0.275111977835592E+001  0.361098351984955E+002 -0.156952809045150E+002 -0.752710178049269E+003 -0.752710178049269E+003
 -0.192775164504422E+002  0.724890329509505E+002 -0.638766281131947E+000  0.486489671002602E+001  0.658738043309586E+002 -0.156952809045150E+002 -0.748829343764377E+003 -0.748829343764377E+003
 -0.192747858844204E+002  0.723813034137616E+002 -0.527097892964158E+000  0.214169566430823E+001  0.199111633529761E+002 -0.156952809045150E+002 -0.752248043235327E+003 -0.752248043235327E+003
 -0.192336419793209E+002  0.730210914556169E+002 -0.354107307517705E+000  0.151257327114726E+001  0.517144905483226E+002 -0.156952809045150E+002 -0.753531719137893E+003 -0.753531719137893E+003
 -0.191862109843831E+002  0.760424666419852E+002 -0.709745440338817E+000  0.436652292256965E+001  0.408548160501551E+002 -0.156952809045150E+002 -0.751576041033658E+003 -0.751576041033658E+003
 -0.193380876643072E+002  0.705978116872367E+002 -0.607159229321449E+000  0.284767751092601E+001  0.185399682067903E+002 -0.156952809045150E+002 -0.751302066964038E+003 -0.751302066964038E+003
 -0.192471239162742E+002  0.726056534526405E+002 -0.350192602316004E+000  0.157066247703775E+001  0.665791094290926E+002 -0.156952809045150E+002 -0.753111937560696E+003 -0.753111937560696E+003
 -0.192607298742184E+002  0.722600595724696E+002 -0.338694732709980E+000  0.863231500108448E+000  0.948149177701100E+001 -0.156952809045150E+002 -0.753362903779292E+003 -0.753362903779292E+003
 -0.192510437101816E+002  0.739750810675413E+002 -0.745815144225754E+000  0.444991900050994E+001  0.456220568452257E+002 -0.156952809045150E+002 -0.752171475829581E+003 -0.752171475829581E+003
 -0.191754681054170E+002  0.758160988741526E+002 -0.591927664342501E+000  0.402359500536200E+001  0.541996253133631E+002 -0.156952809045150E+002 -0.752643619478928E+003 -0.752643619478928E+003
 -0.192897413443985E+002  0.714104398542941E+002 -0.348413769132995E+000  0.117717046161068E+001  0.549327387107496E+002 -0.156952809045150E+002 -0.753882121697220E+003 -0.753882121697220E+003
 -0.193036001655313E+002  0.718506213107530E+002 -0.652095504376825E+000  0.460097675842820E+001  0.687750111241778E+002 -0.156952809045150E+002 -0.752444292423949E+003 -0.752444292423949E+003
 -0.192105038608724E+002  0.742826104659536E+002 -0.453328474218291E+000  0.304495752971018E+001  0.590647730918679E+002 -0.156952809045150E+002 -0.752984560852670E+003 -0.752984560852670E+003
 -0.192443057557583E+002  0.727581555890111E+002 -0.447131479547307E+000  0.330864240327809E+001  0.694742911675372E+002 -0.156952809045150E+002 -0.752724264835984E+003 -0.752724264835984E+003
 -0.192324137267282E+002  0.747914412974732E+002 -0.694893219502691E+000  0.384688554203874E+001  0.346861555864564E+002 -0.156952809045150E+002 -0.753412912876457E+003 -0.753412912876457E+003
 -0.192384895600914E+002  0.742263950911795E+002 -0.623442916736605E+000  0.424122723578688E+001  0.566832460693884E+002 -0.156952809045150E+002 -0.753859221221505E+003 -0.753859221221505E+003
 -0.193096247264699E+002  0.720190732455014E+002 -0.735241590627101E+000  0.462097064858846E+001  0.474099223422118E+002 -0.156952809045150E+002 -0.751282604793554E+003 -0.751282604793554E+003
 -0.192186074169425E+002  0.743172632202573E+002 -0.466394742632230E+000  0.194776715984500E+001  0.254773352231116E+002 -0.156952809045150E+002 -0.753032950018279E+003 -0.753032950018279E+003
 -0.192542616698384E+002  0.725612913172362E+002 -0.449286526321342E+000  0.345366589439790E+001  0.683296007139930E+002 -0.156952809045150E+002 -0.752646985905411E+003 -0.752646985905411E+003
 -0.193226366418631E+002  0.711656903754497E+002 -0.636403122728152E+000  0.402546421071461E+001  0.419434122802019E+002 -0.156952809045150E+002 -0.751203680570247E+003 -0.751203680570247E+003
 -0.192479240983381E+002  0.744334667016058E+002 -0.775137252602650E+000  0.372373214439249E+001  0.223861022591826E+002 -0.156952809045150E+002 -0.751405472956175E+003 -0.751405472956175E+003
 -0.192554557067496E+002  0.727504056767076E+002 -0.495902347005673E+000  0.272630330193276E+001  0.245785252135050E+002 -0.156952809045150E+002 -0.751131448527555E+003 -0.751131448527555E+003
 -0.192983812571152E+002  0.713882591513919E+002 -0.645720498323988E+000  0.480735819820477E+001  0.557932292338166E+002 -0.156952809045150E+002 -0.752893182210340E+003 -0.752893182210340E+003
 -0.192996079335849E+002  0.719524640155189E+002 -0.672743787344794E+000  0.378725736655032E+001  0.395763034796339E+002 -0.156952809045150E+002 -0.753540011419127E+003 -0.753540011419127E+003
 -0.192401840548592E+002  0.738168724016381E+002 -0.547953782932257E+000  0.296276725119228E+001  0.455984672001231E+002 -0.156952809045150E+002 -0.753766481743689E+003 -0.753766481743689E+003
 -0.192589515878250E+002  0.727644173553572E+002 -0.408795954995774E+000  0.498136230562867E+000 -0.242808074983714E-002 -0.156952809045150E+002 -0.752530975836034E+003 -0.752530975836034E+003
 -0.192526655410997E+002  0.723711306814703E+002 -0.388758371251855E+000  0.238392932979242E+001  0.561859003188533E+002 -0.156952809045150E+002 -0.753445946874090E+003 -0.753445946874090E+003
 -0.192463640716786E+002  0.726392260791714E+002 -0.313660205861618E+000  0.535526189625395E+000  0.336201967593851E+002 -0.156952809045150E+002 -0.753488205262368E+003 -0.753488205262368E+003
 -0.191845979126035E+002  0.759252568626518E+002 -0.660076835641345E+000  0.442225750071180E+001  0.575526863456870E+002 -0.156952809045150E+002 -0.752696909215172E+003 -0.752696909215172E+003
 -0.192928212586011E+002  0.721415561773152E+002 -0.677953666257769E+000  0.395343112766349E+001  0.380352040851610E+002 -0.156952809045150E+002 -0.749668372011518E+003 -0.749668372011518E+003
 -0.192492791504975E+002  0.734024296626231E+002 -0.466765294377686E+000  0.146360523816000E+001  0.962065957107248E+001 -0.156952809045150E+002 -0.752270407665887E+003 -0.752270407665887E+003
 -0.193222430518877E+002  0.711946646586952E+002 -0.642836593865984E+000  0.473282236380164E+001  0.693679717535695E+002 -0.156952809045150E+002 -0.752343145968235E+003 -0.752343145968235E+003
 -0.192771414063391E+002  0.729968445624486E+002 -0.660810885054926E+000  0.449196814521731E+001  0.545323050237064E+002 -0.156952809045150E+002 -0.752744057977697E+003 -0.752744057977697E+003
 -0.192532626653413E+002  0.729639515872038E+002 -0.476993171346532E+000  0.275256732353846E+001  0.578607553903958E+002 -0.156952809045150E+002 -0.752156028019366E+003 -0.752156028019366E+003
 -0.192062672140292E+002  0.744428631725415E+002 -0.438824702327074E+000  0.212055984202757E+001  0.361655752374552E+002 -0.156952809045150E+002 -0.752644364383171E+003 -0.752644364383171E+003
 -0.193080883803542E+002  0.718824151144943E+002 -0.700652696528711E+000  0.460014270772799E+001  0.458679902241093E+002 -0.156952809045150E+002 -0.750565499491779E+003 -0.750565499491779E+003
 -0.191587397840032E+002  0.763678118737635E+002 -0.492738358747780E+000  0.100732487414974E+001  0.272057129837819E+000 -0.156952809045150E+002 -0.752987735001616E+003 -0.752987735001616E+003
 -0.192532692136943E+002  0.730111582634759E+002 -0.597979347288419E+000  0.439322031872447E+001  0.609316524699881E+002 -0.156952809045150E+002 -0.749024167596276E+003 -0.749024167596276E+003
 -0.192583699303784E+002  0.734511866889139E+002 -0.609608081428388E+000  0.336691490791999E+001  0.310443193891251E+002 -0.156952809045150E+002 -0.750667673837556E+003 -0.750667673837556E+003
 -0.191968570721505E+002  0.750082448801025E+002 -0.502118447948221E+000  0.289620135368754E+001  0.484405835950661E+002 -0.156952809045150E+002 -0.753002643986593E+003 -0.753002643986593E+003
 -0.192898771361563E+002  0.721412869441172E+002 -0.584218726160117E+000  0.380563412156713E+001  0.395352053804168E+002 -0.156952809045150E+002 -0.753691701384573E+003 -0.753691701384573E+003
 -0.191811014269628E+002  0.763096269242685E+002 -0.745279912822039E+000  0.481028317904642E+001  0.448886949620656E+002 -0.156952809045150E+002 -0.752856730220347E+003 -0.752856730220347E+003
 -0.192613140698713E+002  0.727154847318341E+002 -0.447028389908227E+000  0.852953526278247E+000 -0.152831726450856E+000 -0.156952809045150E+002 -0.747083999952877E+003 -0.747083999952877E+003
 -0.192674925895391E+002  0.720047712293841E+002 -0.459606854820031E+000  0.213597771726005E+001  0.218225724073530E+002 -0.156952809045150E+002 -0.753235345581766E+003 -0.753235345581766E+003
 -0.192677237291150E+002  0.720002031134780E+002 -0.383733969270019E+000  0.121593564972174E+001  0.184950690304212E+002 -0.156952809045150E+002 -0.753292430939513E+003 -0.753292430939513E+003
 -0.192469398119965E+002  0.734523241441308E+002 -0.457094783177963E+000  0.122097265574384E+001  0.610604782383086E+001 -0.156952809045150E+002 -0.751991913733364E+003 -0.751991913733364E+003
 -0.192909881703603E+002  0.712873051538108E+002 -0.422418561806798E+000  0.206221921811719E+001  0.274064761098522E+002 -0.156952809045150E+002 -0.752561261265812E+003 -0.752561261265812E+003
 -0.191951313426629E+002  0.758010553103750E+002 -0.728959010833678E+000  0.430203209979468E+001  0.375546726817222E+002 -0.156952809045150E+002 -0.750917167675708E+003 -0.750917167675708E+003
 -0.192657654706550E+002  0.726509572855355E+002 -0.537203953413500E+000  0.324194024168288E+001  0.365608373758243E+002 -0.156952809045150E+002 -0.749543179000002E+003 -0.749543179000002E+003
 -0.192158940595856E+002  0.741587936651794E+002 -0.418982865155090E+000  0.134201359088190E+001  0.148289365662537E+002 -0.156952809045150E+002 -0.752535095348573E+003 -0.752535095348573E+003
 -0.192521480372953E+002  0.736037218736468E+002 -0.703207556644571E+000  0.495190077642534E+001  0.617299816212542E+002 -0.156952809045150E+002 -0.748656097639670E+003 -0.748656097639670E+003
 -0.192235075065963E+002  0.738016656096017E+002 -0.524673962046567E+000  0.389844596464967E+001  0.574261126026935E+002 -0.156952809045150E+002 -0.751499125924023E+003 -0.751499125924023E+003
 -0.193013882986607E+002  0.710564330668486E+002 -0.515989469559873E+000  0.318442675970047E+001  0.317024188790597E+002 -0.156952809045150E+002 -0.753374560120729E+003 -0.753374560120729E+003
 -0.193051164161947E+002  0.715794774926211E+002 -0.651374865665075E+000  0.477437001766913E+001  0.576633251073661E+002 -0.156952809045150E+002 -0.749879646089120E+003 -0.749879646089120E+003
 -0.192617595086069E+002  0.732544275646034E+002 -0.686399672355957E+000  0.495236001627867E+001  0.535131652264320E+002 -0.156952809045150E+002 -0.750334291065344E+003 -0.750334291065344E+003
 -0.192413124514751E+002  0.739526238080606E+002 -0.747926119153051E+000  0.440642995066904E+001  0.356831914621780E+002 -0.156952809045150E+002 -0.750234405880119E+003 -0.750234405880119E+003
 -0.191950800261300E+002  0.747187923527074E+002 -0.526687383601477E+000  0.288476201815951E+001  0.244338151467662E+002 -0.156952809045150E+002 -0.753255005624915E+003 -0.753255005624915E+003
 -0.192579433582904E+002  0.724746198088376E+002 -0.412258985417634E+000  0.112284298784032E+001  0.294178602194528E+001 -0.156952809045150E+002 -0.750108395256595E+003 -0.750108395256595E+003
 -0.193216700328483E+002  0.708555243641301E+002 -0.509123794317137E+000  0.177937036733536E+001  0.120402339567776E+002 -0.156952809045150E+002 -0.753100599613524E+003 -0.753100599613524E+003
 -0.192376699862113E+002  0.744891079571997E+002 -0.726858064047014E+000  0.277087819641684E+001  0.112154674584876E+002 -0.156952809045150E+002 -0.751269985787516E+003 -0.751269985787516E+003
 -0.191796242354539E+002  0.758751782818968E+002 -0.651486624543723E+000  0.318534025700499E+001  0.203319643611819E+002 -0.156952809045150E+002 -0.752372750840662E+003 -0.752372750840662E+003
 -0.192621814883254E+002  0.734777601307179E+002 -0.665246847905952E+000  0.261467399620598E+001  0.134950215591571E+002 -0.156952809045150E+002 -0.749555575799274E+003 -0.749555575799274E+003
 -0.193359445338919E+002  0.707311171935030E+002 -0.667791281327235E+000  0.399346714147487E+001  0.400122343071990E+002 -0.156952809045150E+002 -0.752201456514820E+003 -0.752201456514820E+003
 -0.193219455240297E+002  0.707769615367186E+002 -0.632437938587088E+000  0.406359169041342E+001  0.421664777371684E+002 -0.156952809045150E+002 -0.752060348229682E+003 -0.752060348229682E+003
 -0.192384358516240E+002  0.731542146217828E+002 -0.537081037644894E+000  0.389278859310838E+001  0.587111731705128E+002 -0.156952809045150E+002 -0.751834202533802E+003 -0.751834202533802E+003
 -0.191809438394340E+002  0.755951135620593E+002 -0.580838886967037E+000  0.319313026167190E+001  0.336036937435394E+002 -0.156952809045150E+002 -0.752600519202851E+003 -0.752600519202851E+003
 -0.192865460482344E+002  0.717521154708631E+002 -0.621290194815577E+000  0.443641236531080E+001  0.474426726228022E+002 -0.156952809045150E+002 -0.752472010044659E+003 -0.752472010044659E+003
 -0.192704131260136E+002  0.725342917863678E+002 -0.532656174789836E+000  0.336059244260681E+001  0.643116175412134E+002 -0.156952809045150E+002 -0.752855663112272E+003 -0.752855663112272E+003
 -0.192592731652838E+002  0.736027140409559E+002 -0.709544436357143E+000  0.373807264349560E+001  0.218641219481076E+002 -0.156952809045150E+002 -0.753392608735128E+003 -0.753392608735128E+003
 -0.192481161258371E+002  0.735263034159350E+002 -0.676211566260763E+000  0.397148871312591E+001  0.394679662720922E+002 -0.156952809045150E+002 -0.750544479211824E+003 -0.750544479211824E+003
 -0.192803507188951E+002  0.720948366781061E+002 -0.485821090583172E+000  0.152705568921503E+001  0.631558018832374E+001 -0.156952809045150E+002 -0.748438991699691E+003 -0.748438991699691E+003
 -0.193225732491939E+002  0.705876869927413E+002 -0.443001689431794E+000  0.109110659464946E+001  0.446235890721459E+001 -0.156952809045150E+002 -0.753432821909864E+003 -0.753432821909864E+003
 -0.192072471446516E+002  0.749005318476423E+002 -0.537068667643183E+000  0.291663786717530E+001  0.307205611274295E+002 -0.156952809045150E+002 -0.752605369217330E+003 -0.752605369217330E+003
 -0.192675528569748E+002  0.732372328336078E+002 -0.601988654388637E+000  0.209257457239956E+001  0.995361050279662E+001 -0.156952809045150E+002 -0.750112789036991E+003 -0.750112789036991E+003
 -0.191815100296221E+002  0.758399261450719E+002 -0.661160563678162E+000  0.467738576244804E+001  0.612335150030049E+002 -0.156952809045150E+002 -0.751971583476404E+003 -0.751971583476404E+003
 -0.191672357452761E+002  0.767596859511356E+002 -0.750764399931077E+000  0.465742839355561E+001  0.426511827018958E+002 -0.156952809045150E+002 -0.753847634311700E+003 -0.753847634311700E+003
 -0.192281175202002E+002  0.733592109832423E+002 -0.364778226487846E+000  0.173032170285244E+001  0.339414165883430E+002 -0.156952809045150E+002 -0.753882865588584E+003 -0.753882865588584E+003
 -0.192591840799665E+002  0.736976672065056E+002 -0.701494229163813E+000  0.426449019971100E+001  0.357647584935477E+002 -0.156952809045150E+002 -0.752679842675065E+003 -0.752679842675065E+003
 -0.191796921636452E+002  0.752759616560581E+002 -0.516905765152823E+000  0.268663108950945E+001  0.239918493848438E+002 -0.156952809045150E+002 -0.753594024458852E+003 -0.753594024458852E+003
 -0.192867108862983E+002  0.722946387062548E+002 -0.621773878181908E+000  0.375462338772171E+001  0.422452718055909E+002 -0.156952809045150E+002 -0.749260740476425E+003 -0.749260740476425E+003
 -0.192102032035045E+002  0.740564525299052E+002 -0.387332016032017E+000  0.137541162420584E+001  0.194126379919409E+002 -0.156952809045150E+002 -0.752887904788676E+003 -0.752887904788676E+003
 -0.192436649102519E+002  0.736424883129410E+002 -0.620654991465377E+000  0.339354853281325E+001  0.390052005517034E+002 -0.156952809045150E+002 -0.753091092451779E+003 -0.753091092451779E+003
 -0.192686334384602E+002  0.734316343040463E+002 -0.685330757479445E+000  0.431590991815411E+001  0.523470608316987E+002 -0.156952809045150E+002 -0.753645666161845E+003 -0.753645666161845E+003
 -0.192978328529866E+002  0.717380418327263E+002 -0.556674764962380E+000  0.307061804215603E+001  0.364092617415511E+002 -0.156952809045150E+002 -0.750734463807840E+003 -0.750734463807840E+003
 -0.192562815464940E+002  0.739042907374297E+002 -0.786797980020773E+000  0.441623461308992E+001  0.357234269629575E+002 -0.156952809045150E+002 -0.750458783833885E+003 -0.750458783833885E+003
 -0.192657806314649E+002  0.734618777712712E+002 -0.676986927651516E+000  0.425401071035237E+001  0.467395770816032E+002 -0.156952809045150E+002 -0.751856638234738E+003 -0.751856638234738E+003
 -0.192649891861268E+002  0.720663635693712E+002 -0.344569014463750E+000  0.270780939930953E+000  0.813401275574732E+001 -0.156952809045150E+002 -0.753711563112916E+003 -0.753711563112916E+003
 -0.193313220917991E+002  0.712529043264550E+002 -0.654837169524547E+000  0.270444423660670E+001  0.136706695504561E+002 -0.156952809045150E+002 -0.752036419622811E+003 -0.752036419622811E+003
 -0.192856584056927E+002  0.724431354955859E+002 -0.658368486962175E+000  0.363344155882462E+001  0.258704062600364E+002 -0.156952809045150E+002 -0.749636650919527E+003 -0.749636650919527E+003
 -0.193143099109281E+002  0.714568636483652E+002 -0.656016406724802E+000  0.328225400064593E+001  0.182909127070566E+002 -0.156952809045150E+002 -0.751905850282539E+003 -0.751905850282539E+003
 -0.192098064214466E+002  0.747335733341072E+002 -0.489603582984581E+000  0.211856225196184E+001  0.227618304515147E+002 -0.156952809045150E+002 -0.753070366247368E+003 -0.753070366247368E+003
 -0.192455613024818E+002  0.734998962971547E+002 -0.528368464306976E+000  0.129053353992438E+001  0.366547208243156E+001 -0.156952809045150E+002 -0.751580561380681E+003 -0.751580561380681E+003
 -0.191961038516171E+002  0.747254997849327E+002 -0.517377119244839E+000  0.246009786944979E+001  0.205488705250061E+002 -0.156952809045150E+002 -0.752184826568577E+003 -0.752184826568577E+003
 -0.192276078024671E+002  0.741816241291649E+002 -0.648181319115841E+000  0.424062365361558E+001  0.474743911163333E+002 -0.156952809045150E+002 -0.748538037787863E+003 -0.748538037787863E+003
 -0.192413951524414E+002  0.728135845406908E+002 -0.344769987092332E+000  0.776386693077614E+000  0.483971396329000E+002 -0.156952809045150E+002 -0.753663214604270E+003 -0.753663214604270E+003
 -0.192670566933605E+002  0.721487176362534E+002 -0.358483634880840E+000  0.130750243480375E+000  0.199963379975281E+002 -0.156952809045150E+002 -0.753556627545789E+003 -0.753556627545789E+003
 -0.192286955344294E+002  0.736350215165747E+002 -0.577426321507469E+000  0.396682021832416E+001  0.455297547560098E+002 -0.156952809045150E+002 -0.751332120015001E+003 -0.751332120015001E+003
 -0.192031225923481E+002  0.751727974364644E+002 -0.635737776977892E+000  0.387036362607084E+001  0.460120880067134E+002 -0.156952809045150E+002 -0.751245458724155E+003 -0.751245458724155E+003
 -0.192254240261881E+002  0.734642140871451E+002 -0.422723863759443E+000  0.241949885329908E+001  0.456603202405901E+002 -0.156952809045150E+002 -0.752420279487974E+003 -0.752420279487974E+003
 -0.192900333885370E+002  0.716484110373357E+002 -0.431804942567237E+000  0.143780251035535E+001  0.785852764108000E+001 -0.156952809045150E+002 -0.751141983003751E+003 -0.751141983003751E+003
 -0.192250946650403E+002  0.735442551443719E+002 -0.353140941863358E+000 -0.503116658328189E-001  0.670515027534186E+002 -0.156952809045150E+002 -0.752958224317734E+003 -0.752958224317734E+003
 -0.193357479534764E+002  0.708775433864492E+002 -0.667817317235308E+000  0.268879631912841E+001  0.946891994229159E+001 -0.156952809045150E+002 -0.753741881692776E+003 -0.753741881692776E+003
 -0.192448588400997E+002  0.738154926865755E+002 -0.670472452558504E+000  0.481689660203330E+001  0.528452835941684E+002 -0.156952809045150E+002 -0.750930438511583E+003 -0.750930438511583E+003
 -0.192495108162043E+002  0.728519883161133E+002 -0.406447181694634E+000  0.221942861823803E+001  0.429679752504163E+002 -0.156952809045150E+002 -0.752561710049111E+003 -0.752561710049111E+003
 -0.191992259209617E+002  0.751193209394354E+002 -0.578902164034214E+000  0.354866389648765E+001  0.371577587858208E+002 -0.156952809045150E+002 -0.751601557219662E+003 -0.751601557219662E+003
 -0.192678307726602E+002  0.730299783809898E+002 -0.607023839558674E+000  0.359373646851964E+001  0.433970784052630E+002 -0.156952809045150E+002 -0.750460961338614E+003 -0.750460961338614E+003
 -0.192321186428662E+002  0.731613247492038E+002 -0.336177895034006E+000 -0.238495776670167E-002  0.497106902722770E+002 -0.156952809045150E+002 -0.752970420098418E+003 -0.752970420098418E+003
 -0.192055799722022E+002  0.745262152165307E+002 -0.528677790065089E+000  0.391387304730496E+001  0.651852995737033E+002 -0.156952809045150E+002 -0.751369545151094E+003 -0.751369545151094E+003
 -0.193124987599434E+002  0.716518192735229E+002 -0.596464841147230E+000  0.228445805841357E+001  0.103981284900502E+002 -0.156952809045150E+002 -0.750121484242822E+003 -0.750121484242822E+003
 -0.192945926721618E+002  0.712736477424495E+002 -0.475401255502964E+000  0.231439240811954E+001  0.181537827982729E+002 -0.156952809045150E+002 -0.751922650261679E+003 -0.751922650261679E+003
 -0.192287201402334E+002  0.738397150084822E+002 -0.529030915659832E+000  0.354622658592451E+001  0.648592361657323E+002 -0.156952809045150E+002 -0.751151616526193E+003 -0.751151616526193E+003
 -0.192866280206705E+002  0.715060902024917E+002 -0.341192023583251E+000  0.346118147194363E+000  0.506322061859073E+002 -0.156952809045150E+002 -0.753663564363428E+003 -0.753663564363428E+003
 -0.192073755137287E+002  0.747552728729163E+002 -0.503144693390738E+000  0.253582805271866E+001  0.280458300061090E+002 -0.156952809045150E+002 -0.752208052788391E+003 -0.752208052788391E+003
 -0.193043134860754E+002  0.718600328881824E+002 -0.706309799223373E+000  0.450338972887707E+001  0.400204470904718E+002 -0.156952809045150E+002 -0.749825738094890E+003 -0.749825738094890E+003
 -0.192154139374911E+002  0.744475925816968E+002 -0.604838853591299E+000  0.354736297247973E+001  0.348083001941225E+002 -0.156952809045150E+002 -0.749181554147319E+003 -0.749181554147319E+003
 -0.192678605810073E+002  0.722421147082532E+002 -0.395150817110890E+000  0.669695792494483E+000  0.174243520518080E+001 -0.156952809045150E+002 -0.752056155257207E+003 -0.752056155257207E+003
 -0.192522920892172E+002  0.723643667824861E+002 -0.338970091449953E+000  0.105862518884785E+001  0.270984682353255E+002 -0.156952809045150E+002 -0.753475070969637E+003 -0.753475070969637E+003
 -0.192563354506023E+002  0.735017410577910E+002 -0.616333374422864E+000  0.258499187463835E+001  0.206599156895532E+002 -0.156952809045150E+002 -0.753572879174816E+003 -0.753572879174816E+003
 -0.192724613185020E+002  0.718755866169051E+002 -0.351252342135426E+000  0.114789262781949E+001  0.412029786931039E+002 -0.156952809045150E+002 -0.753024298595892E+003 -0.753024298595892E+003
 -0.192526167349786E+002  0.737455569115967E+002 -0.689035440372650E+000  0.463130322581921E+001  0.542303358596908E+002 -0.156952809045150E+002 -0.749258869420805E+003 -0.749258869420805E+003
 -0.192537987456503E+002  0.725977178423246E+002 -0.510248624902933E+000  0.298686662063527E+001  0.272209906565523E+002 -0.156952809045150E+002 -0.752535555268729E+003 -0.752535555268729E+003
 -0.192341554042002E+002  0.744944131518002E+002 -0.761332271694849E+000  0.409437430270742E+001  0.287555985438566E+002 -0.156952809045150E+002 -0.749731899782457E+003 -0.749731899782457E+003
 -0.192368609654226E+002  0.734514342893816E+002 -0.450605269140833E+000  0.256764012956384E+001  0.593212094338173E+002 -0.156952809045150E+002 -0.752127477591517E+003 -0.752127477591517E+003
 -0.192363529294032E+002  0.737215359098708E+002 -0.469197839619374E+000  0.258153787718432E+001  0.448019797936877E+002 -0.156952809045150E+002 -0.753242670002116E+003 -0.753242670002116E+003
 -0.192511237322887E+002  0.724993670685055E+002 -0.308287579042449E+000  0.347163509283445E+000  0.346902321419111E+001 -0.156952809045150E+002 -0.753840206828485E+003 -0.753840206828485E+003
 -0.192730312371888E+002  0.730590867059111E+002 -0.652239927480458E+000  0.232499049932416E+001  0.114658535884544E+002 -0.156952809045150E+002 -0.752944369793648E+003 -0.752944369793648E+003
 -0.192269605581002E+002  0.742886219535174E+002 -0.594923857278993E+000  0.353733092444969E+001  0.349922876683964E+002 -0.156952809045150E+002 -0.750059655608617E+003 -0.750059655608617E+003
 -0.192965421545300E+002  0.721924345633115E+002 -0.709309476830381E+000  0.454923842962386E+001  0.465425364556021E+002 -0.156952809045150E+002 -0.748890448124753E+003 -0.748890448124753E+003
 -0.192666875210834E+002  0.732233986241906E+002 -0.631709651877478E+000  0.356452216543632E+001  0.422985902272516E+002 -0.156952809045150E+002 -0.752651835922223E+003 -0.752651835922223E+003
 -0.192766019587497E+002  0.726628116806034E+002 -0.630788479666254E+000  0.440166489637265E+001  0.595652742972567E+002 -0.156952809045150E+002 -0.749364137250704E+003 -0.749364137250704E+003
 -0.193029402362717E+002  0.721652773271649E+002 -0.712293874680504E+000  0.464537919602457E+001  0.454340089239001E+002 -0.156952809045150E+002 -0.751242419661188E+003 -0.751242419661188E+003
 -0.193308083168399E+002  0.709175231131159E+002 -0.608334088530016E+000  0.222084129916411E+001  0.991990408658437E+001 -0.156952809045150E+002 -0.751044036330089E+003 -0.751044036330089E+003
 -0.192304100764514E+002  0.741212811700074E+002 -0.577706646509413E+000  0.228442780742853E+001  0.855407605605872E+001 -0.156952809045150E+002 -0.750230109304686E+003 -0.750230109304686E+003
 -0.192135962448797E+002  0.738955187077292E+002 -0.400510481525088E+000  0.211789947227980E+001  0.342820660500673E+002 -0.156952809045150E+002 -0.753473620449829E+003 -0.753473620449829E+003
 -0.192760086522745E+002  0.716075734821757E+002 -0.414515574368684E+000  0.192628029454804E+001  0.215915146202333E+002 -0.156952809045150E+002 -0.753593421368587E+003 -0.753593421368587E+003
 -0.192203247187467E+002  0.752119490689833E+002 -0.712422147223199E+000  0.307080513348949E+001  0.150583489236739E+002 -0.156952809045150E+002 -0.751492522270661E+003 -0.751492522270661E+003
 -0.192429513034685E+002  0.731334401002214E+002 -0.564907926772906E+000  0.337762270742275E+001  0.314558472999786E+002 -0.156952809045150E+002 -0.751028807426297E+003 -0.751028807426297E+003
 -0.192252610025029E+002  0.735617904401165E+002 -0.452798385220914E+000  0.338053067484453E+001  0.613747542894346E+002 -0.156952809045150E+002 -0.753356342537227E+003 -0.753356342537227E+003
