  0.128943667608244E+002  0.450929465813369E+002 -0.330624970329488E+000  0.386143737683743E+000 -0.107536384819057E+002 -0.481030925081778E+001 -0.481030925081778E+001
  0.148052339001874E+002  0.452259331933891E+002 -0.329740470884533E+000  0.385802139576072E+000 -0.107536384819057E+002 -0.481046790439047E+001 -0.481046790439047E+001
  0.189785344992740E+002  0.442401407119852E+002 -0.330679258625807E+000  0.386244654690683E+000 -0.107536384819057E+002 -0.481027949512981E+001 -0.481027949512981E+001
  0.157452332643204E+002  0.406091552448878E+002 -0.331012654718813E+000  0.386262300067617E+000 -0.107536384819057E+002 -0.481067718653726E+001 -0.481067718653726E+001
  0.156077424941707E+002  0.478259796748148E+002 -0.330908093026962E+000  0.386222259206740E+000 -0.107536384819057E+002 -0.481058217316074E+001 -0.481058217316074E+001
  0.149075230633086E+002  0.460819324946570E+002 -0.329587076745076E+000  0.385755634347102E+000 -0.107536384819057E+002 -0.481059642566692E+001 -0.481059642566692E+001
  0.148424291846682E+002  0.467095665730185E+002 -0.330425094341790E+000  0.386242575979681E+000 -0.107536384819057E+002 -0.481058873066408E+001 -0.481058873066408E+001
  0.177408641831762E+002  0.451366123557575E+002 -0.330602683323048E+000  0.386284944986679E+000 -0.107536384819057E+002 -0.481045014032817E+001 -0.481045014032816E+001
  0.161496489671469E+002  0.411366954215097E+002 -0.330332791886731E+000  0.386154461396347E+000 -0.107536384819057E+002 -0.481036185327975E+001 -0.481036185327975E+001
  0.180563100832196E+002  0.494522210632612E+002 -0.330728676839626E+000  0.386223658493114E+000 -0.107536384819057E+002 -0.481029244926547E+001 -0.481029244926547E+001
  0.192505038235732E+002  0.509749084571679E+002 -0.330974220195232E+000  0.386377160170746E+000 -0.107536384819057E+002 -0.481044845183561E+001 -0.481044845183561E+001
