  0.100000000000000E+001  0.146656663990372E+004 -0.192766707081748E+002  0.714148771263797E+002 -0.311886026747189E+000  0.207756591018655E+000 -0.107536384819057E+002 -0.733283319951860E+003
  0.100000000000000E+001  0.146906726334411E+004 -0.193489275724944E+002  0.704018720225109E+002 -0.500367068267598E+000  0.632102459179837E+000 -0.107536384819057E+002 -0.734533631672054E+003
  0.100000000000000E+001  0.146059182546278E+004 -0.192332701354982E+002  0.736072986004421E+002 -0.338167254380840E+000  0.219360520169437E+000 -0.107536384819057E+002 -0.730295912731391E+003
  0.100000000000000E+001  0.146064391115463E+004 -0.192956347184268E+002  0.712736326013285E+002 -0.393107625400036E+000  0.363053157234684E+000 -0.107536384819057E+002 -0.730321955577313E+003
  0.100000000000000E+001  0.146547800145736E+004 -0.191694697251121E+002  0.756165768594624E+002 -0.434693117725536E+000  0.493471069220704E+000 -0.107536384819057E+002 -0.732739000728682E+003
  0.100000000000000E+001  0.146066582606544E+004 -0.192789009079598E+002  0.717446319383864E+002 -0.359515376753030E+000  0.503712932992411E+000 -0.107536384819057E+002 -0.730332913032719E+003
  0.100000000000000E+001  0.146513857836514E+004 -0.191520519886286E+002  0.759881532063720E+002 -0.352289198598013E+000  0.333198658897460E+000 -0.107536384819057E+002 -0.732569289182568E+003
  0.100000000000000E+001  0.146498631281380E+004 -0.191960395686157E+002  0.742121132423883E+002 -0.274718923832416E+000  0.190583970958912E+000 -0.107536384819057E+002 -0.732493156406902E+003
  0.100000000000000E+001  0.146476955085384E+004 -0.192746559083457E+002  0.723666411754591E+002 -0.354827700771676E+000  0.901532211589764E-001 -0.107536384819057E+002 -0.732384775426922E+003
  0.100000000000000E+001  0.146471406662771E+004 -0.192094835864651E+002  0.752449464383588E+002 -0.501472081094479E+000  0.502863117835743E+000 -0.107536384819057E+002 -0.732357033313853E+003
  0.100000000000000E+001  0.146072065286610E+004 -0.192421416324300E+002  0.732504854174057E+002 -0.346710198573372E+000  0.100864350536913E+000 -0.107536384819057E+002 -0.730360326433049E+003
  0.100000000000000E+001  0.146084974607381E+004 -0.192729012123254E+002  0.717864313600371E+002 -0.334088332538448E+000  0.431133536689443E+000 -0.107536384819057E+002 -0.730424873036906E+003
  0.100000000000000E+001  0.146350654098683E+004 -0.191713813577649E+002  0.752158859708854E+002 -0.352365679146274E+000  0.459088228515691E+000 -0.107536384819057E+002 -0.731753270493415E+003
  0.100000000000000E+001  0.146097388553698E+004 -0.192447232621348E+002  0.726260310122375E+002 -0.343387776840781E+000  0.307647591691358E+000 -0.107536384819057E+002 -0.730486942768491E+003
  0.100000000000000E+001  0.146114511942280E+004 -0.192392096919577E+002  0.727484239001131E+002 -0.305978592769716E+000  0.329129350557464E+000 -0.107536384819057E+002 -0.730572559711399E+003
  0.100000000000000E+001  0.146122235207615E+004 -0.192012767386304E+002  0.750673689660582E+002 -0.510327128723289E+000  0.683313023135358E+000 -0.107536384819057E+002 -0.730611176038074E+003
  0.100000000000000E+001  0.146136541756670E+004 -0.192791216351254E+002  0.714952224162537E+002 -0.344335742550417E+000  0.442062990982568E+000 -0.107536384819057E+002 -0.730682708783349E+003
  0.100000000000000E+001  0.146313112116815E+004 -0.191505573104271E+002  0.765534315438937E+002 -0.411510543113062E+000  0.396743138626096E+000 -0.107536384819057E+002 -0.731565560584075E+003
  0.100000000000000E+001  0.146138366940756E+004 -0.191763178004957E+002  0.758026687270601E+002 -0.453964486884693E+000  0.453384498103092E+000 -0.107536384819057E+002 -0.730691834703781E+003
  0.100000000000000E+001  0.146138618690474E+004 -0.191686117764888E+002  0.759630102077170E+002 -0.413179197793998E+000  0.541795064152478E+000 -0.107536384819057E+002 -0.730693093452372E+003
  0.100000000000000E+001  0.145658606421146E+004 -0.192090567812701E+002  0.741258766293453E+002 -0.392300419914213E+000  0.525307783358420E+000 -0.107536384819057E+002 -0.728293032105732E+003
  0.100000000000000E+001  0.146140450669991E+004 -0.191593248633346E+002  0.761534164443947E+002 -0.384083995578591E+000  0.369314114816257E+000 -0.107536384819057E+002 -0.730702253349952E+003
  0.100000000000000E+001  0.146144734680866E+004 -0.192685444497695E+002  0.718437385530342E+002 -0.330506524660262E+000  0.252182410358742E+000 -0.107536384819057E+002 -0.730723673404332E+003
  0.100000000000000E+001  0.146225413462793E+004 -0.192808504508897E+002  0.716491761012137E+002 -0.330799686239573E+000  0.411410712953076E+000 -0.107536384819057E+002 -0.731127067313965E+003
  0.100000000000000E+001  0.146151124174551E+004 -0.192166753592384E+002  0.743586765781235E+002 -0.370256704312942E+000  0.350482948259501E+000 -0.107536384819057E+002 -0.730755620872757E+003
  0.100000000000000E+001  0.146188665634847E+004 -0.193140384816929E+002  0.706092903526927E+002 -0.356555398183943E+000  0.425401949484182E+000 -0.107536384819057E+002 -0.730943328174234E+003
  0.100000000000000E+001  0.145665165945843E+004 -0.192425755526675E+002  0.736687748238253E+002 -0.441407911860567E+000  0.570674734965717E+000 -0.107536384819057E+002 -0.728325829729216E+003
  0.100000000000000E+001  0.146161710026381E+004 -0.192838544845116E+002  0.713795711260547E+002 -0.367168547408490E+000  0.487458788851582E+000 -0.107536384819057E+002 -0.730808550131904E+003
  0.100000000000000E+001  0.146161257356935E+004 -0.192835098220241E+002  0.714821946002019E+002 -0.394651691816005E+000  0.550892786874972E+000 -0.107536384819057E+002 -0.730806286784675E+003
  0.100000000000000E+001  0.146156597804780E+004 -0.192342331574966E+002  0.743850116607736E+002 -0.537587206469251E+000  0.678865376429813E+000 -0.107536384819057E+002 -0.730782989023902E+003
  0.100000000000000E+001  0.146013835363590E+004 -0.192012652491323E+002  0.746721536474200E+002 -0.350005676387666E+000  0.186288376474897E+000 -0.107536384819057E+002 -0.730069176817949E+003
  0.100000000000000E+001  0.146012287205074E+004 -0.191765838860190E+002  0.759433037382823E+002 -0.468429802328701E+000  0.623723757658622E+000 -0.107536384819057E+002 -0.730061436025372E+003
  0.100000000000000E+001  0.145994411442371E+004 -0.192736244587990E+002  0.720610356814526E+002 -0.443194138789133E+000  0.621254042526611E+000 -0.107536384819057E+002 -0.729972057211853E+003
  0.100000000000000E+001  0.145982880800959E+004 -0.192478329685091E+002  0.736984214029946E+002 -0.476069895371376E+000  0.637306395781961E+000 -0.107536384819057E+002 -0.729914404004795E+003
  0.100000000000000E+001  0.145940358925233E+004 -0.192963643212255E+002  0.711936027763187E+002 -0.357640018328433E+000  0.435090688909842E+000 -0.107536384819057E+002 -0.729701794626165E+003
  0.100000000000000E+001  0.145928125834553E+004 -0.192028571128183E+002  0.745326372717907E+002 -0.364475844266478E+000  0.453042308332527E+000 -0.107536384819057E+002 -0.729640629172765E+003
  0.100000000000000E+001  0.145916614976165E+004 -0.192144951005774E+002  0.741778238588480E+002 -0.413175294463659E+000  0.615219646195301E+000 -0.107536384819057E+002 -0.729583074880825E+003
  0.100000000000000E+001  0.145916535345573E+004 -0.191930754275430E+002  0.746394967010956E+002 -0.333413440375763E+000  0.324459473124611E+000 -0.107536384819057E+002 -0.729582676727866E+003
  0.100000000000000E+001  0.145905577801481E+004 -0.191785760305436E+002  0.755695439969508E+002 -0.395612012565152E+000  0.341008015434392E+000 -0.107536384819057E+002 -0.729527889007406E+003
  0.100000000000000E+001  0.145897972946199E+004 -0.192898924611303E+002  0.718783530740146E+002 -0.424328140396387E+000  0.351977898404874E+000 -0.107536384819057E+002 -0.729489864730994E+003
  0.100000000000000E+001  0.145895477631951E+004 -0.192596214456166E+002  0.725631253777813E+002 -0.354484964573654E+000  0.169659294018079E+000 -0.107536384819057E+002 -0.729477388159754E+003
  0.100000000000000E+001  0.145895389311407E+004 -0.191984558601579E+002  0.746753722862753E+002 -0.352925352887879E+000  0.372089803688250E+000 -0.107536384819057E+002 -0.729476946557036E+003
  0.100000000000000E+001  0.145875192423672E+004 -0.192710717290887E+002  0.720464666935895E+002 -0.419979328122001E+000  0.576342963367970E+000 -0.107536384819057E+002 -0.729375962118362E+003
  0.100000000000000E+001  0.145871439436520E+004 -0.192761386966988E+002  0.717382176769036E+002 -0.352482967423230E+000  0.312171687558587E+000 -0.107536384819057E+002 -0.729357197182599E+003
  0.100000000000000E+001  0.145861977096025E+004 -0.192277146534764E+002  0.739560160152183E+002 -0.398065448997166E+000  0.508727829666100E+000 -0.107536384819057E+002 -0.729309885480124E+003
  0.100000000000000E+001  0.145861610058246E+004 -0.192666241299578E+002  0.730428369244757E+002 -0.450882425421536E+000  0.447936957342433E+000 -0.107536384819057E+002 -0.729308050291228E+003
  0.100000000000000E+001  0.145859936908193E+004 -0.192681247252026E+002  0.722520048952471E+002 -0.352074413217846E+000  0.416888596872815E+000 -0.107536384819057E+002 -0.729299684540964E+003
  0.100000000000000E+001  0.145854664802367E+004 -0.191997973189718E+002  0.742825482979459E+002 -0.359173331412581E+000  0.396526083544744E+000 -0.107536384819057E+002 -0.729273324011834E+003
  0.100000000000000E+001  0.145853523900174E+004 -0.192400009527377E+002  0.731365404956136E+002 -0.323663416060314E+000  0.148536658500458E+000 -0.107536384819057E+002 -0.729267619500871E+003
  0.100000000000000E+001  0.145852861475961E+004 -0.192483503566252E+002  0.728410484913108E+002 -0.415051906332310E+000  0.450611185596700E+000 -0.107536384819057E+002 -0.729264307379807E+003
  0.100000000000000E+001  0.145848079538132E+004 -0.191862093979486E+002  0.754617044394695E+002 -0.478516839049585E+000  0.595516118746239E+000 -0.107536384819057E+002 -0.729240397690661E+003
  0.100000000000000E+001  0.145827820533558E+004 -0.193022556632147E+002  0.717716595380328E+002 -0.485590705061842E+000  0.561531618631758E+000 -0.107536384819057E+002 -0.729139102667791E+003
  0.100000000000000E+001  0.145823700985113E+004 -0.192777640321078E+002  0.726647374988145E+002 -0.496099349538892E+000  0.545225935946561E+000 -0.107536384819057E+002 -0.729118504925566E+003
  0.100000000000000E+001  0.145822168127074E+004 -0.192591949404891E+002  0.728022027419480E+002 -0.367526116835319E+000  0.364206260325951E+000 -0.107536384819057E+002 -0.729110840635368E+003
  0.100000000000000E+001  0.145818515312406E+004 -0.192496603962261E+002  0.727496067664879E+002 -0.334483933003555E+000  0.369112984036012E+000 -0.107536384819057E+002 -0.729092576562028E+003
  0.100000000000000E+001  0.145811826568882E+004 -0.192355983957528E+002  0.732768616729498E+002 -0.349313279618116E+000  0.433492081275072E+000 -0.107536384819057E+002 -0.729059132844409E+003
  0.100000000000000E+001  0.145803792874289E+004 -0.192331473704302E+002  0.731787339910709E+002 -0.332141534567977E+000  0.222319238037859E+000 -0.107536384819057E+002 -0.729018964371444E+003
  0.100000000000000E+001  0.145801233538640E+004 -0.192216941654395E+002  0.742532570981020E+002 -0.396640145928879E+000  0.298889690862102E+000 -0.107536384819057E+002 -0.729006167693201E+003
  0.100000000000000E+001  0.145790365216489E+004 -0.192352645681825E+002  0.730291875464481E+002 -0.337504517314786E+000  0.300901388090617E+000 -0.107536384819057E+002 -0.728951826082446E+003
  0.100000000000000E+001  0.145788734118716E+004 -0.193097343686886E+002  0.713531858107858E+002 -0.466559777695756E+000  0.597708024515489E+000 -0.107536384819057E+002 -0.728943670593578E+003
  0.100000000000000E+001  0.145785569816511E+004 -0.191952601875154E+002  0.746001017987856E+002 -0.345052488784335E+000  0.348496000524397E+000 -0.107536384819057E+002 -0.728927849082553E+003
  0.100000000000000E+001  0.145776783138965E+004 -0.192614525069331E+002  0.722260799859329E+002 -0.324725860827189E+000  0.261710261149288E+000 -0.107536384819057E+002 -0.728883915694825E+003
  0.100000000000000E+001  0.145773155767831E+004 -0.192035120204446E+002  0.747119521993014E+002 -0.418601576406454E+000  0.581860394842099E+000 -0.107536384819057E+002 -0.728865778839155E+003
  0.100000000000000E+001  0.145762021196662E+004 -0.192524118374274E+002  0.734625909043862E+002 -0.478339668290373E+000  0.481446859364315E+000 -0.107536384819057E+002 -0.728810105983312E+003
  0.100000000000000E+001  0.145759279321969E+004 -0.192202851342102E+002  0.735538600152034E+002 -0.356426012079334E+000  0.415191204759430E+000 -0.107536384819057E+002 -0.728796396609847E+003
  0.100000000000000E+001  0.145758777470707E+004 -0.192731145454313E+002  0.719601888795100E+002 -0.339614326846684E+000  0.241841933476415E+000 -0.107536384819057E+002 -0.728793887353534E+003
  0.100000000000000E+001  0.145757361151335E+004 -0.191775978422514E+002  0.756887749196892E+002 -0.428504582789292E+000  0.534642638375007E+000 -0.107536384819057E+002 -0.728786805756673E+003
  0.100000000000000E+001  0.145753647446354E+004 -0.191848070409002E+002  0.754638484417761E+002 -0.423384931225588E+000  0.411455823803163E+000 -0.107536384819057E+002 -0.728768237231772E+003
  0.100000000000000E+001  0.145753252336607E+004 -0.192473380575535E+002  0.737395077332306E+002 -0.464860263653587E+000  0.498843802820549E+000 -0.107536384819057E+002 -0.728766261683033E+003
  0.100000000000000E+001  0.145752696124991E+004 -0.192682872233540E+002  0.723092389658173E+002 -0.359323034773643E+000  0.219347633691793E+000 -0.107536384819057E+002 -0.728763480624957E+003
  0.100000000000000E+001  0.145746694735736E+004 -0.191813326149083E+002  0.753400658139942E+002 -0.414109598010276E+000  0.546992324735852E+000 -0.107536384819057E+002 -0.728733473678680E+003
  0.100000000000000E+001  0.145746623402901E+004 -0.192208813683622E+002  0.736564281853323E+002 -0.363089813335252E+000  0.487336543799525E+000 -0.107536384819057E+002 -0.728733117014505E+003
  0.100000000000000E+001  0.145742580448273E+004 -0.192799692963859E+002  0.725181867608794E+002 -0.446758356083141E+000  0.476910277392810E+000 -0.107536384819057E+002 -0.728712902241365E+003
  0.100000000000000E+001  0.145728460630418E+004 -0.192145791121647E+002  0.742421723884697E+002 -0.399477221087663E+000  0.309632706657482E+000 -0.107536384819057E+002 -0.728642303152088E+003
  0.100000000000000E+001  0.145722458335004E+004 -0.192580822109259E+002  0.725346509553624E+002 -0.336701908710020E+000  0.311541288287000E+000 -0.107536384819057E+002 -0.728612291675021E+003
  0.100000000000000E+001  0.145721769138362E+004 -0.192280520115410E+002  0.734760510074785E+002 -0.327903240410147E+000  0.273111321244452E+000 -0.107536384819057E+002 -0.728608845691811E+003
  0.100000000000000E+001  0.145716727876862E+004 -0.192001548262103E+002  0.745792083166738E+002 -0.393256270306716E+000  0.360034891600821E+000 -0.107536384819057E+002 -0.728583639384310E+003
  0.100000000000000E+001  0.145715814560358E+004 -0.191850740427975E+002  0.753180452253071E+002 -0.392321739779767E+000  0.392995658026877E+000 -0.107536384819057E+002 -0.728579072801792E+003
  0.100000000000000E+001  0.145709030977164E+004 -0.192848060842183E+002  0.718148494988440E+002 -0.408063975125166E+000  0.564665813773365E+000 -0.107536384819057E+002 -0.728545154885818E+003
  0.100000000000000E+001  0.145706764320319E+004 -0.192063216452871E+002  0.742288786443706E+002 -0.348449043071933E+000  0.383737994096469E+000 -0.107536384819057E+002 -0.728533821601593E+003
  0.100000000000000E+001  0.145702686048472E+004 -0.192366219635284E+002  0.731025915198718E+002 -0.340106033993276E+000  0.393493947385118E+000 -0.107536384819057E+002 -0.728513430242359E+003
  0.100000000000000E+001  0.145696077297059E+004 -0.192063315102361E+002  0.742969687652364E+002 -0.413323215859894E+000  0.568905317115796E+000 -0.107536384819057E+002 -0.728480386485293E+003
  0.100000000000000E+001  0.145693264699606E+004 -0.192828077263393E+002  0.724910445020006E+002 -0.474093193319953E+000  0.558173193117499E+000 -0.107536384819057E+002 -0.728466323498029E+003
  0.100000000000000E+001  0.145692258936412E+004 -0.192344398281052E+002  0.740721516846772E+002 -0.510834424697146E+000  0.638747430473029E+000 -0.107536384819057E+002 -0.728461294682059E+003
  0.100000000000000E+001  0.145690578507790E+004 -0.192710261742149E+002  0.719303705271055E+002 -0.362071186973387E+000  0.395003387871039E+000 -0.107536384819057E+002 -0.728452892538950E+003
  0.100000000000000E+001  0.145685972542331E+004 -0.192080272603150E+002  0.747807943134439E+002 -0.426119103082953E+000  0.385652915853663E+000 -0.107536384819057E+002 -0.728429862711653E+003
  0.100000000000000E+001  0.145683855613136E+004 -0.192538558126107E+002  0.727664160429689E+002 -0.342455886032536E+000  0.263092870743580E+000 -0.107536384819057E+002 -0.728419278065681E+003
  0.100000000000000E+001  0.145680486140129E+004 -0.192585196518972E+002  0.728291041279728E+002 -0.449288195192012E+000  0.648571719981728E+000 -0.107536384819057E+002 -0.728402430700647E+003
  0.100000000000000E+001  0.145677782476813E+004 -0.192237055141749E+002  0.738014087691778E+002 -0.431465539698405E+000  0.617034300539913E+000 -0.107536384819057E+002 -0.728388912384066E+003
  0.100000000000000E+001  0.145677011934398E+004 -0.192176041038226E+002  0.739712760184171E+002 -0.346018129637194E+000  0.245736160370984E+000 -0.107536384819057E+002 -0.728385059671992E+003
  0.100000000000000E+001  0.145675794858638E+004 -0.192332789833288E+002  0.736529263672382E+002 -0.401681178526741E+000  0.545058795465197E+000 -0.107536384819057E+002 -0.728378974293189E+003
  0.100000000000000E+001  0.145671857781041E+004 -0.192636949429628E+002  0.729860684881209E+002 -0.443687806032335E+000  0.558122469645214E+000 -0.107536384819057E+002 -0.728359288905204E+003
  0.100000000000000E+001  0.145671611740029E+004 -0.192196345854573E+002  0.740594899685131E+002 -0.366395405400817E+000  0.374601737117606E+000 -0.107536384819057E+002 -0.728358058700143E+003
  0.100000000000000E+001  0.145668541812575E+004 -0.192705119104269E+002  0.728858419241554E+002 -0.505241529569161E+000  0.613520477289780E+000 -0.107536384819057E+002 -0.728342709062875E+003
  0.100000000000000E+001  0.145667293095989E+004 -0.192762562576122E+002  0.725816504493344E+002 -0.497474681293896E+000  0.598603662288450E+000 -0.107536384819057E+002 -0.728336465479947E+003
  0.100000000000000E+001  0.145654594072107E+004 -0.192022975202102E+002  0.748975067456591E+002 -0.471257741646834E+000  0.552229873871691E+000 -0.107536384819057E+002 -0.728272970360535E+003
  0.100000000000000E+001  0.145654387272548E+004 -0.192020628908400E+002  0.744667948255294E+002 -0.400839976407955E+000  0.424036574297547E+000 -0.107536384819057E+002 -0.728271936362740E+003
  0.100000000000000E+001  0.145653801327885E+004 -0.192081489436626E+002  0.743599448191042E+002 -0.432535938414051E+000  0.601865542473494E+000 -0.107536384819057E+002 -0.728269006639427E+003
  0.100000000000000E+001  0.145652710007091E+004 -0.192788530217752E+002  0.721681884492009E+002 -0.425219653251995E+000  0.586383962981775E+000 -0.107536384819057E+002 -0.728263550035453E+003
  0.100000000000000E+001  0.145648801961997E+004 -0.192715236868454E+002  0.726979327909835E+002 -0.431130086216384E+000  0.411386256537019E+000 -0.107536384819057E+002 -0.728244009809983E+003
  0.100000000000000E+001  0.145648497087832E+004 -0.192493496661488E+002  0.726777979632415E+002 -0.374147730318228E+000  0.391151788206802E+000 -0.107536384819057E+002 -0.728242485439159E+003
  0.100000000000000E+001  0.145647055759936E+004 -0.192319012535582E+002  0.741530807495230E+002 -0.479265201289600E+000  0.633846989548514E+000 -0.107536384819057E+002 -0.728235278799682E+003
  0.100000000000000E+001  0.145646149426245E+004 -0.192303790313200E+002  0.734399198530620E+002 -0.347059452191938E+000  0.386384049868536E+000 -0.107536384819057E+002 -0.728230747131223E+003
  0.100000000000000E+001  0.145645830494406E+004 -0.192304759560844E+002  0.734831350334767E+002 -0.395314626712906E+000  0.373106821908230E+000 -0.107536384819057E+002 -0.728229152472030E+003
  0.100000000000000E+001  0.145643695665294E+004 -0.192433827593724E+002  0.728224831018533E+002 -0.352853715628269E+000  0.417291977628642E+000 -0.107536384819057E+002 -0.728218478326472E+003
  0.100000000000000E+001  0.145641631013780E+004 -0.192750129708644E+002  0.723502251559840E+002 -0.390569033448241E+000  0.339260006385481E+000 -0.107536384819057E+002 -0.728208155068900E+003
  0.100000000000000E+001  0.145640879892767E+004 -0.192055910614883E+002  0.747021732892281E+002 -0.458104944578771E+000  0.514459724013340E+000 -0.107536384819057E+002 -0.728204399463836E+003
  0.100000000000000E+001  0.145639504078875E+004 -0.192557144636295E+002  0.726125944195772E+002 -0.413800587398713E+000  0.477566516594161E+000 -0.107536384819057E+002 -0.728197520394375E+003
  0.100000000000000E+001  0.145638715129668E+004 -0.191929013250573E+002  0.752289822427143E+002 -0.446141740496493E+000  0.472827534932527E+000 -0.107536384819057E+002 -0.728193575648341E+003
  0.100000000000000E+001  0.145636848289370E+004 -0.192536803390026E+002  0.734852281809573E+002 -0.503924864783516E+000  0.594940881430669E+000 -0.107536384819057E+002 -0.728184241446850E+003
  0.100000000000000E+001  0.145632321997622E+004 -0.192741310357528E+002  0.719908930474405E+002 -0.363428931764582E+000  0.304091131325776E+000 -0.107536384819057E+002 -0.728161609988108E+003
  0.100000000000000E+001  0.145629563048657E+004 -0.192798101049414E+002  0.724342983555289E+002 -0.493576273814703E+000  0.605484753266788E+000 -0.107536384819057E+002 -0.728147815243284E+003
  0.100000000000000E+001  0.145628317890209E+004 -0.192103443379620E+002  0.743431411339905E+002 -0.432866777253256E+000  0.610595136310216E+000 -0.107536384819057E+002 -0.728141589451043E+003
  0.100000000000000E+001  0.145627919979598E+004 -0.192301124765821E+002  0.742275565840036E+002 -0.468890485093524E+000  0.486150260610698E+000 -0.107536384819057E+002 -0.728139599897992E+003
  0.100000000000000E+001  0.145627063127058E+004 -0.192485373751943E+002  0.729708561892635E+002 -0.381800689995569E+000  0.509137618647629E+000 -0.107536384819057E+002 -0.728135315635289E+003
  0.100000000000000E+001  0.145624531097727E+004 -0.192808120921920E+002  0.724900363077977E+002 -0.492311623279659E+000  0.584926570235798E+000 -0.107536384819057E+002 -0.728122655488635E+003
  0.100000000000000E+001  0.145618809344225E+004 -0.192482197248051E+002  0.727271025678675E+002 -0.358570223364534E+000  0.327050377985515E+000 -0.107536384819057E+002 -0.728094046721126E+003
  0.100000000000000E+001  0.145615931773072E+004 -0.192692267059484E+002  0.722608686989942E+002 -0.405291821085587E+000  0.567371629027935E+000 -0.107536384819057E+002 -0.728079658865361E+003
  0.100000000000000E+001  0.145609574798366E+004 -0.192376120709825E+002  0.739030965017528E+002 -0.445700878021742E+000  0.430506041567663E+000 -0.107536384819057E+002 -0.728047873991830E+003
  0.100000000000000E+001  0.145605062383548E+004 -0.191983842347141E+002  0.749221549565837E+002 -0.398953053575353E+000  0.376664886403101E+000 -0.107536384819057E+002 -0.728025311917738E+003
  0.100000000000000E+001  0.145604289807782E+004 -0.192618045510552E+002  0.728030511087060E+002 -0.411201374124878E+000  0.333791694535740E+000 -0.107536384819057E+002 -0.728021449038910E+003
  0.100000000000000E+001  0.145603682552150E+004 -0.192110055582544E+002  0.741240577012699E+002 -0.386737615391626E+000  0.379760532835548E+000 -0.107536384819057E+002 -0.728018412760752E+003
  0.100000000000000E+001  0.145603079220556E+004 -0.192629221634436E+002  0.726072752427719E+002 -0.368534034911162E+000  0.351944271167245E+000 -0.107536384819057E+002 -0.728015396102782E+003
  0.100000000000000E+001  0.145598563274571E+004 -0.192604112308066E+002  0.730812437796277E+002 -0.442589521773538E+000  0.417900102009559E+000 -0.107536384819057E+002 -0.727992816372856E+003
  0.100000000000000E+001  0.145598452535592E+004 -0.192181207362392E+002  0.740178976641244E+002 -0.440201950841201E+000  0.563115553503396E+000 -0.107536384819057E+002 -0.727992262677961E+003
  0.100000000000000E+001  0.145596455843532E+004 -0.192891253067999E+002  0.715437900984643E+002 -0.395296484559765E+000  0.490517430087399E+000 -0.107536384819057E+002 -0.727982279217658E+003
  0.100000000000000E+001  0.145593769231360E+004 -0.192851473839300E+002  0.716939855255868E+002 -0.372251265438609E+000  0.414121904619562E+000 -0.107536384819057E+002 -0.727968846156798E+003
  0.100000000000000E+001  0.145593608997874E+004 -0.192590427697014E+002  0.728355514110885E+002 -0.452101019452760E+000  0.641545093329821E+000 -0.107536384819057E+002 -0.727968044989368E+003
  0.100000000000000E+001  0.145587761356395E+004 -0.192282314137050E+002  0.735986670429809E+002 -0.416098060950287E+000  0.587448693225669E+000 -0.107536384819057E+002 -0.727938806781974E+003
  0.100000000000000E+001  0.145587223591011E+004 -0.192684781326293E+002  0.723421256346551E+002 -0.371515971716889E+000  0.282692287240554E+000 -0.107536384819057E+002 -0.727936117955054E+003
  0.100000000000000E+001  0.145580555208707E+004 -0.192389394523270E+002  0.731908238460988E+002 -0.374928469852385E+000  0.308910185191995E+000 -0.107536384819057E+002 -0.727902776043536E+003
  0.100000000000000E+001  0.145580096855347E+004 -0.192284780836263E+002  0.739083849734818E+002 -0.425334983548836E+000  0.378238510334024E+000 -0.107536384819057E+002 -0.727900484276737E+003
  0.100000000000000E+001  0.145578081968267E+004 -0.192712750200377E+002  0.724950918068866E+002 -0.444092776137815E+000  0.444776976644774E+000 -0.107536384819057E+002 -0.727890409841335E+003
  0.100000000000000E+001  0.145571178462203E+004 -0.192077292536516E+002  0.742304637359026E+002 -0.363865319247085E+000  0.332917583118723E+000 -0.107536384819057E+002 -0.727855892311014E+003
  0.100000000000000E+001  0.145567977331991E+004 -0.192207206472874E+002  0.742455672770785E+002 -0.405869784465582E+000  0.458199467168755E+000 -0.107536384819057E+002 -0.727839886659953E+003
  0.100000000000000E+001  0.145567907656161E+004 -0.192078289020954E+002  0.744280295258797E+002 -0.373569612052665E+000  0.320045842774661E+000 -0.107536384819057E+002 -0.727839538280807E+003
  0.100000000000000E+001  0.145567837054729E+004 -0.192513916623877E+002  0.730677043214156E+002 -0.468220723344571E+000  0.602403139838504E+000 -0.107536384819057E+002 -0.727839185273647E+003
  0.100000000000000E+001  0.145567031208076E+004 -0.192310516997021E+002  0.739729649966313E+002 -0.438344527990108E+000  0.403513738768765E+000 -0.107536384819057E+002 -0.727835156040382E+003
  0.100000000000000E+001  0.145566686427052E+004 -0.192137611746590E+002  0.746874551065492E+002 -0.490790555035724E+000  0.620200926381866E+000 -0.107536384819057E+002 -0.727833432135262E+003
  0.100000000000000E+001  0.145564629930555E+004 -0.192554082061975E+002  0.730338808465004E+002 -0.408905358882178E+000  0.333845291716758E+000 -0.107536384819057E+002 -0.727823149652776E+003
  0.100000000000000E+001  0.145563422011283E+004 -0.192542079900127E+002  0.726071077020525E+002 -0.344151256163658E+000  0.307119065538909E+000 -0.107536384819057E+002 -0.727817110056414E+003
  0.100000000000000E+001  0.145560867562573E+004 -0.192282293882894E+002  0.740389214495137E+002 -0.418635696763699E+000  0.507370109605541E+000 -0.107536384819057E+002 -0.727804337812864E+003
  0.100000000000000E+001  0.145557751021680E+004 -0.192106481067701E+002  0.741968218019965E+002 -0.391807050243788E+000  0.380510017440518E+000 -0.107536384819057E+002 -0.727788755108398E+003
  0.100000000000000E+001  0.145553718851745E+004 -0.192760948030700E+002  0.723894057861305E+002 -0.436495006615896E+000  0.576821170951039E+000 -0.107536384819057E+002 -0.727768594258724E+003
  0.100000000000000E+001  0.145553359783826E+004 -0.192521107802977E+002  0.730187677712417E+002 -0.391897558519711E+000  0.483229245139928E+000 -0.107536384819057E+002 -0.727766798919130E+003
  0.100000000000000E+001  0.145551897339390E+004 -0.192394046904301E+002  0.735322445414677E+002 -0.387516980705782E+000  0.320031192722131E+000 -0.107536384819057E+002 -0.727759486696951E+003
  0.100000000000000E+001  0.145550786952287E+004 -0.192707441363290E+002  0.723849139473643E+002 -0.379150276325737E+000  0.347497573969854E+000 -0.107536384819057E+002 -0.727753934761437E+003
  0.100000000000000E+001  0.145549710973659E+004 -0.192528923069863E+002  0.728718800336535E+002 -0.413292535913025E+000  0.583277093059178E+000 -0.107536384819057E+002 -0.727748554868292E+003
  0.100000000000000E+001  0.145547902867892E+004 -0.192121998869782E+002  0.741010029485639E+002 -0.383214381687262E+000  0.370206646192303E+000 -0.107536384819057E+002 -0.727739514339458E+003
  0.100000000000000E+001  0.145547565342898E+004 -0.192463825426775E+002  0.731210867868152E+002 -0.368904526232852E+000  0.270987084722693E+000 -0.107536384819057E+002 -0.727737826714489E+003
  0.100000000000000E+001  0.145546010725769E+004 -0.192806090523957E+002  0.721500327784495E+002 -0.464879612008467E+000  0.579940886075007E+000 -0.107536384819057E+002 -0.727730053628845E+003
  0.100000000000000E+001  0.145545270713130E+004 -0.192328945264539E+002  0.734016642509705E+002 -0.372335693353085E+000  0.477380474344676E+000 -0.107536384819057E+002 -0.727726353565650E+003
  0.100000000000000E+001  0.145543924880924E+004 -0.192739198995203E+002  0.720037963779148E+002 -0.402054586237521E+000  0.482869113097913E+000 -0.107536384819057E+002 -0.727719624404622E+003
  0.100000000000000E+001  0.145541279365789E+004 -0.192924241475627E+002  0.717158340825090E+002 -0.409401444168080E+000  0.474172572140180E+000 -0.107536384819057E+002 -0.727706396828946E+003
  0.100000000000000E+001  0.145540618340503E+004 -0.192650464582853E+002  0.729156941963867E+002 -0.486094730417171E+000  0.565093916973010E+000 -0.107536384819057E+002 -0.727703091702516E+003
  0.100000000000000E+001  0.145538938603144E+004 -0.192303708335150E+002  0.739724475262754E+002 -0.429831098395659E+000  0.388465829166440E+000 -0.107536384819057E+002 -0.727694693015722E+003
  0.100000000000000E+001  0.145536426284338E+004 -0.192128538207085E+002  0.741322261147611E+002 -0.371951200730940E+000  0.442727640397219E+000 -0.107536384819057E+002 -0.727682131421691E+003
  0.100000000000000E+001  0.145535911372919E+004 -0.192850787790897E+002  0.717771309943483E+002 -0.401647777886255E+000  0.408839488412813E+000 -0.107536384819057E+002 -0.727679556864596E+003
  0.100000000000000E+001  0.145533268566554E+004 -0.192364378432638E+002  0.737389518322766E+002 -0.483938737165647E+000  0.608095260181747E+000 -0.107536384819057E+002 -0.727666342832770E+003
  0.100000000000000E+001  0.145531232472538E+004 -0.192732720249460E+002  0.720676929442362E+002 -0.373354981116255E+000  0.443680588077994E+000 -0.107536384819057E+002 -0.727656162362690E+003
  0.100000000000000E+001  0.145530159039191E+004 -0.192423188937184E+002  0.729970046384026E+002 -0.371516921006696E+000  0.476654363862870E+000 -0.107536384819057E+002 -0.727650795195954E+003
  0.100000000000000E+001  0.145529874256587E+004 -0.191923323752804E+002  0.752361858334961E+002 -0.444131158948941E+000  0.550467333052890E+000 -0.107536384819057E+002 -0.727649371282933E+003
  0.100000000000000E+001  0.145527871245559E+004 -0.192119636920557E+002  0.745583216660192E+002 -0.467184530369409E+000  0.543420780502274E+000 -0.107536384819057E+002 -0.727639356227793E+003
  0.100000000000000E+001  0.145524783414051E+004 -0.192424656117259E+002  0.737379254331940E+002 -0.462079534590702E+000  0.475409643230599E+000 -0.107536384819057E+002 -0.727623917070254E+003
  0.100000000000000E+001  0.145522890061367E+004 -0.192340817680239E+002  0.734164530124675E+002 -0.365467723185034E+000  0.426144613756500E+000 -0.107536384819057E+002 -0.727614450306834E+003
  0.100000000000000E+001  0.145520974829039E+004 -0.192831804877762E+002  0.717749781196647E+002 -0.409285403735558E+000  0.492215280568622E+000 -0.107536384819057E+002 -0.727604874145196E+003
  0.100000000000000E+001  0.145520090901262E+004 -0.192183962149052E+002  0.738113992443946E+002 -0.356305672366096E+000  0.356400447679573E+000 -0.107536384819057E+002 -0.727600454506312E+003
  0.100000000000000E+001  0.145516356193291E+004 -0.192565290523948E+002  0.725066132671049E+002 -0.388735806799594E+000  0.475495802147792E+000 -0.107536384819057E+002 -0.727581780966456E+003
  0.100000000000000E+001  0.145515004676424E+004 -0.192432764159927E+002  0.737689448508496E+002 -0.469193168881248E+000  0.506555359876852E+000 -0.107536384819057E+002 -0.727575023382120E+003
  0.100000000000000E+001  0.145514238638819E+004 -0.192719946779882E+002  0.724271856028779E+002 -0.437980468625498E+000  0.445460994033075E+000 -0.107536384819057E+002 -0.727571193194096E+003
  0.100000000000000E+001  0.145512487529964E+004 -0.192408294270688E+002  0.737695447920025E+002 -0.440967728869870E+000  0.453481455571151E+000 -0.107536384819057E+002 -0.727562437649819E+003
  0.100000000000000E+001  0.145510952601819E+004 -0.192933569605620E+002  0.717243960911220E+002 -0.420009604703425E+000  0.491905558344619E+000 -0.107536384819057E+002 -0.727554763009093E+003
  0.100000000000000E+001  0.145509007907473E+004 -0.192748549303789E+002  0.721615781544847E+002 -0.411085224071263E+000  0.407112195386419E+000 -0.107536384819057E+002 -0.727545039537363E+003
  0.100000000000000E+001  0.145508657640647E+004 -0.192118918404287E+002  0.741637942867551E+002 -0.377738142578426E+000  0.344696321784514E+000 -0.107536384819057E+002 -0.727543288203236E+003
  0.100000000000000E+001  0.145505468800999E+004 -0.192339163539786E+002  0.735089472343872E+002 -0.405440644824990E+000  0.375559690117834E+000 -0.107536384819057E+002 -0.727527344004997E+003
  0.100000000000000E+001  0.145502716243842E+004 -0.192239000155034E+002  0.743608009895964E+002 -0.456930962814282E+000  0.563031949978990E+000 -0.107536384819057E+002 -0.727513581219210E+003
  0.100000000000000E+001  0.145497843093324E+004 -0.192569448246296E+002  0.730075866121559E+002 -0.403299332882318E+000  0.429485757871884E+000 -0.107536384819057E+002 -0.727489215466620E+003
  0.100000000000000E+001  0.145496151970668E+004 -0.192114999105030E+002  0.741132920781885E+002 -0.365993099435243E+000  0.394116024124505E+000 -0.107536384819057E+002 -0.727480759853340E+003
  0.100000000000000E+001  0.145493677116361E+004 -0.192526972567776E+002  0.733684108140572E+002 -0.462636962743839E+000  0.597052578118314E+000 -0.107536384819057E+002 -0.727468385581803E+003
  0.100000000000000E+001  0.145493477728706E+004 -0.192792942856364E+002  0.722630632804877E+002 -0.469810133534569E+000  0.586902074197483E+000 -0.107536384819057E+002 -0.727467388643531E+003
  0.100000000000000E+001  0.145486430476099E+004 -0.192122011325699E+002  0.745262652723507E+002 -0.470067185999264E+000  0.596422470337572E+000 -0.107536384819057E+002 -0.727432152380496E+003
  0.100000000000000E+001  0.145486091230170E+004 -0.192861460128271E+002  0.717405266532992E+002 -0.414244958854882E+000  0.514804604478329E+000 -0.107536384819057E+002 -0.727430456150850E+003
  0.100000000000000E+001  0.145485851318775E+004 -0.192308205277352E+002  0.741759933449633E+002 -0.461100577209297E+000  0.530318869396853E+000 -0.107536384819057E+002 -0.727429256593874E+003
  0.100000000000000E+001  0.145485352518800E+004 -0.192370312981937E+002  0.735808155485282E+002 -0.399344527401469E+000  0.330286200156250E+000 -0.107536384819057E+002 -0.727426762594001E+003
  0.100000000000000E+001  0.145485048173589E+004 -0.192216029560276E+002  0.739027383648190E+002 -0.378828734272082E+000  0.318692660331235E+000 -0.107536384819057E+002 -0.727425240867947E+003
  0.100000000000000E+001  0.145482047688475E+004 -0.192329336491819E+002  0.736371212536104E+002 -0.375614041160079E+000  0.331647828586430E+000 -0.107536384819057E+002 -0.727410238442374E+003
  0.100000000000000E+001  0.145474346418454E+004 -0.192282858508989E+002  0.740869865329791E+002 -0.428043939487311E+000  0.415429803460611E+000 -0.107536384819057E+002 -0.727371732092271E+003
  0.100000000000000E+001  0.145472594319127E+004 -0.192730386287273E+002  0.720921616253397E+002 -0.371039933256009E+000  0.382593192712996E+000 -0.107536384819057E+002 -0.727362971595634E+003
  0.100000000000000E+001  0.145472523474524E+004 -0.192843323468405E+002  0.720990032331490E+002 -0.421524152399997E+000  0.449009940355857E+000 -0.107536384819057E+002 -0.727362617372620E+003
  0.100000000000000E+001  0.145470743586756E+004 -0.192292476305554E+002  0.736649829872324E+002 -0.438340099019697E+000  0.583820388918723E+000 -0.107536384819057E+002 -0.727353717933779E+003
  0.100000000000000E+001  0.145470709181069E+004 -0.192332399878960E+002  0.740122007890970E+002 -0.446775187276289E+000  0.536523482735003E+000 -0.107536384819057E+002 -0.727353545905346E+003
  0.100000000000000E+001  0.145470013846194E+004 -0.192059928265941E+002  0.745909856184812E+002 -0.440399049309660E+000  0.509363407476696E+000 -0.107536384819057E+002 -0.727350069230969E+003
  0.100000000000000E+001  0.145468478544177E+004 -0.192377636683290E+002  0.735301951146251E+002 -0.460209120718389E+000  0.621154965986699E+000 -0.107536384819057E+002 -0.727342392720884E+003
  0.100000000000000E+001  0.145467705397127E+004 -0.192228078283619E+002  0.737902992696177E+002 -0.381038827151979E+000  0.480056380088246E+000 -0.107536384819057E+002 -0.727338526985633E+003
  0.100000000000000E+001  0.145463411233595E+004 -0.192375182165857E+002  0.737027559505365E+002 -0.409264065946190E+000  0.400117662444607E+000 -0.107536384819057E+002 -0.727317056167974E+003
  0.100000000000000E+001  0.145462968016665E+004 -0.192455674778169E+002  0.733570499656967E+002 -0.425911739409733E+000  0.391693874484881E+000 -0.107536384819057E+002 -0.727314840083327E+003
  0.100000000000000E+001  0.145462773533794E+004 -0.192423736181414E+002  0.730848647534586E+002 -0.368052596481798E+000  0.438104436297789E+000 -0.107536384819057E+002 -0.727313867668968E+003
  0.100000000000000E+001  0.145461315358117E+004 -0.192807619841935E+002  0.719271895559377E+002 -0.390384294688858E+000  0.456237277493138E+000 -0.107536384819057E+002 -0.727306576790587E+003
  0.100000000000000E+001  0.145460171529965E+004 -0.192346335260603E+002  0.736237504213764E+002 -0.407771039886663E+000  0.531719357199449E+000 -0.107536384819057E+002 -0.727300857649823E+003
  0.100000000000000E+001  0.145458447238270E+004 -0.192428016355660E+002  0.732974081169268E+002 -0.377006160197652E+000  0.324712291289083E+000 -0.107536384819057E+002 -0.727292236191349E+003
  0.100000000000000E+001  0.145456765992380E+004 -0.192835068700811E+002  0.722511867166099E+002 -0.468554473834639E+000  0.580154538581379E+000 -0.107536384819057E+002 -0.727283829961901E+003
  0.100000000000000E+001  0.145455174642485E+004 -0.192063110982275E+002  0.747361871868992E+002 -0.459436277799002E+000  0.545137736814608E+000 -0.107536384819057E+002 -0.727275873212423E+003
  0.100000000000000E+001  0.145453199549767E+004 -0.192361165995837E+002  0.736685035514877E+002 -0.404007454078186E+000  0.467499640381622E+000 -0.107536384819057E+002 -0.727265997748836E+003
  0.100000000000000E+001  0.145452229013084E+004 -0.192092843243563E+002  0.742881328164965E+002 -0.376090618191854E+000  0.379334352698272E+000 -0.107536384819057E+002 -0.727261145065420E+003
  0.100000000000000E+001  0.145448648161882E+004 -0.192097290831493E+002  0.745639935067800E+002 -0.459040851739047E+000  0.597311154588533E+000 -0.107536384819057E+002 -0.727243240809412E+003
  0.100000000000000E+001  0.145448257104928E+004 -0.192509705655313E+002  0.729131356730759E+002 -0.369886806440027E+000  0.395022741259603E+000 -0.107536384819057E+002 -0.727241285524637E+003
  0.100000000000000E+001  0.145447469042071E+004 -0.192439855873757E+002  0.733070917806952E+002 -0.383730237755910E+000  0.343930733529843E+000 -0.107536384819057E+002 -0.727237345210355E+003
  0.100000000000000E+001  0.145445188849026E+004 -0.192774331954290E+002  0.725057557302182E+002 -0.459432497311695E+000  0.553616680351272E+000 -0.107536384819057E+002 -0.727225944245129E+003
  0.100000000000000E+001  0.145444030319880E+004 -0.192749766300720E+002  0.721923060220761E+002 -0.386138703986525E+000  0.387637749595198E+000 -0.107536384819057E+002 -0.727220151599400E+003
  0.100000000000000E+001  0.145443629790040E+004 -0.192098347110304E+002  0.747828436850335E+002 -0.458380091157924E+000  0.550458625849013E+000 -0.107536384819057E+002 -0.727218148950198E+003
  0.100000000000000E+001  0.145443388975372E+004 -0.192395166328456E+002  0.734606847364012E+002 -0.423640667714561E+000  0.579381535182106E+000 -0.107536384819057E+002 -0.727216944876860E+003
  0.100000000000000E+001  0.145442867648264E+004 -0.192613137827015E+002  0.730408021344992E+002 -0.444251472149914E+000  0.467382049115881E+000 -0.107536384819057E+002 -0.727214338241322E+003
  0.100000000000000E+001  0.145442374466181E+004 -0.192312162826410E+002  0.734054640647688E+002 -0.385074687755142E+000  0.416786323367781E+000 -0.107536384819057E+002 -0.727211872330903E+003
  0.100000000000000E+001  0.145439074089822E+004 -0.192062436395320E+002  0.745397517015746E+002 -0.434843164593429E+000  0.568424001806017E+000 -0.107536384819057E+002 -0.727195370449109E+003
  0.100000000000000E+001  0.145438976784634E+004 -0.192698569032562E+002  0.724597544263575E+002 -0.457087704858925E+000  0.579389388152364E+000 -0.107536384819057E+002 -0.727194883923170E+003
  0.100000000000000E+001  0.145437923327278E+004 -0.192249199651576E+002  0.737528695976978E+002 -0.423561425241842E+000  0.520512300618932E+000 -0.107536384819057E+002 -0.727189616636389E+003
  0.100000000000000E+001  0.145436857769016E+004 -0.192613117383637E+002  0.725712207355885E+002 -0.418956824050044E+000  0.569778589394652E+000 -0.107536384819057E+002 -0.727184288845082E+003
  0.100000000000000E+001  0.145436476263069E+004 -0.192209499312552E+002  0.739768793027491E+002 -0.375900290150002E+000  0.349989974119866E+000 -0.107536384819057E+002 -0.727182381315346E+003
  0.100000000000000E+001  0.145436388965382E+004 -0.192179354089034E+002  0.744042171315039E+002 -0.471183264224001E+000  0.616623073631793E+000 -0.107536384819057E+002 -0.727181944826912E+003
  0.100000000000000E+001  0.145433348044740E+004 -0.192650266376977E+002  0.724508406126761E+002 -0.389287218361849E+000  0.482098392331346E+000 -0.107536384819057E+002 -0.727166740223701E+003
  0.100000000000000E+001  0.145432297109854E+004 -0.192657326060121E+002  0.723237346826394E+002 -0.382467804269657E+000  0.465951258052266E+000 -0.107536384819057E+002 -0.727161485549270E+003
  0.100000000000000E+001  0.145430682628192E+004 -0.192580861133832E+002  0.730407253318252E+002 -0.430161960406241E+000  0.415784089924905E+000 -0.107536384819057E+002 -0.727153413140958E+003
  0.100000000000000E+001  0.145430573289491E+004 -0.192741255497985E+002  0.724268213301554E+002 -0.461942152915903E+000  0.545360345654884E+000 -0.107536384819057E+002 -0.727152866447456E+003
  0.100000000000000E+001  0.145428967762320E+004 -0.192768317570039E+002  0.720537601152612E+002 -0.392637185794904E+000  0.469325508706687E+000 -0.107536384819057E+002 -0.727144838811601E+003
  0.100000000000000E+001  0.145426939206747E+004 -0.192835674762508E+002  0.718454763860003E+002 -0.402154718385904E+000  0.471492760020842E+000 -0.107536384819057E+002 -0.727134696033733E+003
  0.100000000000000E+001  0.145426232871164E+004 -0.192400524429376E+002  0.731029979088527E+002 -0.386765878641820E+000  0.431396777535612E+000 -0.107536384819057E+002 -0.727131164355821E+003
  0.100000000000000E+001  0.145425085473014E+004 -0.192043109563982E+002  0.748485809854510E+002 -0.458501007687814E+000  0.570253539418788E+000 -0.107536384819057E+002 -0.727125427365069E+003
  0.100000000000000E+001  0.145423733779367E+004 -0.192298593175588E+002  0.740437404870861E+002 -0.430279200158373E+000  0.443532289407499E+000 -0.107536384819057E+002 -0.727118668896836E+003
  0.100000000000000E+001  0.145423662318736E+004 -0.192235446774873E+002  0.738286318606320E+002 -0.422992942143101E+000  0.494931190432445E+000 -0.107536384819057E+002 -0.727118311593682E+003
  0.100000000000000E+001  0.145423362632603E+004 -0.192486286933331E+002  0.731310121441883E+002 -0.432174640875659E+000  0.449158764489153E+000 -0.107536384819057E+002 -0.727116813163014E+003
  0.100000000000000E+001  0.145423120026503E+004 -0.192167746328218E+002  0.745250138415725E+002 -0.473620379798074E+000  0.564455426639769E+000 -0.107536384819057E+002 -0.727115600132517E+003
  0.100000000000000E+001  0.145422263763762E+004 -0.192394101188028E+002  0.736611789762138E+002 -0.426322228052362E+000  0.405864353580298E+000 -0.107536384819057E+002 -0.727111318818808E+003
  0.100000000000000E+001  0.145421860244041E+004 -0.192296591904085E+002  0.738277229613746E+002 -0.401830052355385E+000  0.479865601377011E+000 -0.107536384819057E+002 -0.727109301220204E+003
  0.100000000000000E+001  0.145420545298518E+004 -0.192002525743768E+002  0.749308535436908E+002 -0.445270911892240E+000  0.547056491382928E+000 -0.107536384819057E+002 -0.727102726492591E+003
  0.100000000000000E+001  0.145420373659252E+004 -0.192613134333401E+002  0.726703245408873E+002 -0.412341978170171E+000  0.395525341913025E+000 -0.107536384819057E+002 -0.727101868296262E+003
  0.100000000000000E+001  0.145418380169820E+004 -0.192340143981412E+002  0.734686713238324E+002 -0.429120327233816E+000  0.531301753969542E+000 -0.107536384819057E+002 -0.727091900849100E+003
  0.100000000000000E+001  0.145418341957375E+004 -0.192164738321592E+002  0.744692013533435E+002 -0.449245947859758E+000  0.576475768419598E+000 -0.107536384819057E+002 -0.727091709786874E+003
  0.100000000000000E+001  0.145417850778767E+004 -0.192277652823948E+002  0.737220545215133E+002 -0.386588512876246E+000  0.472687280255066E+000 -0.107536384819057E+002 -0.727089253893834E+003
  0.100000000000000E+001  0.145414971192788E+004 -0.192165268935825E+002  0.744268465751137E+002 -0.446295210102247E+000  0.580526664683005E+000 -0.107536384819057E+002 -0.727074855963941E+003
  0.100000000000000E+001  0.145411864998868E+004 -0.192247930257113E+002  0.738635057498665E+002 -0.430973866544483E+000  0.585617292119009E+000 -0.107536384819057E+002 -0.727059324994340E+003
  0.100000000000000E+001  0.145409642278101E+004 -0.192600990539756E+002  0.728218984656837E+002 -0.444692990100130E+000  0.605982587489327E+000 -0.107536384819057E+002 -0.727048211390503E+003
  0.100000000000000E+001  0.145408962751986E+004 -0.192038230601471E+002  0.748367077653991E+002 -0.451833950909000E+000  0.563236820642250E+000 -0.107536384819057E+002 -0.727044813759931E+003
  0.100000000000000E+001  0.145408297149918E+004 -0.192345511156419E+002  0.734754599901021E+002 -0.432772660016247E+000  0.535674873931176E+000 -0.107536384819057E+002 -0.727041485749588E+003
  0.100000000000000E+001  0.145408160216159E+004 -0.192737502089593E+002  0.725278432935659E+002 -0.432698114007795E+000  0.476218747809356E+000 -0.107536384819057E+002 -0.727040801080793E+003
  0.100000000000000E+001  0.145408052217245E+004 -0.192267702643057E+002  0.739597494385109E+002 -0.400258643628184E+000  0.379843935182466E+000 -0.107536384819057E+002 -0.727040261086227E+003
  0.100000000000000E+001  0.145406073994650E+004 -0.192605857076876E+002  0.724776083794791E+002 -0.399519115575622E+000  0.503605774872424E+000 -0.107536384819057E+002 -0.727030369973250E+003
  0.100000000000000E+001  0.145401758787115E+004 -0.192684442944040E+002  0.724700262150479E+002 -0.448249880828016E+000  0.550970626386919E+000 -0.107536384819057E+002 -0.727008793935576E+003
  0.100000000000000E+001  0.145396502991787E+004 -0.192247867573905E+002  0.742259074012960E+002 -0.435858451052936E+000  0.479281536099169E+000 -0.107536384819057E+002 -0.726982514958932E+003
  0.100000000000000E+001  0.145396235894747E+004 -0.192250507807140E+002  0.741532943788095E+002 -0.461301966414499E+000  0.611476249819191E+000 -0.107536384819057E+002 -0.726981179473733E+003
  0.100000000000000E+001  0.145395530581878E+004 -0.192672534458285E+002  0.724300085505808E+002 -0.385721777067311E+000  0.370559126636754E+000 -0.107536384819057E+002 -0.726977652909392E+003
  0.100000000000000E+001  0.145395395508338E+004 -0.192184657271578E+002  0.742043397510590E+002 -0.407279435305864E+000  0.388388311698719E+000 -0.107536384819057E+002 -0.726976977541690E+003
  0.100000000000000E+001  0.145395111345411E+004 -0.192654464900387E+002  0.723242017004559E+002 -0.396925870972761E+000  0.469011076868311E+000 -0.107536384819057E+002 -0.726975556727056E+003
  0.100000000000000E+001  0.145393712449288E+004 -0.192419633235536E+002  0.733903753320766E+002 -0.416776262227960E+000  0.391908192105164E+000 -0.107536384819057E+002 -0.726968562246441E+003
  0.100000000000000E+001  0.145392482916151E+004 -0.192033231566075E+002  0.748414192767053E+002 -0.439692481573011E+000  0.507933193227297E+000 -0.107536384819057E+002 -0.726962414580757E+003
  0.100000000000000E+001  0.145384533028194E+004 -0.192782998414556E+002  0.721014069317017E+002 -0.402110925433247E+000  0.421942907566011E+000 -0.107536384819057E+002 -0.726922665140971E+003
  0.100000000000000E+001  0.145383316849149E+004 -0.192103741851610E+002  0.745728735106621E+002 -0.455353809027139E+000  0.580475717397584E+000 -0.107536384819057E+002 -0.726916584245743E+003
  0.100000000000000E+001  0.145382839720446E+004 -0.192669456641674E+002  0.725735868303495E+002 -0.420843806668272E+000  0.540857577421424E+000 -0.107536384819057E+002 -0.726914198602228E+003
  0.100000000000000E+001  0.145377359265237E+004 -0.192166362511546E+002  0.744179577320582E+002 -0.435510347572061E+000  0.457733155568004E+000 -0.107536384819057E+002 -0.726886796326186E+003
  0.100000000000000E+001  0.145376320958748E+004 -0.192632517396822E+002  0.726419170113360E+002 -0.399621694539895E+000  0.471105554601423E+000 -0.107536384819057E+002 -0.726881604793738E+003
  0.100000000000000E+001  0.145376275631537E+004 -0.192141118481866E+002  0.741671471551446E+002 -0.419264170442896E+000  0.509359836087208E+000 -0.107536384819057E+002 -0.726881378157684E+003
  0.100000000000000E+001  0.145374906040226E+004 -0.192633276965371E+002  0.727013540898938E+002 -0.451433074831161E+000  0.601604046010457E+000 -0.107536384819057E+002 -0.726874530201129E+003
  0.100000000000000E+001  0.145374623274831E+004 -0.192300868085778E+002  0.737155089313774E+002 -0.427788648204273E+000  0.580061030924891E+000 -0.107536384819057E+002 -0.726873116374156E+003
  0.100000000000000E+001  0.145373966248494E+004 -0.192645099943570E+002  0.726854616064291E+002 -0.408537404251663E+000  0.396964934423584E+000 -0.107536384819057E+002 -0.726869831242472E+003
  0.100000000000000E+001  0.145366958147868E+004 -0.192532848862468E+002  0.729495254182628E+002 -0.409999766268427E+000  0.392512144900171E+000 -0.107536384819057E+002 -0.726834790739341E+003
  0.100000000000000E+001  0.145363244321232E+004 -0.192588276053448E+002  0.728818350324842E+002 -0.433507742136954E+000  0.573975034924682E+000 -0.107536384819057E+002 -0.726816221606160E+003
  0.100000000000000E+001  0.145361651746378E+004 -0.192121127584842E+002  0.743314827795042E+002 -0.427506248963144E+000  0.552148113035418E+000 -0.107536384819057E+002 -0.726808258731889E+003
  0.100000000000000E+001  0.145361381407295E+004 -0.192044903569655E+002  0.746631419767011E+002 -0.423214102771968E+000  0.480904917638623E+000 -0.107536384819057E+002 -0.726806907036476E+003
  0.100000000000000E+001  0.145359774252192E+004 -0.192248668175306E+002  0.739323008703076E+002 -0.410656839324740E+000  0.524045627744332E+000 -0.107536384819057E+002 -0.726798871260961E+003
  0.100000000000000E+001  0.145359310497383E+004 -0.192619938370845E+002  0.725692722512258E+002 -0.382818378827539E+000  0.409084489386719E+000 -0.107536384819057E+002 -0.726796552486916E+003
  0.100000000000000E+001  0.145357348517566E+004 -0.192736140806266E+002  0.723768699126660E+002 -0.427528686835960E+000  0.539133673211060E+000 -0.107536384819057E+002 -0.726786742587828E+003
  0.100000000000000E+001  0.145353073479207E+004 -0.192151259163003E+002  0.742939661127391E+002 -0.444427310366709E+000  0.565204767600052E+000 -0.107536384819057E+002 -0.726765367396035E+003
  0.100000000000000E+001  0.145352126178304E+004 -0.192540047535131E+002  0.730270552438380E+002 -0.400935769381014E+000  0.407712892640943E+000 -0.107536384819057E+002 -0.726760630891519E+003
  0.100000000000000E+001  0.145346759190469E+004 -0.192289018183192E+002  0.739588332825566E+002 -0.461751818426292E+000  0.546837282501515E+000 -0.107536384819057E+002 -0.726733795952344E+003
  0.100000000000000E+001  0.145345846200329E+004 -0.192352188794755E+002  0.735367343978598E+002 -0.385032039032916E+000  0.395450721469096E+000 -0.107536384819057E+002 -0.726729231001646E+003
  0.100000000000000E+001  0.145344022886679E+004 -0.192488295832554E+002  0.730350677421875E+002 -0.384366857880963E+000  0.427587117897521E+000 -0.107536384819057E+002 -0.726720114433396E+003
  0.100000000000000E+001  0.145343468514337E+004 -0.192179503209035E+002  0.740124709481532E+002 -0.387744996454547E+000  0.439764710434730E+000 -0.107536384819057E+002 -0.726717342571686E+003
  0.100000000000000E+001  0.145341841475230E+004 -0.192278049459488E+002  0.736513143860940E+002 -0.382962800645195E+000  0.445098087442109E+000 -0.107536384819057E+002 -0.726709207376149E+003
  0.100000000000000E+001  0.145341111590526E+004 -0.192322968391749E+002  0.739569050751215E+002 -0.470586991267747E+000  0.604393943081316E+000 -0.107536384819057E+002 -0.726705557952629E+003
  0.100000000000000E+001  0.145341002844372E+004 -0.192417607632107E+002  0.734709446111908E+002 -0.423473344065910E+000  0.413725671050998E+000 -0.107536384819057E+002 -0.726705014221860E+003
  0.100000000000000E+001  0.145335439242383E+004 -0.192517574228088E+002  0.731339280990659E+002 -0.406768435346429E+000  0.427570789008236E+000 -0.107536384819057E+002 -0.726677196211913E+003
  0.100000000000000E+001  0.145333970267365E+004 -0.192537134799754E+002  0.730695735230042E+002 -0.425632782537811E+000  0.423330951300392E+000 -0.107536384819057E+002 -0.726669851336826E+003
  0.100000000000000E+001  0.145333065108508E+004 -0.192635015625262E+002  0.728095429430621E+002 -0.464990846298740E+000  0.591722095113454E+000 -0.107536384819057E+002 -0.726665325542540E+003
  0.100000000000000E+001  0.145332407633434E+004 -0.192665669883376E+002  0.723822348978416E+002 -0.412255785124800E+000  0.491837992406477E+000 -0.107536384819057E+002 -0.726662038167170E+003
  0.100000000000000E+001  0.145332167806803E+004 -0.192619429802322E+002  0.727665601633199E+002 -0.407622820900233E+000  0.417630576149141E+000 -0.107536384819057E+002 -0.726660839034016E+003
  0.100000000000000E+001  0.145331401297174E+004 -0.192344672788449E+002  0.736223720378004E+002 -0.395766213088584E+000  0.381706585309526E+000 -0.107536384819057E+002 -0.726657006485872E+003
  0.100000000000000E+001  0.145329350389130E+004 -0.192142167195696E+002  0.741586149343650E+002 -0.405301499705378E+000  0.482046456038001E+000 -0.107536384819057E+002 -0.726646751945650E+003
  0.100000000000000E+001  0.145324661204889E+004 -0.192313348748219E+002  0.736527996327208E+002 -0.430062567509220E+000  0.496207746672733E+000 -0.107536384819057E+002 -0.726623306024443E+003
  0.100000000000000E+001  0.145320574092199E+004 -0.192612261808042E+002  0.728151661347377E+002 -0.428996071858079E+000  0.442237129260596E+000 -0.107536384819057E+002 -0.726602870460996E+003
  0.100000000000000E+001  0.145317463578275E+004 -0.192412303118588E+002  0.735776916352074E+002 -0.425086398451165E+000  0.490323416263401E+000 -0.107536384819057E+002 -0.726587317891375E+003
  0.100000000000000E+001  0.145315895186496E+004 -0.192279990650533E+002  0.740758280078464E+002 -0.464205246541604E+000  0.547291758951717E+000 -0.107536384819057E+002 -0.726579475932480E+003
  0.100000000000000E+001  0.145314461026429E+004 -0.192184802763653E+002  0.740188722260676E+002 -0.395671427762925E+000  0.429774286722018E+000 -0.107536384819057E+002 -0.726572305132144E+003
  0.100000000000000E+001  0.145310711252979E+004 -0.192237008078982E+002  0.740943834613917E+002 -0.447879268424155E+000  0.583500946540299E+000 -0.107536384819057E+002 -0.726553556264893E+003
  0.100000000000000E+001  0.145310295675593E+004 -0.192216172462494E+002  0.740474503197767E+002 -0.400235813695497E+000  0.436502304651867E+000 -0.107536384819057E+002 -0.726551478377964E+003
  0.100000000000000E+001  0.145307192591265E+004 -0.192322776041883E+002  0.735131070215107E+002 -0.383484283909689E+000  0.428039715618410E+000 -0.107536384819057E+002 -0.726535962956323E+003
  0.100000000000000E+001  0.145306275434358E+004 -0.192556792256786E+002  0.727802485048004E+002 -0.395344013820520E+000  0.398677035019166E+000 -0.107536384819057E+002 -0.726531377171788E+003
  0.100000000000000E+001  0.145303816030829E+004 -0.192465086482591E+002  0.735003243917840E+002 -0.459029326063138E+000  0.517620332031047E+000 -0.107536384819057E+002 -0.726519080154147E+003
  0.100000000000000E+001  0.145303231711760E+004 -0.192231908313113E+002  0.740044075276971E+002 -0.402301046120889E+000  0.449211290903189E+000 -0.107536384819057E+002 -0.726516158558799E+003
  0.100000000000000E+001  0.145302267838050E+004 -0.192530277343913E+002  0.730490415370148E+002 -0.454038950331646E+000  0.569241130059321E+000 -0.107536384819057E+002 -0.726511339190248E+003
  0.100000000000000E+001  0.145302143671228E+004 -0.192539027663475E+002  0.728899296455500E+002 -0.430576550876977E+000  0.507052837759296E+000 -0.107536384819057E+002 -0.726510718356141E+003
  0.100000000000000E+001  0.145301573027551E+004 -0.192454645985186E+002  0.733452024578345E+002 -0.429878667390594E+000  0.553531332593603E+000 -0.107536384819057E+002 -0.726507865137756E+003
  0.100000000000000E+001  0.145301517043939E+004 -0.192696031544931E+002  0.723526814117999E+002 -0.411093435406669E+000  0.460539594866236E+000 -0.107536384819057E+002 -0.726507585219697E+003
  0.100000000000000E+001  0.145299460502563E+004 -0.192565720202642E+002  0.731256705649293E+002 -0.446522673558836E+000  0.492510486350839E+000 -0.107536384819057E+002 -0.726497302512813E+003
  0.100000000000000E+001  0.145297668338495E+004 -0.192483825419781E+002  0.730210882176169E+002 -0.409913347134843E+000  0.528964336091400E+000 -0.107536384819057E+002 -0.726488341692476E+003
  0.100000000000000E+001  0.145296080630969E+004 -0.192316172408078E+002  0.739198666932039E+002 -0.437878419120189E+000  0.468775109894944E+000 -0.107536384819057E+002 -0.726480403154843E+003
  0.100000000000000E+001  0.145291904606100E+004 -0.192629781220689E+002  0.727732095172682E+002 -0.425247213966180E+000  0.512232573333563E+000 -0.107536384819057E+002 -0.726459523030500E+003
  0.100000000000000E+001  0.145282819834376E+004 -0.192355681744395E+002  0.734943539496078E+002 -0.422530129334201E+000  0.549816421170219E+000 -0.107536384819057E+002 -0.726414099171880E+003
  0.100000000000000E+001  0.145272570837059E+004 -0.192572787530852E+002  0.728090317033879E+002 -0.433233474827709E+000  0.552590840583917E+000 -0.107536384819057E+002 -0.726362854185293E+003
  0.100000000000000E+001  0.145271961051399E+004 -0.192495858382999E+002  0.729918830032200E+002 -0.409235550887677E+000  0.518077252194436E+000 -0.107536384819057E+002 -0.726359805256994E+003
  0.100000000000000E+001  0.145260500302144E+004 -0.192340843501103E+002  0.737731955331729E+002 -0.456760217993904E+000  0.555715607169045E+000 -0.107536384819057E+002 -0.726302501510720E+003
  0.100000000000000E+001  0.145259365264753E+004 -0.192599798970454E+002  0.727407287644544E+002 -0.435126178244415E+000  0.540920088789237E+000 -0.107536384819057E+002 -0.726296826323766E+003
  0.100000000000000E+001  0.145256400256283E+004 -0.192646888376048E+002  0.725475460350756E+002 -0.416672806665622E+000  0.476412130348260E+000 -0.107536384819057E+002 -0.726282001281413E+003
  0.100000000000000E+001  0.145255545921340E+004 -0.192556819043274E+002  0.731246012587434E+002 -0.443751702974989E+000  0.506167876518884E+000 -0.107536384819057E+002 -0.726277729606702E+003
  0.100000000000000E+001  0.145252027124392E+004 -0.192446945114291E+002  0.732560899858268E+002 -0.402594399875944E+000  0.459625785879197E+000 -0.107536384819057E+002 -0.726260135621959E+003
  0.100000000000000E+001  0.145247551818920E+004 -0.192401762164360E+002  0.733227292568468E+002 -0.419688173108737E+000  0.528713290596214E+000 -0.107536384819057E+002 -0.726237759094599E+003
  0.100000000000000E+001  0.145247526465060E+004 -0.192242889012256E+002  0.740779195974918E+002 -0.439754110028647E+000  0.546849062773456E+000 -0.107536384819057E+002 -0.726237632325298E+003
  0.100000000000000E+001  0.145242946304738E+004 -0.192537402939849E+002  0.728568410524902E+002 -0.399895110031707E+000  0.445314287927737E+000 -0.107536384819057E+002 -0.726214731523690E+003
  0.100000000000000E+001  0.145242364640932E+004 -0.192520070821073E+002  0.729641268809035E+002 -0.408442162530185E+000  0.436231754441858E+000 -0.107536384819057E+002 -0.726211823204661E+003
  0.100000000000000E+001  0.145239016188258E+004 -0.192338506018951E+002  0.738100730226505E+002 -0.435427517317103E+000  0.485029439235806E+000 -0.107536384819057E+002 -0.726195080941290E+003
  0.100000000000000E+001  0.145238901644024E+004 -0.192513844107089E+002  0.729462132373256E+002 -0.413031520789006E+000  0.510578693267057E+000 -0.107536384819057E+002 -0.726194508220119E+003
  0.100000000000000E+001  0.145238850392914E+004 -0.192477456648208E+002  0.732654322850022E+002 -0.451151272428337E+000  0.549652099225223E+000 -0.107536384819057E+002 -0.726194251964568E+003
  0.100000000000000E+001  0.145234421431483E+004 -0.192568123606297E+002  0.730591299222331E+002 -0.449192107746431E+000  0.526274380595312E+000 -0.107536384819057E+002 -0.726172107157417E+003
  0.100000000000000E+001  0.145232428804703E+004 -0.192470224726316E+002  0.732100056616809E+002 -0.413811666340862E+000  0.435692938669935E+000 -0.107536384819057E+002 -0.726162144023513E+003
  0.100000000000000E+001  0.145229750979372E+004 -0.192300378834050E+002  0.738053114669613E+002 -0.414008091373877E+000  0.458050929295518E+000 -0.107536384819057E+002 -0.726148754896859E+003
  0.100000000000000E+001  0.145221126497558E+004 -0.192557159863771E+002  0.730074933570816E+002 -0.441571177126138E+000  0.551171293359602E+000 -0.107536384819057E+002 -0.726105632487790E+003
  0.100000000000000E+001  0.145220794816145E+004 -0.192574084806238E+002  0.729096920295814E+002 -0.428301383200762E+000  0.523203658012043E+000 -0.107536384819057E+002 -0.726103974080724E+003
  0.100000000000000E+001  0.145220782766176E+004 -0.192365907137114E+002  0.734447034386310E+002 -0.404177576730562E+000  0.458630898510374E+000 -0.107536384819057E+002 -0.726103913830878E+003
  0.100000000000000E+001  0.145217478298831E+004 -0.192420663918199E+002  0.734483510053600E+002 -0.424701786059976E+000  0.510745392570142E+000 -0.107536384819057E+002 -0.726087391494156E+003
  0.100000000000000E+001  0.145215862197352E+004 -0.192291198875434E+002  0.738558396206126E+002 -0.424868713599224E+000  0.476941378611718E+000 -0.107536384819057E+002 -0.726079310986758E+003
  0.100000000000000E+001  0.145211659370956E+004 -0.192443321797045E+002  0.734521572147426E+002 -0.451157854440296E+000  0.552875438761433E+000 -0.107536384819057E+002 -0.726058296854778E+003
  0.100000000000000E+001  0.145205186760694E+004 -0.192340845459053E+002  0.737093056348362E+002 -0.435072264386897E+000  0.537981307491098E+000 -0.107536384819057E+002 -0.726025933803470E+003
  0.100000000000000E+001  0.145204224231769E+004 -0.192430664801474E+002  0.733830814567765E+002 -0.435570881773270E+000  0.502170521132761E+000 -0.107536384819057E+002 -0.726021121158843E+003
  0.100000000000000E+001  0.145202944190601E+004 -0.192439646796933E+002  0.733441887081551E+002 -0.433851450129289E+000  0.543454634401446E+000 -0.107536384819057E+002 -0.726014720953004E+003
  0.100000000000000E+001  0.145200698506575E+004 -0.192490141311077E+002  0.732642215145809E+002 -0.441268554405969E+000  0.537838707859888E+000 -0.107536384819057E+002 -0.726003492532873E+003
