  0.124859322324480E+000  0.147453972458360E+004 -0.192572957339209E+002  0.735205465140709E+002 -0.511531672775904E+000  0.482430705943462E+000 -0.318472511437006E+001 -0.144425179360197E+002 -0.737269862291802E+003
  0.124859322324480E+000  0.147671187054577E+004 -0.192804232011594E+002  0.726321002212898E+002 -0.471328358763938E+000  0.489208230970033E+000 -0.855861308396671E+000 -0.144425179360197E+002 -0.738881067525139E+003
  0.124859322324480E+000  0.147473402912325E+004 -0.192410847918612E+002  0.739990476288000E+002 -0.513131513558051E+000  0.533846716129473E+000 -0.247559750606687E+001 -0.144425179360197E+002 -0.737367014561625E+003
  0.124859322324480E+000  0.147536479961900E+004 -0.191914348968939E+002  0.752578330877494E+002 -0.412142964349021E+000  0.231055268694612E+000 -0.263247077077146E+001 -0.144425179360197E+002 -0.737682399809500E+003
  0.124859322324480E+000  0.147740372869848E+004 -0.192950091595596E+002  0.720984597085632E+002 -0.556692512186614E+000  0.101436743599016E+001 -0.203604450320703E+001 -0.144425179360197E+002 -0.739226996601494E+003
  0.124859322324480E+000  0.147355400226097E+004 -0.192207835915593E+002  0.743678086675497E+002 -0.435710077444635E+000  0.280222103553265E+000 -0.231742000433255E+001 -0.144425179360197E+002 -0.736777001130484E+003
  0.124859322324480E+000  0.147354036900320E+004 -0.192745435301701E+002  0.728120003813788E+002 -0.493163870153035E+000  0.587526080488355E+000 -0.318555315747023E+001 -0.144425179360197E+002 -0.736770184501599E+003
  0.124859322324480E+000  0.147349368682374E+004 -0.192741201676816E+002  0.721797531664911E+002 -0.393830056081607E+000  0.111234159112366E+000 -0.285793257979608E+001 -0.144425179360197E+002 -0.736746843411870E+003
  0.124859322324480E+000  0.147335411871495E+004 -0.192589898750351E+002  0.727136627309718E+002 -0.456149566753052E+000  0.486756985117943E+000 -0.311621796136711E+001 -0.144425179360197E+002 -0.736677059357473E+003
  0.124859322324480E+000  0.147331204574142E+004 -0.192557940243316E+002  0.725957418241044E+002 -0.334052368734316E+000  0.100105750852103E+000 -0.248996855054557E+001 -0.144425179360197E+002 -0.736656022870710E+003
  0.124859322324480E+000  0.147258340687498E+004 -0.192537442292106E+002  0.726904720162591E+002 -0.347331538557512E+000  0.184320676567873E+000 -0.282184960560674E+001 -0.144425179360197E+002 -0.736291703437489E+003
  0.124859322324480E+000  0.147240861376696E+004 -0.192495250961941E+002  0.731900495941383E+002 -0.467042480154228E+000  0.413652989816172E+000 -0.351206383863570E+001 -0.144425179360197E+002 -0.736204306883482E+003
  0.124859322324480E+000  0.147240307661949E+004 -0.192465288618799E+002  0.728377427356186E+002 -0.380418821297608E+000  0.289187864449422E+000 -0.281045179972359E+001 -0.144425179360197E+002 -0.736201538309746E+003
  0.124859322324480E+000  0.147224079893361E+004 -0.192583333486176E+002  0.727084555112057E+002 -0.403863257715003E+000  0.477957166762446E+000 -0.272131538600043E+001 -0.144425179360197E+002 -0.736120399466807E+003
  0.124859322324480E+000  0.147222610841951E+004 -0.192758591593139E+002  0.722595936025387E+002 -0.398409093373554E+000  0.384178575490762E+000 -0.261606001340267E+001 -0.144425179360197E+002 -0.736113054209754E+003
  0.124859322324480E+000  0.147147440197889E+004 -0.192755327426099E+002  0.721894328713905E+002 -0.385681521110482E+000  0.210195329153952E+000 -0.237203903668313E+001 -0.144425179360197E+002 -0.735737200989447E+003
  0.124859322324480E+000  0.147101659015019E+004 -0.192488154906518E+002  0.731876401405567E+002 -0.388430397065001E+000  0.197082827311801E+000 -0.276919897740588E+001 -0.144425179360197E+002 -0.735508295075096E+003
  0.124859322324480E+000  0.147068770619812E+004 -0.192558766631619E+002  0.727371622752064E+002 -0.403790377172000E+000  0.274871920996862E+000 -0.270285098156015E+001 -0.144425179360197E+002 -0.735343853099059E+003
  0.124859322324480E+000  0.147063966185243E+004 -0.192198024827106E+002  0.741234603258195E+002 -0.413278069061914E+000  0.294136276066147E+000 -0.326318602301455E+001 -0.144425179360197E+002 -0.735319830926215E+003
  0.124859322324480E+000  0.147042319559959E+004 -0.192516057940896E+002  0.730192261778991E+002 -0.406312194804509E+000  0.264141723831131E+000 -0.233406759952802E+001 -0.144425179360197E+002 -0.735211597799794E+003
