 -0.192528148401392E+002  0.731698419454570E+002 -0.494695988638921E+000  0.130542630445205E+001  0.460560163015372E+001  0.364452730016561E+002 -0.191429983018121E+002 -0.734478813993519E+003 -0.734478813993519E+003
 -0.192534223225988E+002  0.732033630318561E+002 -0.520950680717495E+000  0.167973166689859E+001  0.874144818154555E+001  0.831185959793049E+002 -0.191429983018121E+002 -0.734506522236168E+003 -0.734506522236168E+003
 -0.192520423803226E+002  0.731895545016276E+002 -0.515203337883519E+000  0.168221240014956E+001  0.816067852360278E+001  0.715987832062031E+002 -0.191429983018121E+002 -0.734523014430975E+003 -0.734523014430975E+003
 -0.192533862367151E+002  0.730224440181089E+002 -0.454784753003450E+000  0.875372301797422E+000  0.551064899969308E+000  0.437156878497611E+001 -0.191429983018121E+002 -0.734485197847489E+003 -0.734485197847489E+003
 -0.192583612387361E+002  0.729762613259623E+002 -0.494289012916744E+000  0.131761480855918E+001  0.424902297062547E+001  0.292021011734174E+002 -0.191429983018121E+002 -0.734472785001097E+003 -0.734472785001097E+003
 -0.192520113756486E+002  0.731898822654717E+002 -0.496727478225556E+000  0.146766072931735E+001  0.707883459496380E+001  0.673861761358786E+002 -0.191429983018121E+002 -0.734528348946527E+003 -0.734528348946527E+003
 -0.192572078120176E+002  0.731104275613520E+002 -0.512352682611399E+000  0.158564718175193E+001  0.883239591959970E+001  0.908395300514879E+002 -0.191429983018121E+002 -0.734522661461572E+003 -0.734522661461572E+003
 -0.192678758870830E+002  0.725912939007783E+002 -0.472739022321997E+000  0.959295983729911E+000  0.463377015152137E+000  0.369908846446112E+001 -0.191429983018121E+002 -0.734531463239442E+003 -0.734531463239442E+003
 -0.192481417635482E+002  0.733646992945781E+002 -0.502413560483194E+000  0.145627966357927E+001  0.631120374830451E+001  0.545680206795974E+002 -0.191429983018121E+002 -0.734509386946684E+003 -0.734509386946684E+003
 -0.192536569900029E+002  0.732133760805067E+002 -0.518111721900565E+000  0.153342192382414E+001  0.614953936938443E+001  0.468474223848148E+002 -0.191429983018121E+002 -0.734496326415259E+003 -0.734496326415259E+003
 -0.192600733831030E+002  0.728471157957614E+002 -0.448295026274987E+000  0.787292102303660E+000  0.580761798675383E+000  0.496860247393591E+001 -0.191429983018121E+002 -0.734525507718841E+003 -0.734525507718841E+003
 -0.192523936436827E+002  0.732176009998871E+002 -0.529178046316214E+000  0.180033138263279E+001  0.857785821477031E+001  0.730909114612797E+002 -0.191429983018121E+002 -0.734538793322463E+003 -0.734538793322463E+003
 -0.192651046273784E+002  0.729138801381969E+002 -0.527083190211868E+000  0.127706293564216E+001  0.121029993109360E+001  0.606363297703091E+001 -0.191429983018121E+002 -0.734520824807567E+003 -0.734520824807567E+003
 -0.192448147078998E+002  0.733582182353216E+002 -0.473878126797986E+000  0.101139164482337E+001  0.103725701530070E+001  0.614358833269032E+001 -0.191429983018121E+002 -0.734488058261696E+003 -0.734488058261696E+003
 -0.192589390294118E+002  0.730142799079092E+002 -0.510192599077616E+000  0.134236739567715E+001  0.306381465709515E+001  0.163528582978842E+002 -0.191429983018121E+002 -0.734459249859219E+003 -0.734459249859219E+003
 -0.192617530651949E+002  0.729433395749207E+002 -0.510034608911816E+000  0.150772369719520E+001  0.724047100827346E+001  0.664198429362156E+002 -0.191429983018121E+002 -0.734522030154939E+003 -0.734522030154939E+003
 -0.192516335399029E+002  0.732498901055547E+002 -0.507942474858254E+000  0.126205596102391E+001  0.163557497636674E+001  0.714763250065364E+001 -0.191429983018121E+002 -0.734495187821751E+003 -0.734495187821751E+003
 -0.192537886376327E+002  0.731939506309464E+002 -0.518912798373421E+000  0.136633211852784E+001  0.192652526608187E+001  0.974619455078145E+001 -0.191429983018121E+002 -0.734463027781407E+003 -0.734463027781407E+003
 -0.192456823929382E+002  0.735143713287017E+002 -0.517719792348533E+000  0.119583126036548E+001  0.472527040821756E+000  0.420523694194725E+001 -0.191429983018121E+002 -0.734467191535968E+003 -0.734467191535968E+003
 -0.192643108452187E+002  0.728770880939525E+002 -0.506169976368845E+000  0.133011251459844E+001  0.445386898079984E+001  0.329418457937947E+002 -0.191429983018121E+002 -0.734529641376057E+003 -0.734529641376057E+003
 -0.192681723501030E+002  0.728064285458257E+002 -0.516386154097996E+000  0.117277543570987E+001  0.105056343918738E+001  0.629880835307874E+001 -0.191429983018121E+002 -0.734516404641785E+003 -0.734516404641785E+003
 -0.192606850260616E+002  0.730018959190912E+002 -0.506797394535337E+000  0.119684665567967E+001  0.260701945044723E+001  0.158262280136665E+002 -0.191429983018121E+002 -0.734513238078751E+003 -0.734513238078751E+003
 -0.192552827137250E+002  0.731120461521372E+002 -0.501186747799926E+000  0.143698305714010E+001  0.559947129689750E+001  0.434249036136117E+002 -0.191429983018121E+002 -0.734456954739567E+003 -0.734456954739567E+003
 -0.192606070797737E+002  0.729889349114693E+002 -0.509092125154386E+000  0.149325768859965E+001  0.718710692070770E+001  0.673101015445856E+002 -0.191429983018121E+002 -0.734520130576827E+003 -0.734520130576827E+003
 -0.192503047743196E+002  0.732535078247726E+002 -0.490920577379838E+000  0.136895141599034E+001  0.513772867004062E+001  0.397486983788711E+002 -0.191429983018121E+002 -0.734516500983285E+003 -0.734516500983285E+003
 -0.192585731072810E+002  0.730835314549518E+002 -0.545694559574928E+000  0.184524862072220E+001  0.773129813519001E+001  0.587014473737930E+002 -0.191429983018121E+002 -0.734526860456918E+003 -0.734526860456918E+003
 -0.192584539545724E+002  0.730942287913163E+002 -0.519303882177534E+000  0.144689786406978E+001  0.346949393008769E+001  0.199498104966042E+002 -0.191429983018121E+002 -0.734522133722214E+003 -0.734522133722214E+003
 -0.192523061945224E+002  0.732743866090503E+002 -0.525750264845434E+000  0.131625183274629E+001  0.839255567573399E+000  0.551570317299754E+001 -0.191429983018121E+002 -0.734479566064803E+003 -0.734479566064803E+003
 -0.192647848543817E+002  0.728501491753433E+002 -0.529252711722399E+000  0.157712727338478E+001  0.510906739904063E+001  0.343200686122228E+002 -0.191429983018121E+002 -0.734540849454232E+003 -0.734540849454232E+003
 -0.192489706468674E+002  0.733634393703859E+002 -0.522112479305950E+000  0.146824399804886E+001  0.428076864810831E+001  0.263043402140416E+002 -0.191429983018121E+002 -0.734507592044320E+003 -0.734507592044320E+003
 -0.192535852405299E+002  0.730209346357173E+002 -0.456497606694764E+000  0.908655343421287E+000  0.919952201321333E+000  0.556674983020400E+001 -0.191429983018121E+002 -0.734504092262790E+003 -0.734504092262790E+003
 -0.192541072793531E+002  0.731489165505327E+002 -0.490954786795656E+000  0.953368512063073E+000 -0.372637157795708E+000  0.352350802753179E+001 -0.191429983018121E+002 -0.734353987068966E+003 -0.734353987068966E+003
 -0.192505055403939E+002  0.732375525345346E+002 -0.468601369466398E+000  0.873145363197960E+000  0.827115446491149E+000  0.514600670639033E+001 -0.191429983018121E+002 -0.734521621620622E+003 -0.734521621620622E+003
 -0.192685661965215E+002  0.727899212668526E+002 -0.513119361840774E+000  0.114448393795884E+001  0.982000267524313E+000  0.582866905648493E+001 -0.191429983018121E+002 -0.734513580657972E+003 -0.734513580657972E+003
 -0.192523288077964E+002  0.732410514605657E+002 -0.517030549461886E+000  0.160067182176730E+001  0.658427203303006E+001  0.524298066999697E+002 -0.191429983018121E+002 -0.734506205710090E+003 -0.734506205710090E+003
 -0.192563329266499E+002  0.731896918091224E+002 -0.551442019564039E+000  0.191991681851842E+001  0.829916761327956E+001  0.637241561091280E+002 -0.191429983018121E+002 -0.734524474440930E+003 -0.734524474440930E+003
 -0.192456313498713E+002  0.735358435054258E+002 -0.532590130494822E+000  0.173961007150342E+001  0.776729409829411E+001  0.621374843333423E+002 -0.191429983018121E+002 -0.734534559747002E+003 -0.734534559747002E+003
 -0.192676516518739E+002  0.727575425374540E+002 -0.511869844875531E+000  0.139482221887112E+001  0.384288790224394E+001  0.234929396725037E+002 -0.191429983018121E+002 -0.734530154443369E+003 -0.734530154443369E+003
 -0.192538972208146E+002  0.732617964086886E+002 -0.545902644967931E+000  0.199307467403624E+001  0.109576900556143E+002  0.999924438725750E+002 -0.191429983018121E+002 -0.734535074606342E+003 -0.734535074606342E+003
 -0.192642908574126E+002  0.727714172054628E+002 -0.489597180433906E+000  0.973404381101155E+000 -0.236012967060574E+000  0.370526306783267E+001 -0.191429983018121E+002 -0.734392122450219E+003 -0.734392122450219E+003
 -0.192554173150797E+002  0.731995811002538E+002 -0.549313908475988E+000  0.198121330031151E+001  0.990637245044618E+001  0.833600381016650E+002 -0.191429983018121E+002 -0.734535574633068E+003 -0.734535574633068E+003
 -0.192476712050363E+002  0.734200355380467E+002 -0.510030660915120E+000  0.132902142172519E+001  0.360988972308920E+001  0.223591553823062E+002 -0.191429983018121E+002 -0.734469925142095E+003 -0.734469925142095E+003
 -0.192587800994145E+002  0.730335992867652E+002 -0.506316210218548E+000  0.121454629195602E+001  0.108706193711594E+001  0.655785914378558E+001 -0.191429983018121E+002 -0.734490505482501E+003 -0.734490505482501E+003
 -0.192588481227177E+002  0.730020956939782E+002 -0.498042993784093E+000  0.133914189766599E+001  0.395390268777791E+001  0.269595444880872E+002 -0.191429983018121E+002 -0.734514299704961E+003 -0.734514299704961E+003
 -0.192564803846844E+002  0.730523486723280E+002 -0.507873324968420E+000  0.157322045829594E+001  0.698053801883426E+001  0.579603121176236E+002 -0.191429983018121E+002 -0.734478297476167E+003 -0.734478297476167E+003
 -0.192507838688212E+002  0.732355948091935E+002 -0.507338112249320E+000  0.158393462165524E+001  0.742423115891250E+001  0.640166922936211E+002 -0.191429983018121E+002 -0.734495282994059E+003 -0.734495282994059E+003
 -0.192608341128709E+002  0.728764486363150E+002 -0.488751628178069E+000  0.142960580470118E+001  0.744522492927862E+001  0.753024978135302E+002 -0.191429983018121E+002 -0.734534222236229E+003 -0.734534222236229E+003
 -0.192669461405063E+002  0.728156426001075E+002 -0.512968799029903E+000  0.114762387048010E+001  0.979274079343568E+000  0.619213385559355E+001 -0.191429983018121E+002 -0.734491327359819E+003 -0.734491327359819E+003
 -0.192520509951048E+002  0.732999504862802E+002 -0.511589074070411E+000  0.117069124716184E+001  0.515749700373661E+000  0.473343435377093E+001 -0.191429983018121E+002 -0.734407008735845E+003 -0.734407008735845E+003
 -0.192549701901528E+002  0.732168413017580E+002 -0.513361416399051E+000  0.143050005437582E+001  0.436127611355420E+001  0.270687753698326E+002 -0.191429983018121E+002 -0.734541174293651E+003 -0.734541174293651E+003
 -0.192612014363154E+002  0.729269319583061E+002 -0.503445286529991E+000  0.134648338454357E+001  0.304503527999568E+001  0.161569059078998E+002 -0.191429983018121E+002 -0.734494825209153E+003 -0.734494825209153E+003
 -0.192405156636188E+002  0.735953912686505E+002 -0.490943055918150E+000  0.104038776527620E+001  0.486410113760542E+000  0.419920193167937E+001 -0.191429983018121E+002 -0.734455884601711E+003 -0.734455884601711E+003
 -0.192546949334303E+002  0.731585162034326E+002 -0.520266278195335E+000  0.138154554514540E+001  0.205716919221074E+001  0.997222929432972E+001 -0.191429983018121E+002 -0.734439638221925E+003 -0.734439638221925E+003
 -0.192681474586201E+002  0.728080735281473E+002 -0.514816240732056E+000  0.116653471771166E+001  0.110627582654427E+001  0.658941128050207E+001 -0.191429983018121E+002 -0.734532153456430E+003 -0.734532153456430E+003
 -0.192566533222556E+002  0.731203937191265E+002 -0.524959056230617E+000  0.132479093039939E+001  0.937106996845433E+000  0.527030343811379E+001 -0.191429983018121E+002 -0.734530577860933E+003 -0.734530577860933E+003
 -0.192595811812348E+002  0.730394087345916E+002 -0.510549859765019E+000  0.118561527384153E+001  0.198565019200053E+001  0.109829396727419E+002 -0.191429983018121E+002 -0.734488656136452E+003 -0.734488656136452E+003
 -0.192524240954127E+002  0.732915764466850E+002 -0.541014341597376E+000  0.162418890472467E+001  0.476262713862003E+001  0.283537362070550E+002 -0.191429983018121E+002 -0.734539286468426E+003 -0.734539286468426E+003
 -0.192510360210256E+002  0.732959964547968E+002 -0.493774881605382E+000  0.128008583690551E+001  0.452824936617488E+001  0.347407797052584E+002 -0.191429983018121E+002 -0.734517988054342E+003 -0.734517988054342E+003
 -0.192554243635592E+002  0.731401953827134E+002 -0.506684381165859E+000  0.139070258261275E+001  0.306000668995704E+001  0.162393268770302E+002 -0.191429983018121E+002 -0.734539974121541E+003 -0.734539974121541E+003
 -0.192540777889038E+002  0.732279150608329E+002 -0.528895546549891E+000  0.158814364408073E+001  0.574177393886611E+001  0.401989741008329E+002 -0.191429983018121E+002 -0.734472337842457E+003 -0.734472337842457E+003
 -0.192515353914597E+002  0.733263617048979E+002 -0.540804300354744E+000  0.185606200711308E+001  0.874662546452168E+001  0.710352772917486E+002 -0.191429983018121E+002 -0.734516767304551E+003 -0.734516767304551E+003
 -0.192553482988330E+002  0.731862654065328E+002 -0.528845250089964E+000  0.157278640862097E+001  0.476305879346326E+001  0.284155909940278E+002 -0.191429983018121E+002 -0.734476455594995E+003 -0.734476455594995E+003
 -0.192522270079732E+002  0.732530110531260E+002 -0.496182547774116E+000  0.130478491600416E+001  0.470107888373946E+001  0.368336688695718E+002 -0.191429983018121E+002 -0.734489243099032E+003 -0.734489243099032E+003
 -0.192553120595666E+002  0.730574683710316E+002 -0.489243986359042E+000  0.134334379433891E+001  0.496834415589754E+001  0.391732448802103E+002 -0.191429983018121E+002 -0.734490759904367E+003 -0.734490759904367E+003
 -0.192493765851489E+002  0.733727746990056E+002 -0.515558237209700E+000  0.136802386908040E+001  0.295312020709528E+001  0.169997031992556E+002 -0.191429983018121E+002 -0.734498922329016E+003 -0.734498922329016E+003
 -0.192494505388739E+002  0.732997303794918E+002 -0.475764380985231E+000  0.100911472800437E+001  0.201605458477829E+001  0.138830019986848E+002 -0.191429983018121E+002 -0.734489036518529E+003 -0.734489036518529E+003
 -0.192479847677573E+002  0.734597093196092E+002 -0.533624445945738E+000  0.158493860234448E+001  0.535414575095108E+001  0.358050557142266E+002 -0.191429983018121E+002 -0.734512999802402E+003 -0.734512999802402E+003
 -0.192588594494700E+002  0.730574925031839E+002 -0.529317544777871E+000  0.169353753868161E+001  0.703491979988152E+001  0.538812996251745E+002 -0.191429983018121E+002 -0.734469435503686E+003 -0.734469435503686E+003
 -0.192605641976234E+002  0.729731050469344E+002 -0.509958470593500E+000  0.131503774366682E+001  0.249953306414042E+001  0.134518974776644E+002 -0.191429983018121E+002 -0.734415925476226E+003 -0.734415925476226E+003
 -0.192621221499950E+002  0.729010778669572E+002 -0.517203926058939E+000  0.157817109262093E+001  0.618427201026464E+001  0.457866756498261E+002 -0.191429983018121E+002 -0.734497145700750E+003 -0.734497145700750E+003
 -0.192627191612230E+002  0.729852205615901E+002 -0.537147122755006E+000  0.143264358362395E+001  0.209369676677658E+001  0.103444285927369E+002 -0.191429983018121E+002 -0.734483382727420E+003 -0.734483382727420E+003
 -0.192468620982268E+002  0.734126315690842E+002 -0.514051896181724E+000  0.150643051996718E+001  0.589543476780219E+001  0.448694129006353E+002 -0.191429983018121E+002 -0.734509333891319E+003 -0.734509333891319E+003
 -0.192545986668495E+002  0.732080693013666E+002 -0.537187597118221E+000  0.158031193180137E+001  0.436250023162103E+001  0.252880361460819E+002 -0.191429983018121E+002 -0.734512986240164E+003 -0.734512986240164E+003
 -0.192682169729902E+002  0.727039826002875E+002 -0.510139750112021E+000  0.133264578090038E+001  0.316089036499219E+001  0.189798943055768E+002 -0.191429983018121E+002 -0.734523461765861E+003 -0.734523461765861E+003
 -0.192563256963419E+002  0.731490114446401E+002 -0.532733841662080E+000  0.139260510207451E+001  0.120159627902665E+001  0.666050581719079E+001 -0.191429983018121E+002 -0.734515161246519E+003 -0.734515161246519E+003
 -0.192543979190973E+002  0.732641852207027E+002 -0.513195514358685E+000  0.129578334039867E+001  0.288019582512004E+001  0.163332163150144E+002 -0.191429983018121E+002 -0.734484224581987E+003 -0.734484224581987E+003
 -0.192509700416544E+002  0.732537567238404E+002 -0.521035426337595E+000  0.166423317893985E+001  0.665090566007055E+001  0.485280796228320E+002 -0.191429983018121E+002 -0.734510255703292E+003 -0.734510255703292E+003
 -0.192589458404024E+002  0.729995412762868E+002 -0.498335814005171E+000  0.122765160907188E+001  0.194487950330954E+001  0.951436098818631E+001 -0.191429983018121E+002 -0.734430517350970E+003 -0.734430517350970E+003
 -0.192539956877147E+002  0.731911744984290E+002 -0.527443450460327E+000  0.144436543041583E+001  0.213272926943559E+001  0.955281168377383E+001 -0.191429983018121E+002 -0.734524259084630E+003 -0.734524259084630E+003
 -0.192472590162537E+002  0.734263787421323E+002 -0.534631393259521E+000  0.190344654434940E+001  0.100879708250726E+002  0.912364086067898E+002 -0.191429983018121E+002 -0.734534738655416E+003 -0.734534738655416E+003
 -0.192700566567184E+002  0.727342386716491E+002 -0.516815853980298E+000  0.113984310908078E+001  0.626313623554825E+000  0.465647235790574E+001 -0.191429983018121E+002 -0.734524053970431E+003 -0.734524053970431E+003
 -0.192507134272032E+002  0.733244323391678E+002 -0.532443875143411E+000  0.169530511706879E+001  0.587939087935260E+001  0.372086520276395E+002 -0.191429983018121E+002 -0.734537751770461E+003 -0.734537751770461E+003
 -0.192538317870722E+002  0.732816688325811E+002 -0.518675362261288E+000  0.128223602594164E+001  0.144061317980896E+001  0.708051722728092E+001 -0.191429983018121E+002 -0.734451739929301E+003 -0.734451739929301E+003
 -0.192535316935903E+002  0.733138967418733E+002 -0.539842795511387E+000  0.175652172065194E+001  0.726922815068955E+001  0.550677807501241E+002 -0.191429983018121E+002 -0.734523998235225E+003 -0.734523998235225E+003
 -0.192675529244005E+002  0.728516372846236E+002 -0.527267744283459E+000  0.124088921359738E+001  0.963697016775164E+000  0.551206707761351E+001 -0.191429983018121E+002 -0.734537296079775E+003 -0.734537296079775E+003
 -0.192592804580589E+002  0.729754898128486E+002 -0.498840487237106E+000  0.135291934801200E+001  0.379405469342543E+001  0.248661520885042E+002 -0.191429983018121E+002 -0.734525875230809E+003 -0.734525875230809E+003
 -0.192549866264059E+002  0.730565325185035E+002 -0.477165835063246E+000  0.122799632502964E+001  0.402131609599554E+001  0.299396974559039E+002 -0.191429983018121E+002 -0.734536966142119E+003 -0.734536966142119E+003
 -0.192483839761950E+002  0.734091354634692E+002 -0.534652861168202E+000  0.181277371319202E+001  0.882793067018633E+001  0.766052963184461E+002 -0.191429983018121E+002 -0.734527308301798E+003 -0.734527308301798E+003
 -0.192639311666355E+002  0.728631597315111E+002 -0.510351095638103E+000  0.132986961423691E+001  0.374053305491426E+001  0.241336941276789E+002 -0.191429983018121E+002 -0.734507642602934E+003 -0.734507642602934E+003
 -0.192492320808874E+002  0.732622645680699E+002 -0.484878057162399E+000  0.139630476365291E+001  0.825072004541103E+001  0.947151651556843E+002 -0.191429983018121E+002 -0.734539697951310E+003 -0.734539697951310E+003
 -0.192530919301390E+002  0.731015609736045E+002 -0.489647143235217E+000  0.128028368637691E+001  0.403665211588998E+001  0.283356074919456E+002 -0.191429983018121E+002 -0.734508821776812E+003 -0.734508821776812E+003
 -0.192532356665240E+002  0.731522011496739E+002 -0.479143847078209E+000  0.119557085054771E+001  0.364531077915348E+001  0.261616530245774E+002 -0.191429983018121E+002 -0.734527410837136E+003 -0.734527410837136E+003
 -0.192471425680583E+002  0.732899043533285E+002 -0.471600107067921E+000  0.898779648038205E+000  0.194307062292435E+000  0.339586218431882E+001 -0.191429983018121E+002 -0.734412123813130E+003 -0.734412123813130E+003
 -0.192653159874958E+002  0.727717293284918E+002 -0.512661254639488E+000  0.126692682546827E+001  0.123027873318723E+001  0.664760404236526E+001 -0.191429983018121E+002 -0.734505113563075E+003 -0.734505113563075E+003
 -0.192543205059967E+002  0.731459842579105E+002 -0.497315876525266E+000  0.134967710015397E+001  0.416916858262356E+001  0.268715748550236E+002 -0.191429983018121E+002 -0.734487456019706E+003 -0.734487456019706E+003
 -0.192622426493848E+002  0.728817350072664E+002 -0.490737490858079E+000  0.125263255531557E+001  0.313367471030191E+001  0.186682587548582E+002 -0.191429983018121E+002 -0.734533558037239E+003 -0.734533558037239E+003
 -0.192466034948895E+002  0.732948272617567E+002 -0.472891581875669E+000  0.953607686380443E+000  0.492587463046270E+000  0.390629472476058E+001 -0.191429983018121E+002 -0.734454051430804E+003 -0.734454051430804E+003
 -0.192497302391344E+002  0.733333235317910E+002 -0.510124049959965E+000  0.159491244555785E+001  0.753231636069964E+001  0.660001951483700E+002 -0.191429983018121E+002 -0.734519340541054E+003 -0.734519340541054E+003
 -0.192597469489657E+002  0.731071578915796E+002 -0.543775484849049E+000  0.177371281464459E+001  0.782715059598654E+001  0.631141169092950E+002 -0.191429983018121E+002 -0.734539971827411E+003 -0.734539971827411E+003
 -0.192590754766082E+002  0.731155526196133E+002 -0.510599272607890E+000  0.117920196650169E+001  0.165556418785839E+001  0.901049326758469E+001 -0.191429983018121E+002 -0.734481729051539E+003 -0.734481729051539E+003
 -0.192588311996824E+002  0.730142477911546E+002 -0.506957895485358E+000  0.152177145800631E+001  0.656154388198758E+001  0.550745648510215E+002 -0.191429983018121E+002 -0.734499759507772E+003 -0.734499759507772E+003
 -0.192484580507601E+002  0.733279091402536E+002 -0.502421932226853E+000  0.151482350234190E+001  0.734768509769196E+001  0.690899939785952E+002 -0.191429983018121E+002 -0.734538661695617E+003 -0.734538661695617E+003
 -0.192563271625909E+002  0.731742740671034E+002 -0.531943967517730E+000  0.131913086503018E+001  0.118150870558053E+001  0.677104595159750E+001 -0.191429983018121E+002 -0.734464579444004E+003 -0.734464579444004E+003
 -0.192643254623780E+002  0.727918971938750E+002 -0.497059333576216E+000  0.136079209653196E+001  0.522840074521406E+001  0.412508109812864E+002 -0.191429983018121E+002 -0.734526024232722E+003 -0.734526024232722E+003
 -0.192486003423270E+002  0.733266171239579E+002 -0.501486503280747E+000  0.114964898453143E+001  0.145608200868789E+001  0.723807122423472E+001 -0.191429983018121E+002 -0.734501002392897E+003 -0.734501002392897E+003
 -0.192532657137172E+002  0.732640372107422E+002 -0.519637396216104E+000  0.123322972029105E+001  0.940524990214463E+000  0.506849051292062E+001 -0.191429983018121E+002 -0.734439403953620E+003 -0.734439403953620E+003
 -0.192581425373209E+002  0.731408208803661E+002 -0.521844099600795E+000  0.141105691599397E+001  0.401082095688059E+001  0.248327215409254E+002 -0.191429983018121E+002 -0.734499307898542E+003 -0.734499307898542E+003
 -0.192511173684855E+002  0.732471494572361E+002 -0.502432434132443E+000  0.138469263335121E+001  0.371852888693307E+001  0.213063469557000E+002 -0.191429983018121E+002 -0.734484898112329E+003 -0.734484898112329E+003
 -0.192514720463644E+002  0.731876702406351E+002 -0.474947406637539E+000  0.942375842497452E+000  0.945953367879039E+000  0.560822711211838E+001 -0.191429983018121E+002 -0.734442779683513E+003 -0.734442779683513E+003
 -0.192681845169488E+002  0.728081217207263E+002 -0.519995080581982E+000  0.115903233759028E+001  0.583878784068197E+000  0.452532300169295E+001 -0.191429983018121E+002 -0.734509401458394E+003 -0.734509401458394E+003
 -0.192583135280563E+002  0.731651826300097E+002 -0.529083636656212E+000  0.150330200068566E+001  0.454939429574122E+001  0.291840151169221E+002 -0.191429983018121E+002 -0.734532846739980E+003 -0.734532846739980E+003
 -0.192597769752256E+002  0.729266832300406E+002 -0.471125869378425E+000  0.101169249539677E+001  0.277509416150777E+001  0.230653814508045E+002 -0.191429983018121E+002 -0.734528110034284E+003 -0.734528110034284E+003
 -0.192493174483181E+002  0.732767804689560E+002 -0.495105267099064E+000  0.135257927765738E+001  0.466080746955701E+001  0.344645248530675E+002 -0.191429983018121E+002 -0.734470859678453E+003 -0.734470859678453E+003
 -0.192495887814637E+002  0.733189796899472E+002 -0.521797969699836E+000  0.147268955796354E+001  0.403349032563282E+001  0.239565527000569E+002 -0.191429983018121E+002 -0.734514915328976E+003 -0.734514915328976E+003
 -0.192671674920390E+002  0.728218157017576E+002 -0.515795898977226E+000  0.113991777697529E+001  0.724524916347519E+000  0.540187915685227E+001 -0.191429983018121E+002 -0.734500190172153E+003 -0.734500190172153E+003
 -0.192608187502842E+002  0.728072355694533E+002 -0.456073569043937E+000  0.829152273961285E+000  0.637870094664564E+000  0.473223614395707E+001 -0.191429983018121E+002 -0.734500748292321E+003 -0.734500748292321E+003
 -0.192469474984704E+002  0.734327371964986E+002 -0.494314569959340E+000  0.116900661770301E+001  0.302498094712185E+001  0.195643561459311E+002 -0.191429983018121E+002 -0.734525929665283E+003 -0.734525929665283E+003
 -0.192462454938633E+002  0.734920778218260E+002 -0.515616703746926E+000  0.118805833668257E+001  0.540278093027077E+000  0.511251176888408E+001 -0.191429983018121E+002 -0.734513351040680E+003 -0.734513351040680E+003
 -0.192564630938757E+002  0.732006438063140E+002 -0.546239841425371E+000  0.182268523953433E+001  0.735882769881003E+001  0.535902099660041E+002 -0.191429983018121E+002 -0.734499199129337E+003 -0.734499199129337E+003
 -0.192518974030546E+002  0.733171856934420E+002 -0.520973814684000E+000  0.155115674227479E+001  0.703504656745728E+001  0.617531358591992E+002 -0.191429983018121E+002 -0.734528752149642E+003 -0.734528752149642E+003
 -0.192557753855320E+002  0.731073678140243E+002 -0.504698694775392E+000  0.148738864143535E+001  0.636051559064088E+001  0.538912317783838E+002 -0.191429983018121E+002 -0.734484669221407E+003 -0.734484669221407E+003
 -0.192444528446816E+002  0.734403858235912E+002 -0.501883055057771E+000  0.142672435156691E+001  0.496104040894669E+001  0.350834071804489E+002 -0.191429983018121E+002 -0.734521914274346E+003 -0.734521914274346E+003
 -0.192572952568969E+002  0.730942593151864E+002 -0.489240140177785E+000  0.113630869096197E+001  0.256713544736101E+001  0.155580961241790E+002 -0.191429983018121E+002 -0.734517127110473E+003 -0.734517127110473E+003
 -0.192452683241203E+002  0.734743998211861E+002 -0.519797733052621E+000  0.157316947247296E+001  0.510149410321819E+001  0.326813454333887E+002 -0.191429983018121E+002 -0.734511766658290E+003 -0.734511766658290E+003
 -0.192533755560465E+002  0.731450493545363E+002 -0.509135198161538E+000  0.153974262702381E+001  0.526991020908250E+001  0.357659992299996E+002 -0.191429983018121E+002 -0.734508228753056E+003 -0.734508228753056E+003
 -0.192603130065447E+002  0.731031055961305E+002 -0.533858809730428E+000  0.154344749179078E+001  0.457346993222266E+001  0.280617915609778E+002 -0.191429983018121E+002 -0.734533204789019E+003 -0.734533204789019E+003
 -0.192581991906945E+002  0.729609710251253E+002 -0.486077101997110E+000  0.136590215753936E+001  0.673049073394061E+001  0.654550875822245E+002 -0.191429983018121E+002 -0.734516630667716E+003 -0.734516630667716E+003
 -0.192543124512644E+002  0.731618464771803E+002 -0.510596159691837E+000  0.166419632160475E+001  0.917684365704798E+001  0.922897248538735E+002 -0.191429983018121E+002 -0.734534534768935E+003 -0.734534534768935E+003
 -0.192540400230485E+002  0.731958990364392E+002 -0.509585348538957E+000  0.154040435089285E+001  0.715771603600130E+001  0.608106815181720E+002 -0.191429983018121E+002 -0.734537921395793E+003 -0.734537921395793E+003
 -0.192504762821088E+002  0.732814808316068E+002 -0.501990295143452E+000  0.125673366567625E+001  0.244831700632673E+001  0.125177376025737E+002 -0.191429983018121E+002 -0.734428001082129E+003 -0.734428001082129E+003
 -0.192448859273129E+002  0.734859060687326E+002 -0.493960668599471E+000  0.117743669671773E+001  0.204315395719964E+001  0.100112402847670E+002 -0.191429983018121E+002 -0.734521920505622E+003 -0.734521920505622E+003
 -0.192506241563704E+002  0.733195397463419E+002 -0.526586490578106E+000  0.136809854810129E+001  0.122472615636832E+001  0.670850089474182E+001 -0.191429983018121E+002 -0.734516145645940E+003 -0.734516145645940E+003
 -0.192417596479964E+002  0.735610954801643E+002 -0.492240594971203E+000  0.116611466568508E+001  0.188989613543523E+001  0.933688467122368E+001 -0.191429983018121E+002 -0.734510624246861E+003 -0.734510624246861E+003
 -0.192495996223081E+002  0.733823301295629E+002 -0.534579518392030E+000  0.168679307502179E+001  0.582534939164604E+001  0.386433151283541E+002 -0.191429983018121E+002 -0.734483813129398E+003 -0.734483813129398E+003
 -0.192616947159428E+002  0.729144954189029E+002 -0.496461449978283E+000  0.117280372099520E+001  0.240863021937959E+001  0.156019220517582E+002 -0.191429983018121E+002 -0.734528556124603E+003 -0.734528556124603E+003
 -0.192492191885964E+002  0.732353139215353E+002 -0.465368086139961E+000  0.884417971603535E+000  0.515511706840670E+000  0.431800596943882E+001 -0.191429983018121E+002 -0.734402016565048E+003 -0.734402016565048E+003
 -0.192581188342832E+002  0.731009058705646E+002 -0.503855614279404E+000  0.126677722236133E+001  0.289018302866490E+001  0.160696772173410E+002 -0.191429983018121E+002 -0.734514992257804E+003 -0.734514992257804E+003
 -0.192464898176182E+002  0.734188632761959E+002 -0.507923583176771E+000  0.151797895596991E+001  0.735946195867192E+001  0.676568401363702E+002 -0.191429983018121E+002 -0.734524509717925E+003 -0.734524509717925E+003
 -0.192627400700820E+002  0.728698072816121E+002 -0.520032025193607E+000  0.163894887288427E+001  0.726564294393211E+001  0.609614093602709E+002 -0.191429983018121E+002 -0.734539819149906E+003 -0.734539819149906E+003
 -0.192508406851539E+002  0.733220818572811E+002 -0.527362366825457E+000  0.153398702631813E+001  0.478434969143878E+001  0.301912322126612E+002 -0.191429983018121E+002 -0.734485997928189E+003 -0.734485997928189E+003
 -0.192547733111664E+002  0.731593513562079E+002 -0.507429540957916E+000  0.151805316395728E+001  0.583751134944087E+001  0.441247973152219E+002 -0.191429983018121E+002 -0.734527455187251E+003 -0.734527455187251E+003
 -0.192577084098902E+002  0.728897629009360E+002 -0.451981476774009E+000  0.803367407448157E+000  0.506760227892478E+000  0.523906434650653E+001 -0.191429983018121E+002 -0.734540218511554E+003 -0.734540218511554E+003
 -0.192559411568902E+002  0.731406927968027E+002 -0.533147464720197E+000  0.183782103570967E+001  0.102314075241679E+002  0.992860568012977E+002 -0.191429983018121E+002 -0.734520430387978E+003 -0.734520430387978E+003
 -0.192409983585204E+002  0.736470602314577E+002 -0.512614811778260E+000  0.119619129737511E+001  0.522521433217008E+000  0.448960931113898E+001 -0.191429983018121E+002 -0.734512153613795E+003 -0.734512153613795E+003
 -0.192495817991862E+002  0.733452037316332E+002 -0.480422571541059E+000  0.977567594488880E+000  0.167953347947893E+001  0.112967180010485E+002 -0.191429983018121E+002 -0.734534914213755E+003 -0.734534914213755E+003
 -0.192469709954210E+002  0.733004889535599E+002 -0.476728200704315E+000  0.107064004211852E+001  0.143707822487543E+001  0.799998427232099E+001 -0.191429983018121E+002 -0.734469270854415E+003 -0.734469270854415E+003
 -0.192598923195820E+002  0.730898864917783E+002 -0.516467916959676E+000  0.129718773450313E+001  0.266227233198564E+001  0.152347002292514E+002 -0.191429983018121E+002 -0.734513472493260E+003 -0.734513472493260E+003
 -0.192422963616936E+002  0.735945332095895E+002 -0.506029153574082E+000  0.118376149340694E+001  0.841912089838818E+000  0.488685958465783E+001 -0.191429983018121E+002 -0.734479595812726E+003 -0.734479595812726E+003
 -0.192634968815258E+002  0.729523435893033E+002 -0.520882461267486E+000  0.126682826860418E+001  0.163501415432753E+001  0.908012479232603E+001 -0.191429983018121E+002 -0.734514560994190E+003 -0.734514560994190E+003
 -0.192526079888876E+002  0.732835431057227E+002 -0.499192887305961E+000  0.121206468696804E+001  0.301482679574873E+001  0.191403299093597E+002 -0.191429983018121E+002 -0.734498132373071E+003 -0.734498132373071E+003
 -0.192494628013675E+002  0.733224498336393E+002 -0.525444654409865E+000  0.172426966397615E+001  0.778720112502270E+001  0.645489667113447E+002 -0.191429983018121E+002 -0.734531296130368E+003 -0.734531296130368E+003
 -0.192573774196904E+002  0.731234596976005E+002 -0.532698823078583E+000  0.144982010228941E+001  0.169001106028224E+001  0.793535978859002E+001 -0.191429983018121E+002 -0.734540703222772E+003 -0.734540703222772E+003
 -0.192492286652275E+002  0.733476181901148E+002 -0.518930085082294E+000  0.159003515344107E+001  0.611256021056721E+001  0.462726779066865E+002 -0.191429983018121E+002 -0.734519427796882E+003 -0.734519427796882E+003
 -0.192649951832896E+002  0.728627238052347E+002 -0.517503486411953E+000  0.142766364415179E+001  0.383868851301484E+001  0.239144634894323E+002 -0.191429983018121E+002 -0.734518747100439E+003 -0.734518747100439E+003
 -0.192559654124808E+002  0.730978368878268E+002 -0.500352772565178E+000  0.117953606841560E+001  0.199490706367497E+001  0.106980261715167E+002 -0.191429983018121E+002 -0.734400499428767E+003 -0.734400499428767E+003
 -0.192546918492157E+002  0.731582638294689E+002 -0.514970633679328E+000  0.143534161465174E+001  0.483517300735239E+001  0.353455106395490E+002 -0.191429983018121E+002 -0.734514325507479E+003 -0.734514325507479E+003
 -0.192494760259066E+002  0.733986400413060E+002 -0.531248491221748E+000  0.172904294888460E+001  0.766166693706428E+001  0.607367371970581E+002 -0.191429983018121E+002 -0.734499821755132E+003 -0.734499821755132E+003
 -0.192549620066468E+002  0.730660282515420E+002 -0.478786552426397E+000  0.113122458029148E+001  0.257142112451780E+001  0.172556699856443E+002 -0.191429983018121E+002 -0.734509921977569E+003 -0.734509921977569E+003
 -0.192531934583346E+002  0.732898614620388E+002 -0.543386051781889E+000  0.197571883588062E+001  0.107154965857936E+002  0.982842144010175E+002 -0.191429983018121E+002 -0.734523846434879E+003 -0.734523846434879E+003
 -0.192492308479540E+002  0.732095424400356E+002 -0.455916510321665E+000  0.812479906648996E+000  0.827462502281257E+000  0.658463754035788E+001 -0.191429983018121E+002 -0.734503795154004E+003 -0.734503795154004E+003
 -0.192690965664174E+002  0.725605369477381E+002 -0.476873770270672E+000  0.100840866445926E+001  0.763908729367667E+000  0.494313983805396E+001 -0.191429983018121E+002 -0.734525518949273E+003 -0.734525518949273E+003
 -0.192534827184436E+002  0.731703722109645E+002 -0.508345446706250E+000  0.152208247629392E+001  0.492966576799141E+001  0.319345587269233E+002 -0.191429983018121E+002 -0.734531298592937E+003 -0.734531298592937E+003
 -0.192498572175103E+002  0.732378919474690E+002 -0.471753870894283E+000  0.959037556204815E+000  0.104846854536333E+001  0.666460118679841E+001 -0.191429983018121E+002 -0.734411153459067E+003 -0.734411153459067E+003
 -0.192478214825017E+002  0.734452029683065E+002 -0.505395055137493E+000  0.114962283294013E+001  0.197891368191124E+001  0.114158520242832E+002 -0.191429983018121E+002 -0.734501669972582E+003 -0.734501669972582E+003
 -0.192538596001530E+002  0.731199289549458E+002 -0.482745634820641E+000  0.129377660584132E+001  0.609507568771363E+001  0.585018794265150E+002 -0.191429983018121E+002 -0.734521320679096E+003 -0.734521320679096E+003
 -0.192546853539874E+002  0.730173748446493E+002 -0.474263272025393E+000  0.938621599285173E+000  0.372271207196867E+000  0.390381337253641E+001 -0.191429983018121E+002 -0.734445848544796E+003 -0.734445848544796E+003
 -0.192552810791782E+002  0.732897530780606E+002 -0.527049462535346E+000  0.135378829173336E+001  0.264314295239750E+001  0.136174727660383E+002 -0.191429983018121E+002 -0.734537174388265E+003 -0.734537174388265E+003
 -0.192476844723753E+002  0.734918801855216E+002 -0.535857355208981E+000  0.156191924234337E+001  0.462829412057191E+001  0.278422416603829E+002 -0.191429983018121E+002 -0.734519100440453E+003 -0.734519100440453E+003
 -0.192572585731721E+002  0.731046340226973E+002 -0.519306794510763E+000  0.170071782167525E+001  0.922762840747460E+001  0.911446203763125E+002 -0.191429983018121E+002 -0.734535240851839E+003 -0.734535240851839E+003
 -0.192586631360916E+002  0.729748743412398E+002 -0.465407874429827E+000  0.866798039374811E+000  0.127333093584908E+001  0.979369388234500E+001 -0.191429983018121E+002 -0.734520778667576E+003 -0.734520778667576E+003
 -0.192663253408675E+002  0.726685820016649E+002 -0.483070050822709E+000  0.115194535025134E+001  0.265671707532557E+001  0.166121569994255E+002 -0.191429983018121E+002 -0.734530511362732E+003 -0.734530511362732E+003
 -0.192511981235538E+002  0.732717857215471E+002 -0.504104108141517E+000  0.138902999181456E+001  0.464286559619018E+001  0.337931508144348E+002 -0.191429983018121E+002 -0.734474695692589E+003 -0.734474695692589E+003
 -0.192545525111322E+002  0.731786212306387E+002 -0.539292408059111E+000  0.177831006975491E+001  0.708778726500946E+001  0.517907178004246E+002 -0.191429983018121E+002 -0.734538419915769E+003 -0.734538419915769E+003
 -0.192519840509915E+002  0.731905698625930E+002 -0.504237027262113E+000  0.161611873340424E+001  0.832020275485775E+001  0.776912646632432E+002 -0.191429983018121E+002 -0.734508075612996E+003 -0.734508075612996E+003
 -0.192493570443840E+002  0.733391919477074E+002 -0.523902732468592E+000  0.148949626824213E+001  0.397938911063989E+001  0.226510552490649E+002 -0.191429983018121E+002 -0.734509835251755E+003 -0.734509835251755E+003
 -0.192546371485261E+002  0.731675768430652E+002 -0.483283438829218E+000  0.104954864308783E+001  0.192468955071634E+001  0.127265785642746E+002 -0.191429983018121E+002 -0.734520674062061E+003 -0.734520674062061E+003
 -0.192467945184384E+002  0.733734203849955E+002 -0.490511559235812E+000  0.114731689016723E+001  0.204719406530745E+001  0.122242767423835E+002 -0.191429983018121E+002 -0.734474937578106E+003 -0.734474937578106E+003
 -0.192520458968639E+002  0.732253621741822E+002 -0.514989301776316E+000  0.155624591191493E+001  0.552773374061013E+001  0.370612064154950E+002 -0.191429983018121E+002 -0.734497805972963E+003 -0.734497805972963E+003
 -0.192561438146862E+002  0.731844307843858E+002 -0.516471405811836E+000  0.134479587236670E+001  0.395694481354927E+001  0.268728332451623E+002 -0.191429983018121E+002 -0.734508743599041E+003 -0.734508743599041E+003
 -0.192606495333735E+002  0.728273236426695E+002 -0.448949903684222E+000  0.738088139023603E+000  0.469848677354022E+000  0.499194273502287E+001 -0.191429983018121E+002 -0.734523614969813E+003 -0.734523614969813E+003
 -0.192551445986510E+002  0.732525942300438E+002 -0.547485884921862E+000  0.175960841040480E+001  0.653497805522462E+001  0.446336924435743E+002 -0.191429983018121E+002 -0.734517398363252E+003 -0.734517398363252E+003
 -0.192576995456793E+002  0.731597980325199E+002 -0.539549577350763E+000  0.171133148024804E+001  0.597185102769249E+001  0.405961213293630E+002 -0.191429983018121E+002 -0.734538274186167E+003 -0.734538274186167E+003
 -0.192599796930044E+002  0.728827231447951E+002 -0.476711009486589E+000  0.955333780259172E+000  0.818081365748704E+000  0.547270399091449E+001 -0.191429983018121E+002 -0.734428434268609E+003 -0.734428434268609E+003
 -0.192485318029582E+002  0.733687019689449E+002 -0.484876428423311E+000  0.105544566187652E+001  0.911219612139472E+000  0.564411045563211E+001 -0.191429983018121E+002 -0.734541272586507E+003 -0.734541272586507E+003
 -0.192573878553575E+002  0.731186370009394E+002 -0.520892910904349E+000  0.134927231133015E+001  0.273131525002320E+001  0.149236945487260E+002 -0.191429983018121E+002 -0.734423879744694E+003 -0.734423879744694E+003
 -0.192557293644842E+002  0.731894523969379E+002 -0.539453159806352E+000  0.188407714172866E+001  0.880349022199150E+001  0.714458867845413E+002 -0.191429983018121E+002 -0.734516234138908E+003 -0.734516234138908E+003
 -0.192508611001068E+002  0.732540288853918E+002 -0.468567724666431E+000  0.750536260648556E+000 -0.152652740566644E+000  0.318298710924647E+001 -0.191429983018121E+002 -0.734496653518210E+003 -0.734496653518210E+003
 -0.192629207701023E+002  0.728912221401850E+002 -0.476258517014772E+000  0.796433908416178E+000 -0.443210125591044E+000  0.323542869848366E+001 -0.191429983018121E+002 -0.734359859973853E+003 -0.734359859973853E+003
 -0.192520062195312E+002  0.732091699449320E+002 -0.501365581600996E+000  0.153705934998813E+001  0.854255606912196E+001  0.896448148100785E+002 -0.191429983018121E+002 -0.734511219053295E+003 -0.734511219053295E+003
 -0.192563714614760E+002  0.731184584719727E+002 -0.510429380763899E+000  0.154479235198472E+001  0.653056692025953E+001  0.534334654214704E+002 -0.191429983018121E+002 -0.734507541946892E+003 -0.734507541946892E+003
 -0.192467285715531E+002  0.734631133542065E+002 -0.511833426361046E+000  0.116519532023788E+001  0.500367994125984E+000  0.480886923455050E+001 -0.191429983018121E+002 -0.734445638748167E+003 -0.734445638748167E+003
 -0.192598482406229E+002  0.729685895108790E+002 -0.518337112310584E+000  0.171615858970268E+001  0.900653993189114E+001  0.835104206224251E+002 -0.191429983018121E+002 -0.734504078573106E+003 -0.734504078573106E+003
 -0.192651808780762E+002  0.728827813331954E+002 -0.516273675703341E+000  0.120690093957466E+001  0.135996854421457E+001  0.690253383247504E+001 -0.191429983018121E+002 -0.734471384129192E+003 -0.734471384129192E+003
 -0.192576145915557E+002  0.730645985490741E+002 -0.520745902732337E+000  0.128899316559588E+001  0.975382973850699E+000  0.548196757662203E+001 -0.191429983018121E+002 -0.734476872201629E+003 -0.734476872201629E+003
 -0.192501766671136E+002  0.733497316054322E+002 -0.526975063421500E+000  0.181716607253382E+001  0.975469763105033E+001  0.910034988566039E+002 -0.191429983018121E+002 -0.734520302354128E+003 -0.734520302354128E+003
 -0.192493719263394E+002  0.732199918282564E+002 -0.477022615350237E+000  0.119734574323178E+001  0.318552484124812E+001  0.201775679633884E+002 -0.191429983018121E+002 -0.734524413775205E+003 -0.734524413775205E+003
 -0.192508359234495E+002  0.733048658895046E+002 -0.507391912717144E+000  0.141183435353059E+001  0.580515872459026E+001  0.495211606413519E+002 -0.191429983018121E+002 -0.734508127281922E+003 -0.734508127281922E+003
 -0.192532710240543E+002  0.731995426339446E+002 -0.516257740728196E+000  0.163219660924020E+001  0.889156821604190E+001  0.874144475539028E+002 -0.191429983018121E+002 -0.734540426619248E+003 -0.734540426619248E+003
 -0.192477955504734E+002  0.734058735514634E+002 -0.510558189696734E+000  0.124119718699235E+001  0.175460411837023E+001  0.814069808017120E+001 -0.191429983018121E+002 -0.734466930481214E+003 -0.734466930481214E+003
 -0.192451664861115E+002  0.734837288125522E+002 -0.493641977606491E+000  0.113720954254078E+001  0.204887612337345E+001  0.125927641057397E+002 -0.191429983018121E+002 -0.734534098936657E+003 -0.734534098936657E+003
 -0.192508207035577E+002  0.733094105298279E+002 -0.507657046214846E+000  0.127238041894438E+001  0.345214410134993E+001  0.227451366913147E+002 -0.191429983018121E+002 -0.734495813584428E+003 -0.734495813584428E+003
 -0.192596138902178E+002  0.729157332535976E+002 -0.495645750343567E+000  0.150379162178178E+001  0.795272966348145E+001  0.777717892993612E+002 -0.191429983018121E+002 -0.734540401208649E+003 -0.734540401208649E+003
 -0.192515960713732E+002  0.731876695216489E+002 -0.481422782642030E+000  0.115967626443916E+001  0.219082162210923E+001  0.118845908179166E+002 -0.191429983018121E+002 -0.734480228162863E+003 -0.734480228162863E+003
 -0.192471128631101E+002  0.733020075421258E+002 -0.478767620335402E+000  0.100854665373871E+001  0.793614853147918E+000  0.572874406321371E+001 -0.191429983018121E+002 -0.734529631365980E+003 -0.734529631365980E+003
 -0.192483843129895E+002  0.733343034595772E+002 -0.513856763220985E+000  0.165529359828014E+001  0.801560614482107E+001  0.700397305012448E+002 -0.191429983018121E+002 -0.734507256796682E+003 -0.734507256796682E+003
 -0.192539275352173E+002  0.731453294077754E+002 -0.498621800202055E+000  0.142594640401544E+001  0.587113422170580E+001  0.460893678242844E+002 -0.191429983018121E+002 -0.734534115084682E+003 -0.734534115084682E+003
 -0.192491503979580E+002  0.732182594084639E+002 -0.477791276337116E+000  0.117708826033036E+001  0.321946444923044E+001  0.219746222481801E+002 -0.191429983018121E+002 -0.734501062195000E+003 -0.734501062195000E+003
 -0.192621967240144E+002  0.729089955739070E+002 -0.513495056793613E+000  0.159418537612805E+001  0.723863928143001E+001  0.625953961323770E+002 -0.191429983018121E+002 -0.734523537743714E+003 -0.734523537743714E+003
 -0.192536956955689E+002  0.731964622759230E+002 -0.518849116435223E+000  0.166714379514368E+001  0.863384232257349E+001  0.822751762016619E+002 -0.191429983018121E+002 -0.734501892326108E+003 -0.734501892326108E+003
 -0.192594187873461E+002  0.729510638312258E+002 -0.464382172482794E+000  0.852223836944131E+000  0.460750358881128E+000  0.383381706088126E+001 -0.191429983018121E+002 -0.734479846502535E+003 -0.734479846502535E+003
 -0.192570275346138E+002  0.730776573663235E+002 -0.514182983694580E+000  0.166186603426239E+001  0.913350087618538E+001  0.901194249820751E+002 -0.191429983018121E+002 -0.734485140549898E+003 -0.734485140549898E+003
 -0.192494917162950E+002  0.733579400384864E+002 -0.535022352585119E+000  0.177077636816097E+001  0.703699123865221E+001  0.496526049230219E+002 -0.191429983018121E+002 -0.734530345337048E+003 -0.734530345337048E+003
 -0.192641775009691E+002  0.727876246937657E+002 -0.492061540936586E+000  0.977608808145800E+000 -0.322990784198801E+000  0.347867186446248E+001 -0.191429983018121E+002 -0.734484336727239E+003 -0.734484336727239E+003
 -0.192527991914342E+002  0.731556918866594E+002 -0.482840318390217E+000  0.133303569588132E+001  0.625119596093509E+001  0.588598418777187E+002 -0.191429983018121E+002 -0.734528926976086E+003 -0.734528926976086E+003
 -0.192531487398519E+002  0.730304159493157E+002 -0.453626077379481E+000  0.860186258349853E+000  0.514482595372257E+000  0.376997718718759E+001 -0.191429983018121E+002 -0.734509428953744E+003 -0.734509428953744E+003
 -0.192579729653779E+002  0.729824789304327E+002 -0.502497755878171E+000  0.131272973631833E+001  0.341291797568903E+001  0.218363640011656E+002 -0.191429983018121E+002 -0.734502731848374E+003 -0.734502731848374E+003
 -0.192532214716257E+002  0.733192169887874E+002 -0.527230553008904E+000  0.128330812116101E+001  0.111354330600126E+001  0.613040215041348E+001 -0.191429983018121E+002 -0.734420262764479E+003 -0.734420262764479E+003
 -0.192410303802959E+002  0.736656316663507E+002 -0.519140540388753E+000  0.137777669065045E+001  0.238301742950118E+001  0.118543336067478E+002 -0.191429983018121E+002 -0.734540761445261E+003 -0.734540761445261E+003
 -0.192484068269195E+002  0.733940688328384E+002 -0.505575019503669E+000  0.137699161749939E+001  0.390791411456393E+001  0.242192178962096E+002 -0.191429983018121E+002 -0.734490653587698E+003 -0.734490653587698E+003
 -0.192456240244674E+002  0.734455998157503E+002 -0.504039352138799E+000  0.134225795466547E+001  0.421065973290028E+001  0.298956645530915E+002 -0.191429983018121E+002 -0.734510891525229E+003 -0.734510891525229E+003
 -0.192590146191008E+002  0.730075546684114E+002 -0.502553007785454E+000  0.118105710078454E+001  0.228052177290124E+001  0.142594497950813E+002 -0.191429983018121E+002 -0.734525458945771E+003 -0.734525458945771E+003
 -0.192484080543763E+002  0.734529116789401E+002 -0.534602579556812E+000  0.159227944704725E+001  0.474498436882148E+001  0.292583880665790E+002 -0.191429983018121E+002 -0.734484929344239E+003 -0.734484929344239E+003
 -0.192613813679575E+002  0.727486670138218E+002 -0.448013390122028E+000  0.814395011743371E+000  0.391434552901675E+000  0.384894527180379E+001 -0.191429983018121E+002 -0.734530644136152E+003 -0.734530644136152E+003
 -0.192485868254954E+002  0.733695373752292E+002 -0.508461678667320E+000  0.135347742267007E+001  0.359396870097291E+001  0.212476795548392E+002 -0.191429983018121E+002 -0.734447758010474E+003 -0.734447758010474E+003
 -0.192622329741122E+002  0.728579366144837E+002 -0.500831398627785E+000  0.150895991383328E+001  0.689615457933477E+001  0.590851498300465E+002 -0.191429983018121E+002 -0.734530168475125E+003 -0.734530168475125E+003
 -0.192525644492592E+002  0.732630604994916E+002 -0.524982990577738E+000  0.130051331619096E+001  0.766801424866507E+000  0.568655238889431E+001 -0.191429983018121E+002 -0.734504840586138E+003 -0.734504840586138E+003
 -0.192571719671535E+002  0.729705851629974E+002 -0.494607655663126E+000  0.116753670744529E+001  0.134505348099039E+001  0.699510363385710E+001 -0.191429983018121E+002 -0.734480875626096E+003 -0.734480875626096E+003
 -0.192508611381826E+002  0.732755198106935E+002 -0.520291782396683E+000  0.179290986575030E+001  0.100338774208424E+002  0.958323238588086E+002 -0.191429983018121E+002 -0.734519913574360E+003 -0.734519913574360E+003
 -0.192606914207608E+002  0.729876974896920E+002 -0.531677841146953E+000  0.177966642976161E+001  0.730564091469940E+001  0.540752831121267E+002 -0.191429983018121E+002 -0.734531971697238E+003 -0.734531971697238E+003
 -0.192526835121390E+002  0.732460648130755E+002 -0.530823890141314E+000  0.170410621831309E+001  0.644761759928181E+001  0.450286452332134E+002 -0.191429983018121E+002 -0.734476472568679E+003 -0.734476472568679E+003
 -0.192533129759319E+002  0.732802713279268E+002 -0.520393695817339E+000  0.126095346922772E+001  0.100651686122010E+001  0.563976461536297E+001 -0.191429983018121E+002 -0.734405404115504E+003 -0.734405404115504E+003
 -0.192450771501384E+002  0.735404064726023E+002 -0.512433379714993E+000  0.143024031111803E+001  0.499723116539926E+001  0.359126649143978E+002 -0.191429983018121E+002 -0.734533210794704E+003 -0.734533210794704E+003
 -0.192513786836275E+002  0.731460871172398E+002 -0.454679094470986E+000  0.832972433468807E+000  0.402138978787296E+000  0.318051321651392E+001 -0.191429983018121E+002 -0.734539324629563E+003 -0.734539324629563E+003
 -0.192566410132578E+002  0.731400073119805E+002 -0.499848428697585E+000  0.126340460993312E+001  0.425204757167624E+001  0.333378491730562E+002 -0.191429983018121E+002 -0.734534842917891E+003 -0.734534842917891E+003
 -0.192531271525984E+002  0.731669174782682E+002 -0.510749449100659E+000  0.165405136833361E+001  0.958809310244260E+001  0.993625215748581E+002 -0.191429983018121E+002 -0.734523590939439E+003 -0.734523590939439E+003
 -0.192596232583755E+002  0.730480869944502E+002 -0.522136718197079E+000  0.150067078545931E+001  0.584007612431115E+001  0.459826910799285E+002 -0.191429983018121E+002 -0.734524299405767E+003 -0.734524299405767E+003
 -0.192635785694328E+002  0.729025222338629E+002 -0.522185123586970E+000  0.152376527743573E+001  0.469962354072421E+001  0.291281865248822E+002 -0.191429983018121E+002 -0.734502148828691E+003 -0.734502148828691E+003
 -0.192561115205642E+002  0.732059718958793E+002 -0.523581439218339E+000  0.152558809097631E+001  0.458413095165756E+001  0.281208819499665E+002 -0.191429983018121E+002 -0.734538769180125E+003 -0.734538769180125E+003
 -0.192615841953566E+002  0.729267822098127E+002 -0.501449310382530E+000  0.129350302792403E+001  0.298726272437274E+001  0.179604154904098E+002 -0.191429983018121E+002 -0.734476355693915E+003 -0.734476355693915E+003
 -0.192455968845294E+002  0.734206545778080E+002 -0.498466484533575E+000  0.122461774134002E+001  0.194441591340308E+001  0.102556165793750E+002 -0.191429983018121E+002 -0.734451389020659E+003 -0.734451389020659E+003
 -0.192664452048196E+002  0.728309408279555E+002 -0.516342188136337E+000  0.125045182931445E+001  0.180545108438633E+001  0.100114148438327E+002 -0.191429983018121E+002 -0.734517526859154E+003 -0.734517526859154E+003
 -0.192578704123434E+002  0.731059231877840E+002 -0.530031905247247E+000  0.153816532667197E+001  0.477628047300150E+001  0.304232381007153E+002 -0.191429983018121E+002 -0.734474954172876E+003 -0.734474954172876E+003
 -0.192485569717807E+002  0.733368355408633E+002 -0.511870544486662E+000  0.168224523335060E+001  0.903997635285140E+001  0.871818354110808E+002 -0.191429983018121E+002 -0.734517926703597E+003 -0.734517926703597E+003
 -0.192569896558665E+002  0.731660545171181E+002 -0.547418471824648E+000  0.179457201383239E+001  0.587857298655215E+001  0.362153634425475E+002 -0.191429983018121E+002 -0.734520366360928E+003 -0.734520366360928E+003
 -0.192557897303058E+002  0.731313056857743E+002 -0.517173097648541E+000  0.162081122664115E+001  0.845028643268184E+001  0.807244456952759E+002 -0.191429983018121E+002 -0.734501235682020E+003 -0.734501235682020E+003
 -0.192467732385847E+002  0.734877895230154E+002 -0.524037332708046E+000  0.160216534525996E+001  0.585990580430944E+001  0.413739463990416E+002 -0.191429983018121E+002 -0.734523185875447E+003 -0.734523185875447E+003
 -0.192513169664122E+002  0.733814490847025E+002 -0.524051450619686E+000  0.143753397943692E+001  0.324344522626021E+001  0.168264915362623E+002 -0.191429983018121E+002 -0.734531787429209E+003 -0.734531787429209E+003
 -0.192517263019372E+002  0.731585281359424E+002 -0.489479838512187E+000  0.135996674301396E+001  0.572395825917813E+001  0.499851433239864E+002 -0.191429983018121E+002 -0.734511922691729E+003 -0.734511922691729E+003
 -0.192538650911884E+002  0.731599853084866E+002 -0.498312741161658E+000  0.133124321267018E+001  0.542087478898307E+001  0.463792189503301E+002 -0.191429983018121E+002 -0.734499946407826E+003 -0.734499946407826E+003
 -0.192524039278842E+002  0.731950293578170E+002 -0.487247169721247E+000  0.127375730306100E+001  0.590250641348602E+001  0.572195896736522E+002 -0.191429983018121E+002 -0.734529819634569E+003 -0.734529819634569E+003
 -0.192552118693276E+002  0.730402800349691E+002 -0.479447618186558E+000  0.115606449376043E+001  0.250928737322967E+001  0.148521874428005E+002 -0.191429983018121E+002 -0.734455052971566E+003 -0.734455052971566E+003
 -0.192577126118257E+002  0.730358535262521E+002 -0.524798654392901E+000  0.182057002910495E+001  0.885057514656425E+001  0.748086236891120E+002 -0.191429983018121E+002 -0.734533753917942E+003 -0.734533753917942E+003
 -0.192574628842058E+002  0.730388968760219E+002 -0.494312694351005E+000  0.137774538499436E+001  0.492914604537876E+001  0.365320904449243E+002 -0.191429983018121E+002 -0.734524522531122E+003 -0.734524522531122E+003
 -0.192521338749799E+002  0.731933250746264E+002 -0.485960886657148E+000  0.108707026172342E+001  0.162891250204006E+001  0.100460799446252E+002 -0.191429983018121E+002 -0.734464714948634E+003 -0.734464714948634E+003
 -0.192619458655736E+002  0.728860345630911E+002 -0.488449359492794E+000  0.121379855807859E+001  0.384201188471478E+001  0.280549155453487E+002 -0.191429983018121E+002 -0.734499404595905E+003 -0.734499404595905E+003
 -0.192642061790250E+002  0.727782182964581E+002 -0.490858957118046E+000  0.983490539690454E+000 -0.250505355211168E+000  0.331502599377734E+001 -0.191429983018121E+002 -0.734518820035129E+003 -0.734518820035129E+003
 -0.192495445275675E+002  0.733584047664186E+002 -0.498357154056084E+000  0.114887381595613E+001  0.175639573546749E+001  0.993636773624029E+001 -0.191429983018121E+002 -0.734432896891849E+003 -0.734432896891849E+003
 -0.192540497374682E+002  0.731563467578084E+002 -0.492126261359383E+000  0.130675760804989E+001  0.566518371031564E+001  0.517037755528567E+002 -0.191429983018121E+002 -0.734490541169303E+003 -0.734490541169303E+003
 -0.192407151670284E+002  0.736546832801210E+002 -0.512618525460161E+000  0.120392229503387E+001  0.666735077290880E+000  0.475238913142211E+001 -0.191429983018121E+002 -0.734504889457765E+003 -0.734504889457765E+003
 -0.192561095024800E+002  0.729977607739067E+002 -0.485315100747833E+000  0.142726681916334E+001  0.759672349617630E+001  0.777868257689860E+002 -0.191429983018121E+002 -0.734532968048563E+003 -0.734532968048563E+003
 -0.192466416365693E+002  0.733323456165699E+002 -0.482637440912513E+000  0.127499804197539E+001  0.522964147663021E+001  0.456565631854886E+002 -0.191429983018121E+002 -0.734526910004941E+003 -0.734526910004941E+003
 -0.192554204982197E+002  0.732509974434835E+002 -0.550396771658116E+000  0.161108270424922E+001  0.312875782876523E+001  0.151962020648552E+002 -0.191429983018121E+002 -0.734518244122554E+003 -0.734518244122554E+003
 -0.192636853456473E+002  0.728212760286506E+002 -0.505354593349945E+000  0.141991450446794E+001  0.499827463498140E+001  0.369445056822855E+002 -0.191429983018121E+002 -0.734494549725234E+003 -0.734494549725234E+003
 -0.192586014924525E+002  0.730572576324865E+002 -0.523064162336777E+000  0.167927453726316E+001  0.897792913486316E+001  0.872384414091611E+002 -0.191429983018121E+002 -0.734515626911850E+003 -0.734515626911850E+003
 -0.192530705447456E+002  0.732060367265364E+002 -0.527468416210509E+000  0.185712623071394E+001  0.100492803205068E+002  0.942108382958088E+002 -0.191429983018121E+002 -0.734514257530851E+003 -0.734514257530851E+003
 -0.192546391453406E+002  0.729763113933489E+002 -0.452155201676701E+000  0.877532136553320E+000  0.102633589523776E+001  0.646963228635168E+001 -0.191429983018121E+002 -0.734528589184276E+003 -0.734528589184276E+003
 -0.192549807244220E+002  0.732144443095450E+002 -0.513810666006838E+000  0.115438984481296E+001  0.344725562089767E+000  0.414285135085867E+001 -0.191429983018121E+002 -0.734376613596899E+003 -0.734376613596899E+003
 -0.192583224386202E+002  0.729822730205313E+002 -0.477660114280765E+000  0.111701471889981E+001  0.432448446402592E+001  0.414906987667821E+002 -0.191429983018121E+002 -0.734537696120820E+003 -0.734537696120820E+003
 -0.192604757672020E+002  0.728950400729452E+002 -0.478667471017151E+000  0.117825915996035E+001  0.447526349269128E+001  0.386165598987600E+002 -0.191429983018121E+002 -0.734521917538483E+003 -0.734521917538483E+003
 -0.192613406295683E+002  0.728759325324631E+002 -0.491669527530143E+000  0.121630202044083E+001  0.385334506043479E+001  0.290219411873674E+002 -0.191429983018121E+002 -0.734523285807446E+003 -0.734523285807446E+003
 -0.192557134971895E+002  0.730392885707741E+002 -0.484771269224864E+000  0.132371968691473E+001  0.553150466424961E+001  0.476910078756998E+002 -0.191429983018121E+002 -0.734491367223038E+003 -0.734491367223038E+003
 -0.192627459313090E+002  0.729932149648310E+002 -0.527572898602161E+000  0.133713899484320E+001  0.248645863015227E+001  0.138164402690555E+002 -0.191429983018121E+002 -0.734534437149492E+003 -0.734534437149492E+003
 -0.192421379617271E+002  0.735367666663273E+002 -0.489451922235228E+000  0.115860279919106E+001  0.212564026996393E+001  0.121517549202889E+002 -0.191429983018121E+002 -0.734499540763333E+003 -0.734499540763333E+003
 -0.192462975251581E+002  0.734332250014256E+002 -0.508487817734969E+000  0.131781182999843E+001  0.241380302642850E+001  0.128008453725560E+002 -0.191429983018121E+002 -0.734462798893724E+003 -0.734462798893724E+003
 -0.192552861038176E+002  0.731306878744135E+002 -0.508060390348248E+000  0.142159365683232E+001  0.454341969870567E+001  0.287377876782964E+002 -0.191429983018121E+002 -0.734528414030464E+003 -0.734528414030464E+003
 -0.192596419165728E+002  0.730524370867706E+002 -0.519071408843568E+000  0.135553555089771E+001  0.320534362690156E+001  0.187137627760926E+002 -0.191429983018121E+002 -0.734443906857513E+003 -0.734443906857513E+003
 -0.192604535527630E+002  0.729379519955527E+002 -0.492090225591784E+000  0.128592405928044E+001  0.423208025447591E+001  0.321884356528417E+002 -0.191429983018121E+002 -0.734514725901034E+003 -0.734514725901034E+003
 -0.192646161336132E+002  0.728979407307931E+002 -0.513799099362219E+000  0.113591310606287E+001  0.690059157177391E+000  0.525290153553596E+001 -0.191429983018121E+002 -0.734446581250659E+003 -0.734446581250659E+003
 -0.192524454725423E+002  0.733367533502871E+002 -0.543305506390291E+000  0.184237476114612E+001  0.850651671984302E+001  0.683335080729937E+002 -0.191429983018121E+002 -0.734522365404076E+003 -0.734522365404076E+003
 -0.192536325042607E+002  0.731676498791652E+002 -0.509929343439636E+000  0.159700794254929E+001  0.845963577482429E+001  0.827446176993737E+002 -0.191429983018121E+002 -0.734488321396496E+003 -0.734488321396496E+003
 -0.192572308534595E+002  0.730003590933694E+002 -0.510732784721890E+000  0.165167524913580E+001  0.770011100302634E+001  0.644647476469196E+002 -0.191429983018121E+002 -0.734537828739999E+003 -0.734537828739999E+003
 -0.192540965328635E+002  0.730916076900928E+002 -0.488766351231168E+000  0.135621473275999E+001  0.576111451138518E+001  0.502149219959414E+002 -0.191429983018121E+002 -0.734484105589416E+003 -0.734484105589416E+003
 -0.192493451441209E+002  0.733471901998199E+002 -0.527118694736552E+000  0.177155234024690E+001  0.815139551193741E+001  0.675338059602889E+002 -0.191429983018121E+002 -0.734526614911470E+003 -0.734526614911470E+003
 -0.192552283816474E+002  0.731699969335312E+002 -0.520180857326408E+000  0.135214576495415E+001  0.189279316780495E+001  0.966181663994813E+001 -0.191429983018121E+002 -0.734436686056251E+003 -0.734436686056251E+003
 -0.192455348161381E+002  0.735118617483396E+002 -0.520184292548199E+000  0.151044039655253E+001  0.490238065381062E+001  0.317880291278500E+002 -0.191429983018121E+002 -0.734494374607676E+003 -0.734494374607676E+003
 -0.192550125065517E+002  0.730577972095191E+002 -0.463413965051791E+000  0.957703310924474E+000  0.287091651790345E+001  0.258875162050402E+002 -0.191429983018121E+002 -0.734536416432802E+003 -0.734536416432802E+003
 -0.192594364153473E+002  0.730474679893996E+002 -0.532387522299920E+000  0.174746389831952E+001  0.729016003194018E+001  0.543657982080386E+002 -0.191429983018121E+002 -0.734502781591061E+003 -0.734502781591061E+003
 -0.192626038976709E+002  0.728611186223484E+002 -0.509084013533972E+000  0.146739838645910E+001  0.477452265052924E+001  0.312959314162480E+002 -0.191429983018121E+002 -0.734496696067511E+003 -0.734496696067511E+003
 -0.192568603219471E+002  0.731211326045544E+002 -0.533162495122710E+000  0.136243617086112E+001  0.976081126933330E+000  0.592050291932929E+001 -0.191429983018121E+002 -0.734537519227737E+003 -0.734537519227737E+003
 -0.192528206932287E+002  0.733502665628232E+002 -0.524363478940588E+000  0.132483648059901E+001  0.158240437637117E+001  0.780873012174495E+001 -0.191429983018121E+002 -0.734531047987723E+003 -0.734531047987723E+003
 -0.192544762659245E+002  0.731830820840231E+002 -0.519611457621626E+000  0.156018050391405E+001  0.504851546897609E+001  0.310716920889104E+002 -0.191429983018121E+002 -0.734516377417861E+003 -0.734516377417861E+003
 -0.192615586384569E+002  0.728517700524604E+002 -0.485255298438309E+000  0.105613602284460E+001  0.118890984997083E+001  0.649049198621639E+001 -0.191429983018121E+002 -0.734422194602454E+003 -0.734422194602454E+003
 -0.192486823034937E+002  0.734338934705083E+002 -0.533633962668916E+000  0.175213172845682E+001  0.794701046085115E+001  0.643766668422229E+002 -0.191429983018121E+002 -0.734506730530032E+003 -0.734506730530032E+003
 -0.192540897480988E+002  0.732240895785939E+002 -0.532144784460981E+000  0.179805087807544E+001  0.985811090752505E+001  0.962519107009232E+002 -0.191429983018121E+002 -0.734530469470254E+003 -0.734530469470254E+003
 -0.192576625691873E+002  0.730251248921841E+002 -0.465025991446388E+000  0.797723095010582E+000  0.546324793402917E+000  0.542170572985757E+001 -0.191429983018121E+002 -0.734533169908714E+003 -0.734533169908714E+003
 -0.192522539171618E+002  0.732718414829644E+002 -0.509147047636721E+000  0.138022838357038E+001  0.320260341862697E+001  0.165409971382303E+002 -0.191429983018121E+002 -0.734530733663436E+003 -0.734530733663436E+003
 -0.192551595308063E+002  0.731734188417276E+002 -0.515215198674061E+000  0.157764089751024E+001  0.626114400082659E+001  0.478894503677960E+002 -0.191429983018121E+002 -0.734514228780637E+003 -0.734514228780637E+003
 -0.192618916409071E+002  0.729388461926915E+002 -0.509337255225001E+000  0.139559658728006E+001  0.365148954203987E+001  0.203920702539530E+002 -0.191429983018121E+002 -0.734537490877301E+003 -0.734537490877301E+003
 -0.192401991550935E+002  0.736742968600241E+002 -0.513645457040404E+000  0.121193296357655E+001  0.624503727662614E+000  0.480862817022976E+001 -0.191429983018121E+002 -0.734532983937642E+003 -0.734532983937642E+003
 -0.192577143682507E+002  0.731739418555557E+002 -0.530238007160016E+000  0.154560545860949E+001  0.564837575822066E+001  0.416212034731700E+002 -0.191429983018121E+002 -0.734537633177987E+003 -0.734537633177987E+003
