 -0.192455379285658E+002  0.675082135698571E+002 -0.550832517995307E+000  0.150787081588321E+001  0.309346285995291E+001 -0.167451030290137E+002 -0.175210263962210E+001 -0.175210263962211E+001
 -0.192507783292543E+002  0.673859823145935E+002 -0.580069736608735E+000  0.183349304119750E+001  0.541204695929436E+001 -0.167451030290137E+002 -0.183954568871409E+001 -0.183954568871409E+001
 -0.192482276848456E+002  0.675561535075777E+002 -0.590341219776729E+000  0.179817535255832E+001  0.488110423973089E+001 -0.167451030290137E+002 -0.174177575888167E+001 -0.174177575888167E+001
 -0.192454888606149E+002  0.676767330404801E+002 -0.595479422145661E+000  0.195082761165665E+001  0.637409370701563E+001 -0.167451030290137E+002 -0.189196592002557E+001 -0.189196592002557E+001
 -0.192516974740507E+002  0.674256240635504E+002 -0.602662182698499E+000  0.195016074561324E+001  0.607866102584784E+001 -0.167451030290137E+002 -0.190016085426381E+001 -0.190016085426381E+001
 -0.192415507788052E+002  0.678396476877644E+002 -0.609472922119664E+000  0.198957900072597E+001  0.631321091434197E+001 -0.167451030290137E+002 -0.185059499465104E+001 -0.185059499465104E+001
 -0.192583189668448E+002  0.672608726974331E+002 -0.583339289231794E+000  0.159488061383049E+001  0.334915485786517E+001 -0.167451030290137E+002 -0.190329326127538E+001 -0.190329326127538E+001
 -0.192493736923397E+002  0.675082318417064E+002 -0.598448434652768E+000  0.186856487475924E+001  0.538577611101138E+001 -0.167451030290137E+002 -0.184662931747248E+001 -0.184662931747248E+001
 -0.192559547134283E+002  0.673097239527418E+002 -0.589091783608455E+000  0.194664265101882E+001  0.637241318115149E+001 -0.167451030290137E+002 -0.188409222586871E+001 -0.188409222586871E+001
 -0.192502023038154E+002  0.675519675560436E+002 -0.594648945587858E+000  0.185632983900175E+001  0.537030630597390E+001 -0.167451030290137E+002 -0.174492189036546E+001 -0.174492189036546E+001
 -0.192604860982777E+002  0.671276965312998E+002 -0.556828012566645E+000  0.154304274193737E+001  0.332001570278480E+001 -0.167451030290137E+002 -0.186758966989020E+001 -0.186758966989020E+001
 -0.192437596842983E+002  0.676279772038104E+002 -0.583671464733023E+000  0.178636928640076E+001  0.494219729435044E+001 -0.167451030290137E+002 -0.180073618200456E+001 -0.180073618200456E+001
 -0.192610354845217E+002  0.670858914225783E+002 -0.567027953592399E+000  0.169503782663566E+001  0.446599474428326E+001 -0.167451030290137E+002 -0.189360129971305E+001 -0.189360129971305E+001
 -0.192527020667047E+002  0.674951074769315E+002 -0.611441518230269E+000  0.213811574490982E+001  0.786489839828317E+001 -0.167451030290137E+002 -0.188825443418352E+001 -0.188825443418352E+001
 -0.192514975816427E+002  0.674217382683437E+002 -0.578514371810881E+000  0.178861107298733E+001  0.513715198888036E+001 -0.167451030290137E+002 -0.183144717053487E+001 -0.183144717053487E+001
 -0.192517130223633E+002  0.674956399818839E+002 -0.599203494990784E+000  0.196566865375857E+001  0.646392887511176E+001 -0.167451030290137E+002 -0.189422074832037E+001 -0.189422074832037E+001
 -0.192521787649619E+002  0.675681242835012E+002 -0.634595460525574E+000  0.225338778876887E+001  0.853752469779477E+001 -0.167451030290137E+002 -0.188963604813793E+001 -0.188963604813793E+001
 -0.192511497053040E+002  0.674017162705718E+002 -0.571608676970854E+000  0.175013431321553E+001  0.484885819102510E+001 -0.167451030290137E+002 -0.179852709503275E+001 -0.179852709503275E+001
 -0.192432206165123E+002  0.676866453189548E+002 -0.579355647018002E+000  0.166372700125586E+001  0.389317856840454E+001 -0.167451030290137E+002 -0.179410647480367E+001 -0.179410647480367E+001
 -0.192465713819138E+002  0.677340184375685E+002 -0.626237242218854E+000  0.215204863806374E+001  0.762490173168180E+001 -0.167451030290137E+002 -0.187010048870109E+001 -0.187010048870109E+001
 -0.192498067802513E+002  0.674667324759091E+002 -0.586572131782264E+000  0.187794724605213E+001  0.577298143334734E+001 -0.167451030290137E+002 -0.177284710731075E+001 -0.177284710731075E+001
 -0.192478968488891E+002  0.676826540008211E+002 -0.617980515786398E+000  0.207767269902623E+001  0.715809106200329E+001 -0.167451030290137E+002 -0.185343931737006E+001 -0.185343931737006E+001
 -0.192593754393008E+002  0.672430442773930E+002 -0.604926804799108E+000  0.194175815199135E+001  0.591584961841012E+001 -0.167451030290137E+002 -0.188978748259402E+001 -0.188978748259402E+001
 -0.192448656601598E+002  0.677411515546915E+002 -0.609096184434478E+000  0.194976895523251E+001  0.597036284503858E+001 -0.167451030290137E+002 -0.179049375353515E+001 -0.179049375353515E+001
 -0.192486186790290E+002  0.674750432318986E+002 -0.574754105690216E+000  0.164029071028536E+001  0.383737480747084E+001 -0.167451030290137E+002 -0.174203424981164E+001 -0.174203424981163E+001
 -0.192504250914313E+002  0.675544653356346E+002 -0.618050880567272E+000  0.213578733350639E+001  0.777272367240633E+001 -0.167451030290137E+002 -0.186102545983596E+001 -0.186102545983596E+001
 -0.192553333532874E+002  0.674242369901561E+002 -0.604761390105755E+000  0.199158206674032E+001  0.657882045213414E+001 -0.167451030290137E+002 -0.189526191301526E+001 -0.189526191301526E+001
 -0.192664632289642E+002  0.669478147319027E+002 -0.578444255295793E+000  0.169127061443530E+001  0.424063917740574E+001 -0.167451030290137E+002 -0.189297370006156E+001 -0.189297370006156E+001
 -0.192439953138562E+002  0.677687304602977E+002 -0.607396433722166E+000  0.190765574299452E+001  0.557587301213248E+001 -0.167451030290137E+002 -0.184619746028891E+001 -0.184619746028891E+001
 -0.192446346372776E+002  0.676154820363510E+002 -0.587794772948677E+000  0.191544627340346E+001  0.604527565388383E+001 -0.167451030290137E+002 -0.184321934541059E+001 -0.184321934541059E+001
 -0.192463412680220E+002  0.676347993553163E+002 -0.599003084309087E+000  0.182057792153476E+001  0.492220793802704E+001 -0.167451030290137E+002 -0.188184880905057E+001 -0.188184880905057E+001
 -0.192494870284879E+002  0.675547008866538E+002 -0.600955388597287E+000  0.197029109258730E+001  0.643245658976595E+001 -0.167451030290137E+002 -0.179129844635621E+001 -0.179129844635621E+001
 -0.192680624722617E+002  0.669622249322818E+002 -0.583725123564036E+000  0.173527833831675E+001  0.448682157812368E+001 -0.167451030290137E+002 -0.189195634236790E+001 -0.189195634236790E+001
 -0.192673385377784E+002  0.669334784038526E+002 -0.574074253522629E+000  0.165295298300094E+001  0.393980054114722E+001 -0.167451030290137E+002 -0.185258724844944E+001 -0.185258724844944E+001
 -0.192422834427668E+002  0.677091304081136E+002 -0.573311637353075E+000  0.170692418134024E+001  0.445237686956249E+001 -0.167451030290137E+002 -0.177382328598131E+001 -0.177382328598131E+001
 -0.192620638831542E+002  0.670642980204459E+002 -0.567832613107992E+000  0.159429523288398E+001  0.357111813378108E+001 -0.167451030290137E+002 -0.176797061998034E+001 -0.176797061998034E+001
 -0.192510875632174E+002  0.674976291481589E+002 -0.614598363280989E+000  0.206623077657682E+001  0.697018837511311E+001 -0.167451030290137E+002 -0.189122066537420E+001 -0.189122066537420E+001
 -0.192623297370941E+002  0.671530862263539E+002 -0.603448782049716E+000  0.204903377291573E+001  0.713437095339262E+001 -0.167451030290137E+002 -0.189949584075594E+001 -0.189949584075594E+001
 -0.192554056142829E+002  0.673991822363810E+002 -0.610563442680530E+000  0.210301310761290E+001  0.745969627450644E+001 -0.167451030290137E+002 -0.185756545510067E+001 -0.185756545510067E+001
 -0.192594083784299E+002  0.672301463688015E+002 -0.590900812902202E+000  0.186175403372461E+001  0.544741010749937E+001 -0.167451030290137E+002 -0.182326115769224E+001 -0.182326115769224E+001
 -0.192498803241168E+002  0.676367357192502E+002 -0.615906244102389E+000  0.202108036769275E+001  0.652217066284719E+001 -0.167451030290137E+002 -0.184996443266959E+001 -0.184996443266959E+001
 -0.192473607550970E+002  0.674855016270707E+002 -0.570417950818232E+000  0.163584026126599E+001  0.390913242730029E+001 -0.167451030290137E+002 -0.181547012989169E+001 -0.181547012989169E+001
 -0.192330784810207E+002  0.679138586955937E+002 -0.546006916665454E+000  0.144440546149020E+001  0.269488352503338E+001 -0.167451030290137E+002 -0.190044503789762E+001 -0.190044503789763E+001
 -0.192422471316289E+002  0.676736030809758E+002 -0.570709082489350E+000  0.156848708138125E+001  0.331811293579078E+001 -0.167451030290137E+002 -0.179055234617106E+001 -0.179055234617106E+001
 -0.192570288205275E+002  0.671936412458580E+002 -0.569136279491529E+000  0.172132491548907E+001  0.461677702908823E+001 -0.167451030290137E+002 -0.180953039449526E+001 -0.180953039449526E+001
 -0.192438600667303E+002  0.675932950492575E+002 -0.563333964509845E+000  0.149081322919369E+001  0.278170402484932E+001 -0.167451030290137E+002 -0.189995336401308E+001 -0.189995336401308E+001
 -0.192502876923972E+002  0.674914095346934E+002 -0.588406922640069E+000  0.179316273605703E+001  0.503967942445030E+001 -0.167451030290137E+002 -0.186551318457256E+001 -0.186551318457256E+001
 -0.192483210970667E+002  0.676869813072002E+002 -0.613120894718420E+000  0.189814807905922E+001  0.542782969462192E+001 -0.167451030290137E+002 -0.189640581627725E+001 -0.189640581627725E+001
 -0.192629168201301E+002  0.670644899604690E+002 -0.565803133720765E+000  0.160103203309428E+001  0.371456310093687E+001 -0.167451030290137E+002 -0.190428917690879E+001 -0.190428917690879E+001
 -0.192508230633734E+002  0.675974895282999E+002 -0.616850703399686E+000  0.205725063540277E+001  0.692430388282108E+001 -0.167451030290137E+002 -0.181617118203847E+001 -0.181617118203847E+001
 -0.192587806164209E+002  0.672557343539990E+002 -0.606033381927650E+000  0.194043360866492E+001  0.595760648357218E+001 -0.167451030290137E+002 -0.183604073008099E+001 -0.183604073008099E+001
 -0.192398398772481E+002  0.678012365525270E+002 -0.583569764922555E+000  0.173758239377041E+001  0.453513189341047E+001 -0.167451030290137E+002 -0.174904929588000E+001 -0.174904929588000E+001
 -0.192466678405904E+002  0.675189390588212E+002 -0.578796327080754E+000  0.181927690628829E+001  0.535626158542254E+001 -0.167451030290137E+002 -0.182239491733692E+001 -0.182239491733692E+001
 -0.192496272228393E+002  0.675741911759295E+002 -0.607421586082390E+000  0.194821514462080E+001  0.612692476826011E+001 -0.167451030290137E+002 -0.188035874101198E+001 -0.188035874101197E+001
 -0.192430223930894E+002  0.677100724868235E+002 -0.573579820523406E+000  0.165452944399762E+001  0.392859624175887E+001 -0.167451030290137E+002 -0.174959556730654E+001 -0.174959556730655E+001
 -0.192548865400934E+002  0.673119578166330E+002 -0.580097939396275E+000  0.175435424631225E+001  0.479302210844395E+001 -0.167451030290137E+002 -0.178559804769216E+001 -0.178559804769216E+001
 -0.192413971153083E+002  0.676567982174710E+002 -0.551541834154595E+000  0.143866317612556E+001  0.258754569516685E+001 -0.167451030290137E+002 -0.174028515971748E+001 -0.174028515971748E+001
 -0.192574149137161E+002  0.673372153883233E+002 -0.614065273255758E+000  0.208017626020691E+001  0.725834086425878E+001 -0.167451030290137E+002 -0.184061260393564E+001 -0.184061260393564E+001
 -0.192435029693591E+002  0.678145691678108E+002 -0.603862996785144E+000  0.188409149208427E+001  0.555937021268929E+001 -0.167451030290137E+002 -0.189374181722683E+001 -0.189374181722683E+001
 -0.192427855731453E+002  0.677600121193749E+002 -0.593081908892574E+000  0.175139933379518E+001  0.453278657388758E+001 -0.167451030290137E+002 -0.180880607898467E+001 -0.180880607898467E+001
 -0.192482720459975E+002  0.676258965209845E+002 -0.602174012916064E+000  0.198068069763549E+001  0.650981379987718E+001 -0.167451030290137E+002 -0.184473456323198E+001 -0.184473456323198E+001
 -0.192512170836652E+002  0.675082020928547E+002 -0.600346816785357E+000  0.188996658559940E+001  0.552593456649161E+001 -0.167451030290137E+002 -0.178576717263617E+001 -0.178576717263617E+001
 -0.192435079345603E+002  0.677308347770648E+002 -0.581245509303589E+000  0.172765422198953E+001  0.451582899160945E+001 -0.167451030290137E+002 -0.178981946030222E+001 -0.178981946030222E+001
 -0.192575174372952E+002  0.671654918488392E+002 -0.562110120535482E+000  0.162081052856990E+001  0.386578909539838E+001 -0.167451030290137E+002 -0.177199654153513E+001 -0.177199654153513E+001
 -0.192525139552433E+002  0.674144826214330E+002 -0.595632579494662E+000  0.200649289750654E+001  0.676765222177713E+001 -0.167451030290137E+002 -0.187993706098170E+001 -0.187993706098170E+001
 -0.192347292260870E+002  0.679526009596131E+002 -0.574066765058109E+000  0.166183020210584E+001  0.402199220062145E+001 -0.167451030290137E+002 -0.181263153883544E+001 -0.181263153883544E+001
 -0.192455485536084E+002  0.675924613112309E+002 -0.558084484154062E+000  0.151513183532174E+001  0.299689746691112E+001 -0.167451030290137E+002 -0.186634726993782E+001 -0.186634726993782E+001
 -0.192673388557568E+002  0.668507100328866E+002 -0.552512706058844E+000  0.145626516359848E+001  0.270755704081267E+001 -0.167451030290137E+002 -0.189761459375331E+001 -0.189761459375331E+001
 -0.192469203594828E+002  0.676933792854528E+002 -0.595120033194883E+000  0.176107887277225E+001  0.451916729903550E+001 -0.167451030290137E+002 -0.181790710889211E+001 -0.181790710889211E+001
 -0.192413002612448E+002  0.676267488328181E+002 -0.557611254198645E+000  0.156876474983676E+001  0.348103044729918E+001 -0.167451030290137E+002 -0.183068744670044E+001 -0.183068744670044E+001
 -0.192576939695815E+002  0.673225985515536E+002 -0.610396978443589E+000  0.192787545017836E+001  0.571962772976802E+001 -0.167451030290137E+002 -0.189837565608557E+001 -0.189837565608557E+001
 -0.192392068553288E+002  0.678544566739645E+002 -0.576466036460404E+000  0.166177114539413E+001  0.405816726103122E+001 -0.167451030290137E+002 -0.187109728871953E+001 -0.187109728871953E+001
 -0.192431915501628E+002  0.677364634300969E+002 -0.584751548911488E+000  0.170280291520382E+001  0.416302429048365E+001 -0.167451030290137E+002 -0.174908652548722E+001 -0.174908652548722E+001
 -0.192416830508607E+002  0.677393251196722E+002 -0.578926985689833E+000  0.181553168694416E+001  0.525887520394785E+001 -0.167451030290137E+002 -0.188527006867778E+001 -0.188527006867778E+001
 -0.192496111091386E+002  0.675480505093979E+002 -0.613309952017399E+000  0.208453709127684E+001  0.716981289824589E+001 -0.167451030290137E+002 -0.186900201598824E+001 -0.186900201598824E+001
 -0.192621954223102E+002  0.671699436741918E+002 -0.588627582173897E+000  0.178490370159954E+001  0.486747392725071E+001 -0.167451030290137E+002 -0.182213845531202E+001 -0.182213845531202E+001
 -0.192568315894194E+002  0.674062002389817E+002 -0.619038983808772E+000  0.212314245537812E+001  0.756450111876615E+001 -0.167451030290137E+002 -0.186020814097776E+001 -0.186020814097776E+001
 -0.192568505364094E+002  0.672448517039480E+002 -0.591733520960553E+000  0.190031548050760E+001  0.590645599783464E+001 -0.167451030290137E+002 -0.184073718328073E+001 -0.184073718328073E+001
 -0.192461651344156E+002  0.675397240952705E+002 -0.576530596028881E+000  0.176715361679382E+001  0.491417208591744E+001 -0.167451030290137E+002 -0.177481784064527E+001 -0.177481784064527E+001
 -0.192475121366828E+002  0.675549620007228E+002 -0.571757280982587E+000  0.167792411795382E+001  0.409159853617621E+001 -0.167451030290137E+002 -0.188598569280922E+001 -0.188598569280922E+001
 -0.192618720880475E+002  0.671348666634613E+002 -0.574342636688539E+000  0.164021308957758E+001  0.389159357681392E+001 -0.167451030290137E+002 -0.182983618118013E+001 -0.182983618118013E+001
 -0.192461418778618E+002  0.676469146461371E+002 -0.590264058221377E+000  0.187329420240485E+001  0.570208976588683E+001 -0.167451030290137E+002 -0.182036633954797E+001 -0.182036633954797E+001
 -0.192657636884873E+002  0.670089223817110E+002 -0.573423484021415E+000  0.166217888433279E+001  0.399306589716504E+001 -0.167451030290137E+002 -0.189410796496817E+001 -0.189410796496817E+001
 -0.192509602666744E+002  0.675174094826761E+002 -0.610361127347743E+000  0.201388576693212E+001  0.661396817476829E+001 -0.167451030290137E+002 -0.177225936876965E+001 -0.177225936876965E+001
 -0.192472354215250E+002  0.675184219186245E+002 -0.565851244032979E+000  0.158522227663280E+001  0.353080658415512E+001 -0.167451030290137E+002 -0.167993409988018E+001 -0.167993409988018E+001
 -0.192397861937753E+002  0.678036470818212E+002 -0.586066385354638E+000  0.179375747425175E+001  0.494670596951445E+001 -0.167451030290137E+002 -0.176149543398617E+001 -0.176149543398617E+001
 -0.192583834600543E+002  0.670458889090844E+002 -0.534822254021444E+000  0.137935189171541E+001  0.232759030295779E+001 -0.167451030290137E+002 -0.189607191335330E+001 -0.189607191335330E+001
 -0.192381339249314E+002  0.677361724640496E+002 -0.558373675206204E+000  0.154913905577622E+001  0.327893508915422E+001 -0.167451030290137E+002 -0.188665305336865E+001 -0.188665305336865E+001
 -0.192464709602467E+002  0.676740458459559E+002 -0.619345334582110E+000  0.215481837815235E+001  0.780690226731929E+001 -0.167451030290137E+002 -0.184536057372039E+001 -0.184536057372039E+001
 -0.192505826366469E+002  0.674963568231035E+002 -0.595915343411490E+000  0.194012265485760E+001  0.610016408520077E+001 -0.167451030290137E+002 -0.178906865394953E+001 -0.178906865394953E+001
 -0.192653158781717E+002  0.670682378984500E+002 -0.592205892371710E+000  0.179194210934924E+001  0.480350148522115E+001 -0.167451030290137E+002 -0.187546710470720E+001 -0.187546710470720E+001
 -0.192501846683638E+002  0.674050740815367E+002 -0.570206467247424E+000  0.161240166957576E+001  0.368437912586512E+001 -0.167451030290137E+002 -0.175614746251193E+001 -0.175614746251193E+001
 -0.192387727212272E+002  0.679423639139410E+002 -0.618031645576858E+000  0.208568368774869E+001  0.712244079743058E+001 -0.167451030290137E+002 -0.189333719032021E+001 -0.189333719032021E+001
 -0.192461598395097E+002  0.677260422105118E+002 -0.612365851203214E+000  0.204766435182838E+001  0.682230926256302E+001 -0.167451030290137E+002 -0.188897711975017E+001 -0.188897711975017E+001
 -0.192490131238409E+002  0.675253833437837E+002 -0.590427884173978E+000  0.177713372276379E+001  0.467044138251744E+001 -0.167451030290137E+002 -0.181588458977319E+001 -0.181588458977319E+001
 -0.192432011338955E+002  0.675907603038209E+002 -0.572602706970374E+000  0.172218744222809E+001  0.453340423469004E+001 -0.167451030290137E+002 -0.187870077991823E+001 -0.187870077991823E+001
 -0.192519881719794E+002  0.675264992529063E+002 -0.600181024968315E+000  0.189856449726824E+001  0.567851677308147E+001 -0.167451030290137E+002 -0.178531127818998E+001 -0.178531127818998E+001
 -0.192511461061192E+002  0.674580980727492E+002 -0.589097750099626E+000  0.183955567227559E+001  0.527397760222290E+001 -0.167451030290137E+002 -0.174690391682277E+001 -0.174690391682277E+001
 -0.192568775052428E+002  0.673005529912124E+002 -0.596612486499153E+000  0.188498877452350E+001  0.553939895586626E+001 -0.167451030290137E+002 -0.181818227006455E+001 -0.181818227006455E+001
 -0.192472571165029E+002  0.676080604759318E+002 -0.591927781179490E+000  0.188446947390808E+001  0.574194132669825E+001 -0.167451030290137E+002 -0.175515195033537E+001 -0.175515195033537E+001
 -0.192576428648821E+002  0.671274008464383E+002 -0.556055066171739E+000  0.152542709444277E+001  0.312710713807485E+001 -0.167451030290137E+002 -0.183440655039878E+001 -0.183440655039878E+001
 -0.192550380861894E+002  0.674134658540487E+002 -0.600122019929352E+000  0.181238041124386E+001  0.492683594828188E+001 -0.167451030290137E+002 -0.178510447535525E+001 -0.178510447535525E+001
 -0.192442133347884E+002  0.677578889266505E+002 -0.620877157505741E+000  0.219150937649971E+001  0.824935872002929E+001 -0.167451030290137E+002 -0.185256562054898E+001 -0.185256562054898E+001
 -0.192423088937372E+002  0.677009407139801E+002 -0.581192813980601E+000  0.171690022874871E+001  0.431664300837711E+001 -0.167451030290137E+002 -0.178708939530143E+001 -0.178708939530143E+001
 -0.192459586703547E+002  0.676907770085772E+002 -0.584024921662185E+000  0.166479184597625E+001  0.388196006086091E+001 -0.167451030290137E+002 -0.179297539989769E+001 -0.179297539989769E+001
 -0.192423068820107E+002  0.677001550578617E+002 -0.581936529287575E+000  0.177034865381929E+001  0.481936423939216E+001 -0.167451030290137E+002 -0.173722099750183E+001 -0.173722099750183E+001
 -0.192551580810563E+002  0.673612603987274E+002 -0.594307551996768E+000  0.184161580069465E+001  0.527849192527239E+001 -0.167451030290137E+002 -0.171703513212257E+001 -0.171703513212258E+001
 -0.192595241015439E+002  0.671965058417372E+002 -0.601270650105337E+000  0.200625193609291E+001  0.670668014132715E+001 -0.167451030290137E+002 -0.184342857704710E+001 -0.184342857704711E+001
 -0.192533651719678E+002  0.675290158514475E+002 -0.622164032874461E+000  0.217353443644953E+001  0.804209016284612E+001 -0.167451030290137E+002 -0.189779714744103E+001 -0.189779714744103E+001
 -0.192506842425095E+002  0.674263919926431E+002 -0.590290482034439E+000  0.198803687659193E+001  0.680546634450269E+001 -0.167451030290137E+002 -0.190129346901511E+001 -0.190129346901510E+001
 -0.192478290306679E+002  0.675825217823223E+002 -0.611698926449463E+000  0.212931175019515E+001  0.775405832337998E+001 -0.167451030290137E+002 -0.184401851617729E+001 -0.184401851617729E+001
 -0.192497346114109E+002  0.675015353858447E+002 -0.569455102601686E+000  0.162681712435837E+001  0.382870315043434E+001 -0.167451030290137E+002 -0.174843047185408E+001 -0.174843047185408E+001
 -0.192477303221694E+002  0.675130393378370E+002 -0.590185217232034E+000  0.180030894498410E+001  0.496656868217522E+001 -0.167451030290137E+002 -0.189371663758054E+001 -0.189371663758054E+001
 -0.192438345895700E+002  0.676419112393550E+002 -0.553265010810204E+000  0.148808236286227E+001  0.289662362244481E+001 -0.167451030290137E+002 -0.183115647385259E+001 -0.183115647385259E+001
 -0.192531404914948E+002  0.673933594008810E+002 -0.580189716079322E+000  0.161766291252087E+001  0.355081234647596E+001 -0.167451030290137E+002 -0.177456015195324E+001 -0.177456015195324E+001
 -0.192444031559928E+002  0.677273673486675E+002 -0.591720193108344E+000  0.171427428720145E+001  0.412685360938497E+001 -0.167451030290137E+002 -0.187537855990230E+001 -0.187537855990230E+001
 -0.192523112937309E+002  0.673427887554044E+002 -0.575264428146188E+000  0.170081639716706E+001  0.425129541715073E+001 -0.167451030290137E+002 -0.184220222844797E+001 -0.184220222844797E+001
 -0.192528689371477E+002  0.674578318052092E+002 -0.587795947249883E+000  0.172793663664671E+001  0.442670929916149E+001 -0.167451030290137E+002 -0.176749611272740E+001 -0.176749611272740E+001
 -0.192466213120901E+002  0.676971167926946E+002 -0.605968588405447E+000  0.193460513059530E+001  0.595951687482525E+001 -0.167451030290137E+002 -0.178427244960626E+001 -0.178427244960626E+001
 -0.192419934183490E+002  0.677660024032155E+002 -0.596235919620321E+000  0.178885355066645E+001  0.470845067779442E+001 -0.167451030290137E+002 -0.187292328696789E+001 -0.187292328696789E+001
 -0.192488252996046E+002  0.675406106991297E+002 -0.576055185215852E+000  0.165360528983450E+001  0.388560894955296E+001 -0.167451030290137E+002 -0.171256948800043E+001 -0.171256948800043E+001
 -0.192559318501439E+002  0.672780394412428E+002 -0.560048438084587E+000  0.150822228900089E+001  0.307780386940064E+001 -0.167451030290137E+002 -0.186290171247759E+001 -0.186290171247759E+001
 -0.192479317082032E+002  0.676116029939437E+002 -0.609720177578903E+000  0.214898552984967E+001  0.802371624492847E+001 -0.167451030290137E+002 -0.187521962356674E+001 -0.187521962356674E+001
 -0.192561546544205E+002  0.673928432075449E+002 -0.605086312392675E+000  0.186605295451061E+001  0.538107892542313E+001 -0.167451030290137E+002 -0.188975352168503E+001 -0.188975352168503E+001
 -0.192457470346295E+002  0.676076783399793E+002 -0.593533711802534E+000  0.183400476823354E+001  0.528145826035009E+001 -0.167451030290137E+002 -0.188396951310397E+001 -0.188396951310397E+001
 -0.192531132321344E+002  0.673008746474239E+002 -0.566092721355781E+000  0.162043654619558E+001  0.378641379833368E+001 -0.167451030290137E+002 -0.173505194085376E+001 -0.173505194085377E+001
 -0.192432731326945E+002  0.677207895005069E+002 -0.582545690117335E+000  0.170718507658504E+001  0.432571610931221E+001 -0.167451030290137E+002 -0.174795279344687E+001 -0.174795279344687E+001
 -0.192505098391985E+002  0.674897831535663E+002 -0.577281095306625E+000  0.170993917250240E+001  0.435310026552733E+001 -0.167451030290137E+002 -0.173453563849442E+001 -0.173453563849442E+001
 -0.192495625405676E+002  0.674896690989097E+002 -0.577652238674480E+000  0.177666412403355E+001  0.493743311207615E+001 -0.167451030290137E+002 -0.176884872169168E+001 -0.176884872169168E+001
 -0.192527788798393E+002  0.674118089205293E+002 -0.571974137886838E+000  0.172155658170393E+001  0.458721027325142E+001 -0.167451030290137E+002 -0.189375619179072E+001 -0.189375619179073E+001
 -0.192571494015454E+002  0.672838644326134E+002 -0.575532766752035E+000  0.165610959335947E+001  0.404998343987370E+001 -0.167451030290137E+002 -0.188972084701765E+001 -0.188972084701765E+001
 -0.192467561730197E+002  0.677303661205604E+002 -0.613636193785392E+000  0.196667094779352E+001  0.606763468692586E+001 -0.167451030290137E+002 -0.183385171594272E+001 -0.183385171594272E+001
 -0.192519654800019E+002  0.675559375725670E+002 -0.606060188416885E+000  0.186146012544061E+001  0.518450515204798E+001 -0.167451030290137E+002 -0.187190443022389E+001 -0.187190443022389E+001
 -0.192475008058553E+002  0.676668988575026E+002 -0.621005970078768E+000  0.220760195626161E+001  0.835911068902469E+001 -0.167451030290137E+002 -0.185671014654803E+001 -0.185671014654802E+001
 -0.192484296909570E+002  0.674508738764113E+002 -0.575713159293475E+000  0.180830498324140E+001  0.525631272433607E+001 -0.167451030290137E+002 -0.184964833129526E+001 -0.184964833129526E+001
 -0.192499042924729E+002  0.674603512085116E+002 -0.583318783140323E+000  0.179608483740253E+001  0.500974034732474E+001 -0.167451030290137E+002 -0.172362396419022E+001 -0.172362396419022E+001
 -0.192591060562644E+002  0.672847114128002E+002 -0.610006575392002E+000  0.204504824564657E+001  0.701357086672783E+001 -0.167451030290137E+002 -0.188422593519737E+001 -0.188422593519737E+001
 -0.192458037861588E+002  0.677383170494955E+002 -0.617222124418969E+000  0.213352634850389E+001  0.775463265955194E+001 -0.167451030290137E+002 -0.188562485585188E+001 -0.188562485585188E+001
 -0.192458627184491E+002  0.676430689303476E+002 -0.586117758015763E+000  0.174449158879998E+001  0.450763143144188E+001 -0.167451030290137E+002 -0.170256262783246E+001 -0.170256262783246E+001
 -0.192422049750368E+002  0.677249613615155E+002 -0.574970492934303E+000  0.170287143414292E+001  0.426948540249306E+001 -0.167451030290137E+002 -0.185599988765824E+001 -0.185599988765824E+001
 -0.192453968732382E+002  0.676935887468358E+002 -0.612302822219058E+000  0.213248174608121E+001  0.788096106314238E+001 -0.167451030290137E+002 -0.189460019906066E+001 -0.189460019906067E+001
 -0.192529163152497E+002  0.672841746746843E+002 -0.539899704041443E+000  0.139006730672462E+001  0.236034739829381E+001 -0.167451030290137E+002 -0.177496402349591E+001 -0.177496402349592E+001
 -0.192561154328362E+002  0.672981763741556E+002 -0.560976732260012E+000  0.144318771578670E+001  0.251908495618352E+001 -0.167451030290137E+002 -0.178480483395818E+001 -0.178480483395818E+001
 -0.192469803653245E+002  0.676940744508899E+002 -0.604594359864766E+000  0.192578390403686E+001  0.585367359002625E+001 -0.167451030290137E+002 -0.179090064977356E+001 -0.179090064977356E+001
 -0.192423315882211E+002  0.677419383184050E+002 -0.584337497671054E+000  0.176349209973687E+001  0.477555538827885E+001 -0.167451030290137E+002 -0.174535037113559E+001 -0.174535037113559E+001
 -0.192662182335318E+002  0.669278269705711E+002 -0.554428524104319E+000  0.148616424512599E+001  0.286598295664737E+001 -0.167451030290137E+002 -0.189716622192616E+001 -0.189716622192616E+001
 -0.192653837934904E+002  0.668954341284087E+002 -0.550703579413839E+000  0.143539192218475E+001  0.259863066090509E+001 -0.167451030290137E+002 -0.190341332044573E+001 -0.190341332044573E+001
 -0.192462571023138E+002  0.676754898551750E+002 -0.617621180608620E+000  0.219610445460312E+001  0.839018912788208E+001 -0.167451030290137E+002 -0.186001019580646E+001 -0.186001019580646E+001
 -0.192576950713356E+002  0.673533499708488E+002 -0.617221924335387E+000  0.211943203690529E+001  0.745862740425255E+001 -0.167451030290137E+002 -0.188125997814949E+001 -0.188125997814949E+001
 -0.192452143166920E+002  0.675977255089247E+002 -0.550628919431592E+000  0.141436489316789E+001  0.241324982602681E+001 -0.167451030290137E+002 -0.176944306983540E+001 -0.176944306983540E+001
