 -0.192793221965425E+002  0.721265599706064E+002 -0.446151717511689E+000  0.624132357420146E+000 -0.645465660584080E+000 -0.156952809045150E+002 -0.746300573765581E+003 -0.746300573765581E+003 -0.746499903073088E+003
 -0.192709762929639E+002  0.726580613799234E+002 -0.512940050037198E+000  0.111125399206103E+001  0.544611543123580E+000 -0.156952809045150E+002 -0.746345296123333E+003 -0.746345296123333E+003 -0.746732011008254E+003
 -0.192565607958233E+002  0.730970989169579E+002 -0.484650081597333E+000  0.944599960309832E+000  0.235869244896577E+000 -0.156952809045150E+002 -0.746407566148105E+003 -0.746407566148105E+003 -0.746519463726424E+003
 -0.192756611241373E+002  0.725184966187045E+002 -0.506919862727255E+000  0.984833019539435E+000  0.133783950264430E+000 -0.156952809045150E+002 -0.746327173799258E+003 -0.746327173799258E+003 -0.747704252741352E+003
 -0.192743226306344E+002  0.726124983933222E+002 -0.511256080956945E+000  0.951683367687403E+000 -0.969857463428951E-001 -0.156952809045150E+002 -0.746283227493615E+003 -0.746283227493615E+003 -0.746412788812478E+003
 -0.192688635201095E+002  0.726424924903166E+002 -0.486082537371610E+000  0.836064431206429E+000 -0.384152634382303E+000 -0.156952809045150E+002 -0.746156582233392E+003 -0.746156582233392E+003 -0.747097600028076E+003
 -0.192452089507034E+002  0.733226289307702E+002 -0.440245832142815E+000  0.613184439264908E+000 -0.562363905954101E+000 -0.156952809045150E+002 -0.746147573853239E+003 -0.746147573853239E+003 -0.746491317439612E+003
 -0.192513329447693E+002  0.733189083211965E+002 -0.517157891154781E+000  0.114778642675230E+001  0.709129320007861E+000 -0.156952809045150E+002 -0.746386540905238E+003 -0.746386540905238E+003 -0.746478437956572E+003
 -0.192634526262942E+002  0.727660270257730E+002 -0.448136476385784E+000  0.638476289922306E+000 -0.634051462576039E+000 -0.156952809045150E+002 -0.746078874393766E+003 -0.746078874393766E+003 -0.746540209910328E+003
 -0.192637583371193E+002  0.729568878387789E+002 -0.508781563170790E+000  0.947446121459491E+000  0.357940332153248E-001 -0.156952809045150E+002 -0.746263470336153E+003 -0.746263470336153E+003 -0.746676840253174E+003
 -0.192730292262822E+002  0.726541910929220E+002 -0.515069030397119E+000  0.994405082939459E+000  0.135898457633601E+000 -0.156952809045150E+002 -0.746354534595927E+003 -0.746354534595927E+003 -0.746543107269775E+003
 -0.192711120982821E+002  0.725208118073179E+002 -0.466623721482543E+000  0.757519837612362E+000 -0.456083373554605E+000 -0.156952809045150E+002 -0.746073922080761E+003 -0.746073922080761E+003 -0.746777443185981E+003
 -0.192499784970093E+002  0.734385191000560E+002 -0.509020613622295E+000  0.104487611522735E+001  0.326712112004131E+000 -0.156952809045150E+002 -0.746403464551369E+003 -0.746403464551369E+003 -0.746463383789227E+003
 -0.192539771895694E+002  0.732128099872961E+002 -0.483949683150906E+000  0.665425095363421E+000 -0.508791820896121E+000 -0.156952809045150E+002 -0.746350972685459E+003 -0.746350972685459E+003 -0.746660657153882E+003
 -0.192707545058128E+002  0.725404391658615E+002 -0.472541121576202E+000  0.726721241551111E+000 -0.518804220981551E+000 -0.156952809045150E+002 -0.746032852175358E+003 -0.746032852175358E+003 -0.746436052564333E+003
 -0.192563244437451E+002  0.730981020781817E+002 -0.503532841278185E+000  0.107794589007247E+001  0.701898968844603E+000 -0.156952809045150E+002 -0.746383052850845E+003 -0.746383052850845E+003 -0.746443045009976E+003
 -0.192476140968493E+002  0.734280739659343E+002 -0.492212291822961E+000  0.732462701557818E+000 -0.522473220140597E+000 -0.156952809045150E+002 -0.746370400295760E+003 -0.746370400295760E+003 -0.746838494585539E+003
 -0.192680020536781E+002  0.727490136735283E+002 -0.504039084352784E+000  0.101328786243551E+001  0.211507556244726E+000 -0.156952809045150E+002 -0.746214242273085E+003 -0.746214242273085E+003 -0.747669278159990E+003
 -0.192669815717855E+002  0.726975856271744E+002 -0.464929909425943E+000  0.721313450663472E+000 -0.463291615271018E+000 -0.156952809045150E+002 -0.746012182047333E+003 -0.746012182047333E+003 -0.746420680264693E+003
 -0.192571955720802E+002  0.730170727180449E+002 -0.468572555077906E+000  0.741197868475389E+000 -0.344652696394121E+000 -0.156952809045150E+002 -0.746251149544426E+003 -0.746251149544426E+003 -0.746423786454482E+003
 -0.192737793401267E+002  0.726015307572994E+002 -0.468419025594610E+000  0.655709487306212E+000 -0.599817865642578E+000 -0.156952809045150E+002 -0.746215685568902E+003 -0.746215685568902E+003 -0.746425623529759E+003
 -0.192512867257992E+002  0.733294183403794E+002 -0.506330128697478E+000  0.943989832916316E+000 -0.836182563276111E-003 -0.156952809045150E+002 -0.746280888002948E+003 -0.746280888002948E+003 -0.746840409977880E+003
 -0.192596760935478E+002  0.730570938442651E+002 -0.488612940266109E+000  0.833772914343226E+000 -0.436062830762182E+000 -0.156952809045150E+002 -0.746299763766044E+003 -0.746299763766044E+003 -0.746505806869687E+003
 -0.192675371542526E+002  0.724863480775704E+002 -0.429308135997055E+000  0.610856910115999E+000 -0.631888377289243E+000 -0.156952809045150E+002 -0.746327367790858E+003 -0.746327367790858E+003 -0.746533056099513E+003
 -0.192564170326946E+002  0.729805570936414E+002 -0.481896667657163E+000  0.923771440376997E+000  0.523795763357811E-001 -0.156952809045150E+002 -0.746362589707193E+003 -0.746362589707193E+003 -0.746534522411347E+003
 -0.192556284690569E+002  0.731808970022812E+002 -0.487295571172244E+000  0.907792117281543E+000  0.366728590599479E-001 -0.156952809045150E+002 -0.746358519907260E+003 -0.746358519907260E+003 -0.746660745689243E+003
 -0.192570646307862E+002  0.729578092449158E+002 -0.464026185084163E+000  0.813618875357028E+000 -0.255229641608054E+000 -0.156952809045150E+002 -0.746243248375481E+003 -0.746243248375481E+003 -0.746790572805821E+003
 -0.192826345307818E+002  0.720363253325024E+002 -0.432493756490159E+000  0.516051291935621E+000 -0.535377543134359E+000 -0.156952809045150E+002 -0.746338770361007E+003 -0.746338770361007E+003 -0.746477092109740E+003
 -0.192435462362614E+002  0.735336057328614E+002 -0.472128513237489E+000  0.751337515462365E+000 -0.384870853555555E+000 -0.156952809045150E+002 -0.746247606496429E+003 -0.746247606496429E+003 -0.747276096519890E+003
 -0.192689677210682E+002  0.727204036752739E+002 -0.488384133502649E+000  0.905873030675081E+000 -0.214962444533782E+000 -0.156952809045150E+002 -0.746365287032755E+003 -0.746365287032755E+003 -0.746512930332344E+003
 -0.192699662386787E+002  0.726508409775843E+002 -0.507499437815372E+000  0.101710148934873E+001  0.772348969741756E-001 -0.156952809045150E+002 -0.746386717320076E+003 -0.746386717320076E+003 -0.746432922617881E+003
 -0.192812097251275E+002  0.723401876891612E+002 -0.477684402026804E+000  0.675110713030924E+000 -0.508186677105058E+000 -0.156952809045150E+002 -0.746314692140951E+003 -0.746314692140951E+003 -0.746438655261122E+003
 -0.192540901103533E+002  0.731930462223667E+002 -0.481519144735983E+000  0.662922028209643E+000 -0.531706594185451E+000 -0.156952809045150E+002 -0.746185290839754E+003 -0.746185290839754E+003 -0.746848990724433E+003
 -0.192754873686616E+002  0.724257074511815E+002 -0.483047874228187E+000  0.886265151939075E+000 -0.549161965104332E-001 -0.156952809045150E+002 -0.746340454427474E+003 -0.746340454427474E+003 -0.746490627549828E+003
 -0.192454906721504E+002  0.733165621793858E+002 -0.452352470959980E+000  0.716903197342064E+000 -0.469636148317079E+000 -0.156952809045150E+002 -0.746271071109846E+003 -0.746271071109846E+003 -0.746466167519878E+003
 -0.192424806598717E+002  0.735259261441056E+002 -0.469769930922318E+000  0.780279710931304E+000 -0.443733930440288E+000 -0.156952809045150E+002 -0.746324732827917E+003 -0.746324732827917E+003 -0.746456331789055E+003
 -0.192621810714414E+002  0.728227888125292E+002 -0.480921790068745E+000  0.826498592021617E+000 -0.452838642746869E+000 -0.156952809045150E+002 -0.746348795247775E+003 -0.746348795247775E+003 -0.747707727144210E+003
 -0.192577492297261E+002  0.731337387060471E+002 -0.505666732961487E+000  0.108140387323685E+001  0.485393030428554E+000 -0.156952809045150E+002 -0.746391772693019E+003 -0.746391772693019E+003 -0.746417211612750E+003
 -0.192517771688299E+002  0.732930185844821E+002 -0.495819566020095E+000  0.964901160504564E+000 -0.464144366099077E-001 -0.156952809045150E+002 -0.746370297777790E+003 -0.746370297777790E+003 -0.746589678265336E+003
 -0.192768793983385E+002  0.723330213546965E+002 -0.465076615592227E+000  0.648692223697288E+000 -0.650099669465533E+000 -0.156952809045150E+002 -0.746303778287182E+003 -0.746303778287182E+003 -0.746467181050872E+003
 -0.192637539541924E+002  0.727792854865065E+002 -0.470196481611225E+000  0.776165427603849E+000 -0.424722458277429E+000 -0.156952809045150E+002 -0.746018607880419E+003 -0.746018607880419E+003 -0.746449727932799E+003
 -0.192553755395532E+002  0.732805873313701E+002 -0.510356662904606E+000  0.102098149289636E+001  0.253650783606432E+000 -0.156952809045150E+002 -0.746344108899706E+003 -0.746344108899706E+003 -0.746572354264251E+003
 -0.192599057783536E+002  0.730976363236115E+002 -0.521692559817940E+000  0.108071007829879E+001  0.509111811943910E+000 -0.156952809045150E+002 -0.746360083841154E+003 -0.746360083841154E+003 -0.746689246566926E+003
 -0.192623648904438E+002  0.730608651354561E+002 -0.522760755808862E+000  0.109453438388210E+001  0.586021029974830E+000 -0.156952809045150E+002 -0.746391879445454E+003 -0.746391879445454E+003 -0.746760517186544E+003
 -0.192767133873120E+002  0.723673792543421E+002 -0.486457595869087E+000  0.841496503908910E+000 -0.338274832861700E+000 -0.156952809045150E+002 -0.746276782276081E+003 -0.746276782276081E+003 -0.746718417078676E+003
 -0.192630603856724E+002  0.728145064721585E+002 -0.493965553900233E+000  0.928059020638758E+000 -0.975721682694370E-001 -0.156952809045150E+002 -0.746293347454454E+003 -0.746293347454454E+003 -0.746436974259910E+003
 -0.192608632548686E+002  0.730464653339336E+002 -0.481140432874282E+000  0.638126737846289E+000 -0.609621133354082E+000 -0.156952809045150E+002 -0.746222342015035E+003 -0.746222342015035E+003 -0.747081227225417E+003
 -0.192657706772701E+002  0.727520987051727E+002 -0.481949368030188E+000  0.784757852651154E+000 -0.317326597575772E+000 -0.156952809045150E+002 -0.746247698951520E+003 -0.746247698951520E+003 -0.746786163419780E+003
 -0.192483557144845E+002  0.734078662442364E+002 -0.476565078495616E+000  0.763111366526131E+000 -0.308836197300096E+000 -0.156952809045150E+002 -0.746385003931245E+003 -0.746385003931245E+003 -0.746473158976093E+003
 -0.192690424510359E+002  0.725264238513143E+002 -0.451086726483619E+000  0.665173970419318E+000 -0.572905743529020E+000 -0.156952809045150E+002 -0.745999790570376E+003 -0.745999790570376E+003 -0.746449025269569E+003
 -0.192536967163904E+002  0.730077987758859E+002 -0.446988030802997E+000  0.655928195697370E+000 -0.582790950284064E+000 -0.156952809045150E+002 -0.746049009874770E+003 -0.746049009874770E+003 -0.746626297326382E+003
 -0.192577391749576E+002  0.730409601017077E+002 -0.500797668681415E+000  0.102832898384756E+001  0.434361462865198E+000 -0.156952809045150E+002 -0.746322336359908E+003 -0.746322336359908E+003 -0.746544569384763E+003
 -0.192743139755977E+002  0.726738125834985E+002 -0.515888927637292E+000  0.952975633258061E+000 -0.101271140514228E+000 -0.156952809045150E+002 -0.746366224646752E+003 -0.746366224646752E+003 -0.746636867757106E+003
 -0.192577535166010E+002  0.731146460625238E+002 -0.510410483329583E+000  0.979965284958583E+000  0.878807143216420E-001 -0.156952809045150E+002 -0.746257738835931E+003 -0.746257738835931E+003 -0.746761122191182E+003
 -0.192431752661145E+002  0.734574353295556E+002 -0.452017619582284E+000  0.677771639114563E+000 -0.514851996577335E+000 -0.156952809045150E+002 -0.746244117135999E+003 -0.746244117135999E+003 -0.746681637522784E+003
 -0.192652020578488E+002  0.728571255293430E+002 -0.493682976118142E+000  0.807768323902776E+000 -0.276249791560403E+000 -0.156952809045150E+002 -0.746345311531454E+003 -0.746345311531454E+003 -0.746414400486900E+003
 -0.192732178321035E+002  0.724332398571915E+002 -0.446726737854460E+000  0.673312184462879E+000 -0.511159489022674E+000 -0.156952809045150E+002 -0.746342012920717E+003 -0.746342012920717E+003 -0.746624218577141E+003
 -0.192577341089098E+002  0.729187369952256E+002 -0.471805516707358E+000  0.854857483465659E+000 -0.163009874719023E+000 -0.156952809045150E+002 -0.746276012048417E+003 -0.746276012048417E+003 -0.746421398638884E+003
 -0.192617281276044E+002  0.729846791407795E+002 -0.471968603782678E+000  0.709691798679442E+000 -0.465414791233712E+000 -0.156952809045150E+002 -0.746154834210084E+003 -0.746154834210084E+003 -0.746747385263805E+003
 -0.192561162168027E+002  0.731222483205043E+002 -0.503196110592383E+000  0.950027943338828E+000  0.953407681873415E-001 -0.156952809045150E+002 -0.746378227901115E+003 -0.746378227901115E+003 -0.746555729654973E+003
 -0.192728865390659E+002  0.724275765384256E+002 -0.441805171846964E+000  0.606811163895811E+000 -0.651014370630804E+000 -0.156952809045150E+002 -0.746177656603848E+003 -0.746177656603848E+003 -0.746567254752070E+003
 -0.192607354096197E+002  0.730315712283869E+002 -0.484667039438450E+000  0.713490515090227E+000 -0.557584276425303E+000 -0.156952809045150E+002 -0.745989553969944E+003 -0.745989553969944E+003 -0.746487194503885E+003
 -0.192782095208972E+002  0.724165799833718E+002 -0.489211899289975E+000  0.763843338962045E+000 -0.483534205905741E+000 -0.156952809045150E+002 -0.746164728171879E+003 -0.746164728171879E+003 -0.746612826265754E+003
 -0.192780632725523E+002  0.724523536691169E+002 -0.499410523406394E+000  0.822154471237306E+000 -0.355026725559682E+000 -0.156952809045150E+002 -0.746310656665076E+003 -0.746310656665076E+003 -0.746486296166827E+003
 -0.192550873878762E+002  0.730817157944973E+002 -0.473400272598554E+000  0.679115007315449E+000 -0.477995900072941E+000 -0.156952809045150E+002 -0.746338168737244E+003 -0.746338168737244E+003 -0.746464592109986E+003
 -0.192681620152616E+002  0.728717476170068E+002 -0.500922168650664E+000  0.885250735987327E+000 -0.245656994873215E+000 -0.156952809045150E+002 -0.746353694060900E+003 -0.746353694060900E+003 -0.746467078495912E+003
 -0.192735098689314E+002  0.722821172922416E+002 -0.422587895017721E+000  0.510166395066044E+000 -0.549399219892862E+000 -0.156952809045150E+002 -0.746195037568681E+003 -0.746195037568681E+003 -0.746646809607674E+003
 -0.192574186736074E+002  0.731088254510658E+002 -0.501018910579023E+000  0.913995770451860E+000 -0.277541580400239E+000 -0.156952809045150E+002 -0.746324912469841E+003 -0.746324912469841E+003 -0.746708250598500E+003
 -0.192531561930343E+002  0.733274458131430E+002 -0.520171637630809E+000  0.103636797517838E+001  0.218955253420646E+000 -0.156952809045150E+002 -0.746322078824071E+003 -0.746322078824071E+003 -0.746558884958074E+003
 -0.192683328978545E+002  0.727237288255993E+002 -0.505937037640124E+000  0.100700658151277E+001  0.247183948618385E+000 -0.156952809045150E+002 -0.746288527487415E+003 -0.746288527487415E+003 -0.746766350412378E+003
 -0.192454494939437E+002  0.733754761716685E+002 -0.477614942693734E+000  0.762885134092705E+000 -0.461039370688610E+000 -0.156952809045150E+002 -0.746302689796955E+003 -0.746302689796955E+003 -0.746483560639031E+003
 -0.192480208558732E+002  0.733160770078813E+002 -0.474873198169066E+000  0.872021383619294E+000 -0.187899788285449E+000 -0.156952809045150E+002 -0.746331696806185E+003 -0.746331696806185E+003 -0.746458720891292E+003
 -0.192598115300899E+002  0.730315334713954E+002 -0.475322553849149E+000  0.654706007322702E+000 -0.594936521336209E+000 -0.156952809045150E+002 -0.745904795141664E+003 -0.745904795141664E+003 -0.746611678625933E+003
 -0.192411589729198E+002  0.736710834383501E+002 -0.477142216965904E+000  0.676619858660432E+000 -0.535799765114149E+000 -0.156952809045150E+002 -0.746153927473426E+003 -0.746153927473426E+003 -0.746431452349387E+003
 -0.192675294714188E+002  0.728289030079234E+002 -0.501451419259832E+000  0.917858775661254E+000  0.266435814068586E-001 -0.156952809045150E+002 -0.746366190940793E+003 -0.746366190940793E+003 -0.746413525449916E+003
 -0.192632374386066E+002  0.730114316347589E+002 -0.518438013071273E+000  0.105447968372507E+001  0.391231276338232E+000 -0.156952809045150E+002 -0.746309436906679E+003 -0.746309436906679E+003 -0.746940517667998E+003
 -0.192637728096176E+002  0.728922707857677E+002 -0.492491757787686E+000  0.968469271056367E+000  0.145773422531903E-001 -0.156952809045150E+002 -0.746364545849597E+003 -0.746364545849597E+003 -0.746475701972745E+003
 -0.192545148741883E+002  0.732546739253071E+002 -0.517397041168211E+000  0.117192762398164E+001  0.989147745336410E+000 -0.156952809045150E+002 -0.746370402542695E+003 -0.746370402542695E+003 -0.746605122072830E+003
 -0.192827609249949E+002  0.721366219870413E+002 -0.460430836700865E+000  0.659754698349464E+000 -0.643491602427972E+000 -0.156952809045150E+002 -0.746311294204462E+003 -0.746311294204462E+003 -0.746415495127392E+003
 -0.192783523005968E+002  0.721759385171995E+002 -0.431244125518527E+000  0.557482989852379E+000 -0.660914702968043E+000 -0.156952809045150E+002 -0.746357256972872E+003 -0.746357256972872E+003 -0.746485330703885E+003
 -0.192612377789528E+002  0.729732470776466E+002 -0.492017744436509E+000  0.863407555777995E+000 -0.271253924590297E+000 -0.156952809045150E+002 -0.746041376496837E+003 -0.746041376496837E+003 -0.746431757783998E+003
 -0.192625973647706E+002  0.728875761247547E+002 -0.461185250619249E+000  0.627726809919599E+000 -0.566254697849331E+000 -0.156952809045150E+002 -0.745812076258373E+003 -0.745812076258373E+003 -0.746487900759934E+003
 -0.192511724208989E+002  0.730482110206620E+002 -0.435763457275861E+000  0.651348698453159E+000 -0.564116981301538E+000 -0.156952809045150E+002 -0.746332862966535E+003 -0.746332862966535E+003 -0.746784604126573E+003
 -0.192730426999365E+002  0.724604313648817E+002 -0.451471063817752E+000  0.596756021134356E+000 -0.648490683816306E+000 -0.156952809045150E+002 -0.746060621077022E+003 -0.746060621077022E+003 -0.746505540849306E+003
 -0.192648635264657E+002  0.725694008297981E+002 -0.451427336320845E+000  0.698463081180158E+000 -0.573657299539377E+000 -0.156952809045150E+002 -0.746407371136748E+003 -0.746407371136748E+003 -0.746442041667826E+003
 -0.192596610245239E+002  0.730454052458591E+002 -0.510810427479059E+000  0.106426315380555E+001  0.307318459757539E+000 -0.156952809045150E+002 -0.746269928546562E+003 -0.746269928546562E+003 -0.747056144170623E+003
 -0.192503234486566E+002  0.732691015774205E+002 -0.484897571034063E+000  0.807243901574608E+000 -0.421471478140958E+000 -0.156952809045150E+002 -0.746159889945130E+003 -0.746159889945130E+003 -0.746502694667515E+003
 -0.192652966038667E+002  0.729654738718521E+002 -0.512435182419287E+000  0.101012718122342E+001  0.190820359737558E+000 -0.156952809045150E+002 -0.746342862350038E+003 -0.746342862350038E+003 -0.746479657821838E+003
 -0.192798857156240E+002  0.722069862665808E+002 -0.467456720683062E+000  0.651754910656875E+000 -0.574538629017539E+000 -0.156952809045150E+002 -0.746285445584855E+003 -0.746285445584855E+003 -0.746434973859463E+003
 -0.192568341516318E+002  0.731304758775326E+002 -0.485424274123787E+000  0.797670132125315E+000 -0.398204394689856E+000 -0.156952809045150E+002 -0.745998433720328E+003 -0.745998433720328E+003 -0.746446837693869E+003
 -0.192506411121580E+002  0.734320248490406E+002 -0.489726506216018E+000  0.681030903229414E+000 -0.519038701038625E+000 -0.156952809045150E+002 -0.746247883896752E+003 -0.746247883896752E+003 -0.746416797146195E+003
 -0.192744100157536E+002  0.723226352086417E+002 -0.433192079822158E+000  0.584928826036464E+000 -0.574524503946847E+000 -0.156952809045150E+002 -0.746218634073367E+003 -0.746218634073367E+003 -0.746563314670450E+003
 -0.192623261765591E+002  0.729060425631668E+002 -0.496787705499464E+000  0.103513304201683E+001  0.325885163782758E+000 -0.156952809045150E+002 -0.746301219206285E+003 -0.746301219206285E+003 -0.746434199554843E+003
 -0.192814984946663E+002  0.722848468355415E+002 -0.484064310103536E+000  0.705510712038477E+000 -0.604141167409452E+000 -0.156952809045150E+002 -0.746397468311016E+003 -0.746397468311016E+003 -0.746654104546806E+003
 -0.192702954692413E+002  0.726168094796819E+002 -0.493481788955387E+000  0.928897083409409E+000 -0.278461384738193E-001 -0.156952809045150E+002 -0.746208211291483E+003 -0.746208211291483E+003 -0.746784819140991E+003
 -0.192417887848866E+002  0.734427619005193E+002 -0.466586564758977E+000  0.705582270286148E+000 -0.546683983795091E+000 -0.156952809045150E+002 -0.746407870728806E+003 -0.746407870728806E+003 -0.746758533135428E+003
 -0.192696096216677E+002  0.726850193555042E+002 -0.492606370764553E+000  0.850134468868518E+000 -0.388816435595800E+000 -0.156952809045150E+002 -0.746176953732220E+003 -0.746176953732220E+003 -0.746413989277439E+003
 -0.192607971357926E+002  0.729489303816867E+002 -0.498339678110301E+000  0.104941917272718E+001  0.409978160968592E+000 -0.156952809045150E+002 -0.746283979955666E+003 -0.746283979955666E+003 -0.746491608951730E+003
 -0.192677771944658E+002  0.728161999536069E+002 -0.506865024173558E+000  0.840951598296998E+000 -0.367535554429921E+000 -0.156952809045150E+002 -0.746286990804999E+003 -0.746286990804999E+003 -0.746441060129905E+003
 -0.192483710093047E+002  0.735553074831451E+002 -0.513116147419496E+000  0.901455782573015E+000 -0.180414933811988E+000 -0.156952809045150E+002 -0.746406554570728E+003 -0.746406554570728E+003 -0.746483811125202E+003
 -0.192443790478102E+002  0.734799513279418E+002 -0.474835962848875E+000  0.820181960709929E+000 -0.230374930867541E+000 -0.156952809045150E+002 -0.746300012436623E+003 -0.746300012436623E+003 -0.746559661787631E+003
 -0.192633113874251E+002  0.728799671883668E+002 -0.480681076520489E+000  0.873520291341531E+000 -0.231705122178724E+000 -0.156952809045150E+002 -0.746274114680801E+003 -0.746274114680801E+003 -0.746481565088486E+003
 -0.192353229934802E+002  0.738879484982452E+002 -0.474611029269407E+000  0.666142586254721E+000 -0.562597022144786E+000 -0.156952809045150E+002 -0.746350600631321E+003 -0.746350600631321E+003 -0.746433647152631E+003
 -0.192452030447318E+002  0.733255754620118E+002 -0.452770664778881E+000  0.673252359970239E+000 -0.467824626727264E+000 -0.156952809045150E+002 -0.746306475833792E+003 -0.746306475833792E+003 -0.746885077641264E+003
 -0.192636357832894E+002  0.727267447002515E+002 -0.477463759114846E+000  0.796673785528630E+000 -0.473039228679809E+000 -0.156952809045150E+002 -0.746379706812612E+003 -0.746379706812612E+003 -0.746456829763430E+003
 -0.192418335452907E+002  0.735909410947900E+002 -0.481093085825996E+000  0.846249278675657E+000 -0.251805546165727E+000 -0.156952809045150E+002 -0.746309942225156E+003 -0.746309942225156E+003 -0.746417923521184E+003
 -0.192622806319925E+002  0.728475187890536E+002 -0.465910387188035E+000  0.775979853043752E+000 -0.374693736910345E+000 -0.156952809045150E+002 -0.746124388578964E+003 -0.746124388578964E+003 -0.746522167521134E+003
 -0.192582576598633E+002  0.731485991672295E+002 -0.488334103496061E+000  0.732643628792186E+000 -0.415387287543936E+000 -0.156952809045150E+002 -0.746295307635780E+003 -0.746295307635780E+003 -0.746421491295186E+003
 -0.192448049909195E+002  0.735432530569242E+002 -0.483938048596786E+000  0.840236876754688E+000 -0.269253775609229E+000 -0.156952809045150E+002 -0.746299343621501E+003 -0.746299343621501E+003 -0.746569965083503E+003
 -0.192542687227807E+002  0.732454134023156E+002 -0.501595277484655E+000  0.957145362483322E+000  0.809895637488154E-001 -0.156952809045150E+002 -0.746200177573077E+003 -0.746200177573077E+003 -0.746620312829486E+003
 -0.192578040575734E+002  0.731208085856065E+002 -0.510811772364057E+000  0.937977623205308E+000 -0.546289384731722E-001 -0.156952809045150E+002 -0.746329346434094E+003 -0.746329346434094E+003 -0.746611767472912E+003
 -0.192496845714055E+002  0.732329862466266E+002 -0.481469284453788E+000  0.801739435110949E+000 -0.441951464110360E+000 -0.156952809045150E+002 -0.746339006922472E+003 -0.746339006922472E+003 -0.746524366315660E+003
 -0.192399151646568E+002  0.735966779132514E+002 -0.473281967145561E+000  0.754709558653324E+000 -0.397562938524715E+000 -0.156952809045150E+002 -0.746296341312531E+003 -0.746296341312531E+003 -0.746586495606712E+003
 -0.192820325465357E+002  0.723451265348099E+002 -0.497004944227717E+000  0.768786399698200E+000 -0.453660456415790E+000 -0.156952809045150E+002 -0.746390120024283E+003 -0.746390120024283E+003 -0.746451692062874E+003
 -0.192502852811334E+002  0.732266724664399E+002 -0.474510075531499E+000  0.688780682901635E+000 -0.576241434291717E+000 -0.156952809045150E+002 -0.746199998541034E+003 -0.746199998541034E+003 -0.746490448104428E+003
 -0.192451311551713E+002  0.734116001974249E+002 -0.479682672427594E+000  0.728907845661898E+000 -0.534886963180085E+000 -0.156952809045150E+002 -0.746339583579283E+003 -0.746339583579283E+003 -0.746422806001822E+003
 -0.192562959863511E+002  0.730842696943243E+002 -0.474615826289167E+000  0.800492783294933E+000 -0.406536396303039E+000 -0.156952809045150E+002 -0.746100791300587E+003 -0.746100791300587E+003 -0.747028277396306E+003
 -0.192786013873200E+002  0.722728532793710E+002 -0.479445961934029E+000  0.851960948108834E+000 -0.226515667869378E+000 -0.156952809045150E+002 -0.746350571040324E+003 -0.746350571040324E+003 -0.746446955187574E+003
 -0.192474700342760E+002  0.733492797942162E+002 -0.479065834358134E+000  0.703858184155605E+000 -0.585189158437402E+000 -0.156952809045150E+002 -0.746327696858739E+003 -0.746327696858739E+003 -0.746416223044165E+003
 -0.192647221559058E+002  0.725911316677011E+002 -0.450201813082342E+000  0.717733412749125E+000 -0.546260295587714E+000 -0.156952809045150E+002 -0.746365226105539E+003 -0.746365226105539E+003 -0.746530993180837E+003
 -0.192684679887311E+002  0.724297486045912E+002 -0.422936354028915E+000  0.535363081252455E+000 -0.656208676423063E+000 -0.156952809045150E+002 -0.746327272530392E+003 -0.746327272530392E+003 -0.746484735914416E+003
 -0.192584326765585E+002  0.732311656682933E+002 -0.500293320000970E+000  0.714655793725982E+000 -0.503747052913525E+000 -0.156952809045150E+002 -0.746389445341810E+003 -0.746389445341810E+003 -0.746943703118405E+003
 -0.192516947375705E+002  0.733796473124176E+002 -0.504995905111768E+000  0.897711680744289E+000 -0.194078610826310E+000 -0.156952809045150E+002 -0.746202195134789E+003 -0.746202195134789E+003 -0.746702708127721E+003
 -0.192584971485392E+002  0.730161658326711E+002 -0.496903765098237E+000  0.978036069062719E+000  0.994079274186817E-001 -0.156952809045150E+002 -0.746192756744096E+003 -0.746192756744096E+003 -0.748128300832017E+003
 -0.192578482872821E+002  0.731661623734098E+002 -0.480889671513258E+000  0.657492849306848E+000 -0.515504194768411E+000 -0.156952809045150E+002 -0.746147838128313E+003 -0.746147838128313E+003 -0.746420534996295E+003
 -0.192549634582856E+002  0.729520105240603E+002 -0.434688334948847E+000  0.565761341827177E+000 -0.546695889506282E+000 -0.156952809045150E+002 -0.746139153306732E+003 -0.746139153306732E+003 -0.746445388022331E+003
 -0.192637379713952E+002  0.729322731050400E+002 -0.490448935193155E+000  0.833266032073942E+000 -0.295251950986923E+000 -0.156952809045150E+002 -0.746081130238163E+003 -0.746081130238163E+003 -0.746481848938980E+003
 -0.192538832378335E+002  0.731925729636785E+002 -0.480069657197147E+000  0.688238145969312E+000 -0.562345192329062E+000 -0.156952809045150E+002 -0.745999326477069E+003 -0.745999326477069E+003 -0.746508548694357E+003
 -0.192670234244051E+002  0.726481602100675E+002 -0.452570727018836E+000  0.579418958662598E+000 -0.559281540821800E+000 -0.156952809045150E+002 -0.745839606821406E+003 -0.745839606821406E+003 -0.746493461920523E+003
 -0.192465283040489E+002  0.732488959646471E+002 -0.451710512359076E+000  0.744780156485931E+000 -0.407529309698376E+000 -0.156952809045150E+002 -0.746387897696340E+003 -0.746387897696340E+003 -0.746514775585125E+003
 -0.192583903985324E+002  0.730847483573449E+002 -0.490527726648618E+000  0.675892947989941E+000 -0.550819081411291E+000 -0.156952809045150E+002 -0.746352518627575E+003 -0.746352518627575E+003 -0.746663220870234E+003
 -0.192702397180572E+002  0.727561687079816E+002 -0.513571552598489E+000  0.971873775913683E+000  0.152496746530062E-001 -0.156952809045150E+002 -0.746259443910093E+003 -0.746259443910093E+003 -0.746894162358912E+003
 -0.192543275131745E+002  0.732789153791293E+002 -0.522139454293011E+000  0.113199269581782E+001  0.594784599812371E+000 -0.156952809045150E+002 -0.746331088727231E+003 -0.746331088727231E+003 -0.747042588494558E+003
 -0.192543064058969E+002  0.733206339508756E+002 -0.497857266027071E+000  0.894430029076089E+000 -0.186614132456072E+000 -0.156952809045150E+002 -0.746377952832564E+003 -0.746377952832564E+003 -0.746504829367768E+003
 -0.192459187321385E+002  0.733774861421187E+002 -0.476849419206463E+000  0.737583649393168E+000 -0.547277228562947E+000 -0.156952809045150E+002 -0.746291513641231E+003 -0.746291513641231E+003 -0.746455421821804E+003
 -0.192506499583996E+002  0.732172560825094E+002 -0.464479589522039E+000  0.651416284039373E+000 -0.634889516658149E+000 -0.156952809045150E+002 -0.746136126799684E+003 -0.746136126799684E+003 -0.746423344224416E+003
 -0.192743991728179E+002  0.725868048978134E+002 -0.469532474324259E+000  0.580930541937806E+000 -0.590584088348166E+000 -0.156952809045150E+002 -0.746120518831390E+003 -0.746120518831390E+003 -0.746714347043163E+003
 -0.192522766717694E+002  0.731594178076848E+002 -0.476769600461709E+000  0.684145917771718E+000 -0.561679936836185E+000 -0.156952809045150E+002 -0.746287185865393E+003 -0.746287185865393E+003 -0.746434814509262E+003
 -0.192517138808024E+002  0.732553307710070E+002 -0.478490627290870E+000  0.847902555198164E+000 -0.284312886497759E+000 -0.156952809045150E+002 -0.746234476272466E+003 -0.746234476272466E+003 -0.746555612942430E+003
 -0.192832576974356E+002  0.722195226555946E+002 -0.482231028046797E+000  0.688700927138051E+000 -0.582276664642748E+000 -0.156952809045150E+002 -0.746300637123718E+003 -0.746300637123718E+003 -0.746582361723314E+003
 -0.192556261792450E+002  0.731785964435432E+002 -0.485624806075061E+000  0.821344965915802E+000 -0.319312794043114E+000 -0.156952809045150E+002 -0.746068142623096E+003 -0.746068142623096E+003 -0.746668700225762E+003
 -0.192699974447781E+002  0.724616211450896E+002 -0.467165099664222E+000  0.752156644903211E+000 -0.473568119796582E+000 -0.156952809045150E+002 -0.746398454990956E+003 -0.746398454990956E+003 -0.746735360692612E+003
 -0.192640878283351E+002  0.727902877512994E+002 -0.481939916143626E+000  0.841412409865391E+000 -0.284901928545338E+000 -0.156952809045150E+002 -0.746073735933088E+003 -0.746073735933088E+003 -0.746485097415439E+003
 -0.192499746920690E+002  0.734167965947384E+002 -0.523842842448735E+000  0.115002095110263E+001  0.731837874763059E+000 -0.156952809045150E+002 -0.746390155975738E+003 -0.746390155975738E+003 -0.746448160230508E+003
 -0.192513901295607E+002  0.732497344886065E+002 -0.475416679049663E+000  0.718610429061872E+000 -0.502659849839176E+000 -0.156952809045150E+002 -0.745959099106416E+003 -0.745959099106416E+003 -0.746504454922619E+003
 -0.192538794384981E+002  0.730929508247870E+002 -0.448810418951860E+000  0.674879772710463E+000 -0.601229558603904E+000 -0.156952809045150E+002 -0.746307832423173E+003 -0.746307832423173E+003 -0.746794761998047E+003
 -0.192625927582602E+002  0.730889172476611E+002 -0.513134108871985E+000  0.920320657726359E+000 -0.194414629719361E+000 -0.156952809045150E+002 -0.746323896133454E+003 -0.746323896133454E+003 -0.746413713041062E+003
 -0.192470116535148E+002  0.733875873236636E+002 -0.487133963103671E+000  0.909908015280956E+000 -0.738061823538771E-002 -0.156952809045150E+002 -0.746278043343291E+003 -0.746278043343291E+003 -0.746608975935748E+003
 -0.192761832632412E+002  0.725839622569930E+002 -0.493143557610242E+000  0.705883868093560E+000 -0.575958226158804E+000 -0.156952809045150E+002 -0.746351239910746E+003 -0.746351239910746E+003 -0.746477241954970E+003
 -0.192463277862390E+002  0.734699572359545E+002 -0.485674705014819E+000  0.897315619951148E+000 -0.510769339731922E-001 -0.156952809045150E+002 -0.746341245241272E+003 -0.746341245241272E+003 -0.747129073152139E+003
 -0.192682957250322E+002  0.726959742438245E+002 -0.506413194873599E+000  0.995667265628816E+000  0.627735997929619E-001 -0.156952809045150E+002 -0.746346693498293E+003 -0.746346693498293E+003 -0.746414466552922E+003
 -0.192588528604253E+002  0.730337381572236E+002 -0.487539046710447E+000  0.808314642575110E+000 -0.356124705688543E+000 -0.156952809045150E+002 -0.746013674336436E+003 -0.746013674336436E+003 -0.746445972858286E+003
 -0.192686975318954E+002  0.726647798879477E+002 -0.497602870130095E+000  0.912518239169804E+000 -0.876154387930939E-001 -0.156952809045150E+002 -0.746316924224248E+003 -0.746316924224248E+003 -0.746948610752727E+003
 -0.192589629272648E+002  0.730222034695250E+002 -0.452730532541103E+000  0.600030245928160E+000 -0.547510928555951E+000 -0.156952809045150E+002 -0.746096265979357E+003 -0.746096265979357E+003 -0.746781118747757E+003
 -0.192589623849175E+002  0.731530417657912E+002 -0.516110756426391E+000  0.111251241397360E+001  0.621221215905805E+000 -0.156952809045150E+002 -0.746379119704692E+003 -0.746379119704692E+003 -0.746474400382176E+003
 -0.192626473339928E+002  0.728485725186241E+002 -0.485975368673377E+000  0.994133139469655E+000  0.200812414318946E+000 -0.156952809045150E+002 -0.746394554948398E+003 -0.746394554948398E+003 -0.746476251380478E+003
 -0.192472409796497E+002  0.732449568088745E+002 -0.429386384440407E+000  0.572972184420860E+000 -0.633196912515572E+000 -0.156952809045150E+002 -0.746283982594581E+003 -0.746283982594581E+003 -0.746536642847657E+003
 -0.192547272016722E+002  0.731628322148186E+002 -0.479967654583956E+000  0.734216116242185E+000 -0.430726845458778E+000 -0.156952809045150E+002 -0.746087271287726E+003 -0.746087271287726E+003 -0.746487901992642E+003
 -0.192557568184790E+002  0.731838274292285E+002 -0.514990122180366E+000  0.109273080211422E+001  0.634068144422372E+000 -0.156952809045150E+002 -0.746346494743366E+003 -0.746346494743366E+003 -0.746637236411089E+003
 -0.192528170451453E+002  0.730283178429813E+002 -0.455449859587102E+000  0.722239651517153E+000 -0.470390258096316E+000 -0.156952809045150E+002 -0.746225500302258E+003 -0.746225500302258E+003 -0.746451038614146E+003
 -0.192664025272560E+002  0.727773799896137E+002 -0.478188088453152E+000  0.757362080949264E+000 -0.363156367715703E+000 -0.156952809045150E+002 -0.746163224088138E+003 -0.746163224088138E+003 -0.746485084388621E+003
 -0.192686830933570E+002  0.726081918913564E+002 -0.487338258602674E+000  0.918896517575591E+000 -0.355970590829457E-001 -0.156952809045150E+002 -0.746292366920925E+003 -0.746292366920925E+003 -0.747878876013722E+003
 -0.192699310750803E+002  0.727116120722862E+002 -0.511964518085546E+000  0.104927309288468E+001  0.398432037319722E+000 -0.156952809045150E+002 -0.746310147947797E+003 -0.746310147947797E+003 -0.746571116224161E+003
 -0.192571158722407E+002  0.732088190047328E+002 -0.508862636344885E+000  0.908212032171605E+000 -0.799566106754241E-001 -0.156952809045150E+002 -0.746321551960661E+003 -0.746321551960661E+003 -0.746574773432336E+003
 -0.192527141842948E+002  0.732689124760323E+002 -0.511182712291452E+000  0.107699507191322E+001  0.377292229384253E+000 -0.156952809045150E+002 -0.746323632282148E+003 -0.746323632282148E+003 -0.746428530180306E+003
 -0.192499719755705E+002  0.732139379005805E+002 -0.458969219713474E+000  0.699432637196100E+000 -0.563880506299213E+000 -0.156952809045150E+002 -0.746058309769937E+003 -0.746058309769937E+003 -0.746675408637943E+003
 -0.192560140842302E+002  0.730400547782723E+002 -0.456221739274704E+000  0.630428574632663E+000 -0.528039152950882E+000 -0.156952809045150E+002 -0.745969584127464E+003 -0.745969584127464E+003 -0.746486735881616E+003
 -0.192778020118557E+002  0.721760004511070E+002 -0.428754625604780E+000  0.520487855691918E+000 -0.582220364895178E+000 -0.156952809045150E+002 -0.745879834111360E+003 -0.745879834111360E+003 -0.746465030152732E+003
 -0.192590373908891E+002  0.730709877811189E+002 -0.503766656542069E+000  0.940752700687354E+000 -0.297268109901694E-001 -0.156952809045150E+002 -0.746148291789132E+003 -0.746148291789132E+003 -0.746670196743022E+003
 -0.192654664396709E+002  0.727645016126660E+002 -0.486643114731905E+000  0.956156075315056E+000  0.282299458257995E-001 -0.156952809045150E+002 -0.746286574766475E+003 -0.746286574766475E+003 -0.746614073198647E+003
 -0.192711123305582E+002  0.726787966974952E+002 -0.502614431696301E+000  0.899680283578801E+000 -0.134443637024120E+000 -0.156952809045150E+002 -0.746226703441098E+003 -0.746226703441098E+003 -0.746412191825779E+003
 -0.192490342993794E+002  0.734026669319446E+002 -0.494655752181501E+000  0.830211277117802E+000 -0.451095535971291E+000 -0.156952809045150E+002 -0.746350978283724E+003 -0.746350978283724E+003 -0.746548155250762E+003
 -0.192501295180010E+002  0.733183409177752E+002 -0.486935891005289E+000  0.826855031071522E+000 -0.305329009054034E+000 -0.156952809045150E+002 -0.746095850289400E+003 -0.746095850289400E+003 -0.746837319629193E+003
 -0.192470258954703E+002  0.733819689631111E+002 -0.483235562697199E+000  0.733875095946802E+000 -0.498886769549088E+000 -0.156952809045150E+002 -0.746257507955947E+003 -0.746257507955947E+003 -0.746482438684776E+003
 -0.192602972037871E+002  0.728951939263470E+002 -0.483091948530752E+000  0.874371621743295E+000 -0.290133075175447E-001 -0.156952809045150E+002 -0.746386590022942E+003 -0.746386590022942E+003 -0.747682969046172E+003
 -0.192466007723854E+002  0.735633578118219E+002 -0.502250720653632E+000  0.907154469703251E+000 -0.200830072214856E+000 -0.156952809045150E+002 -0.746364461798211E+003 -0.746364461798211E+003 -0.746555853020118E+003
 -0.192574578113661E+002  0.730328520536530E+002 -0.477235983437531E+000  0.882561546319548E+000 -0.196766074022648E+000 -0.156952809045150E+002 -0.746311686334306E+003 -0.746311686334306E+003 -0.746767112451327E+003
 -0.192706538101575E+002  0.727474670657137E+002 -0.519430981286459E+000  0.109191139262972E+001  0.533015998965155E+000 -0.156952809045150E+002 -0.746352213069635E+003 -0.746352213069635E+003 -0.746552415940351E+003
 -0.192554522231291E+002  0.732751167724653E+002 -0.488728020786898E+000  0.708542377413428E+000 -0.476018717443907E+000 -0.156952809045150E+002 -0.746238953170618E+003 -0.746238953170618E+003 -0.746450394490116E+003
 -0.192820116176877E+002  0.721558043900081E+002 -0.469916109646995E+000  0.657510822724552E+000 -0.559509235748649E+000 -0.156952809045150E+002 -0.746349150502703E+003 -0.746349150502703E+003 -0.746424290440044E+003
 -0.192806788044178E+002  0.721721799520876E+002 -0.455234018355718E+000  0.668176873318051E+000 -0.519410253882270E+000 -0.156952809045150E+002 -0.746247374520582E+003 -0.746247374520582E+003 -0.746528400926424E+003
 -0.192595339392239E+002  0.729980656833839E+002 -0.475768854877540E+000  0.798509541977341E+000 -0.471299698322980E+000 -0.156952809045150E+002 -0.746263217715731E+003 -0.746263217715731E+003 -0.746458243908699E+003
 -0.192409395675984E+002  0.736269965962763E+002 -0.490543839098423E+000  0.843578211768855E+000 -0.353174678476279E+000 -0.156952809045150E+002 -0.746351930253379E+003 -0.746351930253379E+003 -0.746457140533614E+003
 -0.192690360502367E+002  0.725176109226443E+002 -0.459994796130781E+000  0.667976304624203E+000 -0.529988343558358E+000 -0.156952809045150E+002 -0.746192692208021E+003 -0.746192692208021E+003 -0.746794312413247E+003
 -0.192463415542188E+002  0.735108227540184E+002 -0.482853419560321E+000  0.760921845137148E+000 -0.380417676319013E+000 -0.156952809045150E+002 -0.746247042332285E+003 -0.746247042332285E+003 -0.746488139282172E+003
 -0.192470180397270E+002  0.735008476787548E+002 -0.507690373780302E+000  0.975437154500552E+000 -0.214853107276269E-001 -0.156952809045150E+002 -0.746333758959492E+003 -0.746333758959492E+003 -0.746433937102567E+003
 -0.192409832273101E+002  0.736526262630254E+002 -0.480336768540842E+000  0.703466662683741E+000 -0.490344088430561E+000 -0.156952809045150E+002 -0.746241171260774E+003 -0.746241171260774E+003 -0.746505038761853E+003
 -0.192567125711097E+002  0.729742374734509E+002 -0.478542671214002E+000  0.846645987875108E+000 -0.136588855694029E+000 -0.156952809045150E+002 -0.746402593366163E+003 -0.746402593366163E+003 -0.747084788392602E+003
 -0.192528770729220E+002  0.730878041326553E+002 -0.479598117137671E+000  0.822076261802391E+000 -0.363861380468066E+000 -0.156952809045150E+002 -0.746389509523395E+003 -0.746389509523395E+003 -0.746411159417300E+003
 -0.192597772301614E+002  0.729334065102290E+002 -0.467125887788611E+000  0.711006068021000E+000 -0.477743935594063E+000 -0.156952809045150E+002 -0.745942169449814E+003 -0.745942169449814E+003 -0.746634080586962E+003
 -0.192775336294483E+002  0.721695303265179E+002 -0.423640163688141E+000  0.487944497944854E+000 -0.573168710159564E+000 -0.156952809045150E+002 -0.745819507370765E+003 -0.745819507370765E+003 -0.746774804560789E+003
 -0.192700268941832E+002  0.726463384687448E+002 -0.493293342255535E+000  0.101379055089872E+001  0.428768681523948E+000 -0.156952809045150E+002 -0.746393210003291E+003 -0.746393210003291E+003 -0.746482438924920E+003
 -0.192570467720892E+002  0.732139178588288E+002 -0.500523682113111E+000  0.879366932834746E+000 -0.257765182097472E+000 -0.156952809045150E+002 -0.746197842829552E+003 -0.746197842829552E+003 -0.746743198559355E+003
 -0.192602185603869E+002  0.729476389019243E+002 -0.493469458511041E+000  0.889971450469136E+000 -0.670052170601849E-001 -0.156952809045150E+002 -0.746326362442717E+003 -0.746326362442717E+003 -0.746542379103894E+003
 -0.192761425740728E+002  0.723366671200090E+002 -0.458096198558854E+000  0.719617322989675E+000 -0.518391540795676E+000 -0.156952809045150E+002 -0.746183502518322E+003 -0.746183502518322E+003 -0.746613164010580E+003
 -0.192692878439216E+002  0.727431442202976E+002 -0.477994972071557E+000  0.661128993271308E+000 -0.586259884968143E+000 -0.156952809045150E+002 -0.745962331869177E+003 -0.745962331869177E+003 -0.746586096383044E+003
 -0.192688163997812E+002  0.726096959977583E+002 -0.470868543332235E+000  0.673717250902383E+000 -0.567729878784348E+000 -0.156952809045150E+002 -0.746002376827189E+003 -0.746002376827189E+003 -0.746689470023504E+003
 -0.192581297260333E+002  0.732024407313583E+002 -0.493553407960618E+000  0.688900874897999E+000 -0.576181453045805E+000 -0.156952809045150E+002 -0.746308355374499E+003 -0.746308355374499E+003 -0.746750438957857E+003
 -0.192854644624433E+002  0.720095239132246E+002 -0.463079655699465E+000  0.636896426958585E+000 -0.627350849642923E+000 -0.156952809045150E+002 -0.746405224833415E+003 -0.746405224833415E+003 -0.746563625284730E+003
 -0.192466650799528E+002  0.735470352308167E+002 -0.501988876407657E+000  0.859454575396201E+000 -0.339781888678957E+000 -0.156952809045150E+002 -0.746299348674479E+003 -0.746299348674479E+003 -0.746415992747907E+003
 -0.192706884486644E+002  0.725908083537612E+002 -0.453798892976637E+000  0.557618619738286E+000 -0.624039270224401E+000 -0.156952809045150E+002 -0.746279372549236E+003 -0.746279372549236E+003 -0.746523124437819E+003
 -0.192634884740162E+002  0.729727679985642E+002 -0.528234119361582E+000  0.125905821608369E+001  0.137601250316695E+001 -0.156952809045150E+002 -0.746393626269875E+003 -0.746393626269875E+003 -0.746993714200324E+003
 -0.192683227812598E+002  0.728112405178611E+002 -0.479168964115275E+000  0.734561761939964E+000 -0.532001447924387E+000 -0.156952809045150E+002 -0.746257335186740E+003 -0.746257335186740E+003 -0.746420718004572E+003
 -0.192671391305663E+002  0.725602349056003E+002 -0.460212952564463E+000  0.668093429513931E+000 -0.579963202789344E+000 -0.156952809045150E+002 -0.746203042788443E+003 -0.746203042788443E+003 -0.746415985986059E+003
 -0.192664441947926E+002  0.727891358621100E+002 -0.466028465830237E+000  0.652775341197138E+000 -0.552992985846046E+000 -0.156952809045150E+002 -0.745904808915350E+003 -0.745904808915350E+003 -0.746484537822270E+003
 -0.192382019043741E+002  0.737979434993732E+002 -0.490239114261764E+000  0.738464001970129E+000 -0.489521305127909E+000 -0.156952809045150E+002 -0.746374615737766E+003 -0.746374615737766E+003 -0.746469258996979E+003
 -0.192621873430395E+002  0.728472534615845E+002 -0.480757577284150E+000  0.938738996623515E+000  0.103855533931366E+000 -0.156952809045150E+002 -0.746289144350268E+003 -0.746289144350268E+003 -0.746718378895944E+003
 -0.192637042451840E+002  0.728582700958201E+002 -0.479030971708267E+000  0.860630919667345E+000 -0.176266878517453E+000 -0.156952809045150E+002 -0.746206410365002E+003 -0.746206410365002E+003 -0.746423159764488E+003
 -0.192590539154975E+002  0.730493970990333E+002 -0.472949397289295E+000  0.740941306456775E+000 -0.353877761383444E+000 -0.156952809045150E+002 -0.746327287018233E+003 -0.746327287018233E+003 -0.746451273604654E+003
 -0.192538137258847E+002  0.732261004867534E+002 -0.510196828574831E+000  0.108077832854391E+001  0.488633744287085E+000 -0.156952809045150E+002 -0.746281637650384E+003 -0.746281637650384E+003 -0.747019029474851E+003
 -0.192559889489962E+002  0.730617634610394E+002 -0.480188639309804E+000  0.868939421855447E+000 -0.339361965717998E+000 -0.156952809045150E+002 -0.746380351184291E+003 -0.746380351184291E+003 -0.746557614137776E+003
 -0.192452609111618E+002  0.735561213630516E+002 -0.481319898083671E+000  0.653928697855582E+000 -0.574117112947135E+000 -0.156952809045150E+002 -0.746148764317923E+003 -0.746148764317923E+003 -0.746447392337502E+003
 -0.192747464997826E+002  0.726328555939576E+002 -0.481073095397213E+000  0.686133326086109E+000 -0.541956055997304E+000 -0.156952809045150E+002 -0.746277196595919E+003 -0.746277196595919E+003 -0.746547114051459E+003
 -0.192367974634469E+002  0.737134530972098E+002 -0.472108154277447E+000  0.786229132172780E+000 -0.355043395955818E+000 -0.156952809045150E+002 -0.746381622018912E+003 -0.746381622018912E+003 -0.746495003079255E+003
 -0.192674870302054E+002  0.727067449403205E+002 -0.476117854069690E+000  0.721686092172243E+000 -0.587141251667461E+000 -0.156952809045150E+002 -0.746067851356475E+003 -0.746067851356475E+003 -0.746419208847147E+003
 -0.192719836344052E+002  0.726566403574265E+002 -0.507102999506464E+000  0.948881681909817E+000 -0.638986208286383E-001 -0.156952809045150E+002 -0.746217207494860E+003 -0.746217207494860E+003 -0.746798921495600E+003
 -0.192579761390631E+002  0.729686861286198E+002 -0.461016781942732E+000  0.744908582756675E+000 -0.553705009005256E+000 -0.156952809045150E+002 -0.746333186168049E+003 -0.746333186168049E+003 -0.746694756482161E+003
 -0.192635830496077E+002  0.729164728241927E+002 -0.497214160670939E+000  0.842737104058116E+000 -0.420722600073233E+000 -0.156952809045150E+002 -0.746199139750951E+003 -0.746199139750951E+003 -0.746649479655085E+003
 -0.192603503378070E+002  0.731323844593424E+002 -0.495981785481351E+000  0.735229267182365E+000 -0.455478393915570E+000 -0.156952809045150E+002 -0.746289321171069E+003 -0.746289321171069E+003 -0.746822882171632E+003
 -0.192720386373785E+002  0.726601673025531E+002 -0.506596804128920E+000  0.101030447577259E+001  0.639959978856552E-001 -0.156952809045150E+002 -0.746366142412860E+003 -0.746366142412860E+003 -0.746498928776391E+003
 -0.192679621303738E+002  0.726134510250575E+002 -0.483757732387919E+000  0.916125483500903E+000 -0.178571387601067E-001 -0.156952809045150E+002 -0.746314206503498E+003 -0.746314206503498E+003 -0.747314065833158E+003
 -0.192512044369956E+002  0.732933346003682E+002 -0.478232680699358E+000  0.759645062834849E+000 -0.546991728220917E+000 -0.156952809045150E+002 -0.746238468378660E+003 -0.746238468378660E+003 -0.746465037799898E+003
 -0.192638475584535E+002  0.729308537221704E+002 -0.503434508625529E+000  0.940705339779127E+000 -0.669940540446134E-002 -0.156952809045150E+002 -0.746158581578325E+003 -0.746158581578325E+003 -0.746860059755308E+003
 -0.192652529303761E+002  0.729762800432029E+002 -0.521809281360589E+000  0.104742147818392E+001  0.194868857798184E+000 -0.156952809045150E+002 -0.746332164923183E+003 -0.746332164923183E+003 -0.746435934638929E+003
 -0.192575901927869E+002  0.728905203015986E+002 -0.461583399559589E+000  0.762938640463092E+000 -0.485081486906964E+000 -0.156952809045150E+002 -0.746255825849507E+003 -0.746255825849507E+003 -0.746590038416415E+003
 -0.192553985168530E+002  0.731165628788206E+002 -0.493417857467338E+000  0.894489568278718E+000 -0.158320801233458E+000 -0.156952809045150E+002 -0.746158307025320E+003 -0.746158307025320E+003 -0.746887742913317E+003
 -0.192841451516158E+002  0.722587056579412E+002 -0.481872200760248E+000  0.706636288914154E+000 -0.584483744221146E+000 -0.156952809045150E+002 -0.746351758888794E+003 -0.746351758888794E+003 -0.746568191146381E+003
 -0.192538498444065E+002  0.732398527781254E+002 -0.505579355616791E+000  0.978998332005413E+000 -0.638043610368300E-001 -0.156952809045150E+002 -0.746330414840011E+003 -0.746330414840011E+003 -0.746791629123801E+003
 -0.192676493098843E+002  0.726027313788811E+002 -0.473393406465257E+000  0.804548946683673E+000 -0.423051464277194E+000 -0.156952809045150E+002 -0.746219153041560E+003 -0.746219153041560E+003 -0.746468985134603E+003
 -0.192504775406381E+002  0.732183870982253E+002 -0.466452895032020E+000  0.738788406189348E+000 -0.364395314646799E+000 -0.156952809045150E+002 -0.746237966819689E+003 -0.746237966819689E+003 -0.746656635452058E+003
 -0.192646144088334E+002  0.728091244076281E+002 -0.491024691102495E+000  0.819817166017183E+000 -0.327262638136304E+000 -0.156952809045150E+002 -0.746193048719060E+003 -0.746193048719060E+003 -0.747113882579839E+003
 -0.192587303883489E+002  0.729494247705908E+002 -0.489583206855027E+000  0.102562789159137E+001  0.309444170553093E+000 -0.156952809045150E+002 -0.746396562323480E+003 -0.746396562323480E+003 -0.746600045058190E+003
 -0.192670014499270E+002  0.728112112957882E+002 -0.507901014128085E+000  0.968534613125726E+000 -0.698176363285512E-001 -0.156952809045150E+002 -0.746223835342859E+003 -0.746223835342859E+003 -0.746567664843509E+003
 -0.192460765170276E+002  0.735876630518910E+002 -0.500990112822632E+000  0.836578703552235E+000 -0.404048152448809E+000 -0.156952809045150E+002 -0.746377184701434E+003 -0.746377184701434E+003 -0.746691407159847E+003
 -0.192693407988234E+002  0.725843181899905E+002 -0.463695451599654E+000  0.809782882589794E+000 -0.322960695380445E+000 -0.156952809045150E+002 -0.746347056436295E+003 -0.746347056436295E+003 -0.746692507695874E+003
 -0.192495955646003E+002  0.732899105816165E+002 -0.475488859700456E+000  0.835095152028821E+000 -0.250964899205457E+000 -0.156952809045150E+002 -0.746183437308945E+003 -0.746183437308945E+003 -0.746457285699530E+003
 -0.192721316266281E+002  0.724092940681841E+002 -0.435608890446781E+000  0.573509026253549E+000 -0.592969079716028E+000 -0.156952809045150E+002 -0.745965243241495E+003 -0.745965243241495E+003 -0.746771930138790E+003
 -0.192835131038553E+002  0.721466238862772E+002 -0.462266764719264E+000  0.647899993513843E+000 -0.541102754250417E+000 -0.156952809045150E+002 -0.746210509235314E+003 -0.746210509235314E+003 -0.746940004402268E+003
 -0.192725806782058E+002  0.725772492340013E+002 -0.503249579805866E+000  0.945538015030513E+000 -0.790103008510812E-002 -0.156952809045150E+002 -0.746308782545257E+003 -0.746308782545257E+003 -0.746510144024331E+003
 -0.192648858289507E+002  0.728174178794680E+002 -0.508361945104126E+000  0.106787007279254E+001  0.462429014874061E+000 -0.156952809045150E+002 -0.746313020954470E+003 -0.746313020954470E+003 -0.746767661447949E+003
 -0.192531885018868E+002  0.732579468200710E+002 -0.468761029766684E+000  0.724906848384993E+000 -0.481287643564130E+000 -0.156952809045150E+002 -0.746237168206659E+003 -0.746237168206659E+003 -0.746495947762474E+003
 -0.192677081794168E+002  0.725372584304343E+002 -0.449855583643241E+000  0.704966138416433E+000 -0.465054299222956E+000 -0.156952809045150E+002 -0.746235345913163E+003 -0.746235345913163E+003 -0.746409728551348E+003
 -0.192469731338384E+002  0.733103088860298E+002 -0.472704823950554E+000  0.835210230468660E+000 -0.335342872187610E+000 -0.156952809045150E+002 -0.746341834736545E+003 -0.746341834736545E+003 -0.746647926005273E+003
 -0.192599517341825E+002  0.729910047691866E+002 -0.461065288741046E+000  0.605372981983777E+000 -0.638236582010592E+000 -0.156952809045150E+002 -0.746116272403479E+003 -0.746116272403479E+003 -0.746809772230253E+003
 -0.192473346353536E+002  0.734141183633223E+002 -0.500302360990625E+000  0.962960267553826E+000  0.943417753286440E-001 -0.156952809045150E+002 -0.746310991245413E+003 -0.746310991245413E+003 -0.746444930734923E+003
 -0.192584182183612E+002  0.729826881527230E+002 -0.494813478653383E+000  0.965553602302737E+000  0.341075846149579E-001 -0.156952809045150E+002 -0.746258736984579E+003 -0.746258736984579E+003 -0.746518270859759E+003
 -0.192518820223048E+002  0.732215065107977E+002 -0.480700584923215E+000  0.668147118526874E+000 -0.603541950907072E+000 -0.156952809045150E+002 -0.746396023593046E+003 -0.746396023593046E+003 -0.746890924297080E+003
 -0.192534857646437E+002  0.733765006618025E+002 -0.523510810259385E+000  0.105270589233878E+001  0.227844357059482E+000 -0.156952809045150E+002 -0.746371796879906E+003 -0.746371796879906E+003 -0.746722135372348E+003
 -0.192652432389871E+002  0.727886286942035E+002 -0.498868719674550E+000  0.995941183195660E+000  0.303068362251210E+000 -0.156952809045150E+002 -0.746322600149869E+003 -0.746322600149869E+003 -0.747629038376281E+003
 -0.192568058642489E+002  0.732041441864782E+002 -0.494231302333761E+000  0.795494791331590E+000 -0.474772868361441E+000 -0.156952809045150E+002 -0.746170209823474E+003 -0.746170209823474E+003 -0.746539750969885E+003
 -0.192661145702206E+002  0.726882981545679E+002 -0.462807036542747E+000  0.634564002444912E+000 -0.603602824438269E+000 -0.156952809045150E+002 -0.745856860370641E+003 -0.745856860370641E+003 -0.746527075561366E+003
 -0.192365690433648E+002  0.737287532717668E+002 -0.464219729423418E+000  0.669474625020820E+000 -0.495974068303326E+000 -0.156952809045150E+002 -0.746322897236007E+003 -0.746322897236007E+003 -0.746422204036001E+003
 -0.192669731884306E+002  0.727107840473810E+002 -0.497258809421241E+000  0.957662502307995E+000  0.112960356150865E+000 -0.156952809045150E+002 -0.746336657861660E+003 -0.746336657861660E+003 -0.746655322675224E+003
 -0.192789206552078E+002  0.723590024470113E+002 -0.483330832613756E+000  0.714958591903752E+000 -0.587364869108143E+000 -0.156952809045150E+002 -0.746265648059264E+003 -0.746265648059264E+003 -0.746486483832390E+003
 -0.192641840637997E+002  0.730288299626244E+002 -0.527413907098246E+000  0.104572746384964E+001  0.248936525817484E+000 -0.156952809045150E+002 -0.746390033206031E+003 -0.746390033206031E+003 -0.746515731225478E+003
 -0.192598699342601E+002  0.730369871303809E+002 -0.496226397374341E+000  0.847824475229206E+000 -0.241760274339100E+000 -0.156952809045150E+002 -0.746142883469169E+003 -0.746142883469169E+003 -0.746516279113334E+003
 -0.192778203692508E+002  0.722923914689985E+002 -0.463371134980764E+000  0.760222387457990E+000 -0.337422999547599E+000 -0.156952809045150E+002 -0.746395711680249E+003 -0.746395711680249E+003 -0.746493702412500E+003
 -0.192728787064633E+002  0.726271361197679E+002 -0.509792802552760E+000  0.106916976290103E+001  0.450287554203200E+000 -0.156952809045150E+002 -0.746338778414964E+003 -0.746338778414964E+003 -0.746818612692621E+003
 -0.192547990013469E+002  0.732437020763447E+002 -0.517667267616542E+000  0.115147384352792E+001  0.811296829799218E+000 -0.156952809045150E+002 -0.746329817605860E+003 -0.746329817605860E+003 -0.746495097691106E+003
 -0.192733969597457E+002  0.725016395014909E+002 -0.485033141024099E+000  0.889008192558839E+000 -0.120361937289871E+000 -0.156952809045150E+002 -0.746218472856904E+003 -0.746218472856904E+003 -0.746767415660086E+003
 -0.192533793109770E+002  0.730130628739395E+002 -0.462093092287658E+000  0.722114225470127E+000 -0.468689214272075E+000 -0.156952809045150E+002 -0.746329263253347E+003 -0.746329263253347E+003 -0.746474246201564E+003
 -0.192724224707921E+002  0.725983864002223E+002 -0.501769681663869E+000  0.883260786570324E+000 -0.255859573646632E+000 -0.156952809045150E+002 -0.746249866630481E+003 -0.746249866630481E+003 -0.746672734703514E+003
 -0.192595623737227E+002  0.729676819359842E+002 -0.480429740906012E+000  0.854042253036104E+000 -0.143870496148224E+000 -0.156952809045150E+002 -0.746157313069028E+003 -0.746157313069028E+003 -0.746506050008302E+003
 -0.192310395909289E+002  0.739250841425687E+002 -0.462344587910185E+000  0.629295735035842E+000 -0.608130297820992E+000 -0.156952809045150E+002 -0.746401609116829E+003 -0.746401609116829E+003 -0.746437422254332E+003
 -0.192435063107879E+002  0.734057415155063E+002 -0.456981036396100E+000  0.748029143377450E+000 -0.350726570189636E+000 -0.156952809045150E+002 -0.746391117927091E+003 -0.746391117927091E+003 -0.746409799570428E+003
 -0.192702045800744E+002  0.723475068176872E+002 -0.422432333978476E+000  0.564871854162634E+000 -0.645635195297672E+000 -0.156952809045150E+002 -0.746295702846874E+003 -0.746295702846874E+003 -0.746526933461375E+003
 -0.192422384810175E+002  0.734269555811938E+002 -0.449388386630544E+000  0.629236925123121E+000 -0.649458208407225E+000 -0.156952809045150E+002 -0.746324301297763E+003 -0.746324301297763E+003 -0.746604198831572E+003
 -0.192539855587725E+002  0.733265198541980E+002 -0.500856973436853E+000  0.932260637479264E+000 -0.564864622702999E-002 -0.156952809045150E+002 -0.746379408010546E+003 -0.746379408010546E+003 -0.746681025259077E+003
 -0.192620970186839E+002  0.731036138181310E+002 -0.532733644348546E+000  0.113627797178392E+001  0.613050525179275E+000 -0.156952809045150E+002 -0.746405315639108E+003 -0.746405315639108E+003 -0.746652484811753E+003
 -0.192595319420174E+002  0.731346069146865E+002 -0.509573486771771E+000  0.999353105934673E+000  0.410440897097288E-001 -0.156952809045150E+002 -0.746349221890097E+003 -0.746349221890097E+003 -0.746420619968291E+003
 -0.192654814518736E+002  0.727959597659594E+002 -0.490050726687850E+000  0.944808198578889E+000 -0.123491767951265E-001 -0.156952809045150E+002 -0.746205531131017E+003 -0.746205531131017E+003 -0.746520030315793E+003
 -0.192658578491180E+002  0.728637079826057E+002 -0.519432687950839E+000  0.106912606123559E+001  0.251351735258908E+000 -0.156952809045150E+002 -0.746335551576400E+003 -0.746335551576400E+003 -0.746525815012874E+003
 -0.192730838140141E+002  0.725321914936092E+002 -0.478876104719219E+000  0.764859245968096E+000 -0.348487003920013E+000 -0.156952809045150E+002 -0.746270144334962E+003 -0.746270144334962E+003 -0.746509553973137E+003
 -0.192416811104682E+002  0.735590648294764E+002 -0.473728460078840E+000  0.786144916735804E+000 -0.383459241437578E+000 -0.156952809045150E+002 -0.746231332652004E+003 -0.746231332652004E+003 -0.746696656594292E+003
 -0.192642036910799E+002  0.730089939783967E+002 -0.490688083023505E+000  0.748108688130688E+000 -0.419953786710295E+000 -0.156952809045150E+002 -0.746364863807061E+003 -0.746364863807061E+003 -0.746424293555725E+003
 -0.192710985169353E+002  0.725574002871279E+002 -0.494004852389209E+000  0.976786741530682E+000  0.401042602755552E-001 -0.156952809045150E+002 -0.746337152051294E+003 -0.746337152051294E+003 -0.747341929905725E+003
 -0.192633992309228E+002  0.730143523012389E+002 -0.504794602874075E+000  0.973449069456165E+000  0.566430857696218E-001 -0.156952809045150E+002 -0.746371240464501E+003 -0.746371240464501E+003 -0.746680682665662E+003
 -0.192772658981544E+002  0.723102005111942E+002 -0.445154012256113E+000  0.631221020646930E+000 -0.611096405059527E+000 -0.156952809045150E+002 -0.746231286200023E+003 -0.746231286200023E+003 -0.746515486894456E+003
 -0.192615057415148E+002  0.730969155907721E+002 -0.527326856457301E+000  0.113850008363294E+001  0.585927982841525E+000 -0.156952809045150E+002 -0.746359589644365E+003 -0.746359589644365E+003 -0.746484790074686E+003
 -0.192643801424979E+002  0.729110629316908E+002 -0.498401337114825E+000  0.775089937170128E+000 -0.425454006973567E+000 -0.156952809045150E+002 -0.746254384323440E+003 -0.746254384323440E+003 -0.746583062552437E+003
 -0.192626531934525E+002  0.729971856661502E+002 -0.502955015307925E+000  0.780923687470677E+000 -0.474370042854005E+000 -0.156952809045150E+002 -0.746284213275695E+003 -0.746284213275695E+003 -0.746463867497113E+003
 -0.192715486199730E+002  0.724764012390858E+002 -0.463364036889038E+000  0.746047694031189E+000 -0.398049201625952E+000 -0.156952809045150E+002 -0.746192896021362E+003 -0.746192896021362E+003 -0.746411055851772E+003
 -0.192673717314637E+002  0.728619881232669E+002 -0.500216977959599E+000  0.898034927237262E+000 -0.214095869393461E+000 -0.156952809045150E+002 -0.746235129667781E+003 -0.746235129667781E+003 -0.746422039027457E+003
 -0.192512113250261E+002  0.731722230372441E+002 -0.485402041724099E+000  0.963569878072036E+000  0.148559181707469E+000 -0.156952809045150E+002 -0.746386003681867E+003 -0.746386003681867E+003 -0.746516133799399E+003
 -0.192668896952007E+002  0.726863401868395E+002 -0.487366161201099E+000  0.100576762780770E+001  0.407366794475820E+000 -0.156952809045150E+002 -0.746385470722690E+003 -0.746385470722690E+003 -0.746523185791474E+003
 -0.192693566016231E+002  0.728073569537216E+002 -0.486354061425303E+000  0.662361353999078E+000 -0.546657257193402E+000 -0.156952809045150E+002 -0.746143350541581E+003 -0.746143350541581E+003 -0.746616233143345E+003
 -0.192571503255603E+002  0.731052344190231E+002 -0.449945900855913E+000  0.599438663733238E+000 -0.559956028371730E+000 -0.156952809045150E+002 -0.746325842988624E+003 -0.746325842988624E+003 -0.746619514683151E+003
 -0.192706097185148E+002  0.725884354400435E+002 -0.474568084661005E+000  0.785571895689994E+000 -0.278262198617639E+000 -0.156952809045150E+002 -0.746278232318020E+003 -0.746278232318020E+003 -0.746616220498295E+003
 -0.192733246078394E+002  0.724353804912217E+002 -0.476845055710422E+000  0.856432330701299E+000 -0.334286542709023E+000 -0.156952809045150E+002 -0.746366369918904E+003 -0.746366369918904E+003 -0.746774293739821E+003
 -0.192707274220555E+002  0.726206883634368E+002 -0.459297146045325E+000  0.659132156784116E+000 -0.548565238644954E+000 -0.156952809045150E+002 -0.746075196626942E+003 -0.746075196626942E+003 -0.746437417830009E+003
 -0.192512947920849E+002  0.732847331225925E+002 -0.494187744426033E+000  0.901441881637995E+000 -0.193701450835803E+000 -0.156952809045150E+002 -0.746169116769802E+003 -0.746169116769802E+003 -0.746570005740016E+003
 -0.192492342176557E+002  0.732488929934471E+002 -0.470406623036349E+000  0.699754365674050E+000 -0.493639881285361E+000 -0.156952809045150E+002 -0.746172862321383E+003 -0.746172862321383E+003 -0.746519331259482E+003
 -0.192716258518143E+002  0.724701476086543E+002 -0.441893912346018E+000  0.628141416334147E+000 -0.530291034745446E+000 -0.156952809045150E+002 -0.746290963425317E+003 -0.746290963425317E+003 -0.746505844830520E+003
 -0.192716759677961E+002  0.725802830869927E+002 -0.475497394080739E+000  0.842592406687643E+000 -0.336571989421628E+000 -0.156952809045150E+002 -0.746384263299172E+003 -0.746384263299172E+003 -0.746869339495924E+003
 -0.192760224314596E+002  0.724040360093527E+002 -0.475781797825517E+000  0.859392450357349E+000 -0.180325662077109E+000 -0.156952809045150E+002 -0.746336614279420E+003 -0.746336614279420E+003 -0.746437174088001E+003
 -0.192625792993678E+002  0.730769622247595E+002 -0.508258012672905E+000  0.920371993586523E+000 -0.124729578167120E+000 -0.156952809045150E+002 -0.746318822133270E+003 -0.746318822133270E+003 -0.746573966082224E+003
 -0.192576185668759E+002  0.731277106607409E+002 -0.500501115045206E+000  0.100572392874702E+001  0.419021722616023E+000 -0.156952809045150E+002 -0.746395515459692E+003 -0.746395515459692E+003 -0.747062616697713E+003
 -0.192528079225506E+002  0.731547163798351E+002 -0.465525452468085E+000  0.783999825996045E+000 -0.330200359572885E+000 -0.156952809045150E+002 -0.746187544910762E+003 -0.746187544910762E+003 -0.746892926515196E+003
 -0.192721018639851E+002  0.726104265151017E+002 -0.482435015824752E+000  0.795106212213295E+000 -0.516138276006842E+000 -0.156952809045150E+002 -0.746345555832757E+003 -0.746345555832757E+003 -0.746636121989167E+003
 -0.192433003723471E+002  0.736080867883136E+002 -0.476751088173177E+000  0.712700784460388E+000 -0.523215484771498E+000 -0.156952809045150E+002 -0.746170332503245E+003 -0.746170332503245E+003 -0.746408309930029E+003
