  0.466446463497045E-001  0.147861302173799E+004 -0.191953559573588E+002  0.744526963733636E+002 -0.432468487766910E+000  0.217916274362011E+001  0.269018974651510E+002 -0.153588086678938E+002 -0.740697603560880E+003
  0.466446463497045E-001  0.147385428249277E+004 -0.192817356328803E+002  0.716165479994900E+002 -0.452403376535765E+000  0.260950310144799E+001  0.472592821865777E+002 -0.153588086678938E+002 -0.738318233938268E+003
  0.466446463497045E-001  0.147116878692666E+004 -0.192737672510234E+002  0.726421070040298E+002 -0.554702835236927E+000  0.159172072778908E+001  0.680392773385707E+001 -0.153588086678938E+002 -0.736975486155213E+003
  0.466446463497045E-001  0.147117143039377E+004 -0.192429255234608E+002  0.733155689952452E+002 -0.402692106509401E+000  0.265650694578007E+000  0.167976651434227E+002 -0.153588086678938E+002 -0.736976807888768E+003
  0.466446463497045E-001  0.147891745074838E+004 -0.191767464174079E+002  0.765908972701805E+002 -0.721126235041752E+000  0.428321796516459E+001  0.419703986724324E+002 -0.153588086678938E+002 -0.740849818066075E+003
  0.466446463497045E-001  0.148502284972430E+004 -0.192960302712749E+002  0.709166600892313E+002 -0.138635992312790E+000 -0.245049706251600E+001 -0.357774753450627E+002 -0.153588086678938E+002 -0.743902517554035E+003
  0.466446463497045E-001  0.147117498697622E+004 -0.192372824501228E+002  0.735561629370563E+002 -0.403834866136015E+000  0.189302320277375E+000  0.460353912775651E+002 -0.153588086678938E+002 -0.736978586179994E+003
  0.466446463497045E-001  0.147386724604864E+004 -0.192634593783489E+002  0.725829659906136E+002 -0.372193123001038E+000 -0.107127642565389E+000  0.328392108101791E+002 -0.153588086678938E+002 -0.738324715716204E+003
  0.466446463497045E-001  0.147387275156093E+004 -0.192156519706166E+002  0.744276452461574E+002 -0.418807071606005E+000 -0.267213016699773E+000  0.403265942500011E+002 -0.153588086678938E+002 -0.738327468472352E+003
  0.466446463497045E-001  0.147931298733574E+004 -0.192693148179219E+002  0.718089137743817E+002 -0.294860895723391E+000  0.174737570264217E+000 -0.217808697771433E+002 -0.153588086678938E+002 -0.741047586359753E+003
  0.466446463497045E-001  0.147118322099095E+004 -0.192618974428304E+002  0.725604254698153E+002 -0.476227322412802E+000  0.303008587897891E+001  0.485895032382606E+002 -0.153588086678938E+002 -0.736982703187358E+003
  0.466446463497045E-001  0.147943772485151E+004 -0.192009924023387E+002  0.743118885920720E+002 -0.431026573765854E+000  0.137818141647679E+001  0.455103979600695E+001 -0.153588086678938E+002 -0.741109955117638E+003
  0.466446463497045E-001  0.147389194180002E+004 -0.191864397893469E+002  0.754866609852564E+002 -0.484108398063958E+000  0.135732812241978E+001  0.101456924436693E+002 -0.153588086678938E+002 -0.738337063591893E+003
  0.466446463497045E-001  0.147983817807670E+004 -0.193074923859956E+002  0.717887600662215E+002 -0.604948588950954E+000  0.261949021801064E+001  0.282314480521146E+002 -0.153588086678938E+002 -0.741310181730234E+003
  0.466446463497045E-001  0.147119179680593E+004 -0.192438817426925E+002  0.729387688079473E+002 -0.418749488356367E+000  0.149594218094617E+001  0.222251065737940E+002 -0.153588086678938E+002 -0.736986991094852E+003
  0.466446463497045E-001  0.148240335896503E+004 -0.192259247277371E+002  0.747287468628639E+002 -0.597892341093273E+000  0.285660237587626E+001  0.201964957295720E+002 -0.153588086678938E+002 -0.742592772174401E+003
  0.466446463497045E-001  0.147119323328204E+004 -0.192192843200391E+002  0.743119405697683E+002 -0.546041436360941E+000  0.342521943914148E+001  0.434538481064456E+002 -0.153588086678938E+002 -0.736987709332904E+003
  0.466446463497045E-001  0.147119556577160E+004 -0.192538755957181E+002  0.729515534458119E+002 -0.355061248930108E+000 -0.524057748323251E+000 -0.396280719823930E+002 -0.153588086678938E+002 -0.736988875577683E+003
  0.466446463497045E-001  0.147390179470322E+004 -0.193060942470850E+002  0.717785557614585E+002 -0.581307990119021E+000  0.342780492699516E+001  0.494725086378187E+002 -0.153588086678938E+002 -0.738341990043496E+003
  0.466446463497045E-001  0.148016292094814E+004 -0.192178853981187E+002  0.740555845748783E+002 -0.333795163077550E+000  0.516094564543836E+000  0.350141770960771E+002 -0.153588086678938E+002 -0.741472553165954E+003
  0.466446463497045E-001  0.147390280799275E+004 -0.192316618489538E+002  0.737785775172261E+002 -0.619354641379916E+000  0.333735751257437E+001  0.281198763304858E+002 -0.153588086678938E+002 -0.738342496688261E+003
  0.466446463497045E-001  0.147394148643187E+004 -0.192047223354150E+002  0.745488233326812E+002 -0.434057887973284E+000  0.182292607431063E+001  0.205943721576860E+002 -0.153588086678938E+002 -0.738361835907822E+003
  0.466446463497045E-001  0.147119757446348E+004 -0.192435713919341E+002  0.734663053898356E+002 -0.451180730322262E+000  0.115500987821221E+001  0.160800542540854E+002 -0.153588086678938E+002 -0.736989879923625E+003
  0.466446463497045E-001  0.147119853613432E+004 -0.192631187057967E+002  0.728572274819942E+002 -0.466484732538046E+000  0.121094473442599E+001  0.125506883172551E+002 -0.153588086678938E+002 -0.736990360759047E+003
  0.466446463497045E-001  0.148109166672255E+004 -0.192189828159145E+002  0.735549574209757E+002 -0.401130641163456E+000  0.156961785857995E+001  0.967198318014464E+001 -0.153588086678938E+002 -0.741936926053159E+003
  0.466446463497045E-001  0.147855669674341E+004 -0.192509857622716E+002  0.731505422090278E+002 -0.311363790647204E+000 -0.853228879695662E+000 -0.195205465634954E+002 -0.153588086678938E+002 -0.740669441063590E+003
  0.466446463497045E-001  0.147842070240750E+004 -0.191774974321765E+002  0.756082189606715E+002 -0.613142797550261E+000  0.406040340072084E+001  0.497395768272737E+002 -0.153588086678938E+002 -0.740601443895635E+003
  0.466446463497045E-001  0.147839970845744E+004 -0.192640366105236E+002  0.718402520326481E+002 -0.327390039780824E+000  0.363676218287592E+000 -0.283973340009933E+002 -0.153588086678938E+002 -0.740590946920606E+003
  0.466446463497045E-001  0.147838027313746E+004 -0.192382525672492E+002  0.738001550071346E+002 -0.372230391556551E+000 -0.415580738793113E+000 -0.273470405155201E+002 -0.153588086678938E+002 -0.740581229260617E+003
  0.466446463497045E-001  0.147832917303342E+004 -0.192241569194228E+002  0.738309843984017E+002 -0.268819361010774E+000 -0.150763546655077E+001 -0.411315591225394E+002 -0.153588086678938E+002 -0.740555679208595E+003
  0.466446463497045E-001  0.147796758231298E+004 -0.193167988118932E+002  0.705508615730188E+002 -0.378507114887193E+000  0.456075173953825E+000  0.301130920187906E+002 -0.153588086678938E+002 -0.740374883848375E+003
  0.466446463497045E-001  0.147786743073364E+004 -0.191948470013876E+002  0.745333095340748E+002 -0.322600065006668E+000  0.396861074790635E+000 -0.477680582821858E+002 -0.153588086678938E+002 -0.740324808058706E+003
  0.466446463497045E-001  0.147394847582721E+004 -0.191943975265898E+002  0.746010678984881E+002 -0.345604154029569E+000 -0.277062756414459E-002 -0.201002527294108E+002 -0.153588086678938E+002 -0.738365330605488E+003
  0.466446463497045E-001  0.147120364383888E+004 -0.192645996822187E+002  0.729069094497895E+002 -0.543928539988486E+000  0.280217514307757E+001  0.470753986235890E+002 -0.153588086678938E+002 -0.736992914611325E+003
  0.466446463497045E-001  0.147395711000404E+004 -0.192737687443041E+002  0.727601355139508E+002 -0.622388732224319E+000  0.386134223869711E+001  0.364789635691417E+002 -0.153588086678938E+002 -0.738369647693905E+003
  0.466446463497045E-001  0.147120478505711E+004 -0.193147759282050E+002  0.713233566912743E+002 -0.518374957596613E+000  0.989198414453738E+000  0.290922241607042E+000 -0.153588086678938E+002 -0.736993485220440E+003
  0.466446463497045E-001  0.147769730994841E+004 -0.192025046626045E+002  0.753553055549188E+002 -0.586605477147150E+000  0.134627435737596E+001  0.272836340388432E+001 -0.153588086678938E+002 -0.740239747666088E+003
  0.466446463497045E-001  0.147760841784033E+004 -0.192273102462224E+002  0.739843112295242E+002 -0.628176222199705E+000  0.283509089562052E+001  0.171471758079006E+002 -0.153588086678938E+002 -0.740195301612051E+003
  0.466446463497045E-001  0.147760791208281E+004 -0.192854119535378E+002  0.711610661129400E+002 -0.279990172048514E+000 -0.820297845314795E+000 -0.431278821888612E+002 -0.153588086678938E+002 -0.740195048733292E+003
  0.466446463497045E-001  0.147739695669536E+004 -0.192028124217278E+002  0.740745733422766E+002 -0.315976837702811E+000  0.292269446460641E+000 -0.371865766718849E+001 -0.153588086678938E+002 -0.740089571039565E+003
  0.466446463497045E-001  0.147399308905550E+004 -0.192241343760824E+002  0.734323647659853E+002 -0.378557276820404E+000  0.138864765639565E+001  0.417356786375414E+002 -0.153588086678938E+002 -0.738387637219637E+003
  0.466446463497045E-001  0.147712934581939E+004 -0.192483690484524E+002  0.724481831526018E+002 -0.325995429583848E+000  0.102039843352376E+001  0.238571255554779E+002 -0.153588086678938E+002 -0.739955765601581E+003
  0.466446463497045E-001  0.147407328521500E+004 -0.192089520263269E+002  0.739854682513244E+002 -0.373594270159752E+000  0.104414713658060E+001  0.172968187947348E+002 -0.153588086678938E+002 -0.738427735299384E+003
  0.466446463497045E-001  0.147709907287221E+004 -0.193339142471012E+002  0.704504700740785E+002 -0.515268945597689E+000  0.185657682817132E+001  0.152705371660679E+002 -0.153588086678938E+002 -0.739940629127988E+003
  0.466446463497045E-001  0.147704742144522E+004 -0.191754123978251E+002  0.756776117535890E+002 -0.458894213943708E+000  0.181453887782848E+001  0.400522821470754E+002 -0.153588086678938E+002 -0.739914803414496E+003
  0.466446463497045E-001  0.147686554229100E+004 -0.193065737104374E+002  0.716471880462476E+002 -0.726305927372157E+000  0.457572223921355E+001  0.456055295365522E+002 -0.153588086678938E+002 -0.739823863837386E+003
  0.466446463497045E-001  0.147682106470323E+004 -0.192233340237447E+002  0.746610586368040E+002 -0.537031877283326E+000  0.149080008756089E+001  0.304350979616789E+001 -0.153588086678938E+002 -0.739801625043498E+003
  0.466446463497045E-001  0.147408254609730E+004 -0.193227069977678E+002  0.712211633622595E+002 -0.603518968826734E+000  0.308076372187120E+001  0.319233655267629E+002 -0.153588086678938E+002 -0.738432365740533E+003
  0.466446463497045E-001  0.147661300729617E+004 -0.192138682900672E+002  0.740925190062009E+002 -0.243630398466169E+000 -0.198161323835699E+001 -0.327454223635842E+002 -0.153588086678938E+002 -0.739697596339970E+003
  0.466446463497045E-001  0.147658727094127E+004 -0.192143491698939E+002  0.735886002107702E+002 -0.217707698509014E+000 -0.227552727754408E+001 -0.446665939073633E+002 -0.153588086678938E+002 -0.739684728162522E+003
  0.466446463497045E-001  0.147650728829297E+004 -0.192392994078605E+002  0.736572371612055E+002 -0.414057123744734E+000  0.129634198163307E+001  0.175829362515299E+002 -0.153588086678938E+002 -0.739644736838371E+003
  0.466446463497045E-001  0.147408647705680E+004 -0.192031289056977E+002  0.741993159291921E+002 -0.303519110538553E+000 -0.855578207345167E+000 -0.451362885741996E+002 -0.153588086678938E+002 -0.738434331220284E+003
  0.466446463497045E-001  0.147644567370835E+004 -0.192050253282279E+002  0.752083878652846E+002 -0.551725934263891E+000  0.282495723656822E+001  0.318739585478715E+002 -0.153588086678938E+002 -0.739613929546058E+003
  0.466446463497045E-001  0.147640668645660E+004 -0.192305010411550E+002  0.744713455919133E+002 -0.605663463715079E+000  0.181852864976396E+001  0.880996051134373E+001 -0.153588086678938E+002 -0.739594435920187E+003
  0.466446463497045E-001  0.147640159516012E+004 -0.192428049140464E+002  0.725799976518571E+002 -0.305676182822601E+000 -0.207283942113321E+000 -0.324992863620076E+002 -0.153588086678938E+002 -0.739591890271943E+003
  0.466446463497045E-001  0.147638888667479E+004 -0.191848749546834E+002  0.753037821905282E+002 -0.445844367286909E+000  0.165913694975873E+001  0.462088482506000E+002 -0.153588086678938E+002 -0.739585536029279E+003
  0.466446463497045E-001  0.147121006451645E+004 -0.192251252455700E+002  0.736824144402656E+002 -0.367563132502480E+000  0.854730310998866E-001 -0.471338590179632E+001 -0.153588086678938E+002 -0.736996124950109E+003
  0.466446463497045E-001  0.147631629383128E+004 -0.192573742634983E+002  0.731214658217519E+002 -0.503681930892559E+000  0.161449650352854E+001  0.232558077170122E+002 -0.153588086678938E+002 -0.739549239607523E+003
  0.466446463497045E-001  0.147121813175348E+004 -0.192749832361325E+002  0.721729529950758E+002 -0.396198055272527E+000  0.713599675719516E+000  0.464221579699651E+002 -0.153588086678938E+002 -0.737000158568625E+003
  0.466446463497045E-001  0.147621165100250E+004 -0.193032492357156E+002  0.718520221202434E+002 -0.636868223315276E+000  0.211486563499005E+001  0.789221717078432E+001 -0.153588086678938E+002 -0.739496918193135E+003
  0.466446463497045E-001  0.147412150629772E+004 -0.192424592362074E+002  0.729279762850960E+002 -0.221279896560614E+000 -0.205206823537896E+001 -0.340181890216930E+002 -0.153588086678938E+002 -0.738451845840743E+003
  0.466446463497045E-001  0.147617647248320E+004 -0.192436721203405E+002  0.736415641200843E+002 -0.539159276473448E+000  0.287390311389167E+001  0.255127337946590E+002 -0.153588086678938E+002 -0.739479328933487E+003
  0.466446463497045E-001  0.147413121966741E+004 -0.192403301943877E+002  0.742880598682473E+002 -0.632935196819547E+000  0.184170462170629E+001  0.369828200674435E+001 -0.153588086678938E+002 -0.738456702525593E+003
  0.466446463497045E-001  0.147413651960946E+004 -0.192369076229149E+002  0.739103137124703E+002 -0.673062195466886E+000  0.326870688229829E+001  0.215376127835533E+002 -0.153588086678938E+002 -0.738459352496614E+003
  0.466446463497045E-001  0.147122387105676E+004 -0.191992321438260E+002  0.749188319943843E+002 -0.491923842066080E+000  0.269137331784668E+001  0.464706834824195E+002 -0.153588086678938E+002 -0.737003028220263E+003
  0.466446463497045E-001  0.147604699973458E+004 -0.192364593204475E+002  0.737266896625364E+002 -0.376987241788160E+000 -0.926821003119425E+000 -0.330240981559852E+002 -0.153588086678938E+002 -0.739414592559176E+003
  0.466446463497045E-001  0.147416880248044E+004 -0.192945586197562E+002  0.721806377751080E+002 -0.572405673255318E+000  0.334894316201599E+001  0.464600297523181E+002 -0.153588086678938E+002 -0.738475493932103E+003
  0.466446463497045E-001  0.147600183300558E+004 -0.192695302898523E+002  0.717641579284562E+002 -0.265661032988532E+000 -0.105151046192184E+001 -0.462726482391003E+002 -0.153588086678938E+002 -0.739392009194674E+003
  0.466446463497045E-001  0.147589142243988E+004 -0.192959937709252E+002  0.723899814690803E+002 -0.621910201976345E+000  0.151769487490571E+001  0.261595328967181E+001 -0.153588086678938E+002 -0.739336803911825E+003
  0.466446463497045E-001  0.147588230010354E+004 -0.192139573716046E+002  0.754452991518953E+002 -0.735797113296389E+000  0.418714383833720E+001  0.401561782836606E+002 -0.153588086678938E+002 -0.739332242743656E+003
  0.466446463497045E-001  0.147587165701585E+004 -0.192353533438761E+002  0.747251595760851E+002 -0.712489347923609E+000  0.400602313001944E+001  0.401757293674496E+002 -0.153588086678938E+002 -0.739326921199809E+003
  0.466446463497045E-001  0.147122915284477E+004 -0.192364745184940E+002  0.732008856305386E+002 -0.426041442195469E+000  0.164504343438938E+001  0.250335000689872E+002 -0.153588086678938E+002 -0.737005669114272E+003
  0.466446463497045E-001  0.147123172723726E+004 -0.192242302578463E+002  0.740045119566713E+002 -0.397024005335147E+000  0.299952479808143E+000  0.391831267984453E+002 -0.153588086678938E+002 -0.737006956310515E+003
  0.466446463497045E-001  0.147571004629482E+004 -0.192188255951608E+002  0.740385593055863E+002 -0.408593909814484E+000  0.110307871358483E+000 -0.253910103558856E+002 -0.153588086678938E+002 -0.739246115839294E+003
  0.466446463497045E-001  0.147418637477062E+004 -0.192230798218184E+002  0.741268926725360E+002 -0.401105244933812E+000 -0.439838403409196E+000 -0.387285703458742E+002 -0.153588086678938E+002 -0.738484280077197E+003
  0.466446463497045E-001  0.147123861602415E+004 -0.192003200248850E+002  0.750548902475699E+002 -0.495768303554448E+000  0.150799989397531E+001  0.108233842420858E+002 -0.153588086678938E+002 -0.737010400703959E+003
  0.466446463497045E-001  0.147564767386675E+004 -0.191878499170878E+002  0.753181267814654E+002 -0.417941621318627E+000  0.121498535588719E+001  0.171137005338104E+002 -0.153588086678938E+002 -0.739214929625261E+003
  0.466446463497045E-001  0.147563817028868E+004 -0.192064453423276E+002  0.746183371744861E+002 -0.395065992487739E+000 -0.379317761965313E+000 -0.256406405460737E+002 -0.153588086678938E+002 -0.739210177836227E+003
  0.466446463497045E-001  0.147424159184719E+004 -0.192127130394786E+002  0.747675752363840E+002 -0.519585768715189E+000  0.225479331321081E+001  0.389767207674471E+002 -0.153588086678938E+002 -0.738511888615478E+003
  0.466446463497045E-001  0.147126004448126E+004 -0.192835456950816E+002  0.717790227808581E+002 -0.378380783802910E+000  0.373405325717472E+000  0.363020174795587E+001 -0.153588086678938E+002 -0.737021114932516E+003
  0.466446463497045E-001  0.147127201905569E+004 -0.192660538615197E+002  0.726027946429747E+002 -0.402682645392503E+000  0.611229290861322E+000  0.483350478574813E+002 -0.153588086678938E+002 -0.737027102219731E+003
  0.466446463497045E-001  0.147559664967900E+004 -0.192838823224276E+002  0.716174137314392E+002 -0.362858692958731E+000 -0.612793055084484E+000 -0.435055832346477E+002 -0.153588086678938E+002 -0.739189417531387E+003
  0.466446463497045E-001  0.147425492183070E+004 -0.192579851529202E+002  0.722264383620791E+002 -0.365898685032086E+000  0.120260080896793E+001  0.175908732049224E+002 -0.153588086678938E+002 -0.738518553607235E+003
  0.466446463497045E-001  0.147551641370449E+004 -0.192685291749768E+002  0.725942166687828E+002 -0.660523312981711E+000  0.419166444218113E+001  0.461303826339023E+002 -0.153588086678938E+002 -0.739149299544131E+003
  0.466446463497045E-001  0.147551454452674E+004 -0.192005517445905E+002  0.746716400310229E+002 -0.406048989771852E+000  0.107826384726474E+000  0.362660023382769E+002 -0.153588086678938E+002 -0.739148364955255E+003
  0.466446463497045E-001  0.147550149400079E+004 -0.192597120283808E+002  0.731099147916583E+002 -0.441316481105033E+000  0.157830478961942E+001  0.317136162017265E+002 -0.153588086678938E+002 -0.739141839692282E+003
  0.466446463497045E-001  0.147426262071244E+004 -0.192338564045080E+002  0.738539241023426E+002 -0.414331852842912E+000 -0.187374870567836E+000 -0.378915901780117E+002 -0.153588086678938E+002 -0.738522403048105E+003
  0.466446463497045E-001  0.147127874474241E+004 -0.192409266443922E+002  0.734986327260972E+002 -0.409219371394797E+000  0.664319389725698E+000  0.233933657420135E+002 -0.153588086678938E+002 -0.737030465063091E+003
  0.466446463497045E-001  0.147542947443725E+004 -0.191696787350246E+002  0.762133866166539E+002 -0.561935752348925E+000  0.227686109447658E+001  0.159120977461912E+002 -0.153588086678938E+002 -0.739105829910508E+003
  0.466446463497045E-001  0.147538608496363E+004 -0.192805721338527E+002  0.717049000583386E+002 -0.441484181902530E+000  0.175965588871739E+001  0.281952395734050E+002 -0.153588086678938E+002 -0.739084135173702E+003
  0.466446463497045E-001  0.147129832294956E+004 -0.192187292613833E+002  0.744564761257560E+002 -0.510852570947899E+000  0.245111687606273E+001  0.443559599278829E+002 -0.153588086678938E+002 -0.737040254166667E+003
  0.466446463497045E-001  0.147535296753935E+004 -0.193088676948345E+002  0.714445194429108E+002 -0.489569566183978E+000  0.205018246796628E+001  0.361176542347947E+002 -0.153588086678938E+002 -0.739067576461559E+003
  0.466446463497045E-001  0.147534824688081E+004 -0.192123571133728E+002  0.741432404474970E+002 -0.337621592127103E+000  0.210191150114694E+000 -0.291463347745140E+002 -0.153588086678938E+002 -0.739065216132290E+003
  0.466446463497045E-001  0.147130056313891E+004 -0.192582339817112E+002  0.731862198257707E+002 -0.611880859940827E+000  0.263023479914247E+001  0.122526275135621E+002 -0.153588086678938E+002 -0.737041374261339E+003
  0.466446463497045E-001  0.147427986857028E+004 -0.193083664025324E+002  0.713334916535149E+002 -0.637599106716826E+000  0.366762035832400E+001  0.347837493853982E+002 -0.153588086678938E+002 -0.738531026977024E+003
  0.466446463497045E-001  0.147530167705220E+004 -0.192227495905565E+002  0.742816176690584E+002 -0.515016038982355E+000  0.181008328045848E+001  0.237335683971200E+002 -0.153588086678938E+002 -0.739041931217985E+003
  0.466446463497045E-001  0.147432126858565E+004 -0.192959040491020E+002  0.716715240277447E+002 -0.395329688613197E+000  0.555390631406890E+000  0.506334158818929E+001 -0.153588086678938E+002 -0.738551726984709E+003
  0.466446463497045E-001  0.147529138582382E+004 -0.192301530304624E+002  0.741323897652743E+002 -0.443615774665450E+000  0.130009152487564E+001  0.180970382589610E+002 -0.153588086678938E+002 -0.739036785603793E+003
  0.466446463497045E-001  0.147522611535837E+004 -0.192857634295213E+002  0.717509607770941E+002 -0.588434723228584E+000  0.391259535202380E+001  0.491663688192490E+002 -0.153588086678938E+002 -0.739004150371070E+003
  0.466446463497045E-001  0.147131030987493E+004 -0.192303010319494E+002  0.738143787214035E+002 -0.400976418577065E+000  0.185354061475528E+000 -0.335274395032398E+002 -0.153588086678938E+002 -0.737046247629350E+003
  0.466446463497045E-001  0.147515993067184E+004 -0.192041041623446E+002  0.748476683663204E+002 -0.412769393811566E+000  0.109451860921750E-001 -0.485050476017392E+002 -0.153588086678938E+002 -0.738971058027803E+003
  0.466446463497045E-001  0.147514078486374E+004 -0.192908640792426E+002  0.719314138119590E+002 -0.412998469052547E+000  0.466322896364485E+000  0.289148189750326E+002 -0.153588086678938E+002 -0.738961485123754E+003
  0.466446463497045E-001  0.147432572159452E+004 -0.192954145602395E+002  0.710987524606750E+002 -0.348208157453013E+000  0.329786101890339E+000 -0.835014012580433E+001 -0.153588086678938E+002 -0.738553953489143E+003
  0.466446463497045E-001  0.147507443016866E+004 -0.193114895079997E+002  0.710007393191052E+002 -0.389020261266993E+000  0.470657552435836E+000 -0.402707640745402E+002 -0.153588086678938E+002 -0.738928307776215E+003
  0.466446463497045E-001  0.147432651664271E+004 -0.192783188494538E+002  0.722847415518999E+002 -0.416113815420033E+000  0.235119544835495E+000 -0.661714907786482E+001 -0.153588086678938E+002 -0.738554351013243E+003
  0.466446463497045E-001  0.147505603715693E+004 -0.193098097545644E+002  0.711160612955577E+002 -0.384135730540263E+000 -0.322247305906362E-001 -0.281655245469825E+002 -0.153588086678938E+002 -0.738919111270348E+003
  0.466446463497045E-001  0.147504989996561E+004 -0.193138377175094E+002  0.707972069918840E+002 -0.378193840748141E+000  0.445109661254817E+000 -0.494195880632739E+002 -0.153588086678938E+002 -0.738916042674691E+003
  0.466446463497045E-001  0.147504850664232E+004 -0.192556305196453E+002  0.726268971655589E+002 -0.550067589450462E+000  0.355853804019563E+001  0.478484740192603E+002 -0.153588086678938E+002 -0.738915346013047E+003
  0.466446463497045E-001  0.147503971961130E+004 -0.191894997358139E+002  0.752093791130805E+002 -0.378187299273818E+000 -0.304221756670191E+000 -0.379762045203627E+002 -0.153588086678938E+002 -0.738910952497536E+003
  0.466446463497045E-001  0.147502522496811E+004 -0.193155052627507E+002  0.716369610803134E+002 -0.737423183810342E+000  0.474393058100530E+001  0.431655964640603E+002 -0.153588086678938E+002 -0.738903705175939E+003
  0.466446463497045E-001  0.147500317300220E+004 -0.191815133970658E+002  0.756804048980093E+002 -0.466485599290479E+000  0.140884961055544E+001  0.132399344583495E+002 -0.153588086678938E+002 -0.738892679192985E+003
  0.466446463497045E-001  0.147500017514617E+004 -0.192486600761970E+002  0.734391051644239E+002 -0.402204688535056E+000  0.314749016801041E-002 -0.422668644223623E+002 -0.153588086678938E+002 -0.738891180264972E+003
  0.466446463497045E-001  0.147497951030844E+004 -0.192039837789832E+002  0.743418738514701E+002 -0.426019741364297E+000  0.219388261646320E+001  0.327067164008448E+002 -0.153588086678938E+002 -0.738880847846106E+003
  0.466446463497045E-001  0.147133440083956E+004 -0.192078302484406E+002  0.749957069322851E+002 -0.545880551401740E+000  0.250972726268289E+001  0.274616593979819E+002 -0.153588086678938E+002 -0.737058293111663E+003
  0.466446463497045E-001  0.147494613073913E+004 -0.191901751153319E+002  0.748634423451475E+002 -0.375454959636487E+000 -0.452458321351008E-001 -0.353159956354986E+002 -0.153588086678938E+002 -0.738864158061452E+003
  0.466446463497045E-001  0.147134878081052E+004 -0.192529998316597E+002  0.725602567531844E+002 -0.346970172646062E+000 -0.235568925052734E-001 -0.944749791804505E+001 -0.153588086678938E+002 -0.737065483097145E+003
  0.466446463497045E-001  0.147492005943711E+004 -0.192054466645729E+002  0.745044316497622E+002 -0.344255106152894E+000 -0.389828096250522E-002 -0.104945968874491E+002 -0.153588086678938E+002 -0.738851122410441E+003
  0.466446463497045E-001  0.147135952281878E+004 -0.192516676236398E+002  0.726114211857654E+002 -0.340303182322266E+000  0.256910816018397E+000  0.587362095153981E+001 -0.153588086678938E+002 -0.737070854101276E+003
  0.466446463497045E-001  0.147490271966842E+004 -0.191930705250450E+002  0.747018399985611E+002 -0.337473987408769E+000 -0.107125413055266E+000 -0.379941058800120E+002 -0.153588086678938E+002 -0.738842452526097E+003
  0.466446463497045E-001  0.147490151339757E+004 -0.192971795510825E+002  0.713863094531780E+002 -0.396730659757792E+000  0.188500213394146E+000 -0.334148213154283E+002 -0.153588086678938E+002 -0.738841849390669E+003
  0.466446463497045E-001  0.147433738552955E+004 -0.192877423825464E+002  0.721906806259519E+002 -0.512860052102959E+000  0.209644754206917E+001  0.342281979053716E+002 -0.153588086678938E+002 -0.738559785456662E+003
  0.466446463497045E-001  0.147434654632159E+004 -0.192327469362657E+002  0.733620211434072E+002 -0.355559775512985E+000  0.118985972644755E+001  0.276184945344088E+002 -0.153588086678938E+002 -0.738564365852682E+003
  0.466446463497045E-001  0.147486695843100E+004 -0.192149741215061E+002  0.750062439440621E+002 -0.604023332879296E+000  0.262669606398942E+001  0.265612699347530E+002 -0.153588086678938E+002 -0.738824571907383E+003
  0.466446463497045E-001  0.147136439768917E+004 -0.192157357413177E+002  0.740707696422129E+002 -0.373736235368022E+000  0.142526256934536E+000  0.249851692355820E+002 -0.153588086678938E+002 -0.737073291536468E+003
  0.466446463497045E-001  0.147483399673554E+004 -0.193199527142789E+002  0.707584827395188E+002 -0.436475881073317E+000  0.147557433779784E+001  0.223929724201995E+002 -0.153588086678938E+002 -0.738808091059656E+003
  0.466446463497045E-001  0.147436047737049E+004 -0.192969512640804E+002  0.712320080638974E+002 -0.403532459391861E+000  0.111112121792920E+001  0.231732495694265E+002 -0.153588086678938E+002 -0.738571331377132E+003
  0.466446463497045E-001  0.147477549656019E+004 -0.193310884240967E+002  0.707547205677618E+002 -0.546810920997323E+000  0.244852891487678E+001  0.208098566496422E+002 -0.153588086678938E+002 -0.738778840971980E+003
  0.466446463497045E-001  0.147436403193534E+004 -0.192577059733080E+002  0.724438779382228E+002 -0.438197151403472E+000  0.181948372284454E+001  0.319196224574059E+002 -0.153588086678938E+002 -0.738573108659554E+003
  0.466446463497045E-001  0.147473638175991E+004 -0.192636053889377E+002  0.723631362188052E+002 -0.400308031841498E+000  0.205764934797227E+001  0.366256823547964E+002 -0.153588086678938E+002 -0.738759283571840E+003
  0.466446463497045E-001  0.147436999456415E+004 -0.192683235470151E+002  0.727540982147118E+002 -0.418338602838930E+000  0.945697504267285E+000  0.470009355678650E+002 -0.153588086678938E+002 -0.738576089973960E+003
  0.466446463497045E-001  0.147471096350208E+004 -0.192988608628061E+002  0.720734575321011E+002 -0.669131230905552E+000  0.348448247747161E+001  0.341402965395555E+002 -0.153588086678938E+002 -0.738746574442927E+003
  0.466446463497045E-001  0.147137462781499E+004 -0.192421221852813E+002  0.728876830126784E+002 -0.355843937468941E+000  0.756788635346403E+000  0.222082601627548E+002 -0.153588086678938E+002 -0.737078406599381E+003
  0.466446463497045E-001  0.147468275037743E+004 -0.192213059926419E+002  0.738566987693316E+002 -0.464430593096843E+000  0.185107348471373E+001  0.306520132296250E+002 -0.153588086678938E+002 -0.738732467880599E+003
  0.466446463497045E-001  0.147467006182968E+004 -0.192659197913227E+002  0.734786987142265E+002 -0.666318072951110E+000  0.294657428364664E+001  0.238484176468565E+002 -0.153588086678938E+002 -0.738726123606723E+003
  0.466446463497045E-001  0.147466964521893E+004 -0.192550622623605E+002  0.723792231885718E+002 -0.184072136405362E+000 -0.268101693264450E+001 -0.492696310736764E+002 -0.153588086678938E+002 -0.738725915301351E+003
  0.466446463497045E-001  0.147137682880210E+004 -0.192085018753103E+002  0.748254340653430E+002 -0.525436248342127E+000  0.259809786743435E+001  0.414633335036429E+002 -0.153588086678938E+002 -0.737079507092936E+003
  0.466446463497045E-001  0.147465688719242E+004 -0.191918241048241E+002  0.750077421643290E+002 -0.432468293850534E+000  0.111882671599911E+001  0.170186065579840E+002 -0.153588086678938E+002 -0.738719536288097E+003
  0.466446463497045E-001  0.147437263307827E+004 -0.192005510393986E+002  0.745753985490645E+002 -0.299125104361785E+000 -0.123469168751528E+001 -0.388675882207583E+002 -0.153588086678938E+002 -0.738577409231022E+003
  0.466446463497045E-001  0.147438964720884E+004 -0.192717958104776E+002  0.730341950741902E+002 -0.601919613298318E+000  0.378771039820948E+001  0.497758194614205E+002 -0.153588086678938E+002 -0.738585916296303E+003
  0.466446463497045E-001  0.147439195347585E+004 -0.192399633557010E+002  0.735511491208085E+002 -0.371293602841560E+000  0.623156672436389E-001 -0.259791060471228E+002 -0.153588086678938E+002 -0.738587069429809E+003
  0.466446463497045E-001  0.147461509651545E+004 -0.192047026150532E+002  0.741578985263315E+002 -0.331723157391277E+000  0.323354951294097E+000  0.107637492229922E+002 -0.153588086678938E+002 -0.738698640949609E+003
  0.466446463497045E-001  0.147457328545388E+004 -0.192570561116335E+002  0.723655433364796E+002 -0.359135535483026E+000  0.526817964807638E-001  0.174937199757099E+002 -0.153588086678938E+002 -0.738677735418823E+003
  0.466446463497045E-001  0.147457006036587E+004 -0.192276867216761E+002  0.734616042059679E+002 -0.246016017927656E+000 -0.159834742521071E+001 -0.369683278132802E+002 -0.153588086678938E+002 -0.738676122874819E+003
  0.466446463497045E-001  0.147455750667280E+004 -0.192580001628213E+002  0.728446184673390E+002 -0.641079363428557E+000  0.423478915206936E+001  0.421527058820437E+002 -0.153588086678938E+002 -0.738669846028284E+003
  0.466446463497045E-001  0.147453991190442E+004 -0.193139671516286E+002  0.707553991926761E+002 -0.397442253841523E+000  0.102115506621820E+001  0.161182700884950E+002 -0.153588086678938E+002 -0.738661048644095E+003
  0.466446463497045E-001  0.147449810416966E+004 -0.192851861502202E+002  0.718779757580341E+002 -0.322277953214086E+000 -0.838868780847582E+000 -0.213429097787438E+002 -0.153588086678938E+002 -0.738640144776714E+003
  0.466446463497045E-001  0.147445576568902E+004 -0.192436288016230E+002  0.738452561851678E+002 -0.730752252766895E+000  0.429511236859184E+001  0.389855637087750E+002 -0.153588086678938E+002 -0.738618975536397E+003
  0.466446463497045E-001  0.147443315223806E+004 -0.192299952246980E+002  0.740140211033001E+002 -0.393853641037318E+000 -0.213182801753899E+000  0.498911478053297E+002 -0.153588086678938E+002 -0.738607668810913E+003
  0.466446463497045E-001  0.147443000505487E+004 -0.192034397665096E+002  0.745400434412040E+002 -0.383314020224956E+000  0.122814289305548E+001  0.232858569748352E+002 -0.153588086678938E+002 -0.738606095219319E+003
  0.466446463497045E-001  0.147442835815528E+004 -0.192530567539156E+002  0.729900563595735E+002 -0.315506256462528E+000 -0.104853499560056E+001 -0.339640063413366E+002 -0.153588086678938E+002 -0.738605271769524E+003
  0.466446463497045E-001  0.147441470829092E+004 -0.192691568057689E+002  0.721734729372190E+002 -0.287908057726228E+000 -0.114329594929570E+001 -0.177503917188436E+002 -0.153588086678938E+002 -0.738598446837347E+003
  0.466446463497045E-001  0.147440902612059E+004 -0.192264985883998E+002  0.736374071234032E+002 -0.500833991611549E+000  0.273678049445162E+001  0.446286525250001E+002 -0.153588086678938E+002 -0.738595605752182E+003
  0.466446463497045E-001  0.147383120384974E+004 -0.192059054070868E+002  0.744607594464581E+002 -0.417176505057789E+000  0.103800081546904E+001  0.271355479186185E+002 -0.153588086678938E+002 -0.738306694616757E+003
  0.466446463497045E-001  0.147381724950211E+004 -0.192866991430038E+002  0.713417329583806E+002 -0.334692368841236E+000 -0.320030890149807E-001 -0.392997818593719E+002 -0.153588086678938E+002 -0.738299717442942E+003
  0.466446463497045E-001  0.147379359279447E+004 -0.193030112629864E+002  0.712340700569264E+002 -0.564364185959676E+000  0.383326446618401E+001  0.479436258300242E+002 -0.153588086678938E+002 -0.738287889089121E+003
  0.466446463497045E-001  0.147140710559346E+004 -0.192089772359615E+002  0.743518993270615E+002 -0.470457271520224E+000  0.187069546124900E+001  0.224422668070787E+002 -0.153588086678938E+002 -0.737094645488615E+003
  0.466446463497045E-001  0.147143256480869E+004 -0.192057952579987E+002  0.746789991435358E+002 -0.483700546326600E+000  0.240674019602694E+001  0.312225193915844E+002 -0.153588086678938E+002 -0.737107375096228E+003
  0.466446463497045E-001  0.147371605751112E+004 -0.191963026163237E+002  0.749574585491597E+002 -0.396661296511833E+000  0.555034958902203E+000  0.323042192310150E+002 -0.153588086678938E+002 -0.738249121447444E+003
  0.466446463497045E-001  0.147370495932570E+004 -0.192034277648721E+002  0.742579873485491E+002 -0.303329373919497E+000 -0.574885044210291E+000 -0.194757056047570E+002 -0.153588086678938E+002 -0.738243572354733E+003
  0.466446463497045E-001  0.147368935019175E+004 -0.191876433249828E+002  0.752905505445932E+002 -0.461259075176995E+000  0.181687106663494E+001  0.323102722090713E+002 -0.153588086678938E+002 -0.738235767787758E+003
  0.466446463497045E-001  0.147143476029170E+004 -0.192443434976140E+002  0.729338877178885E+002 -0.338942515037823E+000  0.341608819397598E+000  0.699449121143832E+001 -0.153588086678938E+002 -0.737108472837734E+003
  0.466446463497045E-001  0.147366196870727E+004 -0.192368076442042E+002  0.733391691050395E+002 -0.326437585471183E+000 -0.151191080899517E+001 -0.461043526783903E+002 -0.153588086678938E+002 -0.738222077045519E+003
  0.466446463497045E-001  0.147366025885944E+004 -0.192523756456464E+002  0.738540881027780E+002 -0.637672487821129E+000  0.186980915373840E+001  0.377243982614133E+001 -0.153588086678938E+002 -0.738221222121605E+003
  0.466446463497045E-001  0.147365528690670E+004 -0.192818974354054E+002  0.725041879847208E+002 -0.690111626811784E+000  0.337890442480135E+001  0.226287907960466E+002 -0.153588086678938E+002 -0.738218736145235E+003
  0.466446463497045E-001  0.147145686762784E+004 -0.192389301821737E+002  0.736612467085276E+002 -0.499255598852396E+000  0.291629263544866E+001  0.442852056174345E+002 -0.153588086678938E+002 -0.737119526505805E+003
  0.466446463497045E-001  0.147363668775465E+004 -0.192526575080442E+002  0.730895641129680E+002 -0.584432559835857E+000  0.229199314475842E+001  0.906518699351633E+001 -0.153588086678938E+002 -0.738209436569211E+003
  0.466446463497045E-001  0.147359308250658E+004 -0.191964311024756E+002  0.745936383152155E+002 -0.404054453219566E+000  0.781835329514075E+000  0.302083766794352E+001 -0.153588086678938E+002 -0.738187633945175E+003
  0.466446463497045E-001  0.147146471853981E+004 -0.192228578142574E+002  0.738326538362750E+002 -0.376544679862712E+000  0.119002718793799E+001  0.349158723204638E+002 -0.153588086678938E+002 -0.737123451961789E+003
  0.466446463497045E-001  0.147358211331938E+004 -0.193179320488419E+002  0.709169461272265E+002 -0.497952311729600E+000  0.291133006019996E+001  0.495114473832766E+002 -0.153588086678938E+002 -0.738182149351575E+003
  0.466446463497045E-001  0.147357753024425E+004 -0.192900076795104E+002  0.712995867264006E+002 -0.347083967631275E+000 -0.102835480748009E+000 -0.355481866554560E+002 -0.153588086678938E+002 -0.738179857814009E+003
  0.466446463497045E-001  0.147354865785942E+004 -0.192910974811740E+002  0.712846810578386E+002 -0.362309092862841E+000  0.108867344539943E+001  0.236344213787191E+002 -0.153588086678938E+002 -0.738165421621596E+003
  0.466446463497045E-001  0.147354606653398E+004 -0.192248746889186E+002  0.739788913947309E+002 -0.505383307816417E+000  0.191486565220926E+001  0.229823390489341E+002 -0.153588086678938E+002 -0.738164125958874E+003
  0.466446463497045E-001  0.147353547672594E+004 -0.192132997735833E+002  0.743149509941941E+002 -0.396163873506317E+000 -0.204789548535369E+000  0.362094647848415E+002 -0.153588086678938E+002 -0.738158831054857E+003
  0.466446463497045E-001  0.147353415668477E+004 -0.191992299028253E+002  0.748784468504268E+002 -0.395186464200686E+000  0.296017167719978E+000 -0.446637229888325E+002 -0.153588086678938E+002 -0.738158171034270E+003
  0.466446463497045E-001  0.147353358730916E+004 -0.192799886190739E+002  0.715998245740180E+002 -0.328856738648131E+000  0.315271050811058E+000  0.246508272310952E+002 -0.153588086678938E+002 -0.738157886346466E+003
  0.466446463497045E-001  0.147349543796320E+004 -0.192100562380973E+002  0.740127640933310E+002 -0.371982248091673E+000  0.776211153748506E+000  0.198969064567607E+002 -0.153588086678938E+002 -0.738138811673485E+003
  0.466446463497045E-001  0.147348578602602E+004 -0.192148489317125E+002  0.742268607353951E+002 -0.407957575158651E+000  0.144586474340946E+000  0.231513693635538E+002 -0.153588086678938E+002 -0.738133985704894E+003
  0.466446463497045E-001  0.147347657577979E+004 -0.192102998877916E+002  0.742077538342972E+002 -0.404778036791859E+000  0.113501601491190E+001  0.444066169572856E+002 -0.153588086678938E+002 -0.738129380581781E+003
  0.466446463497045E-001  0.147345233060624E+004 -0.192234786920847E+002  0.742773517616287E+002 -0.455129811624468E+000  0.157478675841538E+001  0.427987484467530E+002 -0.153588086678938E+002 -0.738117257995007E+003
  0.466446463497045E-001  0.147342794594939E+004 -0.192459954605783E+002  0.730563962511363E+002 -0.323364663568865E+000 -0.129204295829580E+001 -0.325556390638274E+002 -0.153588086678938E+002 -0.738105065666581E+003
  0.466446463497045E-001  0.147341475634439E+004 -0.192539258900199E+002  0.729399141607795E+002 -0.318889850724997E+000 -0.894315298721083E+000 -0.236583952285565E+002 -0.153588086678938E+002 -0.738098470864080E+003
  0.466446463497045E-001  0.147341154615956E+004 -0.192152847025189E+002  0.742341993881951E+002 -0.352313532273057E+000 -0.622596551862689E-001 -0.112854763142657E+002 -0.153588086678938E+002 -0.738096865771664E+003
  0.466446463497045E-001  0.147338777708044E+004 -0.191915249943272E+002  0.748899352603072E+002 -0.437006140342230E+000  0.147282259550300E+001  0.178008998371993E+002 -0.153588086678938E+002 -0.738084981232103E+003
  0.466446463497045E-001  0.147338442123099E+004 -0.192557715576149E+002  0.731632549996482E+002 -0.448071076721987E+000  0.195832025593109E+001  0.413394699730243E+002 -0.153588086678938E+002 -0.738083303307377E+003
  0.466446463497045E-001  0.147337561595016E+004 -0.192337784136322E+002  0.739541060043283E+002 -0.431972918391728E+000  0.851919779252098E+000  0.606347096550586E+001 -0.153588086678938E+002 -0.738078900666964E+003
  0.466446463497045E-001  0.147336588393408E+004 -0.191972736013135E+002  0.747236408628657E+002 -0.361971411035961E+000  0.360015441001046E+000  0.464823358941643E+002 -0.153588086678938E+002 -0.738074034658926E+003
  0.466446463497045E-001  0.147332586809573E+004 -0.192148906345338E+002  0.739818551835793E+002 -0.363771823484375E+000  0.118086371160965E+001  0.297076608592949E+002 -0.153588086678938E+002 -0.738054026739748E+003
  0.466446463497045E-001  0.147147019762320E+004 -0.192236985991955E+002  0.748707967309434E+002 -0.694610356002182E+000  0.404559963242242E+001  0.421860826803022E+002 -0.153588086678938E+002 -0.737126191503483E+003
  0.466446463497045E-001  0.147328580121279E+004 -0.192456206697944E+002  0.731728366846957E+002 -0.354656801040409E+000  0.306403678091503E+000 -0.244203507284678E+002 -0.153588086678938E+002 -0.738033993298278E+003
  0.466446463497045E-001  0.147327200906140E+004 -0.192838069869943E+002  0.725195052080614E+002 -0.587591398695064E+000  0.279468400906454E+001  0.343121637671463E+002 -0.153588086678938E+002 -0.738027097222583E+003
  0.466446463497045E-001  0.147147760758439E+004 -0.192339908269578E+002  0.732018515312577E+002 -0.338883525474923E+000  0.377185845309361E+000 -0.377638291663615E+002 -0.153588086678938E+002 -0.737129896484079E+003
  0.466446463497045E-001  0.147149476238199E+004 -0.192656615811438E+002  0.728188803059826E+002 -0.470267700296390E+000  0.189229474812516E+001  0.216329812009607E+002 -0.153588086678938E+002 -0.737138473882882E+003
  0.466446463497045E-001  0.147152045769265E+004 -0.192297861602779E+002  0.733011358646558E+002 -0.312858481212377E+000 -0.758563449256603E+000 -0.440535585214149E+002 -0.153588086678938E+002 -0.737151321538209E+003
  0.466446463497045E-001  0.147316961452489E+004 -0.192634920346241E+002  0.730283855034877E+002 -0.487275619780970E+000  0.149736645361488E+001  0.195470490486285E+002 -0.153588086678938E+002 -0.737975899954331E+003
  0.466446463497045E-001  0.147315327318942E+004 -0.192066425088393E+002  0.746402903617459E+002 -0.415982395690818E+000  0.972057479715483E+000  0.408286788219782E+002 -0.153588086678938E+002 -0.737967729286595E+003
  0.466446463497045E-001  0.147315125309155E+004 -0.192854420774990E+002  0.729225729584177E+002 -0.726810462966389E+000  0.383675404444157E+001  0.318976099720412E+002 -0.153588086678938E+002 -0.737966719237662E+003
  0.466446463497045E-001  0.147152200277207E+004 -0.192519176630030E+002  0.737720980336453E+002 -0.713175915185101E+000  0.347579452093591E+001  0.214367463223559E+002 -0.153588086678938E+002 -0.737152094077922E+003
  0.466446463497045E-001  0.147152673983817E+004 -0.192730417926065E+002  0.721312236322156E+002 -0.407114884200603E+000  0.534170625842024E+000  0.965646786726104E+000 -0.153588086678938E+002 -0.737154462610972E+003
  0.466446463497045E-001  0.147153165957510E+004 -0.192447885035590E+002  0.733953630117515E+002 -0.425163662208145E+000  0.148593317240800E+001  0.254078696324223E+002 -0.153588086678938E+002 -0.737156922479436E+003
  0.466446463497045E-001  0.147313062434754E+004 -0.192800685914213E+002  0.723308300761294E+002 -0.476307780565413E+000  0.259380560502755E+001  0.495019568642184E+002 -0.153588086678938E+002 -0.737956404865657E+003
  0.466446463497045E-001  0.147312892674017E+004 -0.192728565278037E+002  0.723551844576625E+002 -0.370101703273926E+000  0.318476241903882E+000 -0.120840307526302E+002 -0.153588086678938E+002 -0.737955556061972E+003
  0.466446463497045E-001  0.147153217832719E+004 -0.192416375489878E+002  0.735588450882097E+002 -0.521715002476975E+000  0.276650259733431E+001  0.273574227462639E+002 -0.153588086678938E+002 -0.737157181855481E+003
  0.466446463497045E-001  0.147153275656909E+004 -0.192860604143937E+002  0.716543425414253E+002 -0.371539758917242E+000  0.122310289118841E+000  0.330527039408708E+002 -0.153588086678938E+002 -0.737157470976432E+003
  0.466446463497045E-001  0.147153304351556E+004 -0.192894547876722E+002  0.720142486492111E+002 -0.606010761066241E+000  0.392178350494555E+001  0.413270642379772E+002 -0.153588086678938E+002 -0.737157614449667E+003
  0.466446463497045E-001  0.147305129884300E+004 -0.192561536322794E+002  0.722995632173942E+002 -0.335020619698129E+000  0.249183255875228E+000  0.220605494565077E+002 -0.153588086678938E+002 -0.737916742113387E+003
  0.466446463497045E-001  0.147302288076620E+004 -0.192074209399493E+002  0.744589049580685E+002 -0.373994291290453E+000  0.763808456287514E-001  0.288839865168665E+002 -0.153588086678938E+002 -0.737902533074984E+003
  0.466446463497045E-001  0.147299866184446E+004 -0.192811663288001E+002  0.723487097004451E+002 -0.481648355599084E+000  0.252166779644301E+001  0.499969328953328E+002 -0.153588086678938E+002 -0.737890423614113E+003
  0.466446463497045E-001  0.147299400618439E+004 -0.192571728958835E+002  0.727956391848574E+002 -0.352539514207085E+000  0.131284686844529E+000 -0.841197754435553E+001 -0.153588086678938E+002 -0.737888095784082E+003
  0.466446463497045E-001  0.147153693259450E+004 -0.192232100342789E+002  0.737437225462905E+002 -0.365163667731410E+000 -0.436999790319933E+000 -0.405315295433633E+002 -0.153588086678938E+002 -0.737159558989133E+003
  0.466446463497045E-001  0.147154177055889E+004 -0.192609443671412E+002  0.725659413360120E+002 -0.346001847599607E+000 -0.180560599203451E+000 -0.415032458806459E+002 -0.153588086678938E+002 -0.737161977971331E+003
  0.466446463497045E-001  0.147295950782039E+004 -0.192350430865757E+002  0.739117193776997E+002 -0.411045599245972E+000 -0.634283639573461E-001  0.349343614315720E+002 -0.153588086678938E+002 -0.737870846602080E+003
  0.466446463497045E-001  0.147295652477175E+004 -0.192657091539721E+002  0.721319240495188E+002 -0.401554635286924E+000  0.770595444599994E+000 -0.251893025777576E-001 -0.153588086678938E+002 -0.737869355077761E+003
  0.466446463497045E-001  0.147294206840816E+004 -0.192437493188075E+002  0.733567504014629E+002 -0.377498415089674E+000 -0.701351720783191E+000 -0.329682948069620E+002 -0.153588086678938E+002 -0.737862126895966E+003
  0.466446463497045E-001  0.147293425188734E+004 -0.192576800995963E+002  0.725632712502125E+002 -0.334935477528381E+000 -0.126454711774231E+001 -0.470949840848846E+002 -0.153588086678938E+002 -0.737858218635555E+003
  0.466446463497045E-001  0.147293157840335E+004 -0.192619053779187E+002  0.731037678601433E+002 -0.499087712243911E+000  0.251815426309154E+001  0.439929046431686E+002 -0.153588086678938E+002 -0.737856881893561E+003
  0.466446463497045E-001  0.147292104721009E+004 -0.192483428291210E+002  0.727668154648530E+002 -0.326313444956385E+000  0.176365231149750E+000 -0.930303470454982E+001 -0.153588086678938E+002 -0.737851616296929E+003
  0.466446463497045E-001  0.147289484510021E+004 -0.192474662787301E+002  0.732487253476745E+002 -0.421585851636422E+000  0.167461104201725E+001  0.269264761121544E+002 -0.153588086678938E+002 -0.737838515241989E+003
  0.466446463497045E-001  0.147288426663374E+004 -0.192968211356610E+002  0.715788909773798E+002 -0.537364034248384E+000  0.255425254335102E+001  0.168681185533527E+002 -0.153588086678938E+002 -0.737833226008753E+003
  0.466446463497045E-001  0.147287685265937E+004 -0.192311380597247E+002  0.737040597752713E+002 -0.400184501817682E+000 -0.152014072115851E+000  0.437505463922300E+002 -0.153588086678938E+002 -0.737829519021570E+003
  0.466446463497045E-001  0.147287317950324E+004 -0.192946602413494E+002  0.714444172021742E+002 -0.374603933971384E+000  0.738332747928468E+000  0.711433365587539E+001 -0.153588086678938E+002 -0.737827682443505E+003
  0.466446463497045E-001  0.147286612942649E+004 -0.192190684818829E+002  0.743219183886917E+002 -0.413721594699927E+000  0.903166408673879E+000  0.202607454503681E+002 -0.153588086678938E+002 -0.737824157405130E+003
  0.466446463497045E-001  0.147286217329573E+004 -0.192703404521520E+002  0.718991993249076E+002 -0.360600982807635E+000  0.889502795609317E+000  0.254675103508075E+002 -0.153588086678938E+002 -0.737822179339748E+003
  0.466446463497045E-001  0.147285971083653E+004 -0.192796831924429E+002  0.717099749946021E+002 -0.400620778605520E+000  0.130240701032479E+001  0.249728566085748E+002 -0.153588086678938E+002 -0.737820948110151E+003
  0.466446463497045E-001  0.147284230754343E+004 -0.192087776556122E+002  0.740517182453592E+002 -0.350409195685157E+000  0.150401257836736E+000 -0.498345173756009E+002 -0.153588086678938E+002 -0.737812246463599E+003
  0.466446463497045E-001  0.147283142226694E+004 -0.192089358220664E+002  0.749322652573603E+002 -0.533694527381781E+000  0.237258453497979E+001  0.208876148584203E+002 -0.153588086678938E+002 -0.737806803825354E+003
  0.466446463497045E-001  0.147281871458140E+004 -0.192004906898611E+002  0.745370120325840E+002 -0.358197057925133E+000  0.431930973535342E+000 -0.208303312206431E+002 -0.153588086678938E+002 -0.737800449982586E+003
  0.466446463497045E-001  0.147281657098601E+004 -0.192991595950127E+002  0.712361555333268E+002 -0.356509719156410E+000  0.120673049895629E+000 -0.103121434533620E+002 -0.153588086678938E+002 -0.737799378184888E+003
  0.466446463497045E-001  0.147279441883498E+004 -0.192856063675980E+002  0.718235618529572E+002 -0.330641362247461E+000 -0.986720527159031E+000 -0.417779725993902E+002 -0.153588086678938E+002 -0.737788302109376E+003
  0.466446463497045E-001  0.147277714921467E+004 -0.192213282526665E+002  0.744331096421874E+002 -0.493312557054218E+000  0.211202209318262E+001  0.406952122533839E+002 -0.153588086678938E+002 -0.737779667299219E+003
  0.466446463497045E-001  0.147277392782752E+004 -0.192332960647994E+002  0.737844608877478E+002 -0.403927628355639E+000  0.786205034911948E+000  0.417114341455979E+001 -0.153588086678938E+002 -0.737778056605645E+003
  0.466446463497045E-001  0.147154521087754E+004 -0.192882198245258E+002  0.717673595197698E+002 -0.402754697138958E+000  0.941088441518477E+000  0.230742301606694E+002 -0.153588086678938E+002 -0.737163698130654E+003
  0.466446463497045E-001  0.147276411318660E+004 -0.192549833273661E+002  0.729701851246775E+002 -0.370204707284843E+000  0.185625556884744E+000 -0.369144439630673E+002 -0.153588086678938E+002 -0.737773149285185E+003
  0.466446463497045E-001  0.147272952599924E+004 -0.192545240477537E+002  0.732963708802251E+002 -0.630776085891666E+000  0.380922847681250E+001  0.325466987344055E+002 -0.153588086678938E+002 -0.737755855691506E+003
  0.466446463497045E-001  0.147272917416470E+004 -0.192385178407329E+002  0.743342062864166E+002 -0.636139286994512E+000  0.190355836087659E+001  0.593279603094017E+001 -0.153588086678938E+002 -0.737755679774236E+003
  0.466446463497045E-001  0.147272375796767E+004 -0.192806892235430E+002  0.727155630307420E+002 -0.526618449615959E+000  0.135188939445733E+001  0.445455149985532E+001 -0.153588086678938E+002 -0.737752971675721E+003
  0.466446463497045E-001  0.147271071695896E+004 -0.192071578108381E+002  0.743652241512847E+002 -0.496472150252309E+000  0.234457661238126E+001  0.206072801093404E+002 -0.153588086678938E+002 -0.737746451171367E+003
  0.466446463497045E-001  0.147155857691057E+004 -0.192268524005596E+002  0.739622808429303E+002 -0.614309754593072E+000  0.425861349941739E+001  0.497311534842239E+002 -0.153588086678938E+002 -0.737170381147169E+003
  0.466446463497045E-001  0.147266442047159E+004 -0.192415134201780E+002  0.730738488756291E+002 -0.297798328348596E+000 -0.386196579334158E+000 -0.616089350673602E+001 -0.153588086678938E+002 -0.737723302927682E+003
  0.466446463497045E-001  0.147265569843868E+004 -0.192669991835757E+002  0.719896870882943E+002 -0.311989742921558E+000 -0.136643595643578E+000 -0.111432927616333E+002 -0.153588086678938E+002 -0.737718941911223E+003
  0.466446463497045E-001  0.147264435227495E+004 -0.192304582791684E+002  0.735348748604609E+002 -0.359151052571765E+000 -0.440217949130622E+000 -0.171071500414553E+002 -0.153588086678938E+002 -0.737713268829359E+003
  0.466446463497045E-001  0.147157521588060E+004 -0.193021265146510E+002  0.715159060612831E+002 -0.539555941444561E+000  0.322931854538054E+001  0.400217817219672E+002 -0.153588086678938E+002 -0.737178700632187E+003
  0.466446463497045E-001  0.147261160337191E+004 -0.192415415132252E+002  0.730974619981471E+002 -0.367487875766964E+000  0.115774350888801E+001  0.200142264787214E+002 -0.153588086678938E+002 -0.737696894377839E+003
  0.466446463497045E-001  0.147260717403617E+004 -0.192027635593586E+002  0.750988559090250E+002 -0.653510838076878E+000  0.352272621784069E+001  0.305406817701957E+002 -0.153588086678938E+002 -0.737694679709972E+003
  0.466446463497045E-001  0.147158393784799E+004 -0.192085953348969E+002  0.747703732647753E+002 -0.470270718185688E+000  0.149206904367538E+001  0.143630161120912E+002 -0.153588086678938E+002 -0.737183061615882E+003
  0.466446463497045E-001  0.147255609371033E+004 -0.192147289554088E+002  0.742962178673845E+002 -0.379537290094280E+000 -0.811204130674881E-002  0.340848193583078E+002 -0.153588086678938E+002 -0.737669139547049E+003
  0.466446463497045E-001  0.147255586167097E+004 -0.192143835517519E+002  0.750007322511828E+002 -0.603533370490054E+000  0.294350376200967E+001  0.320693303965886E+002 -0.153588086678938E+002 -0.737669023527372E+003
  0.466446463497045E-001  0.147251471501235E+004 -0.192590729851936E+002  0.722401177436027E+002 -0.335094444904134E+000  0.453407694577117E+000 -0.413971242945436E+002 -0.153588086678938E+002 -0.737648450198061E+003
  0.466446463497045E-001  0.147158796167140E+004 -0.192591123954621E+002  0.723149150978492E+002 -0.288745625646440E+000 -0.846334467017042E+000 -0.247376212015091E+002 -0.153588086678938E+002 -0.737185073527584E+003
  0.466446463497045E-001  0.147246832802100E+004 -0.192489615733996E+002  0.726474560062101E+002 -0.387303459193178E+000  0.195451236210080E+001  0.483015760312099E+002 -0.153588086678938E+002 -0.737625256702386E+003
  0.466446463497045E-001  0.147159153436879E+004 -0.192695019352077E+002  0.725501928737642E+002 -0.413248689866457E+000  0.915930751936519E+000  0.288309664225351E+002 -0.153588086678938E+002 -0.737186859876280E+003
  0.466446463497045E-001  0.147246386747473E+004 -0.193037698929783E+002  0.711731131369790E+002 -0.400010787971193E+000  0.902486815531437E+000  0.800005832241546E+001 -0.153588086678938E+002 -0.737623026429249E+003
  0.466446463497045E-001  0.147245687708688E+004 -0.192226027577206E+002  0.740083478679098E+002 -0.404142334008920E+000  0.103098389777067E+000 -0.392672574373792E+002 -0.153588086678938E+002 -0.737619531235325E+003
  0.466446463497045E-001  0.147244507730405E+004 -0.192374999812087E+002  0.736840401050237E+002 -0.396021697988651E+000  0.293306890976899E+000 -0.443691892729071E+002 -0.153588086678938E+002 -0.737613631343912E+003
  0.466446463497045E-001  0.147243903087346E+004 -0.192481209200978E+002  0.726053654087890E+002 -0.341130243158985E+000  0.249221343668774E+000 -0.445147286525060E+002 -0.153588086678938E+002 -0.737610608128615E+003
  0.466446463497045E-001  0.147242649125688E+004 -0.192343735377704E+002  0.739032800015995E+002 -0.404626261937142E+000 -0.121491168520904E+000  0.397604151038214E+002 -0.153588086678938E+002 -0.737604338320326E+003
  0.466446463497045E-001  0.147160087892439E+004 -0.192856304941131E+002  0.715518538772069E+002 -0.352984395729787E+000  0.233257386564177E+000  0.284207011138801E+002 -0.153588086678938E+002 -0.737191532154078E+003
  0.466446463497045E-001  0.147239291713619E+004 -0.192546395890790E+002  0.730824610013208E+002 -0.398796475131367E+000  0.863299013626932E+000  0.272489956651804E+002 -0.153588086678938E+002 -0.737587551259981E+003
  0.466446463497045E-001  0.147238747913025E+004 -0.192620567530131E+002  0.734938650827550E+002 -0.634180344893472E+000  0.368241694577013E+001  0.436105287839209E+002 -0.153588086678938E+002 -0.737584832257012E+003
  0.466446463497045E-001  0.147238424256647E+004 -0.192123778158977E+002  0.739479427592585E+002 -0.306563269331968E+000 -0.937561737769517E+000 -0.297117252093944E+002 -0.153588086678938E+002 -0.737583213975119E+003
  0.466446463497045E-001  0.147237877898485E+004 -0.192216329602855E+002  0.749712633291468E+002 -0.712971981277076E+000  0.364343495004918E+001  0.262825101376231E+002 -0.153588086678938E+002 -0.737580482184312E+003
  0.466446463497045E-001  0.147161234820982E+004 -0.192546686449513E+002  0.731280862604476E+002 -0.477898361565822E+000  0.224126161658601E+001  0.266489750968214E+002 -0.153588086678938E+002 -0.737197266796793E+003
  0.466446463497045E-001  0.147162315111671E+004 -0.192565118735737E+002  0.730202500139190E+002 -0.581916676876503E+000  0.281932155761559E+001  0.171984951678606E+002 -0.153588086678938E+002 -0.737202668250242E+003
  0.466446463497045E-001  0.147235078233619E+004 -0.192161335644764E+002  0.744921635588363E+002 -0.576788711820906E+000  0.228726782474542E+001  0.980939141723891E+001 -0.153588086678938E+002 -0.737566483859978E+003
  0.466446463497045E-001  0.147232116493618E+004 -0.192716041666337E+002  0.721455393010938E+002 -0.318340923525811E+000 -0.124180989601052E+001 -0.355048010454017E+002 -0.153588086678938E+002 -0.737551675159976E+003
  0.466446463497045E-001  0.147230249979897E+004 -0.192749367195580E+002  0.727410421308161E+002 -0.548727413015589E+000  0.262395796385764E+001  0.391402601238401E+002 -0.153588086678938E+002 -0.737542342591368E+003
  0.466446463497045E-001  0.147229530908251E+004 -0.192284829367131E+002  0.742574339440189E+002 -0.624749864073523E+000  0.293789792290273E+001  0.265682797030475E+002 -0.153588086678938E+002 -0.737538747233140E+003
  0.466446463497045E-001  0.147227882516919E+004 -0.192051548075211E+002  0.744009095811326E+002 -0.351555129113348E+000 -0.144151659573413E+000 -0.353082155544433E+002 -0.153588086678938E+002 -0.737530505276481E+003
  0.466446463497045E-001  0.147226904030608E+004 -0.192113152815258E+002  0.743030931001420E+002 -0.376321087473293E+000 -0.180126178705239E+000 -0.167052659021775E+002 -0.153588086678938E+002 -0.737525612844925E+003
  0.466446463497045E-001  0.147162465525244E+004 -0.192460364878888E+002  0.733804698866026E+002 -0.495078988057862E+000  0.226287589216597E+001  0.473017308564119E+002 -0.153588086678938E+002 -0.737203420318104E+003
  0.466446463497045E-001  0.147226580086609E+004 -0.192719900611924E+002  0.725530868114784E+002 -0.598011463413525E+000  0.233075106396507E+001  0.917558650590892E+001 -0.153588086678938E+002 -0.737523993124930E+003
  0.466446463497045E-001  0.147226361554063E+004 -0.192133575579266E+002  0.741811573184532E+002 -0.391834493586404E+000  0.423775429232403E+000  0.205409484221450E+002 -0.153588086678938E+002 -0.737522900462202E+003
  0.466446463497045E-001  0.147225535186619E+004 -0.192809801280744E+002  0.726185324009361E+002 -0.561490973813942E+000  0.272564383840137E+001  0.356189258167758E+002 -0.153588086678938E+002 -0.737518768624982E+003
  0.466446463497045E-001  0.147223899551400E+004 -0.191990335023120E+002  0.752794957420240E+002 -0.602993210536834E+000  0.320978010404214E+001  0.382191064560982E+002 -0.153588086678938E+002 -0.737510590448883E+003
  0.466446463497045E-001  0.147223645525110E+004 -0.192615394307517E+002  0.731324556951121E+002 -0.570838476014675E+000  0.365966564312111E+001  0.477694291248687E+002 -0.153588086678938E+002 -0.737509320317434E+003
  0.466446463497045E-001  0.147223638043217E+004 -0.192569315960516E+002  0.733318076469035E+002 -0.605251498499251E+000  0.386432550256688E+001  0.428586479181450E+002 -0.153588086678938E+002 -0.737509282907971E+003
  0.466446463497045E-001  0.147223164152443E+004 -0.192447555303072E+002  0.726499415277453E+002 -0.320874939969693E+000 -0.205953190936314E+000  0.486642551832784E+002 -0.153588086678938E+002 -0.737506913454102E+003
  0.466446463497045E-001  0.147222833567704E+004 -0.192888901420365E+002  0.715438780164798E+002 -0.398491745162985E+000  0.128340964913377E+001  0.428676823736283E+002 -0.153588086678938E+002 -0.737505260530403E+003
  0.466446463497045E-001  0.147222572878410E+004 -0.192860504276630E+002  0.720801898628656E+002 -0.460319011200919E+000  0.221996781217680E+001  0.473569990238097E+002 -0.153588086678938E+002 -0.737503957083937E+003
  0.466446463497045E-001  0.147222444758074E+004 -0.192054756426540E+002  0.744440680572561E+002 -0.343859939222635E+000 -0.657925024815260E+000 -0.484373522291657E+002 -0.153588086678938E+002 -0.737503316482253E+003
  0.466446463497045E-001  0.147221170242155E+004 -0.192300521059792E+002  0.732526144544577E+002 -0.341366793306395E+000  0.196378075699738E+000 -0.167034837300296E+002 -0.153588086678938E+002 -0.737496943902658E+003
  0.466446463497045E-001  0.147220763588634E+004 -0.192156128986607E+002  0.743064728791601E+002 -0.383701081315155E+000  0.363663099839020E+000  0.291717735845607E+002 -0.153588086678938E+002 -0.737494910635057E+003
  0.466446463497045E-001  0.147220692248129E+004 -0.192085238773124E+002  0.742553548750137E+002 -0.391994170457729E+000  0.908428562779532E+000  0.266754525032886E+002 -0.153588086678938E+002 -0.737494553932528E+003
  0.466446463497045E-001  0.147219792653071E+004 -0.192385555655695E+002  0.738340609193691E+002 -0.513347487568547E+000  0.196944560650722E+001  0.281260812007617E+002 -0.153588086678938E+002 -0.737490055957241E+003
  0.466446463497045E-001  0.147218834137026E+004 -0.192540464663613E+002  0.728007960134826E+002 -0.428697402226912E+000  0.248150248058550E+001  0.499667314532176E+002 -0.153588086678938E+002 -0.737485263377015E+003
  0.466446463497045E-001  0.147218672273752E+004 -0.192720306770190E+002  0.720663181636220E+002 -0.341678093219446E+000  0.250063642883342E+000  0.291393295988961E+002 -0.153588086678938E+002 -0.737484454060643E+003
  0.466446463497045E-001  0.147218407014781E+004 -0.192399208482275E+002  0.730140055922006E+002 -0.432995484770434E+000  0.253115167594190E+001  0.485431629751663E+002 -0.153588086678938E+002 -0.737483127765790E+003
  0.466446463497045E-001  0.147216566888819E+004 -0.192574007540013E+002  0.731122178340312E+002 -0.416054258619791E+000 -0.152089110070612E+000  0.482512432021924E+002 -0.153588086678938E+002 -0.737473927135981E+003
  0.466446463497045E-001  0.147216265896708E+004 -0.192902499314204E+002  0.721889195611173E+002 -0.586923230702563E+000  0.374868567319700E+001  0.470216123786354E+002 -0.153588086678938E+002 -0.737472422175425E+003
  0.466446463497045E-001  0.147216159070615E+004 -0.192923305271869E+002  0.714129458098625E+002 -0.394628530733938E+000  0.120417487716155E+001  0.127409424857185E+002 -0.153588086678938E+002 -0.737471888044961E+003
  0.466446463497045E-001  0.147216117974519E+004 -0.193161946335929E+002  0.712402619010406E+002 -0.560444918997632E+000  0.234434079428990E+001  0.192652987788365E+002 -0.153588086678938E+002 -0.737471682564478E+003
  0.466446463497045E-001  0.147215810383360E+004 -0.192596014938622E+002  0.727040468126880E+002 -0.347755972619576E+000  0.332126547317504E-001 -0.247254446239752E+001 -0.153588086678938E+002 -0.737470144608687E+003
  0.466446463497045E-001  0.147214936060678E+004 -0.192317991866653E+002  0.734935206113058E+002 -0.345727152535645E+000  0.157848582616773E+000 -0.478720990304711E+002 -0.153588086678938E+002 -0.737465772995276E+003
  0.466446463497045E-001  0.147163670594462E+004 -0.192885980198120E+002  0.723682976407999E+002 -0.681097098143455E+000  0.395633951075988E+001  0.316653540753560E+002 -0.153588086678938E+002 -0.737209445664197E+003
  0.466446463497045E-001  0.147213676692433E+004 -0.192755960895143E+002  0.724866382393949E+002 -0.552533056194405E+000  0.275775190080781E+001  0.203252486227823E+002 -0.153588086678938E+002 -0.737459476154052E+003
  0.466446463497045E-001  0.147211312676460E+004 -0.192555807346773E+002  0.725568613797240E+002 -0.325945911390956E+000 -0.258283180329443E+000 -0.444174093991747E+002 -0.153588086678938E+002 -0.737447656074186E+003
  0.466446463497045E-001  0.147211304265774E+004 -0.192457046814176E+002  0.734882074918626E+002 -0.442475992628853E+000  0.164522089115029E+001  0.465086996519312E+002 -0.153588086678938E+002 -0.737447614020754E+003
  0.466446463497045E-001  0.147210494534724E+004 -0.192597030703404E+002  0.722241312480134E+002 -0.309765624838612E+000 -0.913293311514108E+000 -0.480544263722453E+002 -0.153588086678938E+002 -0.737443565365505E+003
  0.466446463497045E-001  0.147207839762142E+004 -0.192159314444424E+002  0.742985179556772E+002 -0.392520016647979E+000  0.963661393429049E-001  0.324316186631208E+002 -0.153588086678938E+002 -0.737430291502593E+003
  0.466446463497045E-001  0.147207305331446E+004 -0.192274548604869E+002  0.739475056697318E+002 -0.403197300466645E+000 -0.268356454284113E-001 -0.392858883794800E+002 -0.153588086678938E+002 -0.737427619349113E+003
  0.466446463497045E-001  0.147163709937622E+004 -0.192369733273826E+002  0.730899331982509E+002 -0.393136367519580E+000  0.172983321023215E+001  0.478265146643170E+002 -0.153588086678938E+002 -0.737209642379995E+003
  0.466446463497045E-001  0.147204188259927E+004 -0.192124940275888E+002  0.741873558228242E+002 -0.347180788051047E+000 -0.694981636807481E+000 -0.283133014433631E+002 -0.153588086678938E+002 -0.737412033991520E+003
  0.466446463497045E-001  0.147203820513298E+004 -0.192042550209692E+002  0.747837053413854E+002 -0.598272771672143E+000  0.340663764796146E+001  0.361887841033092E+002 -0.153588086678938E+002 -0.737410195258374E+003
  0.466446463497045E-001  0.147203147458522E+004 -0.192511123445241E+002  0.730173493607491E+002 -0.332685810467585E+000 -0.708675251323421E+000 -0.199885059551747E+002 -0.153588086678938E+002 -0.737406829984497E+003
  0.466446463497045E-001  0.147201979204380E+004 -0.192524547998536E+002  0.736388827713789E+002 -0.569640352680020E+000  0.292253945398122E+001  0.344941403257364E+002 -0.153588086678938E+002 -0.737400988713787E+003
  0.466446463497045E-001  0.147200819053298E+004 -0.192965888998791E+002  0.721666737505314E+002 -0.699905676220428E+000  0.424976152040645E+001  0.462233980975274E+002 -0.153588086678938E+002 -0.737395187958373E+003
  0.466446463497045E-001  0.147199479812190E+004 -0.192122743782714E+002  0.743065894244759E+002 -0.525564869541606E+000  0.280352559345055E+001  0.387916865297277E+002 -0.153588086678938E+002 -0.737388491752836E+003
  0.466446463497045E-001  0.147195874161969E+004 -0.192839833284647E+002  0.725135511909892E+002 -0.525161688428573E+000  0.163732911673477E+001  0.833506001294086E+001 -0.153588086678938E+002 -0.737370463501728E+003
  0.466446463497045E-001  0.147195794416586E+004 -0.192028483384566E+002  0.745861898188976E+002 -0.444847975460688E+000  0.205380424345086E+001  0.297533191930234E+002 -0.153588086678938E+002 -0.737370064774814E+003
  0.466446463497045E-001  0.147194190291981E+004 -0.192878873910248E+002  0.717461176350060E+002 -0.373022773466470E+000  0.418869554854435E+000  0.300551501911176E+001 -0.153588086678938E+002 -0.737362044151790E+003
  0.466446463497045E-001  0.147193848406295E+004 -0.192597784117751E+002  0.726190561864132E+002 -0.463195570950134E+000  0.256910729204262E+001  0.333757575386396E+002 -0.153588086678938E+002 -0.737360334723359E+003
  0.466446463497045E-001  0.147192254827279E+004 -0.192691029649096E+002  0.724796224517219E+002 -0.366906833910000E+000 -0.171088827624700E+000 -0.261099307959911E+002 -0.153588086678938E+002 -0.737352366828281E+003
  0.466446463497045E-001  0.147164797701772E+004 -0.192613989351825E+002  0.722457142940322E+002 -0.363244563559630E+000  0.127569331464140E+001  0.424562877858097E+002 -0.153588086678938E+002 -0.737215081200743E+003
  0.466446463497045E-001  0.147190716462741E+004 -0.192869270752653E+002  0.715968498776257E+002 -0.329374181083787E+000 -0.462323713187823E+000 -0.196674306464677E+002 -0.153588086678938E+002 -0.737344675005588E+003
  0.466446463497045E-001  0.147190679695451E+004 -0.192756439284101E+002  0.717980520238657E+002 -0.295003108464612E+000 -0.124464090997418E+001 -0.403529752823646E+002 -0.153588086678938E+002 -0.737344491169139E+003
  0.466446463497045E-001  0.147190361685212E+004 -0.193186892074969E+002  0.711437839606426E+002 -0.585071906336683E+000  0.323147183494289E+001  0.346332008571254E+002 -0.153588086678938E+002 -0.737342901117945E+003
  0.466446463497045E-001  0.147189703022356E+004 -0.192686701077619E+002  0.725906172630763E+002 -0.428362697373801E+000  0.134399026558091E+001  0.142449906778512E+002 -0.153588086678938E+002 -0.737339607803667E+003
  0.466446463497045E-001  0.147189533387053E+004 -0.192865546943021E+002  0.715308707321507E+002 -0.332262351590293E+000 -0.412609991500721E+000 -0.318684654447348E+002 -0.153588086678938E+002 -0.737338759627150E+003
  0.466446463497045E-001  0.147189177373615E+004 -0.192762076856410E+002  0.728628618386535E+002 -0.623342846981653E+000  0.349080912281262E+001  0.463798664273135E+002 -0.153588086678938E+002 -0.737336979559960E+003
  0.466446463497045E-001  0.147187517465961E+004 -0.192232356390892E+002  0.735659685179637E+002 -0.341069244308775E+000  0.248870621768695E+000  0.264109158688316E+002 -0.153588086678938E+002 -0.737328680021689E+003
  0.466446463497045E-001  0.147187472862662E+004 -0.192211377182379E+002  0.742574266464261E+002 -0.441213190750260E+000  0.178304096738422E+001  0.474876162716965E+002 -0.153588086678938E+002 -0.737328457005194E+003
  0.466446463497045E-001  0.147187117828159E+004 -0.192399710199357E+002  0.730971061758403E+002 -0.370652550432374E+000 -0.548922209944358E-002 -0.181563425995002E+002 -0.153588086678938E+002 -0.737326681832682E+003
  0.466446463497045E-001  0.147187073562600E+004 -0.192559476410263E+002  0.727869313550643E+002 -0.403422713497911E+000  0.156716475291142E+001  0.250558295275931E+002 -0.153588086678938E+002 -0.737326460504883E+003
  0.466446463497045E-001  0.147185741111002E+004 -0.192799922559427E+002  0.720227859757898E+002 -0.375875204762862E+000  0.218707466416154E+000  0.135197894215199E+002 -0.153588086678938E+002 -0.737319798246897E+003
  0.466446463497045E-001  0.147183815105725E+004 -0.192969348936003E+002  0.715751232695392E+002 -0.443275250504169E+000  0.141144796359486E+001  0.207368104699787E+002 -0.153588086678938E+002 -0.737310168220512E+003
  0.466446463497045E-001  0.147165463818296E+004 -0.192516760023411E+002  0.734703723157437E+002 -0.573642096553923E+000  0.225142950555784E+001  0.201358256753921E+002 -0.153588086678938E+002 -0.737218411783364E+003
  0.466446463497045E-001  0.147182311871111E+004 -0.192296359109444E+002  0.740469317590000E+002 -0.488114573548630E+000  0.200450410295544E+001  0.392539776476977E+002 -0.153588086678938E+002 -0.737302652047439E+003
  0.466446463497045E-001  0.147181389644849E+004 -0.192821871115175E+002  0.729706647583435E+002 -0.731217055780388E+000  0.391412380765500E+001  0.315615129710399E+002 -0.153588086678938E+002 -0.737298040916130E+003
  0.466446463497045E-001  0.147178492778213E+004 -0.192318684714912E+002  0.736379761797317E+002 -0.366971705443283E+000  0.683514634013093E+000  0.349347776520823E+002 -0.153588086678938E+002 -0.737283556582952E+003
  0.466446463497045E-001  0.147176893282484E+004 -0.192114757817969E+002  0.743677225606307E+002 -0.491528883995829E+000  0.167797916252195E+001  0.140609282000531E+002 -0.153588086678938E+002 -0.737275559104306E+003
  0.466446463497045E-001  0.147165494872342E+004 -0.192727986609355E+002  0.721237300739515E+002 -0.399454080564245E+000  0.145442229120970E+001  0.191176094885690E+002 -0.153588086678938E+002 -0.737218567053593E+003
  0.466446463497045E-001  0.147175346506289E+004 -0.192082123690360E+002  0.742325904891037E+002 -0.357934363273346E+000  0.263511709524577E+000 -0.211518748343938E+002 -0.153588086678938E+002 -0.737267825223330E+003
  0.466446463497045E-001  0.147173736380741E+004 -0.192971070558449E+002  0.713746163750396E+002 -0.458893707533028E+000  0.182393291485089E+001  0.138044005066101E+002 -0.153588086678938E+002 -0.737259774595592E+003
  0.466446463497045E-001  0.147172517346409E+004 -0.192724907542387E+002  0.722252661344365E+002 -0.359084878568728E+000  0.205651245805929E+000 -0.408839825657221E+002 -0.153588086678938E+002 -0.737253679423930E+003
  0.466446463497045E-001  0.147172198781460E+004 -0.192765590269259E+002  0.723988929365929E+002 -0.481524796550611E+000  0.191728221539730E+001  0.146707307667918E+002 -0.153588086678938E+002 -0.737252086599186E+003
  0.466446463497045E-001  0.147166422094519E+004 -0.192101742254024E+002  0.747483774524535E+002 -0.660037889354806E+000  0.430896993432290E+001  0.461066633602056E+002 -0.153588086678938E+002 -0.737223203164478E+003
  0.466446463497045E-001  0.147169991379760E+004 -0.192992216568658E+002  0.714964156906646E+002 -0.588585657890997E+000  0.390935081101265E+001  0.464679193436622E+002 -0.153588086678938E+002 -0.737241049590686E+003
  0.466446463497045E-001  0.147167441177985E+004 -0.192233049010609E+002  0.742840003976053E+002 -0.473529850101411E+000  0.107329646388971E+001  0.712249265935038E+001 -0.153588086678938E+002 -0.737228298581808E+003
  0.466446463497045E-001  0.147168164297322E+004 -0.193084895171206E+002  0.712974213327259E+002 -0.545552216842574E+000  0.267703760150547E+001  0.214187357912841E+002 -0.153588086678938E+002 -0.737231914178494E+003
  0.466446463497045E-001  0.147390557940222E+004 -0.192205836801114E+002  0.737273963817404E+002 -0.338050816780767E+000 -0.650752585965178E+000 -0.446393270457729E+002 -0.153588086678938E+002 -0.736952789701110E+003
  0.466446463497045E-001  0.147389041536108E+004 -0.192133153473279E+002  0.740635363586677E+002 -0.352615896976228E+000 -0.341272146793841E+000 -0.443322852853895E+002 -0.153588086678938E+002 -0.736945207680541E+003
  0.466446463497045E-001  0.147376635363171E+004 -0.192401535201243E+002  0.732417005253777E+002 -0.347949298370973E+000 -0.165268251595806E+000 -0.497377651967838E+002 -0.153588086678938E+002 -0.736883176815857E+003
  0.466446463497045E-001  0.147361000591486E+004 -0.192540708992780E+002  0.725878159825417E+002 -0.313035015341667E+000 -0.838888585521259E+000 -0.489440299490774E+002 -0.153588086678938E+002 -0.736805002957431E+003
  0.466446463497045E-001  0.147356523091668E+004 -0.192232800159869E+002  0.736518120771586E+002 -0.354500934193051E+000  0.216342964210976E+000 -0.408869109506861E+002 -0.153588086678938E+002 -0.736782615458342E+003
  0.466446463497045E-001  0.147354420178310E+004 -0.192313648105027E+002  0.733228067411421E+002 -0.338481110610752E+000 -0.529309015230598E+000 -0.460133313464150E+002 -0.153588086678938E+002 -0.736772100891549E+003
  0.466446463497045E-001  0.147353743510547E+004 -0.192670576741686E+002  0.725095094183801E+002 -0.394264517550303E+000  0.238717554944692E+000 -0.329614784942124E+002 -0.153588086678938E+002 -0.736768717552736E+003
  0.466446463497045E-001  0.147353068913362E+004 -0.192437292997954E+002  0.731045338150768E+002 -0.331489160972783E+000 -0.574169157928885E+000 -0.363156571119295E+002 -0.153588086678938E+002 -0.736765344566809E+003
  0.466446463497045E-001  0.147327399106408E+004 -0.192250077071780E+002  0.738476919483134E+002 -0.371945354375941E+000 -0.299732287702521E+000 -0.332835575113282E+002 -0.153588086678938E+002 -0.736636995532038E+003
  0.466446463497045E-001  0.147324652473228E+004 -0.192329045240184E+002  0.734485821681232E+002 -0.353377664446187E+000  0.586755080837165E-001 -0.395073358653716E+002 -0.153588086678938E+002 -0.736623262366138E+003
  0.466446463497045E-001  0.147309472769648E+004 -0.192222777870619E+002  0.739162707967284E+002 -0.378193941026944E+000  0.393417387609382E+000 -0.468631078689293E+002 -0.153588086678938E+002 -0.736547363848238E+003
  0.466446463497045E-001  0.147307507291037E+004 -0.192559902627772E+002  0.726598597468830E+002 -0.374429896971257E+000 -0.865627422029212E-001 -0.415198260163800E+002 -0.153588086678938E+002 -0.736537536455183E+003
  0.466446463497045E-001  0.147304050806573E+004 -0.192466228138416E+002  0.730638324918108E+002 -0.362999115737616E+000 -0.578300066377625E+000 -0.378665826927016E+002 -0.153588086678938E+002 -0.736520254032866E+003
  0.466446463497045E-001  0.147296587992567E+004 -0.192586599237731E+002  0.724901271368089E+002 -0.318289579738972E+000 -0.107611995356769E+001 -0.447895634852573E+002 -0.153588086678938E+002 -0.736482939962834E+003
  0.466446463497045E-001  0.147291490330360E+004 -0.192624024312667E+002  0.725897345023959E+002 -0.378677233993031E+000 -0.162091365426233E+000 -0.344053224183121E+002 -0.153588086678938E+002 -0.736457451651800E+003
  0.466446463497045E-001  0.147278506877305E+004 -0.192376952858584E+002  0.731887399931248E+002 -0.345863941645371E+000 -0.487868734551870E+000 -0.419989242229271E+002 -0.153588086678938E+002 -0.736392534386526E+003
  0.466446463497045E-001  0.147252591280469E+004 -0.192555936124923E+002  0.726181728120550E+002 -0.359409420691375E+000 -0.123381136651719E+000 -0.413440585343202E+002 -0.153588086678938E+002 -0.736262956402344E+003
  0.466446463497045E-001  0.147243715385354E+004 -0.192436261990930E+002  0.730319656220951E+002 -0.353193623641463E+000 -0.903656817946326E-001 -0.323782811992527E+002 -0.153588086678938E+002 -0.736218576926770E+003
  0.466446463497045E-001  0.147242231426384E+004 -0.192418053859514E+002  0.731184279044665E+002 -0.369924127427726E+000  0.308047815274721E+000 -0.468928556127517E+002 -0.153588086678938E+002 -0.736211157131920E+003
