 -0.192639235105097E+002  0.729511687696811E+002  0.321266876314537E+000 -0.706475902779180E+001 -0.735072029528287E+003 -0.735072029528287E+003
 -0.192605961260227E+002  0.730484582499461E+002  0.322891225771763E+000 -0.706475902779180E+001 -0.735069863849980E+003 -0.735069863849980E+003
 -0.192597950145561E+002  0.730804098639673E+002  0.322245099274806E+000 -0.706475902779180E+001 -0.735066319442630E+003 -0.735066319442630E+003
 -0.192574678142798E+002  0.731944840046516E+002  0.320591841395081E+000 -0.706475902779180E+001 -0.735073627346644E+003 -0.735073627346644E+003
 -0.192600620759205E+002  0.730863163438680E+002  0.322484354948744E+000 -0.706475902779180E+001 -0.735073317950927E+003 -0.735073317950927E+003
 -0.192599635454548E+002  0.730775393549859E+002  0.322859162121613E+000 -0.706475902779180E+001 -0.735070811459424E+003 -0.735070811459424E+003
 -0.192608096259435E+002  0.730672348544840E+002  0.321432444782500E+000 -0.706475902779180E+001 -0.735065450332473E+003 -0.735065450332473E+003
 -0.192608788201770E+002  0.730834340497147E+002  0.319424912946117E+000 -0.706475902779180E+001 -0.735067923989803E+003 -0.735067923989803E+003
 -0.192607379187643E+002  0.730798845129723E+002  0.320279557498115E+000 -0.706475902779180E+001 -0.735064650880292E+003 -0.735064650880292E+003
 -0.192608764699702E+002  0.730504034905690E+002  0.321622792584470E+000 -0.706475902779180E+001 -0.735064134318253E+003 -0.735064134318253E+003
 -0.192620894954230E+002  0.730154055513551E+002  0.320364456845552E+000 -0.706475902779180E+001 -0.735069997923299E+003 -0.735069997923299E+003
 -0.192586926167928E+002  0.731446848986893E+002  0.319432436155369E+000 -0.706475902779180E+001 -0.735069623847771E+003 -0.735069623847771E+003
 -0.192626373159595E+002  0.730263896584910E+002  0.320072206733482E+000 -0.706475902779180E+001 -0.735074023861783E+003 -0.735074023861783E+003
 -0.192642585177722E+002  0.729501469352454E+002  0.320181544734047E+000 -0.706475902779180E+001 -0.735075556365701E+003 -0.735075556365701E+003
 -0.192612022373757E+002  0.730572091653184E+002  0.319458881131016E+000 -0.706475902779180E+001 -0.735070527292043E+003 -0.735070527292043E+003
 -0.192578474422519E+002  0.731522673817325E+002  0.322224941328981E+000 -0.706475902779180E+001 -0.735069771957656E+003 -0.735069771957656E+003
 -0.192572963820457E+002  0.732087835486088E+002  0.319479880277211E+000 -0.706475902779180E+001 -0.735074804635021E+003 -0.735074804635021E+003
 -0.192633923274115E+002  0.729770967075879E+002  0.320009380909359E+000 -0.706475902779180E+001 -0.735074279642088E+003 -0.735074279642088E+003
 -0.192608304165916E+002  0.730589891607996E+002  0.320203374406355E+000 -0.706475902779180E+001 -0.735068714581947E+003 -0.735068714581947E+003
 -0.192613759698407E+002  0.730500688683003E+002  0.321498230882325E+000 -0.706475902779180E+001 -0.735067767731882E+003 -0.735067767731882E+003
 -0.192638546336174E+002  0.729566297988677E+002  0.320574055936407E+000 -0.706475902779180E+001 -0.735073962144303E+003 -0.735073962144303E+003
 -0.192610251574252E+002  0.730645611321105E+002  0.319192975307705E+000 -0.706475902779180E+001 -0.735072979873585E+003 -0.735072979873585E+003
 -0.192591698116397E+002  0.731124784947994E+002  0.321808253466886E+000 -0.706475902779180E+001 -0.735064994993178E+003 -0.735064994993178E+003
 -0.192568796169645E+002  0.731862691674096E+002  0.322252395727595E+000 -0.706475902779180E+001 -0.735073929462642E+003 -0.735073929462642E+003
 -0.192628420334697E+002  0.729753887326200E+002  0.322256549579017E+000 -0.706475902779180E+001 -0.735070990486501E+003 -0.735070990486501E+003
 -0.192561934961704E+002  0.732193527176985E+002  0.321512186130881E+000 -0.706475902779180E+001 -0.735074849854053E+003 -0.735074849854053E+003
 -0.192611106807975E+002  0.730537052749949E+002  0.320656630276459E+000 -0.706475902779180E+001 -0.735063538103990E+003 -0.735063538103990E+003
 -0.192606404873366E+002  0.730732110987349E+002  0.320636882046857E+000 -0.706475902779180E+001 -0.735062784458126E+003 -0.735062784458126E+003
 -0.192610131899973E+002  0.730400344917267E+002  0.322396825572760E+000 -0.706475902779180E+001 -0.735066914455153E+003 -0.735066914455153E+003
 -0.192622878213420E+002  0.730198550533790E+002  0.321924115197104E+000 -0.706475902779180E+001 -0.735075121651499E+003 -0.735075121651499E+003
 -0.192607659791893E+002  0.730901577932827E+002  0.320039853245181E+000 -0.706475902779180E+001 -0.735070931354048E+003 -0.735070931354048E+003
 -0.192602650141870E+002  0.730986957248442E+002  0.318991206920727E+000 -0.706475902779180E+001 -0.735070495924413E+003 -0.735070495924413E+003
 -0.192596635369258E+002  0.731156098245739E+002  0.319624308549709E+000 -0.706475902779180E+001 -0.735065918544765E+003 -0.735065918544765E+003
 -0.192585481451359E+002  0.731395005551037E+002  0.319725804718436E+000 -0.706475902779180E+001 -0.735072963411210E+003 -0.735072963411210E+003
 -0.192564398332985E+002  0.732292633224055E+002  0.319502561201276E+000 -0.706475902779180E+001 -0.735074996110642E+003 -0.735074996110642E+003
 -0.192634749491774E+002  0.729785113451407E+002  0.319716270813046E+000 -0.706475902779180E+001 -0.735075300740610E+003 -0.735075300740610E+003
 -0.192632190643014E+002  0.729684999521622E+002  0.322128964732311E+000 -0.706475902779180E+001 -0.735070669068004E+003 -0.735070669068004E+003
 -0.192586167357598E+002  0.731171338405170E+002  0.322624454140191E+000 -0.706475902779180E+001 -0.735069979239642E+003 -0.735069979239642E+003
 -0.192601360115467E+002  0.731061414848648E+002  0.319666290521851E+000 -0.706475902779180E+001 -0.735066397834230E+003 -0.735066397834230E+003
 -0.192588627525183E+002  0.731341433244806E+002  0.321071614181343E+000 -0.706475902779180E+001 -0.735064844169901E+003 -0.735064844169901E+003
 -0.192602336824158E+002  0.731142678403298E+002  0.319183986362808E+000 -0.706475902779180E+001 -0.735072345231074E+003 -0.735072345231074E+003
 -0.192585932374375E+002  0.731272353357818E+002  0.322255423812320E+000 -0.706475902779180E+001 -0.735068016683651E+003 -0.735068016683651E+003
 -0.192591782501982E+002  0.731150825095881E+002  0.320169647462907E+000 -0.706475902779180E+001 -0.735068974982358E+003 -0.735068974982358E+003
 -0.192608022964209E+002  0.730414272199457E+002  0.321531013476601E+000 -0.706475902779180E+001 -0.735071824899465E+003 -0.735071824899465E+003
 -0.192613941774306E+002  0.730325450019503E+002  0.322098139023529E+000 -0.706475902779180E+001 -0.735065854279202E+003 -0.735065854279202E+003
 -0.192588872690426E+002  0.731164447908641E+002  0.321051414470285E+000 -0.706475902779180E+001 -0.735067488026270E+003 -0.735067488026270E+003
 -0.192627026664313E+002  0.729773607205969E+002  0.322683833227058E+000 -0.706475902779180E+001 -0.735072316963571E+003 -0.735072316963571E+003
 -0.192579618158769E+002  0.731563518693474E+002  0.320833915627152E+000 -0.706475902779180E+001 -0.735066393123226E+003 -0.735066393123226E+003
 -0.192626968175491E+002  0.730015486643516E+002  0.320735698323193E+000 -0.706475902779180E+001 -0.735066583770939E+003 -0.735066583770939E+003
 -0.192593970120600E+002  0.731348434085761E+002  0.320377126407218E+000 -0.706475902779180E+001 -0.735072499652199E+003 -0.735072499652199E+003
 -0.192571826767753E+002  0.731999039684504E+002  0.320112354082528E+000 -0.706475902779180E+001 -0.735070007907860E+003 -0.735070007907860E+003
 -0.192626155786472E+002  0.730081541112700E+002  0.320338468161466E+000 -0.706475902779180E+001 -0.735067068343202E+003 -0.735067068343202E+003
 -0.192588251410031E+002  0.731015342526560E+002  0.322700636944697E+000 -0.706475902779180E+001 -0.735072977155958E+003 -0.735072977155958E+003
 -0.192598339689744E+002  0.731002904255453E+002  0.321655952947522E+000 -0.706475902779180E+001 -0.735067585576026E+003 -0.735067585576026E+003
 -0.192611453774745E+002  0.730565994093459E+002  0.320044618974797E+000 -0.706475902779180E+001 -0.735065780769554E+003 -0.735065780769554E+003
 -0.192577709933005E+002  0.731562897899458E+002  0.322032349833423E+000 -0.706475902779180E+001 -0.735068992221656E+003 -0.735068992221656E+003
 -0.192581839625948E+002  0.731318382671569E+002  0.321211744885165E+000 -0.706475902779180E+001 -0.735074952316630E+003 -0.735074952316630E+003
 -0.192607781026696E+002  0.730953804957631E+002  0.318637692100113E+000 -0.706475902779180E+001 -0.735073520233517E+003 -0.735073520233517E+003
 -0.192592139992161E+002  0.731047987159708E+002  0.322721899058572E+000 -0.706475902779180E+001 -0.735070793634238E+003 -0.735070793634238E+003
 -0.192595355972334E+002  0.731342004530119E+002  0.318728545724614E+000 -0.706475902779180E+001 -0.735072088369767E+003 -0.735072088369767E+003
 -0.192597026050817E+002  0.730924326464957E+002  0.322588830814334E+000 -0.706475902779180E+001 -0.735070652776417E+003 -0.735070652776417E+003
 -0.192603819714566E+002  0.730790672886775E+002  0.319777569298828E+000 -0.706475902779180E+001 -0.735069740179554E+003 -0.735069740179554E+003
 -0.192618757358068E+002  0.730288850162992E+002  0.319835054049572E+000 -0.706475902779180E+001 -0.735070914732653E+003 -0.735070914732653E+003
 -0.192586134966936E+002  0.731703985599828E+002  0.318727618871762E+000 -0.706475902779180E+001 -0.735074971324125E+003 -0.735074971324125E+003
 -0.192602186346446E+002  0.730870639201063E+002  0.320556554584340E+000 -0.706475902779180E+001 -0.735062799355362E+003 -0.735062799355362E+003
 -0.192576648199066E+002  0.731821253069171E+002  0.320340957650271E+000 -0.706475902779180E+001 -0.735068106743774E+003 -0.735068106743774E+003
 -0.192631573468854E+002  0.730061763326376E+002  0.320386099114080E+000 -0.706475902779180E+001 -0.735075550087063E+003 -0.735075550087063E+003
 -0.192586680405839E+002  0.731507784964942E+002  0.320433237296348E+000 -0.706475902779180E+001 -0.735066960972811E+003 -0.735066960972811E+003
 -0.192576341676526E+002  0.731808433855991E+002  0.321167488617398E+000 -0.706475902779180E+001 -0.735071719538512E+003 -0.735071719538512E+003
 -0.192609212908042E+002  0.730612653601587E+002  0.322354021112590E+000 -0.706475902779180E+001 -0.735075038998101E+003 -0.735075038998101E+003
 -0.192600882894365E+002  0.731164900605940E+002  0.318403330397794E+000 -0.706475902779180E+001 -0.735074602193230E+003 -0.735074602193230E+003
 -0.192578208257215E+002  0.731488762951990E+002  0.321032208158743E+000 -0.706475902779180E+001 -0.735072938098965E+003 -0.735072938098965E+003
 -0.192613321459849E+002  0.730629255613974E+002  0.320118414439768E+000 -0.706475902779180E+001 -0.735066286062199E+003 -0.735066286062199E+003
 -0.192623682903374E+002  0.730220407077602E+002  0.321584296636931E+000 -0.706475902779180E+001 -0.735075545416569E+003 -0.735075545416569E+003
 -0.192591057731240E+002  0.731337102572743E+002  0.319542510462108E+000 -0.706475902779180E+001 -0.735067067871043E+003 -0.735067067871043E+003
 -0.192638349536136E+002  0.729464910295843E+002  0.321421566568479E+000 -0.706475902779180E+001 -0.735074715717401E+003 -0.735074715717401E+003
 -0.192631220423273E+002  0.729616627984941E+002  0.322402773868528E+000 -0.706475902779180E+001 -0.735073923894377E+003 -0.735073923894377E+003
 -0.192612118019111E+002  0.730769574829603E+002  0.319761391875573E+000 -0.706475902779180E+001 -0.735071395688941E+003 -0.735071395688941E+003
 -0.192611161707706E+002  0.730719627259554E+002  0.320425788835085E+000 -0.706475902779180E+001 -0.735068393860931E+003 -0.735068393860931E+003
 -0.192558983262923E+002  0.732394949014387E+002  0.320406581658445E+000 -0.706475902779180E+001 -0.735075149234246E+003 -0.735075149234246E+003
 -0.192593995532999E+002  0.731261402358595E+002  0.321393697733196E+000 -0.706475902779180E+001 -0.735075389410347E+003 -0.735075389410347E+003
 -0.192601736991216E+002  0.731071036286727E+002  0.320415787090030E+000 -0.706475902779180E+001 -0.735070815668932E+003 -0.735070815668932E+003
 -0.192594365782136E+002  0.731402399129881E+002  0.319559512914950E+000 -0.706475902779180E+001 -0.735073098669528E+003 -0.735073098669528E+003
 -0.192608828688267E+002  0.730859079014256E+002  0.319272908530956E+000 -0.706475902779180E+001 -0.735069165189926E+003 -0.735069165189926E+003
 -0.192588654141388E+002  0.731509358005652E+002  0.320427243063713E+000 -0.706475902779180E+001 -0.735071840844057E+003 -0.735071840844057E+003
 -0.192571560215369E+002  0.731971201425439E+002  0.320735580531114E+000 -0.706475902779180E+001 -0.735070361245456E+003 -0.735070361245456E+003
 -0.192633432563535E+002  0.729921803686118E+002  0.320213169776986E+000 -0.706475902779180E+001 -0.735070713937141E+003 -0.735070713937141E+003
 -0.192601392073374E+002  0.730995461489712E+002  0.320160888065426E+000 -0.706475902779180E+001 -0.735064186092837E+003 -0.735064186092837E+003
 -0.192578509432921E+002  0.731589396465720E+002  0.320365178810923E+000 -0.706475902779180E+001 -0.735070283784156E+003 -0.735070283784156E+003
 -0.192591235200047E+002  0.731249308103729E+002  0.321047118952829E+000 -0.706475902779180E+001 -0.735064169809992E+003 -0.735064169809992E+003
 -0.192614236288395E+002  0.730508483846830E+002  0.319466017307469E+000 -0.706475902779180E+001 -0.735070141554496E+003 -0.735070141554496E+003
 -0.192574633236468E+002  0.732005486946153E+002  0.320119796755474E+000 -0.706475902779180E+001 -0.735075167715109E+003 -0.735075167715109E+003
 -0.192634406741427E+002  0.729568347093282E+002  0.322187058695476E+000 -0.706475902779180E+001 -0.735072541753416E+003 -0.735072541753416E+003
 -0.192593352868425E+002  0.730989253701323E+002  0.321214480771547E+000 -0.706475902779180E+001 -0.735067467795551E+003 -0.735067467795551E+003
 -0.192616244016719E+002  0.730533575245214E+002  0.320668883053876E+000 -0.706475902779180E+001 -0.735069717304384E+003 -0.735069717304384E+003
 -0.192582016340039E+002  0.731437710163130E+002  0.320160907770943E+000 -0.706475902779180E+001 -0.735074660986828E+003 -0.735074660986828E+003
 -0.192622563896815E+002  0.730301459651904E+002  0.320923640963461E+000 -0.706475902779180E+001 -0.735071659489127E+003 -0.735071659489127E+003
 -0.192570931597283E+002  0.731732689637305E+002  0.321813227877281E+000 -0.706475902779180E+001 -0.735071632454072E+003 -0.735071632454072E+003
 -0.192597782240164E+002  0.730878738950835E+002  0.321171698754592E+000 -0.706475902779180E+001 -0.735064927549823E+003 -0.735064927549823E+003
 -0.192628945488672E+002  0.730159149435376E+002  0.319375834591088E+000 -0.706475902779180E+001 -0.735072693334750E+003 -0.735072693334750E+003
