  0.172260418252451E+000  0.148335594076078E+004 -0.192928537364341E+002  0.721141411035727E+002 -0.554275905163087E+000  0.540362715393467E+000 -0.529050580798146E+001 -0.144425179360197E+002 -0.742331132193809E+003
  0.172260418252451E+000  0.148473564828621E+004 -0.192800447424293E+002  0.729936343515871E+002 -0.492067332528315E+000 -0.432243564292952E+000 -0.934416168162800E+001 -0.144425179360197E+002 -0.743020985956524E+003
  0.172260418252451E+000  0.148202065560771E+004 -0.193526407724409E+002  0.700743861255989E+002 -0.424093985380268E+000 -0.334401250513412E+000 -0.774621196406776E+001 -0.144425179360197E+002 -0.741663489617275E+003
  0.172260418252451E+000  0.148174413727220E+004 -0.191932102443203E+002  0.746446910071928E+002 -0.385061805060732E+000 -0.218949472324798E+000 -0.674305885458021E+001 -0.144425179360197E+002 -0.741525230449516E+003
  0.172260418252451E+000  0.148005445515965E+004 -0.192273338900795E+002  0.746722533207511E+002 -0.515118092924945E+000  0.108005314760209E+000 -0.690474719246389E+001 -0.144425179360197E+002 -0.740680389393244E+003
  0.172260418252451E+000  0.148001776684078E+004 -0.192300844826692E+002  0.743356671663390E+002 -0.431632851436258E+000 -0.643196128516555E+000 -0.860815165613575E+001 -0.144425179360197E+002 -0.740662045233808E+003
  0.172260418252451E+000  0.147972152034556E+004 -0.192365179797222E+002  0.736778584603279E+002 -0.427464252841138E+000  0.141905930820284E+000 -0.714295006290387E+001 -0.144425179360197E+002 -0.740513921986199E+003
  0.172260418252451E+000  0.147957204249342E+004 -0.192497617057370E+002  0.722069084453374E+002 -0.212078341004848E+000 -0.101029180381708E+001 -0.955193012198399E+001 -0.144425179360197E+002 -0.740439183060131E+003
  0.172260418252451E+000  0.147575423373134E+004 -0.192358743612809E+002  0.732362598178289E+002 -0.294179510482795E+000 -0.249392896139018E+000 -0.497256428102641E+001 -0.144425179360197E+002 -0.738530278679091E+003
  0.172260418252451E+000  0.147882601382650E+004 -0.192231592832049E+002  0.731746465473833E+002 -0.181719501079631E+000 -0.125439875318017E+001 -0.879800403251387E+001 -0.144425179360197E+002 -0.740066168726667E+003
  0.172260418252451E+000  0.147869391280413E+004 -0.192599545113008E+002  0.719593401417973E+002 -0.258523042498138E+000 -0.376380965789281E+000 -0.588262704625239E+001 -0.144425179360197E+002 -0.740000118215481E+003
  0.172260418252451E+000  0.147577920732150E+004 -0.192984930111582E+002  0.711976103866006E+002 -0.366999490355514E+000 -0.444540371471464E+000 -0.923718208046512E+001 -0.144425179360197E+002 -0.738542765474168E+003
  0.172260418252451E+000  0.147595219834213E+004 -0.191875574409502E+002  0.748727071497881E+002 -0.326644000497289E+000 -0.652542764383933E+000 -0.834423324896803E+001 -0.144425179360197E+002 -0.738629260984485E+003
  0.172260418252451E+000  0.147808355144870E+004 -0.192838690686780E+002  0.717826291295790E+002 -0.387890352406751E+000 -0.610244467056205E+000 -0.903200594096467E+001 -0.144425179360197E+002 -0.739694937537768E+003
  0.172260418252451E+000  0.147807896589358E+004 -0.192210713248316E+002  0.741793638062564E+002 -0.402065477079791E+000  0.212883870064696E+000 -0.533527958739858E+001 -0.144425179360197E+002 -0.739692644760207E+003
  0.172260418252451E+000  0.147598942551704E+004 -0.193163045939321E+002  0.706854899829366E+002 -0.330235722911485E+000 -0.246630556679952E+000 -0.609591122907321E+001 -0.144425179360197E+002 -0.738647874571936E+003
  0.172260418252451E+000  0.147777684179810E+004 -0.192995386669935E+002  0.719210841215216E+002 -0.408495472385903E+000 -0.550378994062118E+000 -0.987977022274382E+001 -0.144425179360197E+002 -0.739541582712468E+003
  0.172260418252451E+000  0.147600300391882E+004 -0.191981106596233E+002  0.751446597360631E+002 -0.396951901886948E+000 -0.291262128176722E+000 -0.553503707105212E+001 -0.144425179360197E+002 -0.738654663772829E+003
  0.172260418252451E+000  0.147727835043726E+004 -0.192036999016368E+002  0.752306977173239E+002 -0.462377130011428E+000 -0.158135580515095E+000 -0.719689468111152E+001 -0.144425179360197E+002 -0.739292337032047E+003
  0.172260418252451E+000  0.147727241726972E+004 -0.193183354652467E+002  0.703562930007315E+002 -0.247914920804638E+000 -0.107636427454845E+001 -0.925205507639414E+001 -0.144425179360197E+002 -0.739289370448280E+003
  0.172260418252451E+000  0.147726394262187E+004 -0.192321338281368E+002  0.735762916544392E+002 -0.459566776601555E+000  0.518228408765693E+000 -0.428403996936986E+001 -0.144425179360197E+002 -0.739285133124352E+003
  0.172260418252451E+000  0.147607852729631E+004 -0.193094825808848E+002  0.714423418125107E+002 -0.434735201538595E+000 -0.408170012151045E+000 -0.821637552168762E+001 -0.144425179360197E+002 -0.738692425461573E+003
  0.172260418252451E+000  0.147691942643871E+004 -0.192712553542424E+002  0.719225552602350E+002 -0.348450197334035E+000 -0.118771469660016E+000 -0.370961739927853E+001 -0.144425179360197E+002 -0.739112875032774E+003
  0.172260418252451E+000  0.147619695609202E+004 -0.192060350968831E+002  0.747521118983071E+002 -0.385448277706106E+000  0.438109097595856E-001 -0.500387542459468E+001 -0.144425179360197E+002 -0.738751639859429E+003
  0.172260418252451E+000  0.147622077861421E+004 -0.192555868907783E+002  0.731860409233863E+002 -0.377976898726469E+000 -0.241551951864451E+000 -0.703216008767671E+001 -0.144425179360197E+002 -0.738763551120526E+003
  0.172260418252451E+000  0.147663602203199E+004 -0.192878542022493E+002  0.716444405082085E+002 -0.288536434907006E+000 -0.593471251708309E+000 -0.720147567813658E+001 -0.144425179360197E+002 -0.738971172829416E+003
  0.172260418252451E+000  0.147625581675614E+004 -0.192239427951727E+002  0.740401064683391E+002 -0.444485820157920E+000 -0.103008208575427E+000 -0.769190132099347E+001 -0.144425179360197E+002 -0.738781070191491E+003
  0.172260418252451E+000  0.147648139816756E+004 -0.192552803755817E+002  0.727679971164156E+002 -0.319580582921482E+000 -0.290302488276345E+000 -0.341633871389271E+001 -0.144425179360197E+002 -0.738893860897200E+003
  0.172260418252451E+000  0.147642020626596E+004 -0.193063362029254E+002  0.712757310275745E+002 -0.443939218238382E+000 -0.413021190729390E-001 -0.623340009926838E+001 -0.144425179360197E+002 -0.738863264946399E+003
  0.172260418252451E+000  0.147573271511350E+004 -0.192862886994050E+002  0.714601395050930E+002 -0.359630572895459E+000 -0.191479794562843E-001 -0.628831437031318E+001 -0.144425179360197E+002 -0.738519519370168E+003
  0.172260418252451E+000  0.147544273200948E+004 -0.192277912974265E+002  0.742201136131664E+002 -0.405562950189507E+000 -0.462382847574366E+000 -0.932745425041873E+001 -0.144425179360197E+002 -0.738374527818158E+003
  0.172260418252451E+000  0.147544071594801E+004 -0.193172363651346E+002  0.708043322809496E+002 -0.376182885167649E+000 -0.219898060133507E+000 -0.511660440735533E+001 -0.144425179360197E+002 -0.738373519787422E+003
  0.172260418252451E+000  0.147537479921448E+004 -0.192247346354539E+002  0.735408630701125E+002 -0.334535928575818E+000 -0.776955043145536E+000 -0.935129925215971E+001 -0.144425179360197E+002 -0.738340561420660E+003
  0.172260418252451E+000  0.147526453484528E+004 -0.192021619070003E+002  0.749241134454943E+002 -0.390700041337305E+000 -0.500161629276491E+000 -0.913536585860196E+001 -0.144425179360197E+002 -0.738285429236058E+003
  0.172260418252451E+000  0.147511952371977E+004 -0.192997011850512E+002  0.713718528064823E+002 -0.336423079554899E+000 -0.233173125539627E+000 -0.442675747417215E+001 -0.144425179360197E+002 -0.738212923673302E+003
  0.172260418252451E+000  0.147505633563552E+004 -0.192848696867554E+002  0.722033961601398E+002 -0.468604042215526E+000  0.382741975949665E-001 -0.556532308837736E+001 -0.144425179360197E+002 -0.738181329631178E+003
  0.172260418252451E+000  0.147505578465421E+004 -0.192717757562182E+002  0.727519643675023E+002 -0.475460705999729E+000 -0.827117658712524E-001 -0.819090148043786E+001 -0.144425179360197E+002 -0.738181054140525E+003
  0.172260418252451E+000  0.147488190820771E+004 -0.192530486533837E+002  0.729295762437095E+002 -0.401023921794711E+000 -0.197119668327590E+000 -0.857129940074938E+001 -0.144425179360197E+002 -0.738094115917272E+003
  0.172260418252451E+000  0.147476096145068E+004 -0.192163651044525E+002  0.741254098169981E+002 -0.347256636330687E+000 -0.953905512122089E+000 -0.978068577621990E+001 -0.144425179360197E+002 -0.738033642538760E+003
  0.172260418252451E+000  0.147475783813038E+004 -0.192887466701949E+002  0.712671649137611E+002 -0.288550610664919E+000 -0.665388287845302E+000 -0.879317083346288E+001 -0.144425179360197E+002 -0.738032080878607E+003
  0.172260418252451E+000  0.147475048848710E+004 -0.192547560237399E+002  0.734280384193121E+002 -0.404943855963841E+000 -0.396946151002846E+000 -0.721733267644662E+001 -0.144425179360197E+002 -0.738028406056968E+003
  0.172260418252451E+000  0.147473057921987E+004 -0.192492956429270E+002  0.727126892449085E+002 -0.258854302151287E+000 -0.969802195625824E+000 -0.716793898205840E+001 -0.144425179360197E+002 -0.738018451423351E+003
  0.172260418252451E+000  0.147454289131151E+004 -0.193009363680803E+002  0.712558671245584E+002 -0.363750058987245E+000 -0.217887647671308E+000 -0.459225794777008E+001 -0.144425179360197E+002 -0.737924607469173E+003
  0.172260418252451E+000  0.147452291024997E+004 -0.193286083940028E+002  0.705480267122010E+002 -0.416369198999157E+000  0.673728859841951E-001 -0.550121956414792E+001 -0.144425179360197E+002 -0.737914616938406E+003
  0.172260418252451E+000  0.147449640223264E+004 -0.192115822573823E+002  0.738456673372170E+002 -0.292149261756101E+000 -0.794081735209043E+000 -0.864654772507329E+001 -0.144425179360197E+002 -0.737901362929736E+003
  0.172260418252451E+000  0.147445177213876E+004 -0.191905651321508E+002  0.750923033756236E+002 -0.328923330656841E+000 -0.849643952475803E+000 -0.929314147307842E+001 -0.144425179360197E+002 -0.737879047882799E+003
  0.172260418252451E+000  0.147440969705573E+004 -0.192217227717725E+002  0.740736969770238E+002 -0.344269952266456E+000 -0.868031369330459E+000 -0.829701836120410E+001 -0.144425179360197E+002 -0.737858010341286E+003
  0.172260418252451E+000  0.147440464815670E+004 -0.191928601061658E+002  0.752932350380637E+002 -0.414117512534270E+000  0.114469729088293E+000 -0.432633070509500E+001 -0.144425179360197E+002 -0.737855485891770E+003
  0.172260418252451E+000  0.147440287407283E+004 -0.192798653978451E+002  0.723430440479809E+002 -0.459750432754657E+000  0.537121579540969E+000 -0.415632988214486E+001 -0.144425179360197E+002 -0.737854598849832E+003
  0.172260418252451E+000  0.147439229554295E+004 -0.193046260106722E+002  0.710051124790249E+002 -0.298539380051742E+000 -0.682634608064959E+000 -0.691770238301161E+001 -0.144425179360197E+002 -0.737849309584892E+003
  0.172260418252451E+000  0.147437347961541E+004 -0.192490116565882E+002  0.728149220122988E+002 -0.293446507017719E+000 -0.418420141472911E+000 -0.645470847981922E+001 -0.144425179360197E+002 -0.737839901621123E+003
  0.172260418252451E+000  0.147424743518794E+004 -0.192453245890470E+002  0.728572451052356E+002 -0.366091576005681E+000 -0.318517365454029E+000 -0.722012962405693E+001 -0.144425179360197E+002 -0.737776879407386E+003
  0.172260418252451E+000  0.147424399611600E+004 -0.192045844511533E+002  0.744959922660722E+002 -0.383680772616427E+000 -0.896199731754788E-002 -0.604042696841665E+001 -0.144425179360197E+002 -0.737775159871419E+003
  0.172260418252451E+000  0.147420841295566E+004 -0.192102691041663E+002  0.738896762747797E+002 -0.274003659369630E+000 -0.961447654124980E+000 -0.958939952485812E+001 -0.144425179360197E+002 -0.737757368291251E+003
  0.172260418252451E+000  0.147415932609515E+004 -0.192299265606489E+002  0.738144960897021E+002 -0.459418688711282E+000  0.491310134416867E+000 -0.438038822608136E+001 -0.144425179360197E+002 -0.737732824860995E+003
  0.172260418252451E+000  0.147415679557930E+004 -0.192990771175226E+002  0.717502791540117E+002 -0.487859878698362E+000  0.721524033415588E+000 -0.307294777129277E+001 -0.144425179360197E+002 -0.737731559603066E+003
  0.172260418252451E+000  0.147410215262853E+004 -0.193107055837904E+002  0.713448494485787E+002 -0.429270247015210E+000  0.264040093326537E+000 -0.439033835968238E+001 -0.144425179360197E+002 -0.737704238127682E+003
  0.172260418252451E+000  0.147391217469526E+004 -0.192651314053959E+002  0.728061982929356E+002 -0.428124251564227E+000  0.189312807262203E+000 -0.592581869750686E+001 -0.144425179360197E+002 -0.737609249161050E+003
  0.172260418252451E+000  0.147383013811661E+004 -0.192804354151031E+002  0.717332118013778E+002 -0.273923335701799E+000 -0.800620778062307E+000 -0.879408191598604E+001 -0.144425179360197E+002 -0.737568230871725E+003
  0.172260418252451E+000  0.147382586380809E+004 -0.192801321527937E+002  0.722619025387888E+002 -0.336440729416395E+000 -0.101933209676162E+001 -0.957012467234061E+001 -0.144425179360197E+002 -0.737566093717463E+003
  0.172260418252451E+000  0.147376450704456E+004 -0.192625466023308E+002  0.727703645593689E+002 -0.376606231528586E+000 -0.273929701531961E+000 -0.800182553758963E+001 -0.144425179360197E+002 -0.737535415335698E+003
  0.172260418252451E+000  0.147359517883327E+004 -0.191968178815218E+002  0.747280364978338E+002 -0.295782220391151E+000 -0.105070262372217E+001 -0.989290428889137E+001 -0.144425179360197E+002 -0.737450751230056E+003
  0.172260418252451E+000  0.147351841181444E+004 -0.192592383744915E+002  0.726601867709666E+002 -0.303802980586632E+000 -0.102704891817102E+001 -0.844403310973374E+001 -0.144425179360197E+002 -0.737412367720641E+003
  0.172260418252451E+000  0.147350421230810E+004 -0.193095988010947E+002  0.710272023168392E+002 -0.413993131006415E+000  0.781531749782571E-001 -0.473372235843020E+001 -0.144425179360197E+002 -0.737405267967466E+003
  0.172260418252451E+000  0.147337763362046E+004 -0.193067758315908E+002  0.710720311468216E+002 -0.354602589840325E+000 -0.496112437306770E-001 -0.489716967836307E+001 -0.144425179360197E+002 -0.737341978623649E+003
  0.172260418252451E+000  0.147335428769489E+004 -0.192453191427727E+002  0.728866739083609E+002 -0.238612908878866E+000 -0.117465930513427E+001 -0.919892738675870E+001 -0.144425179360197E+002 -0.737330305660864E+003
  0.172260418252451E+000  0.147334974871419E+004 -0.192421707757387E+002  0.735208968021983E+002 -0.349719395407543E+000 -0.414121779299845E+000 -0.649047282545666E+001 -0.144425179360197E+002 -0.737328036170515E+003
  0.172260418252451E+000  0.147334097190703E+004 -0.192983937647051E+002  0.711591372585392E+002 -0.331842889479005E+000 -0.778357525886628E+000 -0.974118092120895E+001 -0.144425179360197E+002 -0.737323647766934E+003
  0.172260418252451E+000  0.147328077390882E+004 -0.192440859107075E+002  0.733253772823735E+002 -0.430145021056269E+000 -0.103096944012317E+000 -0.772704639567983E+001 -0.144425179360197E+002 -0.737293548767830E+003
  0.172260418252451E+000  0.147324458600982E+004 -0.192841049018489E+002  0.718016726857515E+002 -0.358185651484471E+000 -0.209173975623923E+000 -0.732529151865608E+001 -0.144425179360197E+002 -0.737275454818326E+003
  0.172260418252451E+000  0.147322000448206E+004 -0.192963379367945E+002  0.715533853763687E+002 -0.382516741754802E+000 -0.451727047813679E+000 -0.942422164754775E+001 -0.144425179360197E+002 -0.737263164054449E+003
  0.172260418252451E+000  0.147320940878884E+004 -0.192418743812294E+002  0.729884299286129E+002 -0.278583743386661E+000 -0.733049622050030E+000 -0.630749447985803E+001 -0.144425179360197E+002 -0.737257866207838E+003
  0.172260418252451E+000  0.147319523644088E+004 -0.192089556813565E+002  0.745502782254512E+002 -0.330483745963287E+000 -0.927272220889080E+000 -0.911110829127272E+001 -0.144425179360197E+002 -0.737250780033856E+003
  0.172260418252451E+000  0.147319515523479E+004 -0.192242389292719E+002  0.736880802392117E+002 -0.335297145605691E+000 -0.168522231810453E+000 -0.353533619440350E+001 -0.144425179360197E+002 -0.737250739430812E+003
  0.172260418252451E+000  0.147312835927405E+004 -0.192196335776558E+002  0.736543380625450E+002 -0.297325638857381E+000 -0.859747931407436E+000 -0.969849232559104E+001 -0.144425179360197E+002 -0.737217341450445E+003
  0.172260418252451E+000  0.147307852706759E+004 -0.192877356068162E+002  0.714751231084126E+002 -0.371812801933590E+000  0.295076657781207E+000 -0.347496746260059E+001 -0.144425179360197E+002 -0.737192425347212E+003
  0.172260418252451E+000  0.147302507980007E+004 -0.192123828937896E+002  0.744244658737311E+002 -0.369939307446887E+000 -0.691937531185322E+000 -0.839350975052709E+001 -0.144425179360197E+002 -0.737165701713453E+003
  0.172260418252451E+000  0.147300925598759E+004 -0.192786010484274E+002  0.716705088132169E+002 -0.266879965154571E+000 -0.744493611096145E+000 -0.732491221773365E+001 -0.144425179360197E+002 -0.737157789807215E+003
  0.172260418252451E+000  0.147300441077109E+004 -0.192125291308214E+002  0.743274280179635E+002 -0.388243835359154E+000 -0.473289766085021E+000 -0.849293286914311E+001 -0.144425179360197E+002 -0.737155367198963E+003
  0.172260418252451E+000  0.147290189540838E+004 -0.192867613029264E+002  0.721557201003293E+002 -0.423506595729937E+000  0.106312639124369E-001 -0.651910699814579E+001 -0.144425179360197E+002 -0.737104109517608E+003
  0.172260418252451E+000  0.147289818878972E+004 -0.192789363449249E+002  0.726296213054767E+002 -0.514455713427705E+000  0.461742431685733E+000 -0.452858946289757E+001 -0.144425179360197E+002 -0.737102256208277E+003
  0.172260418252451E+000  0.147288702493523E+004 -0.192807469618888E+002  0.716601461116826E+002 -0.313632623781778E+000 -0.701122653105657E+000 -0.762468265083171E+001 -0.144425179360197E+002 -0.737096674281031E+003
  0.172260418252451E+000  0.147287750204803E+004 -0.192817089261543E+002  0.718545582907134E+002 -0.393934312504743E+000  0.480966440540653E-001 -0.371749663067625E+001 -0.144425179360197E+002 -0.737091912837434E+003
  0.172260418252451E+000  0.147277623221502E+004 -0.192898595971191E+002  0.716280632396057E+002 -0.336023435567153E+000 -0.169091512846380E+000 -0.480912405064996E+001 -0.144425179360197E+002 -0.737041277920930E+003
  0.172260418252451E+000  0.147276504256123E+004 -0.192648640585161E+002  0.726537910050116E+002 -0.431265562695295E+000  0.150737591377760E+000 -0.643252421447105E+001 -0.144425179360197E+002 -0.737035683094036E+003
  0.172260418252451E+000  0.147275079353530E+004 -0.192493546323138E+002  0.728507774832819E+002 -0.411373959821898E+000  0.435965508336579E+000 -0.359270082827152E+001 -0.144425179360197E+002 -0.737028558581070E+003
  0.172260418252451E+000  0.147358007218452E+004 -0.192246911479823E+002  0.741606949796498E+002 -0.352113434368030E+000 -0.718988036260741E+000 -0.841935899766356E+001 -0.144425179360197E+002 -0.737025934232192E+003
  0.172260418252451E+000  0.147354813127846E+004 -0.192791282780991E+002  0.718148166849689E+002 -0.364505012424034E+000 -0.354668529131460E+000 -0.806549899325527E+001 -0.144425179360197E+002 -0.737009963779160E+003
  0.172260418252451E+000  0.147348379839105E+004 -0.192999588816680E+002  0.714692858282976E+002 -0.368787164411493E+000 -0.628829040522665E+000 -0.999934305855892E+001 -0.144425179360197E+002 -0.736977797335457E+003
  0.172260418252451E+000  0.147342602709158E+004 -0.192432178448009E+002  0.733749324165598E+002 -0.373166998009126E+000 -0.536885710648012E+000 -0.971780535196663E+001 -0.144425179360197E+002 -0.736948911685721E+003
  0.172260418252451E+000  0.147331303049773E+004 -0.192402384960194E+002  0.737089597972871E+002 -0.419204857215469E+000 -0.541837354380055E+000 -0.924198817765589E+001 -0.144425179360197E+002 -0.736892413388797E+003
  0.172260418252451E+000  0.147327031037945E+004 -0.192492333983755E+002  0.726920451141688E+002 -0.314964654898371E+000 -0.645628681881233E+000 -0.918094421999907E+001 -0.144425179360197E+002 -0.736871053329653E+003
  0.172260418252451E+000  0.147326771582269E+004 -0.192381016621032E+002  0.732742470315507E+002 -0.380010720113472E+000 -0.356594835809981E+000 -0.803240396951403E+001 -0.144425179360197E+002 -0.736869756051277E+003
  0.172260418252451E+000  0.147301352415704E+004 -0.193006560398566E+002  0.712365490314043E+002 -0.341347707100097E+000 -0.695511192235067E+000 -0.977788610657776E+001 -0.144425179360197E+002 -0.736742660218450E+003
  0.172260418252451E+000  0.147294731662981E+004 -0.192105868937364E+002  0.741729820262760E+002 -0.297925489671401E+000 -0.104758674616563E+001 -0.965926675456362E+001 -0.144425179360197E+002 -0.736709556454834E+003
  0.172260418252451E+000  0.147293651724165E+004 -0.192463747854715E+002  0.733794348178973E+002 -0.353717866890723E+000 -0.696745032784396E+000 -0.953294431967901E+001 -0.144425179360197E+002 -0.736704156760757E+003
  0.172260418252451E+000  0.147286905482152E+004 -0.192738549825157E+002  0.725819072449373E+002 -0.400842863759117E+000 -0.375672285680798E+000 -0.848594294346417E+001 -0.144425179360197E+002 -0.736670425550690E+003
  0.172260418252451E+000  0.147286537726545E+004 -0.192945950863724E+002  0.717344464305880E+002 -0.366668080745455E+000 -0.640399382861727E+000 -0.958574385184525E+001 -0.144425179360197E+002 -0.736668586772657E+003
  0.172260418252451E+000  0.147278607549592E+004 -0.192440865371788E+002  0.731779420386139E+002 -0.360141313388036E+000 -0.623483362411847E+000 -0.761122807788791E+001 -0.144425179360197E+002 -0.736628935887888E+003
  0.172260418252451E+000  0.147278369447404E+004 -0.192744075207607E+002  0.723822106771491E+002 -0.337483917082108E+000 -0.768867181432653E+000 -0.946302635972627E+001 -0.144425179360197E+002 -0.736627745376949E+003
  0.172260418252451E+000  0.147273817405830E+004 -0.192595625710920E+002  0.724134808879719E+002 -0.256894076074070E+000 -0.104360033202332E+001 -0.873333447130747E+001 -0.144425179360197E+002 -0.736604985169082E+003
  0.172260418252451E+000  0.147272956951410E+004 -0.192825179905034E+002  0.719435109341697E+002 -0.365170966284256E+000 -0.273254120603821E+000 -0.762492234928601E+001 -0.144425179360197E+002 -0.736600682896982E+003
  0.172260418252451E+000  0.147267534723011E+004 -0.192708777908574E+002  0.727372398740119E+002 -0.406632658314380E+000 -0.241984056591187E+000 -0.715690500662005E+001 -0.144425179360197E+002 -0.736573571754986E+003
  0.172260418252451E+000  0.147266912998309E+004 -0.192735460113987E+002  0.725897164569757E+002 -0.448326073136563E+000 -0.175861791917916E+000 -0.758336916636268E+001 -0.144425179360197E+002 -0.736570463131473E+003
  0.172260418252451E+000  0.147265078585852E+004 -0.192208043309150E+002  0.737520896596809E+002 -0.305647426545621E+000 -0.809163068188635E+000 -0.797597967642681E+001 -0.144425179360197E+002 -0.736561291069191E+003
  0.172260418252451E+000  0.147264459431464E+004 -0.192609727068650E+002  0.722968699879694E+002 -0.308893647130288E+000 -0.825674052733777E+000 -0.998733021902632E+001 -0.144425179360197E+002 -0.736558195297251E+003
  0.172260418252451E+000  0.147256643615754E+004 -0.192828088344739E+002  0.720967088265564E+002 -0.402535518679198E+000 -0.423272152951244E+000 -0.923659357274521E+001 -0.144425179360197E+002 -0.736519116218701E+003
  0.172260418252451E+000  0.147254175681672E+004 -0.192739109888287E+002  0.724542171848694E+002 -0.361981544032916E+000 -0.500521224869879E+000 -0.813388791646458E+001 -0.144425179360197E+002 -0.736506776548289E+003
  0.172260418252451E+000  0.147248956431710E+004 -0.192991407230688E+002  0.714650921962796E+002 -0.352053358491805E+000 -0.653673835073245E+000 -0.808029154582708E+001 -0.144425179360197E+002 -0.736480680298478E+003
  0.172260418252451E+000  0.147246935569999E+004 -0.192595598786751E+002  0.727004395749440E+002 -0.406985514270295E+000 -0.254906923317265E+000 -0.722284213447387E+001 -0.144425179360197E+002 -0.736470575989923E+003
  0.172260418252451E+000  0.147238877495503E+004 -0.192031980775234E+002  0.746408083837156E+002 -0.367903561290760E+000 -0.307579079167255E+000 -0.649074016870101E+001 -0.144425179360197E+002 -0.736430285617444E+003
  0.172260418252451E+000  0.147234105069461E+004 -0.192345677664727E+002  0.733203037766131E+002 -0.344821725945800E+000 -0.327387349439664E+000 -0.740962008159327E+001 -0.144425179360197E+002 -0.736406423487237E+003
  0.172260418252451E+000  0.147232259732244E+004 -0.192268084506080E+002  0.736754065445154E+002 -0.352584301753976E+000 -0.671926001259466E+000 -0.913267318809983E+001 -0.144425179360197E+002 -0.736397196801150E+003
  0.172260418252451E+000  0.147230761115712E+004 -0.192737523393447E+002  0.721290235923717E+002 -0.389219427081272E+000 -0.287079524112357E+000 -0.754691091570716E+001 -0.144425179360197E+002 -0.736389703718489E+003
  0.172260418252451E+000  0.147228970218399E+004 -0.192309639331325E+002  0.736417106518974E+002 -0.342928039613669E+000 -0.728151938908671E+000 -0.784835173325020E+001 -0.144425179360197E+002 -0.736380749231926E+003
  0.172260418252451E+000  0.147222053113984E+004 -0.192209849130524E+002  0.738716292927279E+002 -0.298680589030987E+000 -0.850872451889862E+000 -0.807203194628018E+001 -0.144425179360197E+002 -0.736346163709851E+003
  0.172260418252451E+000  0.147215321164479E+004 -0.192567674852042E+002  0.723495193513869E+002 -0.268335262882983E+000 -0.923506706041376E+000 -0.903098067122778E+001 -0.144425179360197E+002 -0.736312503962327E+003
  0.172260418252451E+000  0.147213423251366E+004 -0.192758434549142E+002  0.720123878294829E+002 -0.314996111594612E+000 -0.702580273894752E+000 -0.927608162790313E+001 -0.144425179360197E+002 -0.736303014396758E+003
  0.172260418252451E+000  0.147211725989851E+004 -0.192605729355276E+002  0.723656463927390E+002 -0.347186339526884E+000 -0.277939382972700E+000 -0.699072351544388E+001 -0.144425179360197E+002 -0.736294528089187E+003
  0.172260418252451E+000  0.147209963686707E+004 -0.192251110562440E+002  0.737992023066633E+002 -0.372764017136440E+000 -0.445115449176102E+000 -0.827395378616697E+001 -0.144425179360197E+002 -0.736285716573465E+003
  0.172260418252451E+000  0.147200301156486E+004 -0.192258301917231E+002  0.737584540042283E+002 -0.339878233274974E+000 -0.656147363787451E+000 -0.745508612900204E+001 -0.144425179360197E+002 -0.736237403922361E+003
  0.172260418252451E+000  0.147195397805393E+004 -0.192676820849040E+002  0.722521601239787E+002 -0.291903969907661E+000 -0.739578617653612E+000 -0.806355110741252E+001 -0.144425179360197E+002 -0.736212887166894E+003
  0.172260418252451E+000  0.147191584058813E+004 -0.192509545582200E+002  0.731508886911488E+002 -0.407181898662673E+000 -0.449840668134627E+000 -0.839954993564037E+001 -0.144425179360197E+002 -0.736193818433997E+003
  0.172260418252451E+000  0.147191465113310E+004 -0.192519225468853E+002  0.733522735123975E+002 -0.423334109079630E+000 -0.335312111343089E+000 -0.727969283555000E+001 -0.144425179360197E+002 -0.736193223706480E+003
  0.172260418252451E+000  0.147184310876552E+004 -0.192244909040439E+002  0.738167204098982E+002 -0.371159209363686E+000 -0.429390264713756E+000 -0.724242340306903E+001 -0.144425179360197E+002 -0.736157452522690E+003
  0.172260418252451E+000  0.147219425145500E+004 -0.192236257415292E+002  0.740487335562167E+002 -0.352616918782579E+000 -0.741399459582404E+000 -0.852085972971009E+001 -0.144425179360197E+002 -0.736097125727502E+003
  0.172260418252451E+000  0.147211696285071E+004 -0.192591861122646E+002  0.723391907968043E+002 -0.304449781001640E+000 -0.690206920069506E+000 -0.844056617977602E+001 -0.144425179360197E+002 -0.736058481425354E+003
  0.172260418252451E+000  0.147196010714095E+004 -0.192322092204154E+002  0.733202934794884E+002 -0.290931768164696E+000 -0.955815984527755E+000 -0.989492545825046E+001 -0.144425179360197E+002 -0.735980053570477E+003
  0.172260418252451E+000  0.147194885263507E+004 -0.192577939944964E+002  0.726848509581798E+002 -0.360986733498139E+000 -0.577057664132216E+000 -0.943250086969882E+001 -0.144425179360197E+002 -0.735974426317534E+003
  0.172260418252451E+000  0.147171263791807E+004 -0.192673222399121E+002  0.721834232255603E+002 -0.273414639740130E+000 -0.114549837047529E+001 -0.994456628682719E+001 -0.144425179360197E+002 -0.735856318959036E+003
  0.172260418252451E+000  0.147149990672369E+004 -0.192447456400431E+002  0.734375165134283E+002 -0.362926569361752E+000 -0.617382587597640E+000 -0.836257785351183E+001 -0.144425179360197E+002 -0.735749953361847E+003
  0.172260418252451E+000  0.147117930098549E+004 -0.192560082289422E+002  0.729394298971023E+002 -0.356091744851403E+000 -0.866671876870463E+000 -0.985048356827504E+001 -0.144425179360197E+002 -0.735589650492746E+003
