 -0.192750572482629E+002  0.724051538867378E+002 -0.443558397984671E+000  0.581608500762837E+000 -0.628480170787842E+000 -0.150021337239551E+002 -0.734626987745699E+003 -0.734626987745699E+003 -0.735043136501608E+003
 -0.192479836242983E+002  0.732026665829500E+002 -0.423763474370612E+000  0.485257734817291E+000 -0.453037251742131E+000 -0.150021337239551E+002 -0.734637306276845E+003 -0.734637306276845E+003 -0.734703704937956E+003
 -0.192707959713081E+002  0.725121902718811E+002 -0.447517321941993E+000  0.593741772125989E+000 -0.638461918619203E+000 -0.150021337239551E+002 -0.734491448811591E+003 -0.734491448811591E+003 -0.734676948573690E+003
 -0.192492630210501E+002  0.733930655831986E+002 -0.458908950900987E+000  0.608198076693862E+000 -0.653553505484815E+000 -0.150021337239551E+002 -0.734586946475811E+003 -0.734586946475811E+003 -0.734728355552761E+003
 -0.192364862765023E+002  0.736735549917734E+002 -0.447378223996950E+000  0.559322391221151E+000 -0.554325907033142E+000 -0.150021337239551E+002 -0.734644102349053E+003 -0.734644102349053E+003 -0.734808219484054E+003
 -0.192670972826379E+002  0.725351640771065E+002 -0.426342106936762E+000  0.581545169957113E+000 -0.669538283739683E+000 -0.150021337239551E+002 -0.734653387081687E+003 -0.734653387081687E+003 -0.735641439232641E+003
 -0.192483754972872E+002  0.731437725859227E+002 -0.422332565172123E+000  0.531232183950404E+000 -0.545509640424502E+000 -0.150021337239551E+002 -0.734523477735791E+003 -0.734523477735791E+003 -0.734890262971664E+003
 -0.192476823398257E+002  0.732745358082389E+002 -0.432228123178120E+000  0.543139582493970E+000 -0.574170995359889E+000 -0.150021337239551E+002 -0.734573279398805E+003 -0.734573279398805E+003 -0.734686901366233E+003
 -0.192363286084544E+002  0.735599809551317E+002 -0.440158404170961E+000  0.614066742121880E+000 -0.732715218464111E+000 -0.150021337239551E+002 -0.734628949416492E+003 -0.734628949416492E+003 -0.736220576345334E+003
 -0.192649108696301E+002  0.726012716612234E+002 -0.434839600241586E+000  0.553666409326955E+000 -0.602142100608290E+000 -0.150021337239551E+002 -0.734658992667160E+003 -0.734658992667160E+003 -0.734726621265039E+003
 -0.192495895752097E+002  0.732028858943466E+002 -0.428596153945890E+000  0.534015865773544E+000 -0.541364701177702E+000 -0.150021337239551E+002 -0.734541113977461E+003 -0.734541113977461E+003 -0.734729786185749E+003
 -0.192480764947749E+002  0.731270442114739E+002 -0.430380751786377E+000  0.574038955743013E+000 -0.643538760835494E+000 -0.150021337239551E+002 -0.734474985876866E+003 -0.734474985876866E+003 -0.735546057776473E+003
 -0.192465881368944E+002  0.731431520519409E+002 -0.423748935043803E+000  0.571945340686746E+000 -0.665347137672310E+000 -0.150021337239551E+002 -0.734619911460941E+003 -0.734619911460941E+003 -0.734831953412249E+003
 -0.192608351478456E+002  0.727806469000484E+002 -0.445587653346132E+000  0.592793635854316E+000 -0.647077651446736E+000 -0.150021337239551E+002 -0.734391812908565E+003 -0.734391812908565E+003 -0.735225557479708E+003
 -0.192367104097181E+002  0.737632136885536E+002 -0.463812255116513E+000  0.613692498541982E+000 -0.651196347270830E+000 -0.150021337239551E+002 -0.734578261162777E+003 -0.734578261162777E+003 -0.734715953158805E+003
 -0.192407511210703E+002  0.733553346984547E+002 -0.428147405168023E+000  0.556869838225353E+000 -0.596777671379783E+000 -0.150021337239551E+002 -0.734656226619614E+003 -0.734656226619614E+003 -0.734711132592354E+003
 -0.192621474363303E+002  0.728885849066376E+002 -0.447166976242034E+000  0.588143136111641E+000 -0.620289896864456E+000 -0.150021337239551E+002 -0.734594284483416E+003 -0.734594284483416E+003 -0.734850882557673E+003
 -0.192504598390475E+002  0.730557698021770E+002 -0.424651844252386E+000  0.572298072515015E+000 -0.638112584954634E+000 -0.150021337239551E+002 -0.734599579248790E+003 -0.734599579248790E+003 -0.734842754233982E+003
 -0.192603981441397E+002  0.729252002449782E+002 -0.455894430502874E+000  0.590184226585921E+000 -0.606562039168697E+000 -0.150021337239551E+002 -0.734385092136624E+003 -0.734385092136624E+003 -0.734948023143148E+003
 -0.192596240894268E+002  0.728462789747686E+002 -0.430033364942680E+000  0.576884321240724E+000 -0.666019468356193E+000 -0.150021337239551E+002 -0.734656245965482E+003 -0.734656245965482E+003 -0.734709297141755E+003
 -0.192629742978291E+002  0.728261505195911E+002 -0.438737086000125E+000  0.556336075699648E+000 -0.566815077852148E+000 -0.150021337239551E+002 -0.734603430017140E+003 -0.734603430017140E+003 -0.734668397949096E+003
 -0.192615803023618E+002  0.728352384903088E+002 -0.449242029577400E+000  0.599790058228341E+000 -0.641407962068637E+000 -0.150021337239551E+002 -0.734527633132147E+003 -0.734527633132147E+003 -0.734823312252045E+003
 -0.192426167237207E+002  0.735285836103359E+002 -0.450942358671565E+000  0.591798289450506E+000 -0.631225502253535E+000 -0.150021337239551E+002 -0.734445968923557E+003 -0.734445968923557E+003 -0.734723959600811E+003
 -0.192468955115065E+002  0.731867849865539E+002 -0.430947642813610E+000  0.576773575813643E+000 -0.629124663048202E+000 -0.150021337239551E+002 -0.734605638540581E+003 -0.734605638540581E+003 -0.735229767952082E+003
 -0.192672199901803E+002  0.725549742743768E+002 -0.427755201646826E+000  0.517386848489807E+000 -0.500310373264018E+000 -0.150021337239551E+002 -0.734655735274577E+003 -0.734655735274577E+003 -0.734862729083670E+003
 -0.192501560008642E+002  0.730278598353100E+002 -0.423781689351781E+000  0.591572378140076E+000 -0.719935055443763E+000 -0.150021337239551E+002 -0.734657529758087E+003 -0.734657529758087E+003 -0.734708166580209E+003
 -0.192621047551172E+002  0.726605065902501E+002 -0.425081784923923E+000  0.570317580620955E+000 -0.653207271310819E+000 -0.150021337239551E+002 -0.734518862188161E+003 -0.734518862188161E+003 -0.734692343907757E+003
 -0.192463219941377E+002  0.733081719662751E+002 -0.432614629131421E+000  0.515249520027918E+000 -0.503348074157806E+000 -0.150021337239551E+002 -0.734548760048118E+003 -0.734548760048118E+003 -0.734871733159659E+003
 -0.192489804847090E+002  0.732159211129518E+002 -0.428447382334980E+000  0.526078309907168E+000 -0.534130806414048E+000 -0.150021337239551E+002 -0.734527342390785E+003 -0.734527342390785E+003 -0.734814970974091E+003
 -0.192619202125874E+002  0.726722383481844E+002 -0.425705299924917E+000  0.577031922842871E+000 -0.651242089327411E+000 -0.150021337239551E+002 -0.734613805796330E+003 -0.734613805796330E+003 -0.736027729351754E+003
 -0.192594755546302E+002  0.728358252730600E+002 -0.429990799975153E+000  0.568375042294176E+000 -0.636918381403682E+000 -0.150021337239551E+002 -0.734490414668850E+003 -0.734490414668850E+003 -0.734687058200703E+003
 -0.192491819233891E+002  0.730853983966242E+002 -0.428090256033634E+000  0.580678096668015E+000 -0.658684727839432E+000 -0.150021337239551E+002 -0.734526644365708E+003 -0.734526644365708E+003 -0.734755979089624E+003
 -0.192669457103849E+002  0.727467799857757E+002 -0.460780792279727E+000  0.631850378142339E+000 -0.727651272432940E+000 -0.150021337239551E+002 -0.734452295774522E+003 -0.734452295774522E+003 -0.734669303061981E+003
 -0.192561443480552E+002  0.728971174742093E+002 -0.420057011880591E+000  0.528512368724580E+000 -0.548062191402678E+000 -0.150021337239551E+002 -0.734547211107894E+003 -0.734547211107894E+003 -0.734861569555649E+003
 -0.192461983211693E+002  0.733064608103729E+002 -0.443503280108118E+000  0.557568168894178E+000 -0.575223287226670E+000 -0.150021337239551E+002 -0.734521588086128E+003 -0.734521588086128E+003 -0.735082098884543E+003
 -0.192617034196627E+002  0.728059412724900E+002 -0.441330764623263E+000  0.577537974412763E+000 -0.619142188460255E+000 -0.150021337239551E+002 -0.734338111221211E+003 -0.734338111221211E+003 -0.735246749118099E+003
 -0.192660119581250E+002  0.726377200900375E+002 -0.433722652145235E+000  0.563589238041427E+000 -0.609448983645954E+000 -0.150021337239551E+002 -0.734468793793646E+003 -0.734468793793646E+003 -0.734747951925596E+003
 -0.192632951544719E+002  0.727531043097506E+002 -0.450006493926179E+000  0.585862083567262E+000 -0.625785961206557E+000 -0.150021337239551E+002 -0.734411406092953E+003 -0.734411406092953E+003 -0.734748782554632E+003
 -0.192692255461301E+002  0.725857682285318E+002 -0.465583855583380E+000  0.638098387717822E+000 -0.737180893923039E+000 -0.150021337239551E+002 -0.734602313912081E+003 -0.734602313912081E+003 -0.735007910949775E+003
 -0.192455106765965E+002  0.733865011998913E+002 -0.459714463495117E+000  0.610805794166084E+000 -0.673491827088590E+000 -0.150021337239551E+002 -0.734620823487245E+003 -0.734620823487245E+003 -0.734693531169567E+003
 -0.192537877627716E+002  0.730231537281606E+002 -0.434917906239868E+000  0.566640832372137E+000 -0.624335736750879E+000 -0.150021337239551E+002 -0.734417989476037E+003 -0.734417989476037E+003 -0.734733240492353E+003
 -0.192465216593910E+002  0.733269198808133E+002 -0.452848277071864E+000  0.609894195659527E+000 -0.674519004570797E+000 -0.150021337239551E+002 -0.734330753069968E+003 -0.734330753069968E+003 -0.734747470754822E+003
 -0.192481136730656E+002  0.731654478726499E+002 -0.430883050372540E+000  0.561661570988034E+000 -0.590636666037263E+000 -0.150021337239551E+002 -0.734517527484320E+003 -0.734517527484320E+003 -0.734664459878440E+003
 -0.192481134793324E+002  0.733561377765730E+002 -0.448016701242845E+000  0.591056613230331E+000 -0.626213327606131E+000 -0.150021337239551E+002 -0.734525675907411E+003 -0.734525675907411E+003 -0.734779006055565E+003
 -0.192465666604181E+002  0.734652618382117E+002 -0.474030540129638E+000  0.624540542086881E+000 -0.652305333319799E+000 -0.150021337239551E+002 -0.734592932903300E+003 -0.734592932903300E+003 -0.734777438984133E+003
 -0.192515195958252E+002  0.731244647265885E+002 -0.424242888725157E+000  0.527827598069691E+000 -0.540956072748088E+000 -0.150021337239551E+002 -0.734611771093623E+003 -0.734611771093623E+003 -0.734700197971704E+003
 -0.192616093531757E+002  0.727189496095416E+002 -0.443153393342907E+000  0.598937517638164E+000 -0.683466226305384E+000 -0.150021337239551E+002 -0.734451092312266E+003 -0.734451092312266E+003 -0.734757178267702E+003
 -0.192627319443933E+002  0.727291595325107E+002 -0.426631844317920E+000  0.499506386675539E+000 -0.482615719471486E+000 -0.150021337239551E+002 -0.734593451446414E+003 -0.734593451446414E+003 -0.735016937577022E+003
 -0.192354594555504E+002  0.737390609502705E+002 -0.461045050208037E+000  0.630811964711439E+000 -0.709889976875044E+000 -0.150021337239551E+002 -0.734655036231522E+003 -0.734655036231522E+003 -0.735424382426228E+003
 -0.192662867529111E+002  0.725620963008569E+002 -0.427317662095912E+000  0.507503024002566E+000 -0.495709283708202E+000 -0.150021337239551E+002 -0.734650240938552E+003 -0.734650240938552E+003 -0.734831431265858E+003
 -0.192497998598074E+002  0.731680827217091E+002 -0.430473442701200E+000  0.522584173596271E+000 -0.498717596767811E+000 -0.150021337239551E+002 -0.734559798166901E+003 -0.734559798166901E+003 -0.735596917906949E+003
 -0.192515112023953E+002  0.731551345304536E+002 -0.448469114980304E+000  0.576327833390819E+000 -0.603330707119934E+000 -0.150021337239551E+002 -0.734389532764326E+003 -0.734389532764326E+003 -0.734711449316981E+003
 -0.192492910810902E+002  0.731370151740222E+002 -0.419374508111262E+000  0.489227041122950E+000 -0.477324368915760E+000 -0.150021337239551E+002 -0.734588022717105E+003 -0.734588022717105E+003 -0.735378050080974E+003
 -0.192436485777730E+002  0.734110492080600E+002 -0.429121266022909E+000  0.513998550079436E+000 -0.509786081359202E+000 -0.150021337239551E+002 -0.734630277913849E+003 -0.734630277913849E+003 -0.734783858282815E+003
 -0.192514827884278E+002  0.732086627370555E+002 -0.461152921272143E+000  0.612609538563058E+000 -0.670654859687399E+000 -0.150021337239551E+002 -0.734460942112385E+003 -0.734460942112385E+003 -0.734683618842366E+003
 -0.192576330501093E+002  0.730572187111938E+002 -0.457984493263812E+000  0.627629818930192E+000 -0.707162084449664E+000 -0.150021337239551E+002 -0.734562037973521E+003 -0.734562037973521E+003 -0.734737469368013E+003
 -0.192469043769717E+002  0.731392140253516E+002 -0.415169478288639E+000  0.522701524793564E+000 -0.544506647130117E+000 -0.150021337239551E+002 -0.734637956780098E+003 -0.734637956780098E+003 -0.734752434228558E+003
 -0.192742396857569E+002  0.723378406033914E+002 -0.431464517586648E+000  0.547819352255590E+000 -0.572563685362820E+000 -0.150021337239551E+002 -0.734634955421107E+003 -0.734634955421107E+003 -0.734874755846663E+003
 -0.192326345724595E+002  0.738612503594100E+002 -0.462431628500741E+000  0.637718058742637E+000 -0.735182996886962E+000 -0.150021337239551E+002 -0.734653788475765E+003 -0.734653788475765E+003 -0.735134320203338E+003
 -0.192594456143170E+002  0.728372397093641E+002 -0.454965942850375E+000  0.615899115333313E+000 -0.701793487882959E+000 -0.150021337239551E+002 -0.734571317728488E+003 -0.734571317728488E+003 -0.734805912880326E+003
 -0.192578141706284E+002  0.730387478406789E+002 -0.453471259151417E+000  0.627958333254194E+000 -0.744155461416909E+000 -0.150021337239551E+002 -0.734598417696335E+003 -0.734598417696335E+003 -0.734960942016018E+003
 -0.192383713359341E+002  0.736602908280769E+002 -0.445415945915758E+000  0.578075354595428E+000 -0.619549343067046E+000 -0.150021337239551E+002 -0.734661097023123E+003 -0.734661097023123E+003 -0.734788219915173E+003
 -0.192489219585181E+002  0.732957594743355E+002 -0.446668805406730E+000  0.612164902551743E+000 -0.697869084919116E+000 -0.150021337239551E+002 -0.734495461955235E+003 -0.734495461955235E+003 -0.734687849572939E+003
 -0.192619112450391E+002  0.729075459825261E+002 -0.461405401271300E+000  0.580612182498138E+000 -0.579300053350234E+000 -0.150021337239551E+002 -0.734636071024872E+003 -0.734636071024872E+003 -0.735199779273902E+003
 -0.192635466618439E+002  0.726315916007181E+002 -0.438575745514310E+000  0.587087685916293E+000 -0.648843676327726E+000 -0.150021337239551E+002 -0.734536719380624E+003 -0.734536719380624E+003 -0.734699562498011E+003
 -0.192516994469187E+002  0.731463818780332E+002 -0.442129030027969E+000  0.552386700980119E+000 -0.576330413859520E+000 -0.150021337239551E+002 -0.734553558199505E+003 -0.734553558199505E+003 -0.734714872200849E+003
 -0.192596443152297E+002  0.728472141690339E+002 -0.434187336364416E+000  0.567569706735325E+000 -0.633681321922204E+000 -0.150021337239551E+002 -0.734528065725520E+003 -0.734528065725520E+003 -0.734830563675414E+003
 -0.192606679734666E+002  0.728339287086452E+002 -0.436497416390931E+000  0.538812950522749E+000 -0.526360490028395E+000 -0.150021337239551E+002 -0.734493367773157E+003 -0.734493367773157E+003 -0.734827409745942E+003
 -0.192553605505923E+002  0.730739282117879E+002 -0.454152421594217E+000  0.585953256982745E+000 -0.615008138769596E+000 -0.150021337239551E+002 -0.734414734113523E+003 -0.734414734113523E+003 -0.734672767599096E+003
 -0.192459673950792E+002  0.733708369295178E+002 -0.450273285206680E+000  0.584612326826567E+000 -0.628348140926004E+000 -0.150021337239551E+002 -0.734513695834090E+003 -0.734513695834090E+003 -0.735162230001019E+003
 -0.192630661971656E+002  0.726991767274474E+002 -0.436104583026442E+000  0.593552976905110E+000 -0.704040771474055E+000 -0.150021337239551E+002 -0.734638964083363E+003 -0.734638964083363E+003 -0.735371908719075E+003
 -0.192639367844014E+002  0.726663324285435E+002 -0.443496443323235E+000  0.587022085785517E+000 -0.651416554011270E+000 -0.150021337239551E+002 -0.734457855133700E+003 -0.734457855133700E+003 -0.734864532061803E+003
 -0.192639984879417E+002  0.726221329998643E+002 -0.425405019851065E+000  0.503066852528237E+000 -0.493240501877967E+000 -0.150021337239551E+002 -0.734645163562732E+003 -0.734645163562732E+003 -0.734772535476473E+003
 -0.192418817091251E+002  0.735106707320993E+002 -0.447163356676288E+000  0.564708136282538E+000 -0.547394386326111E+000 -0.150021337239551E+002 -0.734649279695735E+003 -0.734649279695735E+003 -0.734890710079348E+003
 -0.192441867766806E+002  0.732571849363689E+002 -0.422023001963078E+000  0.575957018136041E+000 -0.670713789259242E+000 -0.150021337239551E+002 -0.734639892420605E+003 -0.734639892420605E+003 -0.734676425367641E+003
 -0.192719984292385E+002  0.724908942782563E+002 -0.442861283616619E+000  0.573551273671865E+000 -0.614886185160202E+000 -0.150021337239551E+002 -0.734552355191062E+003 -0.734552355191062E+003 -0.734774203399277E+003
 -0.192526251717028E+002  0.731356323172157E+002 -0.440696072516150E+000  0.517940364178987E+000 -0.471168522412128E+000 -0.150021337239551E+002 -0.734652162819349E+003 -0.734652162819349E+003 -0.734758470558421E+003
 -0.192507254547273E+002  0.731570003150792E+002 -0.456911521412319E+000  0.623851858717978E+000 -0.704391349628732E+000 -0.150021337239551E+002 -0.734457691129172E+003 -0.734457691129172E+003 -0.734700086847338E+003
 -0.192346181848383E+002  0.736814798729748E+002 -0.437213724640172E+000  0.566367048034762E+000 -0.598202960351468E+000 -0.150021337239551E+002 -0.734571235932403E+003 -0.734571235932403E+003 -0.734712262929430E+003
 -0.192452765514744E+002  0.732274182096227E+002 -0.428782721949223E+000  0.569118038482319E+000 -0.630234156236650E+000 -0.150021337239551E+002 -0.734490714789035E+003 -0.734490714789035E+003 -0.735029436165817E+003
 -0.192672985521404E+002  0.726469243226471E+002 -0.451878914619351E+000  0.596851897792885E+000 -0.663920138513109E+000 -0.150021337239551E+002 -0.734614915934607E+003 -0.734614915934607E+003 -0.734699208840091E+003
 -0.192506150956302E+002  0.731879854334445E+002 -0.442990852784478E+000  0.558260122444540E+000 -0.540352299426132E+000 -0.150021337239551E+002 -0.734609596722501E+003 -0.734609596722501E+003 -0.734690418491156E+003
 -0.192478235689961E+002  0.732990297222033E+002 -0.439101229401281E+000  0.555771716060245E+000 -0.588110926299688E+000 -0.150021337239551E+002 -0.734562322692539E+003 -0.734562322692539E+003 -0.734859472144140E+003
 -0.192531018110387E+002  0.729804298909853E+002 -0.435482129328810E+000  0.613367217778586E+000 -0.749830802531115E+000 -0.150021337239551E+002 -0.734477804056777E+003 -0.734477804056777E+003 -0.734885957676949E+003
 -0.192588893830019E+002  0.728457556450059E+002 -0.430447790744290E+000  0.521985279298752E+000 -0.504504934932040E+000 -0.150021337239551E+002 -0.734531794520895E+003 -0.734531794520895E+003 -0.734680077881402E+003
 -0.192601474318979E+002  0.727708816823426E+002 -0.444766865024856E+000  0.648466938418716E+000 -0.842399370647879E+000 -0.150021337239551E+002 -0.734633790708254E+003 -0.734633790708254E+003 -0.734773463126588E+003
 -0.192532342973121E+002  0.730750132378976E+002 -0.452415696369991E+000  0.591259356712682E+000 -0.616154095890138E+000 -0.150021337239551E+002 -0.734487093007232E+003 -0.734487093007232E+003 -0.734897499708517E+003
 -0.192483803439618E+002  0.733393202769501E+002 -0.455831491460690E+000  0.590691378796386E+000 -0.599418733498084E+000 -0.150021337239551E+002 -0.734463572899484E+003 -0.734463572899484E+003 -0.734768860599919E+003
 -0.192561440677805E+002  0.731127824467577E+002 -0.466113468775252E+000  0.609331565119012E+000 -0.637301204175476E+000 -0.150021337239551E+002 -0.734445304207202E+003 -0.734445304207202E+003 -0.734816266933393E+003
 -0.192610673408161E+002  0.727911569259774E+002 -0.441653908713581E+000  0.603373028270879E+000 -0.702056598752467E+000 -0.150021337239551E+002 -0.734352792777570E+003 -0.734352792777570E+003 -0.734762342733319E+003
 -0.192456212979029E+002  0.734332896162019E+002 -0.465449751345349E+000  0.624590500384242E+000 -0.680414690124561E+000 -0.150021337239551E+002 -0.734425058522636E+003 -0.734425058522636E+003 -0.734799435873885E+003
 -0.192440295201217E+002  0.733355519561931E+002 -0.429506311619245E+000  0.547855943923567E+000 -0.554834966627276E+000 -0.150021337239551E+002 -0.734591049216381E+003 -0.734591049216381E+003 -0.736698301710133E+003
 -0.192487903944987E+002  0.732434900703310E+002 -0.439976874295905E+000  0.579229074550432E+000 -0.642113914668681E+000 -0.150021337239551E+002 -0.734454724398751E+003 -0.734454724398751E+003 -0.734781165279594E+003
 -0.192582915820676E+002  0.728174837951447E+002 -0.419540372372574E+000  0.482915321128794E+000 -0.470357766323559E+000 -0.150021337239551E+002 -0.734610682617612E+003 -0.734610682617612E+003 -0.735027745202637E+003
 -0.192579021894176E+002  0.729867471791243E+002 -0.440393471941388E+000  0.525251684764212E+000 -0.512322826371644E+000 -0.150021337239551E+002 -0.734603232704785E+003 -0.734603232704785E+003 -0.734692950542660E+003
 -0.192525710046805E+002  0.729791102651552E+002 -0.434769374547459E+000  0.572123503455738E+000 -0.608182748383189E+000 -0.150021337239551E+002 -0.734655237345954E+003 -0.734655237345954E+003 -0.734761408187777E+003
 -0.192520499172276E+002  0.730849222203546E+002 -0.420200995212586E+000  0.507347175382037E+000 -0.522037280219674E+000 -0.150021337239551E+002 -0.734659957937742E+003 -0.734659957937742E+003 -0.734758530281064E+003
 -0.192634031036823E+002  0.727262865548241E+002 -0.462319868748797E+000  0.639713825791764E+000 -0.745503271446054E+000 -0.150021337239551E+002 -0.734615613070879E+003 -0.734615613070879E+003 -0.734683781841553E+003
 -0.192380752048575E+002  0.734799257355704E+002 -0.431739100902162E+000  0.591206258191706E+000 -0.677346685735085E+000 -0.150021337239551E+002 -0.734641935402856E+003 -0.734641935402856E+003 -0.734732619540546E+003
 -0.192545700240889E+002  0.731556951945889E+002 -0.458228854324390E+000  0.631080177889350E+000 -0.741072157150196E+000 -0.150021337239551E+002 -0.734564892149784E+003 -0.734564892149784E+003 -0.734706868144705E+003
 -0.192582781798416E+002  0.727697829216499E+002 -0.421715789219719E+000  0.565565205479034E+000 -0.645513592612630E+000 -0.150021337239551E+002 -0.734545564656847E+003 -0.734545564656847E+003 -0.735045105500089E+003
 -0.192389152399770E+002  0.735338607912022E+002 -0.442716062932295E+000  0.571649026777098E+000 -0.605986861249207E+000 -0.150021337239551E+002 -0.734534180643289E+003 -0.734534180643289E+003 -0.734702580944473E+003
 -0.192566567565805E+002  0.731101367434832E+002 -0.450126011411620E+000  0.590174321858332E+000 -0.617514501590701E+000 -0.150021337239551E+002 -0.734657498611045E+003 -0.734657498611045E+003 -0.734817875928463E+003
 -0.192604686197308E+002  0.729493665993710E+002 -0.451633226244538E+000  0.567336027985821E+000 -0.544616785423162E+000 -0.150021337239551E+002 -0.734640851222609E+003 -0.734640851222609E+003 -0.734679453344249E+003
 -0.192491913661391E+002  0.732591894495489E+002 -0.436308013724254E+000  0.531620032970539E+000 -0.511610989916598E+000 -0.150021337239551E+002 -0.734548463623853E+003 -0.734548463623853E+003 -0.734812703462642E+003
 -0.192665609965034E+002  0.726662453604639E+002 -0.453983864024774E+000  0.626134507247826E+000 -0.718133412725592E+000 -0.150021337239551E+002 -0.734477942647874E+003 -0.734477942647874E+003 -0.734844384223281E+003
 -0.192602296351839E+002  0.728167903343156E+002 -0.446955637357921E+000  0.647359581578890E+000 -0.827561258189171E+000 -0.150021337239551E+002 -0.734547463386109E+003 -0.734547463386109E+003 -0.734673117825227E+003
 -0.192642770966648E+002  0.726515912018442E+002 -0.440502011849583E+000  0.634208370205402E+000 -0.799768497957388E+000 -0.150021337239551E+002 -0.734579163953316E+003 -0.734579163953316E+003 -0.734986734399250E+003
 -0.192539230033020E+002  0.729504244521478E+002 -0.419828628627545E+000  0.522259568860514E+000 -0.566908180693247E+000 -0.150021337239551E+002 -0.734621072433584E+003 -0.734621072433584E+003 -0.734733193627104E+003
 -0.192532787356394E+002  0.730493809257087E+002 -0.436313082464043E+000  0.608551854710612E+000 -0.712054160004115E+000 -0.150021337239551E+002 -0.734623276823539E+003 -0.734623276823539E+003 -0.734840471842202E+003
 -0.192553645777372E+002  0.728909496713985E+002 -0.426317555981969E+000  0.540502519728446E+000 -0.563661913195251E+000 -0.150021337239551E+002 -0.734485302317697E+003 -0.734485302317697E+003 -0.735080942830979E+003
 -0.192473882887655E+002  0.732941278631441E+002 -0.430672206780356E+000  0.516461020217563E+000 -0.506933740918775E+000 -0.150021337239551E+002 -0.734577044913656E+003 -0.734577044913656E+003 -0.734835195649109E+003
 -0.192679392244190E+002  0.725223947000447E+002 -0.422672619089255E+000  0.520633888029758E+000 -0.523894333839088E+000 -0.150021337239551E+002 -0.734653513316320E+003 -0.734653513316320E+003 -0.734714545103983E+003
 -0.192569841863825E+002  0.728806156331526E+002 -0.425211860744564E+000  0.499294142638181E+000 -0.500761842372917E+000 -0.150021337239551E+002 -0.734576428278431E+003 -0.734576428278431E+003 -0.734707056188429E+003
 -0.192461383339044E+002  0.732355166557101E+002 -0.430944301460283E+000  0.571636947147730E+000 -0.621294877626184E+000 -0.150021337239551E+002 -0.734481005051112E+003 -0.734481005051112E+003 -0.735094560764540E+003
 -0.192382763932032E+002  0.736099659557597E+002 -0.443151618171657E+000  0.571512902690424E+000 -0.615662799956830E+000 -0.150021337239551E+002 -0.734655268336907E+003 -0.734655268336907E+003 -0.735025991433689E+003
 -0.192508110010461E+002  0.732138459596279E+002 -0.448723715924468E+000  0.606630237137042E+000 -0.696023527863101E+000 -0.150021337239551E+002 -0.734479995788484E+003 -0.734479995788484E+003 -0.734718849034487E+003
 -0.192570187492889E+002  0.730510911723897E+002 -0.460305890454154E+000  0.613308131769258E+000 -0.670755657665104E+000 -0.150021337239551E+002 -0.734337903317130E+003 -0.734337903317130E+003 -0.735522408234970E+003
 -0.192656600169136E+002  0.726379089080072E+002 -0.445109457800330E+000  0.584012656838524E+000 -0.619484390466106E+000 -0.150021337239551E+002 -0.734453285635817E+003 -0.734453285635817E+003 -0.735581539842210E+003
 -0.192662790895167E+002  0.727080522765455E+002 -0.442145144118297E+000  0.554794523732527E+000 -0.563228704739210E+000 -0.150021337239551E+002 -0.734534557241754E+003 -0.734534557241754E+003 -0.734834892995145E+003
 -0.192601537220261E+002  0.729400482655042E+002 -0.461294297608079E+000  0.597312504225612E+000 -0.621688861024097E+000 -0.150021337239551E+002 -0.734472673692458E+003 -0.734472673692458E+003 -0.735036777801533E+003
 -0.192594512991200E+002  0.728202479195970E+002 -0.451711467692239E+000  0.603436807744241E+000 -0.671995950255173E+000 -0.150021337239551E+002 -0.734573395623323E+003 -0.734573395623323E+003 -0.734706672747197E+003
 -0.192710316083949E+002  0.725188556220229E+002 -0.439112515015141E+000  0.569875259360772E+000 -0.595227160248459E+000 -0.150021337239551E+002 -0.734626864880596E+003 -0.734626864880596E+003 -0.735334512549128E+003
 -0.192486010326136E+002  0.732232145275611E+002 -0.427825015204659E+000  0.527045977374568E+000 -0.552280392401393E+000 -0.150021337239551E+002 -0.734614234137084E+003 -0.734614234137084E+003 -0.734826501005553E+003
 -0.192464456309833E+002  0.734351743147067E+002 -0.454731063521314E+000  0.617609753069650E+000 -0.685036759087023E+000 -0.150021337239551E+002 -0.734585766262338E+003 -0.734585766262338E+003 -0.734800597092712E+003
 -0.192505513775794E+002  0.731661729924087E+002 -0.439411096387035E+000  0.556889059203760E+000 -0.566877426351592E+000 -0.150021337239551E+002 -0.734373922170635E+003 -0.734373922170635E+003 -0.735080490551076E+003
 -0.192637580197890E+002  0.727788337990222E+002 -0.458131076790266E+000  0.628344805738968E+000 -0.722566659155095E+000 -0.150021337239551E+002 -0.734313559815637E+003 -0.734313559815637E+003 -0.734824957708266E+003
 -0.192623122223144E+002  0.727397534716261E+002 -0.433651355281731E+000  0.540067102078153E+000 -0.528904640337526E+000 -0.150021337239551E+002 -0.734577173539125E+003 -0.734577173539125E+003 -0.735167742418799E+003
 -0.192594694086315E+002  0.729775949602655E+002 -0.462990776452067E+000  0.586142674246735E+000 -0.573573478382073E+000 -0.150021337239551E+002 -0.734601765396357E+003 -0.734601765396357E+003 -0.734844385553307E+003
 -0.192608209704790E+002  0.728590524015910E+002 -0.462194185008935E+000  0.661282592198802E+000 -0.830989421451591E+000 -0.150021337239551E+002 -0.734538258703043E+003 -0.734538258703043E+003 -0.734711327530413E+003
 -0.192583863699987E+002  0.729054468672775E+002 -0.444109082396962E+000  0.608157172478954E+000 -0.684400265897668E+000 -0.150021337239551E+002 -0.734530291281016E+003 -0.734530291281016E+003 -0.734913430760773E+003
 -0.192689827375645E+002  0.725340495271257E+002 -0.448473762760412E+000  0.646459365912344E+000 -0.820290104932340E+000 -0.150021337239551E+002 -0.734593421141014E+003 -0.734593421141014E+003 -0.734863819635423E+003
 -0.192380454513180E+002  0.736247354623722E+002 -0.444831115227763E+000  0.578730837999427E+000 -0.621293008006340E+000 -0.150021337239551E+002 -0.734539306451404E+003 -0.734539306451404E+003 -0.734691309665221E+003
 -0.192487735790020E+002  0.732464084243752E+002 -0.438508076301660E+000  0.613357164985670E+000 -0.739112640320560E+000 -0.150021337239551E+002 -0.734622760699543E+003 -0.734622760699543E+003 -0.734750761416758E+003
 -0.192515418289610E+002  0.732853619757604E+002 -0.460075529255164E+000  0.615678944459806E+000 -0.659376174963885E+000 -0.150021337239551E+002 -0.734557628127280E+003 -0.734557628127280E+003 -0.734837875759067E+003
 -0.192453314877057E+002  0.731913993954943E+002 -0.430708278943769E+000  0.569567589662752E+000 -0.628854587306321E+000 -0.150021337239551E+002 -0.734625895883326E+003 -0.734625895883326E+003 -0.734860524341639E+003
 -0.192389919926275E+002  0.736642940527935E+002 -0.458329793223416E+000  0.607516227113746E+000 -0.638208745548614E+000 -0.150021337239551E+002 -0.734616258440061E+003 -0.734616258440061E+003 -0.735409805873959E+003
 -0.192660151004680E+002  0.727351663154399E+002 -0.450299865784297E+000  0.563763139824993E+000 -0.566841962608670E+000 -0.150021337239551E+002 -0.734535754847938E+003 -0.734535754847938E+003 -0.734687548159569E+003
 -0.192693927448151E+002  0.725829443100390E+002 -0.451812066621408E+000  0.579608448674890E+000 -0.582741907323989E+000 -0.150021337239551E+002 -0.734599955627520E+003 -0.734599955627520E+003 -0.734670191850834E+003
 -0.192333274493834E+002  0.737555756159588E+002 -0.446607276110057E+000  0.618772706361729E+000 -0.730656319073624E+000 -0.150021337239551E+002 -0.734627905218836E+003 -0.734627905218836E+003 -0.735297118085576E+003
 -0.192642989007036E+002  0.726869444457928E+002 -0.424981306438694E+000  0.514116178241704E+000 -0.502000601406035E+000 -0.150021337239551E+002 -0.734652502956212E+003 -0.734652502956212E+003 -0.734674939667290E+003
 -0.192648403833592E+002  0.726718647653214E+002 -0.451310285230983E+000  0.613555239684656E+000 -0.693091113280357E+000 -0.150021337239551E+002 -0.734393579816679E+003 -0.734393579816679E+003 -0.734676962515963E+003
 -0.192452175321220E+002  0.733121472250943E+002 -0.440315135157097E+000  0.582174865366813E+000 -0.658261725878859E+000 -0.150021337239551E+002 -0.734620289958444E+003 -0.734620289958444E+003 -0.734688575692707E+003
 -0.192736312764266E+002  0.723534006768717E+002 -0.448697341347449E+000  0.626463157326604E+000 -0.748422010641711E+000 -0.150021337239551E+002 -0.734558389981144E+003 -0.734558389981144E+003 -0.734842969437137E+003
 -0.192546295634987E+002  0.730745190543859E+002 -0.454912268223743E+000  0.617824624656928E+000 -0.681943057949468E+000 -0.150021337239551E+002 -0.734491463304370E+003 -0.734491463304370E+003 -0.734884467206644E+003
 -0.192606434636571E+002  0.729294599755720E+002 -0.447219914137323E+000  0.537115595797653E+000 -0.507764860967768E+000 -0.150021337239551E+002 -0.734625459456613E+003 -0.734625459456613E+003 -0.734901617002427E+003
 -0.192484753907859E+002  0.731274985766186E+002 -0.431469946585497E+000  0.599288031717085E+000 -0.724443893276231E+000 -0.150021337239551E+002 -0.734565628068306E+003 -0.734565628068306E+003 -0.735039889028954E+003
 -0.192641835153996E+002  0.726689050670221E+002 -0.445478974256058E+000  0.611843940481301E+000 -0.702683497903173E+000 -0.150021337239551E+002 -0.734414714248925E+003 -0.734414714248925E+003 -0.735004167747419E+003
 -0.192627557969248E+002  0.726421460656585E+002 -0.430769509634948E+000  0.561335337623673E+000 -0.593187894803226E+000 -0.150021337239551E+002 -0.734614059737622E+003 -0.734614059737622E+003 -0.734852992879722E+003
 -0.192385416505250E+002  0.735157095693281E+002 -0.447463451443054E+000  0.619593421707419E+000 -0.722232923270916E+000 -0.150021337239551E+002 -0.734578482404013E+003 -0.734578482404013E+003 -0.735813087171679E+003
 -0.192626994267564E+002  0.727676993471448E+002 -0.433897976578545E+000  0.591398726644712E+000 -0.677601117176792E+000 -0.150021337239551E+002 -0.734610995120607E+003 -0.734610995120607E+003 -0.734794526179861E+003
 -0.192456068449755E+002  0.733190385794635E+002 -0.446845271529659E+000  0.619208851696861E+000 -0.745575174722127E+000 -0.150021337239551E+002 -0.734651131936247E+003 -0.734651131936247E+003 -0.734839910833058E+003
 -0.192462086047352E+002  0.732606513378882E+002 -0.429989231912941E+000  0.502184291068804E+000 -0.470264259500375E+000 -0.150021337239551E+002 -0.734652882019818E+003 -0.734652882019818E+003 -0.734692811920627E+003
 -0.192578618145982E+002  0.727570668888609E+002 -0.413976792719322E+000  0.537263999031311E+000 -0.586651228014755E+000 -0.150021337239551E+002 -0.734655651907504E+003 -0.734655651907504E+003 -0.735025566346337E+003
 -0.192511376041633E+002  0.730739889586772E+002 -0.438360084830624E+000  0.545782542675720E+000 -0.552204998725195E+000 -0.150021337239551E+002 -0.734588353381371E+003 -0.734588353381371E+003 -0.734702810906723E+003
 -0.192565504275307E+002  0.729494878998894E+002 -0.438273036787934E+000  0.618792294391127E+000 -0.755731267545940E+000 -0.150021337239551E+002 -0.734511727772925E+003 -0.734511727772925E+003 -0.734806538970397E+003
 -0.192506678698446E+002  0.731616370106307E+002 -0.443067731393498E+000  0.532244376769507E+000 -0.506345010972744E+000 -0.150021337239551E+002 -0.734626641739939E+003 -0.734626641739939E+003 -0.734681993834405E+003
 -0.192457764536484E+002  0.734272321942764E+002 -0.445437681749646E+000  0.565213961483462E+000 -0.574090304014728E+000 -0.150021337239551E+002 -0.734526213211730E+003 -0.734526213211730E+003 -0.734791567229797E+003
 -0.192648978295234E+002  0.727490405644569E+002 -0.451378298813920E+000  0.579587646618456E+000 -0.604358364022925E+000 -0.150021337239551E+002 -0.734436036940826E+003 -0.734436036940826E+003 -0.735014750371469E+003
 -0.192452469656439E+002  0.733274391066748E+002 -0.450921160233689E+000  0.600271665075929E+000 -0.642623703894937E+000 -0.150021337239551E+002 -0.734556691891274E+003 -0.734556691891274E+003 -0.734678384340352E+003
 -0.192512702419837E+002  0.731685637767445E+002 -0.438712452752202E+000  0.578521763041248E+000 -0.615284315415774E+000 -0.150021337239551E+002 -0.734471191619891E+003 -0.734471191619891E+003 -0.734935687714281E+003
 -0.192565711449591E+002  0.730028259154160E+002 -0.429365180243004E+000  0.515618306405779E+000 -0.497344188962778E+000 -0.150021337239551E+002 -0.734659846797789E+003 -0.734659846797789E+003 -0.734814819755038E+003
 -0.192508515367591E+002  0.730685906603188E+002 -0.433356709381807E+000  0.573629030100574E+000 -0.619455212508765E+000 -0.150021337239551E+002 -0.734469938760836E+003 -0.734469938760836E+003 -0.734668597626296E+003
 -0.192526087256735E+002  0.731991603691462E+002 -0.454861055046669E+000  0.581632139519280E+000 -0.600721142651292E+000 -0.150021337239551E+002 -0.734460365598114E+003 -0.734460365598114E+003 -0.734692841951476E+003
 -0.192503171155160E+002  0.732846763512161E+002 -0.469106917599259E+000  0.635725381299491E+000 -0.707975911213840E+000 -0.150021337239551E+002 -0.734410649137200E+003 -0.734410649137200E+003 -0.734748894824606E+003
 -0.192615379301636E+002  0.726978243873433E+002 -0.440011050296135E+000  0.574345780987694E+000 -0.610078132779766E+000 -0.150021337239551E+002 -0.734622622887714E+003 -0.734622622887714E+003 -0.734839752422951E+003
 -0.192450234434129E+002  0.732825668889372E+002 -0.450793469900691E+000  0.644733654560126E+000 -0.802393495680789E+000 -0.150021337239551E+002 -0.734642835902104E+003 -0.734642835902104E+003 -0.734726198169326E+003
 -0.192473507006147E+002  0.731785479779886E+002 -0.443200570891902E+000  0.616066310772148E+000 -0.728229584533647E+000 -0.150021337239551E+002 -0.734507959320406E+003 -0.734507959320406E+003 -0.734685807939452E+003
 -0.192570401122206E+002  0.729325456802000E+002 -0.430347554981283E+000  0.520675161729290E+000 -0.507467731804798E+000 -0.150021337239551E+002 -0.734493679883062E+003 -0.734493679883062E+003 -0.734709292361528E+003
 -0.192496268381382E+002  0.731856627031407E+002 -0.438431134993266E+000  0.539044309925666E+000 -0.522843449941423E+000 -0.150021337239551E+002 -0.734497019708144E+003 -0.734497019708144E+003 -0.734683742757184E+003
 -0.192415402399792E+002  0.735667189644641E+002 -0.459999834188483E+000  0.604904064698552E+000 -0.651033774607807E+000 -0.150021337239551E+002 -0.734580389985650E+003 -0.734580389985650E+003 -0.734782993387078E+003
 -0.192414180793541E+002  0.734900945780890E+002 -0.441994615803619E+000  0.587195483812419E+000 -0.622755864949802E+000 -0.150021337239551E+002 -0.734627159244143E+003 -0.734627159244143E+003 -0.734808182151274E+003
 -0.192494191464855E+002  0.732153863678984E+002 -0.439089856557129E+000  0.519923707249010E+000 -0.509860027088184E+000 -0.150021337239551E+002 -0.734635064257379E+003 -0.734635064257379E+003 -0.734739536342716E+003
 -0.192640494973661E+002  0.728287314121448E+002 -0.447423072554594E+000  0.566044885115645E+000 -0.573931051911103E+000 -0.150021337239551E+002 -0.734563521863237E+003 -0.734563521863237E+003 -0.734702722983692E+003
 -0.192426930805218E+002  0.735278389529742E+002 -0.443592535640584E+000  0.550736889005201E+000 -0.536565078627412E+000 -0.150021337239551E+002 -0.734621069780897E+003 -0.734621069780897E+003 -0.734982031181747E+003
 -0.192584171955246E+002  0.728716690586286E+002 -0.454034021744948E+000  0.612398599580454E+000 -0.684302049031608E+000 -0.150021337239551E+002 -0.734477765186343E+003 -0.734477765186343E+003 -0.734699401116515E+003
 -0.192585405060391E+002  0.728427936977750E+002 -0.442169114044211E+000  0.572216677181237E+000 -0.628587713385091E+000 -0.150021337239551E+002 -0.734652396786612E+003 -0.734652396786612E+003 -0.735070499298652E+003
 -0.192766593511339E+002  0.722387849190812E+002 -0.439114326686045E+000  0.598087150043463E+000 -0.689531135368984E+000 -0.150021337239551E+002 -0.734614116797281E+003 -0.734614116797281E+003 -0.735197663379047E+003
 -0.192732803891422E+002  0.724489212138787E+002 -0.456446522513661E+000  0.599601437838916E+000 -0.629288091518976E+000 -0.150021337239551E+002 -0.734622472843455E+003 -0.734622472843455E+003 -0.735992234880003E+003
 -0.192567768554638E+002  0.728708586348942E+002 -0.421674473881412E+000  0.513419943203774E+000 -0.496980725822137E+000 -0.150021337239551E+002 -0.734640281893806E+003 -0.734640281893806E+003 -0.734664239857527E+003
 -0.192405309071084E+002  0.734742439300875E+002 -0.435748470023024E+000  0.569335740965190E+000 -0.609195688631985E+000 -0.150021337239551E+002 -0.734452400768427E+003 -0.734452400768427E+003 -0.734729252698822E+003
 -0.192376847995543E+002  0.736657620123496E+002 -0.447491797156849E+000  0.603508461936037E+000 -0.659463936988061E+000 -0.150021337239551E+002 -0.734655716858765E+003 -0.734655716858765E+003 -0.734684047841918E+003
 -0.192651247361674E+002  0.726703855332215E+002 -0.446565760470031E+000  0.561139193683885E+000 -0.559902891429793E+000 -0.150021337239551E+002 -0.734575043638405E+003 -0.734575043638405E+003 -0.734679164343422E+003
 -0.192516845133396E+002  0.732916343209396E+002 -0.458928189294431E+000  0.599445807301304E+000 -0.629189765994980E+000 -0.150021337239551E+002 -0.734484913899689E+003 -0.734484913899689E+003 -0.734909093173761E+003
 -0.192590092957179E+002  0.727200716355719E+002 -0.420700664839114E+000  0.535923990521812E+000 -0.581757585891943E+000 -0.150021337239551E+002 -0.734602240121159E+003 -0.734602240121159E+003 -0.734708222457441E+003
 -0.192584948030537E+002  0.729294992726515E+002 -0.442833873645305E+000  0.533561900510536E+000 -0.510633838288737E+000 -0.150021337239551E+002 -0.734540761024265E+003 -0.734540761024265E+003 -0.734890208349481E+003
 -0.192630945736497E+002  0.725944425140642E+002 -0.418966722161507E+000  0.545925976044560E+000 -0.615842557371646E+000 -0.150021337239551E+002 -0.734646081157581E+003 -0.734646081157581E+003 -0.734720605908664E+003
 -0.192493554496071E+002  0.732672933555745E+002 -0.439996610394699E+000  0.546867494505797E+000 -0.554852016067905E+000 -0.150021337239551E+002 -0.734508946893940E+003 -0.734508946893940E+003 -0.735606763430237E+003
 -0.192739911327200E+002  0.724618249900522E+002 -0.457621427697145E+000  0.617636521602832E+000 -0.686399070258528E+000 -0.150021337239551E+002 -0.734489522319663E+003 -0.734489522319663E+003 -0.735651500285003E+003
 -0.192618195405811E+002  0.726827635539979E+002 -0.437222034868904E+000  0.604300693124555E+000 -0.697649296833617E+000 -0.150021337239551E+002 -0.734630341656534E+003 -0.734630341656534E+003 -0.734687806092822E+003
 -0.192512381304447E+002  0.731103346540896E+002 -0.455838206437415E+000  0.633086939012415E+000 -0.736534757420728E+000 -0.150021337239551E+002 -0.734610716487297E+003 -0.734610716487297E+003 -0.734677828674302E+003
 -0.192563439109306E+002  0.731024387190529E+002 -0.454227271774054E+000  0.571969629838280E+000 -0.574795369397513E+000 -0.150021337239551E+002 -0.734521797961401E+003 -0.734521797961401E+003 -0.735134259430021E+003
 -0.192401922277264E+002  0.737190963769186E+002 -0.469325209914047E+000  0.621923043804471E+000 -0.661244836281018E+000 -0.150021337239551E+002 -0.734648991741006E+003 -0.734648991741006E+003 -0.734774573825005E+003
 -0.192509987933810E+002  0.732446618498707E+002 -0.445792190803217E+000  0.548473430368521E+000 -0.536295536114402E+000 -0.150021337239551E+002 -0.734519552343904E+003 -0.734519552343904E+003 -0.734818946813068E+003
 -0.192618666558312E+002  0.727030038421600E+002 -0.417833515777877E+000  0.476617115259121E+000 -0.468778910299896E+000 -0.150021337239551E+002 -0.734654171939492E+003 -0.734654171939492E+003 -0.734849727855835E+003
 -0.192631281470293E+002  0.727403565204126E+002 -0.458626370937568E+000  0.645524610878133E+000 -0.777601756449751E+000 -0.150021337239551E+002 -0.734499508406091E+003 -0.734499508406091E+003 -0.734909104817557E+003
 -0.192501369949750E+002  0.731655850035772E+002 -0.434104521027852E+000  0.550974484540864E+000 -0.578652269995548E+000 -0.150021337239551E+002 -0.734399341302035E+003 -0.734399341302035E+003 -0.734700376021550E+003
 -0.192613801287503E+002  0.729619481086518E+002 -0.464912629631062E+000  0.615724425115745E+000 -0.660339115747934E+000 -0.150021337239551E+002 -0.734427895510611E+003 -0.734427895510611E+003 -0.734675954635963E+003
 -0.192640400602487E+002  0.726372042445168E+002 -0.439946074445855E+000  0.630707669684089E+000 -0.786880207198873E+000 -0.150021337239551E+002 -0.734571921777372E+003 -0.734571921777372E+003 -0.735132653396624E+003
 -0.192532512109064E+002  0.731318473613146E+002 -0.451180347242475E+000  0.569937693504619E+000 -0.590466455271958E+000 -0.150021337239551E+002 -0.734565285426278E+003 -0.734565285426278E+003 -0.735849759828771E+003
 -0.192406517300102E+002  0.734808517585529E+002 -0.453976006206771E+000  0.625971818255104E+000 -0.720704600174518E+000 -0.150021337239551E+002 -0.734556112682750E+003 -0.734556112682750E+003 -0.734707784660477E+003
 -0.192560818353868E+002  0.730912768640545E+002 -0.455481359123754E+000  0.570930341097570E+000 -0.544070071955950E+000 -0.150021337239551E+002 -0.734615333607911E+003 -0.734615333607911E+003 -0.734949946436607E+003
 -0.192459144348832E+002  0.734167817660907E+002 -0.446068227250034E+000  0.558260815326629E+000 -0.544983685591525E+000 -0.150021337239551E+002 -0.734548056083006E+003 -0.734548056083006E+003 -0.734758278884749E+003
 -0.192520095977373E+002  0.730733361106111E+002 -0.438074606115558E+000  0.568587599341544E+000 -0.579284432705748E+000 -0.150021337239551E+002 -0.734645856914109E+003 -0.734645856914109E+003 -0.734687241351082E+003
 -0.192358598624416E+002  0.737132524240931E+002 -0.444148873880877E+000  0.555116331284664E+000 -0.560577984507891E+000 -0.150021337239551E+002 -0.734649737601611E+003 -0.734649737601611E+003 -0.734965375488466E+003
 -0.192641455904516E+002  0.726347508792879E+002 -0.424927133306711E+000  0.499873006684065E+000 -0.479068082098436E+000 -0.150021337239551E+002 -0.734650298772532E+003 -0.734650298772532E+003 -0.734804954360725E+003
 -0.192568601178408E+002  0.729403133243447E+002 -0.434065681066251E+000  0.529886604420474E+000 -0.546910451912197E+000 -0.150021337239551E+002 -0.734542502108698E+003 -0.734542502108698E+003 -0.734890111220471E+003
 -0.192476327580776E+002  0.732652277674015E+002 -0.443890940115283E+000  0.594401775510765E+000 -0.651555574965634E+000 -0.150021337239551E+002 -0.734340028448983E+003 -0.734340028448983E+003 -0.734840157890463E+003
 -0.192571836002889E+002  0.730473827872885E+002 -0.461656533296770E+000  0.603549140365355E+000 -0.626240076647331E+000 -0.150021337239551E+002 -0.734397291333308E+003 -0.734397291333308E+003 -0.734674183675799E+003
 -0.192574233509731E+002  0.730105807720627E+002 -0.444818071799834E+000  0.602771345854300E+000 -0.697773308030886E+000 -0.150021337239551E+002 -0.734649417585849E+003 -0.734649417585849E+003 -0.734895844548267E+003
 -0.192567707889029E+002  0.730844191248948E+002 -0.445719205904651E+000  0.562350865209551E+000 -0.566853838405677E+000 -0.150021337239551E+002 -0.734604299340399E+003 -0.734604299340399E+003 -0.734726493724352E+003
 -0.192566918955177E+002  0.730092210844232E+002 -0.457902785864343E+000  0.617353318650007E+000 -0.686645906730192E+000 -0.150021337239551E+002 -0.734293076314412E+003 -0.734293076314412E+003 -0.734896072776332E+003
 -0.192512577609466E+002  0.732332928914603E+002 -0.452928237385641E+000  0.589981247797384E+000 -0.612085856920423E+000 -0.150021337239551E+002 -0.734362725340784E+003 -0.734362725340784E+003 -0.736083055169106E+003
 -0.192717488778975E+002  0.724398294885449E+002 -0.444863231618464E+000  0.588146423843608E+000 -0.636835421106252E+000 -0.150021337239551E+002 -0.734490926834511E+003 -0.734490926834511E+003 -0.734842149950258E+003
 -0.192640651919307E+002  0.726856718997891E+002 -0.427999564007529E+000  0.520634207317144E+000 -0.523179470684390E+000 -0.150021337239551E+002 -0.734534533778299E+003 -0.734534533778299E+003 -0.734819424668165E+003
 -0.192636585134169E+002  0.727785496563232E+002 -0.450778719533373E+000  0.557632192127464E+000 -0.544677034361616E+000 -0.150021337239551E+002 -0.734566596801523E+003 -0.734566596801523E+003 -0.734706377855930E+003
 -0.192534625864660E+002  0.731502363590869E+002 -0.448466777971738E+000  0.573997525753374E+000 -0.569535088340317E+000 -0.150021337239551E+002 -0.734541435801306E+003 -0.734541435801306E+003 -0.734709357432105E+003
 -0.192462701548640E+002  0.732518334244325E+002 -0.432122850491750E+000  0.562527008008362E+000 -0.581704703006100E+000 -0.150021337239551E+002 -0.734618426508748E+003 -0.734618426508748E+003 -0.734742785164904E+003
 -0.192440952307935E+002  0.734243188793530E+002 -0.450380099436654E+000  0.591828895583295E+000 -0.645405624370216E+000 -0.150021337239551E+002 -0.734481010597159E+003 -0.734481010597159E+003 -0.734755118634391E+003
 -0.192697792402416E+002  0.724658005385789E+002 -0.433331708735311E+000  0.582309368666580E+000 -0.673370908581479E+000 -0.150021337239551E+002 -0.734592324634496E+003 -0.734592324634496E+003 -0.734845910418888E+003
 -0.192504179429034E+002  0.731781751016325E+002 -0.428958206510287E+000  0.491520602656442E+000 -0.464877303122595E+000 -0.150021337239551E+002 -0.734621613124673E+003 -0.734621613124673E+003 -0.735576940450766E+003
 -0.192552415477527E+002  0.729794044549719E+002 -0.433635340427097E+000  0.512512587756575E+000 -0.484493910563902E+000 -0.150021337239551E+002 -0.734575381579568E+003 -0.734575381579568E+003 -0.735749995895585E+003
 -0.192710570754036E+002  0.723965747194901E+002 -0.447154343747743E+000  0.612336322130900E+000 -0.709788992193641E+000 -0.150021337239551E+002 -0.734656987351533E+003 -0.734656987351533E+003 -0.735276768289732E+003
 -0.192523109898824E+002  0.731540486967953E+002 -0.449401155000671E+000  0.621749844357867E+000 -0.731723740939675E+000 -0.150021337239551E+002 -0.734344454972044E+003 -0.734344454972044E+003 -0.734962156038335E+003
 -0.192598987356666E+002  0.727758685430597E+002 -0.426210626858427E+000  0.568960139028061E+000 -0.658683235642776E+000 -0.150021337239551E+002 -0.734605812449348E+003 -0.734605812449348E+003 -0.734815970849187E+003
 -0.192620275976869E+002  0.728735028411251E+002 -0.460742768376099E+000  0.583025247224034E+000 -0.568609601457315E+000 -0.150021337239551E+002 -0.734629605771424E+003 -0.734629605771424E+003 -0.734888416654939E+003
 -0.192630116342432E+002  0.727706770203752E+002 -0.436880452719421E+000  0.562833806850863E+000 -0.574114411499259E+000 -0.150021337239551E+002 -0.734597436159660E+003 -0.734597436159660E+003 -0.734711948720582E+003
 -0.192503599075596E+002  0.730745228896442E+002 -0.426355385683196E+000  0.551319119532454E+000 -0.613657069726116E+000 -0.150021337239551E+002 -0.734550371872860E+003 -0.734550371872860E+003 -0.735057325108428E+003
 -0.192440535556623E+002  0.734231009783516E+002 -0.463351712188739E+000  0.659064183371080E+000 -0.818105491811490E+000 -0.150021337239551E+002 -0.734624830453693E+003 -0.734624830453693E+003 -0.734828708384726E+003
 -0.192552611538470E+002  0.728730404342805E+002 -0.414180173072073E+000  0.511401420703429E+000 -0.526250455846167E+000 -0.150021337239551E+002 -0.734605788681084E+003 -0.734605788681084E+003 -0.734710213047870E+003
 -0.192501438680156E+002  0.729991188406563E+002 -0.418460781774907E+000  0.543045624845072E+000 -0.596525298934086E+000 -0.150021337239551E+002 -0.734624925293865E+003 -0.734624925293865E+003 -0.735035792484458E+003
 -0.192392044008942E+002  0.735605992158397E+002 -0.458350629664594E+000  0.615563845221155E+000 -0.679803813639257E+000 -0.150021337239551E+002 -0.734599289522642E+003 -0.734599289522642E+003 -0.734958016153709E+003
 -0.192663267097708E+002  0.725990518138193E+002 -0.439500677225578E+000  0.562224710745756E+000 -0.608178470407641E+000 -0.150021337239551E+002 -0.734593226433266E+003 -0.734593226433266E+003 -0.734756389459379E+003
 -0.192539857371732E+002  0.731659974947765E+002 -0.456520491805332E+000  0.578624820040674E+000 -0.574932260094904E+000 -0.150021337239551E+002 -0.734453479293579E+003 -0.734453479293579E+003 -0.734731909735694E+003
 -0.192765931413602E+002  0.723841406842197E+002 -0.459231837235066E+000  0.636867410834156E+000 -0.750506717543665E+000 -0.150021337239551E+002 -0.734584381574482E+003 -0.734584381574482E+003 -0.734863970783559E+003
 -0.192520301541071E+002  0.731502447436588E+002 -0.450979521629209E+000  0.611583279658366E+000 -0.675542216873588E+000 -0.150021337239551E+002 -0.734433509685933E+003 -0.734433509685933E+003 -0.734695130562729E+003
 -0.192573637850710E+002  0.727584417962471E+002 -0.425653366022754E+000  0.572944196822935E+000 -0.662586451164781E+000 -0.150021337239551E+002 -0.734643921324809E+003 -0.734643921324809E+003 -0.734695507805985E+003
 -0.192425155564645E+002  0.734565461317532E+002 -0.445290574580008E+000  0.610654991584545E+000 -0.707117537172000E+000 -0.150021337239551E+002 -0.734409893664659E+003 -0.734409893664659E+003 -0.735036633085661E+003
 -0.192439373862047E+002  0.734154443073899E+002 -0.443224162594005E+000  0.571986458145090E+000 -0.593270671331513E+000 -0.150021337239551E+002 -0.734398537359957E+003 -0.734398537359957E+003 -0.734715392067656E+003
 -0.192522654747285E+002  0.732412885253294E+002 -0.466021885296890E+000  0.594786675543135E+000 -0.594691869530994E+000 -0.150021337239551E+002 -0.734582285935565E+003 -0.734582285935565E+003 -0.734713588300192E+003
 -0.192542338808193E+002  0.729802770893697E+002 -0.437592480166097E+000  0.586723736558625E+000 -0.679614725729095E+000 -0.150021337239551E+002 -0.734573648951185E+003 -0.734573648951185E+003 -0.734821161287925E+003
 -0.192462937676626E+002  0.732175340095344E+002 -0.417967997160967E+000  0.514002496517939E+000 -0.548675722745720E+000 -0.150021337239551E+002 -0.734662296301867E+003 -0.734662296301867E+003 -0.734911981653683E+003
 -0.192512878917964E+002  0.731395984603102E+002 -0.439727915136590E+000  0.602531485616868E+000 -0.686660977533446E+000 -0.150021337239551E+002 -0.734437092543736E+003 -0.734437092543736E+003 -0.734682413047816E+003
 -0.192595448484107E+002  0.726888706740678E+002 -0.420961061245675E+000  0.531694322585208E+000 -0.567558237696229E+000 -0.150021337239551E+002 -0.734663112620181E+003 -0.734663112620181E+003 -0.734751248428639E+003
 -0.192517852342409E+002  0.730347036105687E+002 -0.425769181348290E+000  0.551287621929097E+000 -0.575349699233143E+000 -0.150021337239551E+002 -0.734564630733351E+003 -0.734564630733351E+003 -0.734849798580131E+003
 -0.192455273893271E+002  0.732487743039014E+002 -0.425624490893278E+000  0.525082334321563E+000 -0.524867320709493E+000 -0.150021337239551E+002 -0.734538372456271E+003 -0.734538372456271E+003 -0.735080197712711E+003
 -0.192692424822095E+002  0.726199203118343E+002 -0.448000224143919E+000  0.569782397452188E+000 -0.589156037438823E+000 -0.150021337239551E+002 -0.734540720673642E+003 -0.734540720673642E+003 -0.734706618763792E+003
 -0.192622864329157E+002  0.728291344416512E+002 -0.440261704640816E+000  0.546810266353539E+000 -0.543298551212853E+000 -0.150021337239551E+002 -0.734496099887078E+003 -0.734496099887078E+003 -0.734864414138718E+003
 -0.192478463243653E+002  0.730887007480431E+002 -0.423620267725791E+000  0.570989594184512E+000 -0.645909797668583E+000 -0.150021337239551E+002 -0.734628536790816E+003 -0.734628536790816E+003 -0.735758131931637E+003
 -0.192635217138992E+002  0.727410258077517E+002 -0.442402222619339E+000  0.622811454344363E+000 -0.751066004212131E+000 -0.150021337239551E+002 -0.734515545494997E+003 -0.734515545494997E+003 -0.734860422073592E+003
 -0.192502809244122E+002  0.732487355805828E+002 -0.448263850103771E+000  0.612044624816837E+000 -0.705717270433503E+000 -0.150021337239551E+002 -0.734431739241630E+003 -0.734431739241630E+003 -0.734700663080539E+003
 -0.192554404420380E+002  0.731063057332991E+002 -0.452998638918423E+000  0.570675352889768E+000 -0.545939871291445E+000 -0.150021337239551E+002 -0.734646536606073E+003 -0.734646536606073E+003 -0.734711096003249E+003
 -0.192481870316294E+002  0.733358374326383E+002 -0.466989893676687E+000  0.618630710819073E+000 -0.661493433732009E+000 -0.150021337239551E+002 -0.734510124158342E+003 -0.734510124158342E+003 -0.734799051952058E+003
 -0.192563437017022E+002  0.728443199124293E+002 -0.431893594734778E+000  0.545725478185917E+000 -0.579716830689613E+000 -0.150021337239551E+002 -0.734645076930776E+003 -0.734645076930776E+003 -0.734733488303494E+003
 -0.192541481673910E+002  0.731466155477289E+002 -0.468113627151127E+000  0.658981817775192E+000 -0.800438939123367E+000 -0.150021337239551E+002 -0.734481165098179E+003 -0.734481165098179E+003 -0.734828940531756E+003
 -0.192440754148867E+002  0.734709946463491E+002 -0.446617454453007E+000  0.604918509301068E+000 -0.686653362712082E+000 -0.150021337239551E+002 -0.734553008199889E+003 -0.734553008199889E+003 -0.735092517966945E+003
 -0.192360514027582E+002  0.735460444395555E+002 -0.430241672566831E+000  0.587457523551933E+000 -0.680570816659912E+000 -0.150021337239551E+002 -0.734650280082578E+003 -0.734650280082578E+003 -0.735137260108948E+003
 -0.192580181953188E+002  0.728765559339847E+002 -0.438525396859919E+000  0.588404371237143E+000 -0.652067224495656E+000 -0.150021337239551E+002 -0.734345048684217E+003 -0.734345048684217E+003 -0.734762046625628E+003
 -0.192404796488318E+002  0.735652944472300E+002 -0.449396383707399E+000  0.625489749071687E+000 -0.736600199902263E+000 -0.150021337239551E+002 -0.734525455732883E+003 -0.734525455732883E+003 -0.734961307230977E+003
 -0.192618647339461E+002  0.727613621453418E+002 -0.429790587504265E+000  0.577876804989445E+000 -0.660010359603440E+000 -0.150021337239551E+002 -0.734562172978363E+003 -0.734562172978363E+003 -0.734721208781685E+003
 -0.192659649425445E+002  0.727282576271556E+002 -0.469965354653959E+000  0.647107738387424E+000 -0.739728990791004E+000 -0.150021337239551E+002 -0.734655682318594E+003 -0.734655682318594E+003 -0.734731209700664E+003
 -0.192723419199255E+002  0.725648833305060E+002 -0.463342109060215E+000  0.647662367925723E+000 -0.766890279569925E+000 -0.150021337239551E+002 -0.734652585096036E+003 -0.734652585096036E+003 -0.734692313905742E+003
 -0.192463219463909E+002  0.733089107330500E+002 -0.430878587412618E+000  0.539938406788019E+000 -0.558027203728582E+000 -0.150021337239551E+002 -0.734502981536411E+003 -0.734502981536411E+003 -0.734671242731201E+003
 -0.192607669712023E+002  0.728849614474255E+002 -0.468557996881378E+000  0.652515182800641E+000 -0.768770447381801E+000 -0.150021337239551E+002 -0.734528750540975E+003 -0.734528750540975E+003 -0.735119778994633E+003
 -0.192521963895688E+002  0.731853593381711E+002 -0.442086471073249E+000  0.603754704790209E+000 -0.694111474022815E+000 -0.150021337239551E+002 -0.734596807836560E+003 -0.734596807836560E+003 -0.734681701556441E+003
 -0.192640336626573E+002  0.726790564094615E+002 -0.434860582570025E+000  0.605315845576633E+000 -0.720989408809466E+000 -0.150021337239551E+002 -0.734521132358294E+003 -0.734521132358294E+003 -0.735328841736057E+003
 -0.192477843625568E+002  0.731317602466849E+002 -0.433107552251155E+000  0.585456097858929E+000 -0.658437471397448E+000 -0.150021337239551E+002 -0.734546233087025E+003 -0.734546233087025E+003 -0.734679003947205E+003
 -0.192549221977244E+002  0.730938887827973E+002 -0.442231860146715E+000  0.558269711226721E+000 -0.553706776522549E+000 -0.150021337239551E+002 -0.734512556614142E+003 -0.734512556614142E+003 -0.734791539296117E+003
 -0.192539560547898E+002  0.730407336200390E+002 -0.453250526478310E+000  0.612932356332695E+000 -0.702168240619063E+000 -0.150021337239551E+002 -0.734532485930075E+003 -0.734532485930075E+003 -0.734807120699623E+003
 -0.192397089074642E+002  0.734528799363389E+002 -0.428951642886309E+000  0.553939260881995E+000 -0.588636577899273E+000 -0.150021337239551E+002 -0.734529096464230E+003 -0.734529096464230E+003 -0.734738111435666E+003
 -0.192563100080352E+002  0.729082949328674E+002 -0.439267582445787E+000  0.591330620979483E+000 -0.646420667241149E+000 -0.150021337239551E+002 -0.734568963709223E+003 -0.734568963709223E+003 -0.734696345366639E+003
 -0.192662500198151E+002  0.726236786497926E+002 -0.443026911298180E+000  0.591264886291355E+000 -0.668189028737331E+000 -0.150021337239551E+002 -0.734446743908786E+003 -0.734446743908786E+003 -0.735017478559442E+003
 -0.192585524292064E+002  0.728875390596711E+002 -0.424914286235680E+000  0.526238550067234E+000 -0.530443869448547E+000 -0.150021337239551E+002 -0.734609317664416E+003 -0.734609317664416E+003 -0.734820700783984E+003
 -0.192542568285791E+002  0.729541553737001E+002 -0.420547205948745E+000  0.520051107385377E+000 -0.537602673589905E+000 -0.150021337239551E+002 -0.734504910283400E+003 -0.734504910283400E+003 -0.734792817667418E+003
 -0.192522940969235E+002  0.730798296750608E+002 -0.430796599539284E+000  0.579452986418519E+000 -0.637044584598438E+000 -0.150021337239551E+002 -0.734625036468082E+003 -0.734625036468082E+003 -0.734723368492167E+003
 -0.192571061867547E+002  0.728944216238971E+002 -0.440678584294211E+000  0.619629800563405E+000 -0.762504753640922E+000 -0.150021337239551E+002 -0.734517262847704E+003 -0.734517262847704E+003 -0.734726863087607E+003
 -0.192508021371537E+002  0.730699954031911E+002 -0.426630042936945E+000  0.510321058736711E+000 -0.516264339604575E+000 -0.150021337239551E+002 -0.734574606499731E+003 -0.734574606499731E+003 -0.734790610007875E+003
 -0.192636761851752E+002  0.728077400394102E+002 -0.444154327188242E+000  0.595287828330098E+000 -0.671688992542670E+000 -0.150021337239551E+002 -0.734593575147807E+003 -0.734593575147807E+003 -0.734821876541122E+003
 -0.192627594766565E+002  0.728659913543952E+002 -0.472018020986828E+000  0.639611019583446E+000 -0.711341836399924E+000 -0.150021337239551E+002 -0.734497649842628E+003 -0.734497649842628E+003 -0.734733125009946E+003
 -0.192553915340751E+002  0.729472634204250E+002 -0.436244807332294E+000  0.533243673624702E+000 -0.537838593380606E+000 -0.150021337239551E+002 -0.734556086818187E+003 -0.734556086818187E+003 -0.734784458922210E+003
 -0.192553497222977E+002  0.729673218559791E+002 -0.445318078544918E+000  0.603263770746944E+000 -0.667344623324794E+000 -0.150021337239551E+002 -0.734493110683639E+003 -0.734493110683639E+003 -0.734946993659194E+003
 -0.192722076022856E+002  0.724785247633020E+002 -0.447209234714991E+000  0.592137008094992E+000 -0.634446493855108E+000 -0.150021337239551E+002 -0.734530388112972E+003 -0.734530388112972E+003 -0.735203955655472E+003
 -0.192553370683004E+002  0.729850183484706E+002 -0.450733909540852E+000  0.582818966451929E+000 -0.619499561159593E+000 -0.150021337239551E+002 -0.734582506584003E+003 -0.734582506584003E+003 -0.734701874623211E+003
 -0.192465518729079E+002  0.732477140856614E+002 -0.425171857035205E+000  0.505443320880843E+000 -0.512130856706477E+000 -0.150021337239551E+002 -0.734589706338941E+003 -0.734589706338941E+003 -0.734709994451745E+003
 -0.192503279232434E+002  0.729966033158990E+002 -0.420188794155363E+000  0.542427382784463E+000 -0.588429845634163E+000 -0.150021337239551E+002 -0.734620267442560E+003 -0.734620267442560E+003 -0.734713340491429E+003
 -0.192359169806232E+002  0.736503099597921E+002 -0.445536474768552E+000  0.620814690114049E+000 -0.742613731251122E+000 -0.150021337239551E+002 -0.734593610798337E+003 -0.734593610798337E+003 -0.734805355221931E+003
 -0.192422511560412E+002  0.734034235303112E+002 -0.436197393233122E+000  0.561273840413118E+000 -0.594613027583694E+000 -0.150021337239551E+002 -0.734446545758284E+003 -0.734446545758284E+003 -0.734674638002029E+003
 -0.192429468841019E+002  0.734739912704408E+002 -0.454984779307317E+000  0.628176263003374E+000 -0.735596739552598E+000 -0.150021337239551E+002 -0.734410482882108E+003 -0.734410482882108E+003 -0.734712927458912E+003
 -0.192666817545397E+002  0.725150333880308E+002 -0.435683858737451E+000  0.588151314965262E+000 -0.678239646980622E+000 -0.150021337239551E+002 -0.734558135656646E+003 -0.734558135656646E+003 -0.734983189350321E+003
 -0.192364136321838E+002  0.736632287682495E+002 -0.451027586864148E+000  0.639257577392551E+000 -0.783457556403292E+000 -0.150021337239551E+002 -0.734615195412781E+003 -0.734615195412781E+003 -0.734687470019895E+003
 -0.192497663489530E+002  0.730382168111830E+002 -0.419957577679083E+000  0.522638016608220E+000 -0.559607154110964E+000 -0.150021337239551E+002 -0.734634809061112E+003 -0.734634809061112E+003 -0.734751088416292E+003
 -0.192728024178343E+002  0.724931518614395E+002 -0.459575749505749E+000  0.602491952237156E+000 -0.632192768829057E+000 -0.150021337239551E+002 -0.734574355880385E+003 -0.734574355880385E+003 -0.734742152107819E+003
 -0.192488609258411E+002  0.731403730633226E+002 -0.417036561514391E+000  0.499863680683989E+000 -0.485503169513578E+000 -0.150021337239551E+002 -0.734648102286029E+003 -0.734648102286029E+003 -0.734910335804388E+003
 -0.192642434088414E+002  0.727488893348304E+002 -0.446709909577117E+000  0.571132346439478E+000 -0.602498321267923E+000 -0.150021337239551E+002 -0.734472099470484E+003 -0.734472099470484E+003 -0.736885428293126E+003
 -0.192343794860992E+002  0.738436272447480E+002 -0.461049445399905E+000  0.616848712032033E+000 -0.677197395399073E+000 -0.150021337239551E+002 -0.734651141143547E+003 -0.734651141143547E+003 -0.736198953167856E+003
 -0.192537504399174E+002  0.729516514566022E+002 -0.424274705589443E+000  0.522321673272951E+000 -0.542050408565824E+000 -0.150021337239551E+002 -0.734511630944654E+003 -0.734511630944654E+003 -0.735038887698748E+003
 -0.192565992037980E+002  0.729429991102737E+002 -0.436277578056564E+000  0.552943030679214E+000 -0.563317046281121E+000 -0.150021337239551E+002 -0.734390700464505E+003 -0.734390700464505E+003 -0.735211757692958E+003
 -0.192481824081829E+002  0.732841000159748E+002 -0.444981811663687E+000  0.606458522936481E+000 -0.681453457509015E+000 -0.150021337239551E+002 -0.734440450107363E+003 -0.734440450107363E+003 -0.734764834496157E+003
 -0.192659162090218E+002  0.726342085100625E+002 -0.430910206702164E+000  0.500752468583077E+000 -0.478854977140724E+000 -0.150021337239551E+002 -0.734653164501629E+003 -0.734653164501629E+003 -0.734741318345876E+003
 -0.192588816029002E+002  0.728327653663789E+002 -0.436065549629222E+000  0.580700548226680E+000 -0.654747961046475E+000 -0.150021337239551E+002 -0.734376078873152E+003 -0.734376078873152E+003 -0.734663930563527E+003
