#        weight    minuslogpost               M              h0              q0              j0   minuslogprior minuslogprior__0            chi2    chi2__lnlike
 1.0997901e-320       9729.8731      -18.580639       92.662667    -0.074355818     -0.12505981       10.753638        10.753638       19438.239       19438.239
 7.4190851e-314       9714.1486      -18.517316       89.001457     -0.15469926      0.35851247       10.753638        10.753638        19406.79        19406.79
 7.5747172e-308       9700.3124      -18.536021       92.532843     -0.15228389     -0.32151879       10.753638        10.753638       19379.117       19379.117
 1.6055775e-306       9697.2585      -18.460861       96.609022    -0.085045124    0.0092756413       10.753638        10.753638        19373.01        19373.01
 4.4594658e-305       9693.9344      -18.635157       86.568963     -0.43317814      0.40375163       10.753638        10.753638       19366.362       19366.362
 1.6458501e-274       9623.2409      -18.554614       90.359097     -0.43077863      0.49353801       10.753638        10.753638       19224.974       19224.974
 2.1292682e-270        9613.773      -18.529194       93.721579     -0.39538985      0.28755135       10.753638        10.753638       19206.039       19206.039
 1.3210784e-236        9536.448      -18.531812       93.410271     -0.12976111      0.34826603       10.753638        10.753638       19051.389       19051.389
 2.1927077e-230       9521.9922      -18.591097       90.649353     -0.14232628     0.061116784       10.753638        10.753638       19022.477       19022.477
 9.6322645e-225       9508.9993      -18.659915       87.641742     -0.14531163    -0.088604438       10.753638        10.753638       18996.491       18996.491
 3.2592538e-210       9475.5442      -18.533161       91.020325    -0.066634456      0.30951534       10.753638        10.753638       18929.581       18929.581
 2.0398571e-209       9473.7102      -18.545167       91.592823      -0.1620613      0.53735095       10.753638        10.753638       18925.913       18925.913
 1.1150552e-205       9465.1038       -18.54549       92.127422     -0.18343387      0.36664398       10.753638        10.753638         18908.7         18908.7
  6.129252e-204       9461.0971      -18.592265       89.552315    -0.086426306      0.57242521       10.753638        10.753638       18900.687       18900.687
 1.6623428e-182       9411.7451      -18.652517       88.846248     -0.20025115      0.38632242       10.753638        10.753638       18801.983       18801.983
