  0.100000000000000E+001  0.202796397348302E+002  0.432631854230529E+000  0.706895941616477E+002 -0.509956341487000E+000  0.557612331329723E+000 -0.107536384819057E+002 -0.101398198674151E+002
  0.100000000000000E+001  0.263576562226823E+002  0.934906796267083E+001  0.890727287202349E+002 -0.279130364118594E+000  0.511336876239310E+000 -0.107536384819057E+002 -0.131788281113411E+002
  0.100000000000000E+001  0.270626298546304E+002  0.129633609568294E+002  0.848176101518379E+002 -0.545401533805883E+000  0.558486952618336E+000 -0.107536384819057E+002 -0.135313149273152E+002
  0.100000000000000E+001  0.324388065333193E+002 -0.190974630818288E+001  0.825764116991921E+002 -0.454709677546429E+000  0.440833938138388E+000 -0.107536384819057E+002 -0.162194032666596E+002
  0.100000000000000E+001  0.283864773686489E+002  0.152730944343967E+001  0.637658236826209E+002 -0.243294472479978E+000  0.503492571905090E+000 -0.107536384819057E+002 -0.141932386843244E+002
  0.100000000000000E+001  0.202977829045794E+002 -0.168104498142612E+002  0.680561308752582E+002 -0.365034489729653E+000  0.506776506750737E+000 -0.107536384819057E+002 -0.101488914522897E+002
  0.100000000000000E+001  0.253040257238045E+002  0.263629231615878E+001  0.652449055011710E+002 -0.354218653492833E+000  0.398067884638533E+000 -0.107536384819057E+002 -0.126520128619023E+002
  0.100000000000000E+001  0.252974129297643E+002 -0.173216975858268E+002  0.746732935682105E+002 -0.211780372077446E+000  0.416660195590572E+000 -0.107536384819057E+002 -0.126487064648821E+002
  0.100000000000000E+001  0.250588250351450E+002  0.439780467140330E+001  0.841580696404167E+002 -0.271902752986622E+000  0.488929253312486E+000 -0.107536384819057E+002 -0.125294125175725E+002
  0.100000000000000E+001  0.245921203584791E+002 -0.173279189708634E+002  0.506227655589005E+002 -0.315767567778956E+000  0.383394694529641E+000 -0.107536384819057E+002 -0.122960601792395E+002
  0.100000000000000E+001  0.243439434433010E+002  0.483410788137121E+001  0.780210051261958E+002 -0.262295356330807E+000  0.371862951641889E+000 -0.107536384819057E+002 -0.121719717216505E+002
  0.100000000000000E+001  0.239685565422400E+002  0.149942690950038E+002  0.504035086063613E+002 -0.290459522006410E+000  0.491508934740584E+000 -0.107536384819057E+002 -0.119842782711200E+002
  0.100000000000000E+001  0.203597545857466E+002  0.145272892064722E+001  0.568350310460346E+002 -0.596708670257672E+000  0.636129654417870E+000 -0.107536384819057E+002 -0.101798772928733E+002
  0.100000000000000E+001  0.204572435220527E+002  0.186501909620958E+002  0.930810921060422E+002 -0.529706006455338E+000  0.660377793291273E+000 -0.107536384819057E+002 -0.102286217610264E+002
  0.100000000000000E+001  0.204732719087238E+002 -0.910206570848002E+001  0.639667376218636E+002 -0.408166698705942E+000  0.563168363460006E+000 -0.107536384819057E+002 -0.102366359543619E+002
  0.100000000000000E+001  0.231993274061350E+002  0.165550373734261E+002  0.889549711528354E+002 -0.367098609102871E+000  0.428333233448449E+000 -0.107536384819057E+002 -0.115996637030675E+002
  0.100000000000000E+001  0.231780446357508E+002 -0.178148492024529E+002  0.468567873857847E+002 -0.331462789258222E+000  0.521930096257055E+000 -0.107536384819057E+002 -0.115890223178754E+002
  0.100000000000000E+001  0.230900066127824E+002  0.718071299783988E+001  0.708462515927343E+002 -0.310100428636079E+000  0.405199671595371E+000 -0.107536384819057E+002 -0.115450033063912E+002
  0.100000000000000E+001  0.229431190699214E+002 -0.119825947353849E+000  0.680314533416425E+002 -0.389322684604315E+000  0.569939659157727E+000 -0.107536384819057E+002 -0.114715595349607E+002
  0.100000000000000E+001  0.228868179243955E+002  0.979469043069404E+001  0.797814875656750E+002 -0.390588761266217E+000  0.570509641635752E+000 -0.107536384819057E+002 -0.114434089621977E+002
  0.100000000000000E+001  0.205131122072372E+002 -0.137916889671542E+002  0.943798010077337E+002 -0.518691033108696E+000  0.652745198254507E+000 -0.107536384819057E+002 -0.102565561036186E+002
  0.100000000000000E+001  0.205680065793809E+002 -0.428773644370935E+001  0.692177802766275E+002 -0.353719359399721E+000  0.474545558755295E+000 -0.107536384819057E+002 -0.102840032896905E+002
  0.100000000000000E+001  0.226262296275828E+002 -0.202104657750688E+001  0.806876332353986E+002 -0.531710632938773E+000  0.563768154643610E+000 -0.107536384819057E+002 -0.113131148137914E+002
  0.100000000000000E+001  0.225289502366174E+002 -0.149071027771730E+002  0.495284353159377E+002 -0.359455476796464E+000  0.540600707190585E+000 -0.107536384819057E+002 -0.112644751183087E+002
  0.100000000000000E+001  0.205703648465967E+002  0.178350634017906E+002  0.860407594072279E+002 -0.394968125587920E+000  0.551305276305277E+000 -0.107536384819057E+002 -0.102851824232983E+002
  0.100000000000000E+001  0.222896847161069E+002 -0.696563641251711E+001  0.926925694233854E+002 -0.401825743004045E+000  0.574842846076972E+000 -0.107536384819057E+002 -0.111448423580535E+002
  0.100000000000000E+001  0.222880793205271E+002 -0.192333067341188E+001  0.565492676806646E+002 -0.298032841820266E+000  0.457890737782995E+000 -0.107536384819057E+002 -0.111440396602636E+002
  0.100000000000000E+001  0.222596890589251E+002  0.146763908210273E+002  0.894542692638187E+002 -0.306416955812724E+000  0.474395118759274E+000 -0.107536384819057E+002 -0.111298445294625E+002
  0.100000000000000E+001  0.222348007044762E+002 -0.103499787105385E+002  0.839228043736484E+002 -0.497085979837744E+000  0.534301311442077E+000 -0.107536384819057E+002 -0.111174003522381E+002
  0.100000000000000E+001  0.222244068682021E+002 -0.140185204091757E+002  0.629366640865669E+002 -0.310524745876325E+000  0.426648922146854E+000 -0.107536384819057E+002 -0.111122034341011E+002
  0.100000000000000E+001  0.221566103473915E+002 -0.466939271596808E+001  0.590791440643232E+002 -0.393242047297772E+000  0.566620054225461E+000 -0.107536384819057E+002 -0.110783051736958E+002
  0.100000000000000E+001  0.221030590593095E+002  0.492508652108612E+001  0.729870420041866E+002 -0.685893529092976E+000  0.720977247499323E+000 -0.107536384819057E+002 -0.110515295296548E+002
  0.100000000000000E+001  0.218055422421587E+002 -0.415079760441570E+001  0.878375075197178E+002 -0.315493786239551E+000  0.473228004932765E+000 -0.107536384819057E+002 -0.109027711210794E+002
  0.100000000000000E+001  0.215234712338129E+002  0.334015917655024E+001  0.730742795767871E+002 -0.516613045417514E+000  0.555735662074321E+000 -0.107536384819057E+002 -0.107617356169064E+002
  0.100000000000000E+001  0.206630530339166E+002  0.233375478403818E+001  0.939783003612092E+002 -0.523279864393150E+000  0.566626656569853E+000 -0.107536384819057E+002 -0.103315265169583E+002
  0.100000000000000E+001  0.214770729519095E+002  0.167506789544174E+000  0.905978763981384E+002 -0.358666326874574E+000  0.448492155635913E+000 -0.107536384819057E+002 -0.107385364759548E+002
  0.100000000000000E+001  0.207184206690098E+002  0.186327790466255E+002  0.661775227496991E+002 -0.348612561125674E+000  0.491604257861304E+000 -0.107536384819057E+002 -0.103592103345049E+002
  0.100000000000000E+001  0.214098251100004E+002  0.445817002848667E+001  0.659051393542061E+002 -0.330930298979035E+000  0.449315950112666E+000 -0.107536384819057E+002 -0.107049125550002E+002
  0.100000000000000E+001  0.207258520416172E+002 -0.245223411535417E+001  0.610827419141783E+002 -0.379014795992114E+000  0.536578051319031E+000 -0.107536384819057E+002 -0.103629260208086E+002
  0.100000000000000E+001  0.214067629712870E+002 -0.300694248719739E+001  0.802696172137666E+002 -0.326359062278908E+000  0.453254138738098E+000 -0.107536384819057E+002 -0.107033814856435E+002
  0.100000000000000E+001  0.213803147390915E+002  0.107742288716616E+002  0.552118316361021E+002 -0.356274668196046E+000  0.449688027076570E+000 -0.107536384819057E+002 -0.106901573695457E+002
  0.100000000000000E+001  0.212746536055324E+002 -0.366948813378246E+001  0.571206788679971E+002 -0.406595741361477E+000  0.570084963250928E+000 -0.107536384819057E+002 -0.106373268027662E+002
  0.100000000000000E+001  0.212684761923488E+002 -0.977017115110021E+001  0.863602327418681E+002 -0.357055548059793E+000  0.520674478288010E+000 -0.107536384819057E+002 -0.106342380961744E+002
  0.100000000000000E+001  0.212383378331476E+002 -0.102769060885042E+002  0.484676683452208E+002 -0.347347151805846E+000  0.451648965972925E+000 -0.107536384819057E+002 -0.106191689165738E+002
  0.100000000000000E+001  0.211305875332048E+002 -0.186910922152085E+002  0.640501630413139E+002 -0.440771627609966E+000  0.497303686090734E+000 -0.107536384819057E+002 -0.105652937666024E+002
  0.100000000000000E+001  0.211012568538146E+002  0.993708672375491E+001  0.841204150801349E+002 -0.499240148004562E+000  0.641530054533823E+000 -0.107536384819057E+002 -0.105506284269073E+002
  0.100000000000000E+001  0.210036193206646E+002  0.907717694765443E+001  0.985191372921281E+002 -0.485375181235064E+000  0.630910654044680E+000 -0.107536384819057E+002 -0.105018096603323E+002
  0.100000000000000E+001  0.209957812195846E+002  0.188112569797354E+002  0.698081688318932E+002 -0.356110427890220E+000  0.458222032893855E+000 -0.107536384819057E+002 -0.104978906097923E+002
  0.100000000000000E+001  0.209012236254607E+002  0.112369420070442E+002  0.643073894814695E+002 -0.345312918946975E+000  0.493829373208827E+000 -0.107536384819057E+002 -0.104506118127303E+002
  0.100000000000000E+001  0.208421286235931E+002  0.174984978252585E+002  0.412465896054767E+002 -0.367833331131882E+000  0.525633920564506E+000 -0.107536384819057E+002 -0.104210643117966E+002
  0.100000000000000E+001  0.202496371819261E+002 -0.901370437877602E+001  0.562309150988664E+002 -0.501085402423655E+000  0.550474331409032E+000 -0.107536384819057E+002 -0.101248185909631E+002
  0.100000000000000E+001  0.202494387659775E+002  0.135755911913090E+002  0.517453482463061E+002 -0.617270531258154E+000  0.656664056359839E+000 -0.107536384819057E+002 -0.101247193829888E+002
  0.100000000000000E+001  0.202422346895732E+002  0.162193698036831E+002  0.950235332713837E+002 -0.475482395254012E+000  0.530375814035320E+000 -0.107536384819057E+002 -0.101211173447866E+002
  0.100000000000000E+001  0.202105370991066E+002  0.189269184572328E+002  0.615938674077702E+002 -0.415624948934873E+000  0.491939603801849E+000 -0.107536384819057E+002 -0.101052685495533E+002
  0.100000000000000E+001  0.201767803251385E+002 -0.180825582143360E+002  0.407252172841671E+002 -0.553874999439385E+000  0.676268403886687E+000 -0.107536384819057E+002 -0.100883901625692E+002
  0.100000000000000E+001  0.200310813434162E+002  0.137603306666066E+002  0.416088161466659E+002 -0.369665956159771E+000  0.500979494278462E+000 -0.107536384819057E+002 -0.100155406717081E+002
  0.100000000000000E+001  0.200009217592208E+002 -0.470087154973866E+001  0.653991708885539E+002 -0.375058635431101E+000  0.487528506487733E+000 -0.107536384819057E+002 -0.100004608796104E+002
  0.100000000000000E+001  0.199714788989837E+002 -0.797219468047785E+001  0.856120552904183E+002 -0.371701591749658E+000  0.494056552356978E+000 -0.107536384819057E+002 -0.998573944949188E+001
  0.100000000000000E+001  0.199153042880811E+002  0.191029060524603E+002  0.947391290375115E+002 -0.486808801373239E+000  0.625649329926402E+000 -0.107536384819057E+002 -0.995765214404055E+001
  0.100000000000000E+001  0.198793140636949E+002 -0.193015752129919E+002  0.968542061760612E+002 -0.404128842916825E+000  0.492222459458292E+000 -0.107536384819057E+002 -0.993965703184743E+001
  0.100000000000000E+001  0.198433589934145E+002  0.181369066169605E+002  0.557294391048781E+002 -0.641601708932272E+000  0.682343211676249E+000 -0.107536384819057E+002 -0.992167949670727E+001
  0.100000000000000E+001  0.198169489141842E+002 -0.535141535238727E+001  0.697710850673202E+002 -0.402703060859486E+000  0.548232180530011E+000 -0.107536384819057E+002 -0.990847445709211E+001
  0.100000000000000E+001  0.197497659703362E+002  0.156336602848396E+002  0.780610492966589E+002 -0.387132173315909E+000  0.525818871105175E+000 -0.107536384819057E+002 -0.987488298516808E+001
  0.100000000000000E+001  0.196913269620097E+002  0.108898101127193E+002  0.715495997388462E+002 -0.428018885348509E+000  0.505413526958520E+000 -0.107536384819057E+002 -0.984566348100484E+001
  0.100000000000000E+001  0.196449092160673E+002  0.881717804367128E+001  0.451134206103087E+002 -0.437695918663206E+000  0.511176360244395E+000 -0.107536384819057E+002 -0.982245460803367E+001
  0.100000000000000E+001  0.196373495323009E+002 -0.104920226375863E+002  0.433868956010387E+002 -0.530043121246249E+000  0.656802893105382E+000 -0.107536384819057E+002 -0.981867476615043E+001
  0.100000000000000E+001  0.195977770617317E+002  0.830845609194447E+001  0.573485556523825E+002 -0.384581073975639E+000  0.511675665642733E+000 -0.107536384819057E+002 -0.979888853086588E+001
  0.100000000000000E+001  0.195474219957794E+002 -0.134891618037910E+001  0.567144205389312E+002 -0.431489109160133E+000  0.509191286148420E+000 -0.107536384819057E+002 -0.977371099788969E+001
  0.100000000000000E+001  0.195125355221642E+002 -0.274512601678265E+001  0.431136590130519E+002 -0.387220764330004E+000  0.507877371484704E+000 -0.107536384819057E+002 -0.975626776108212E+001
  0.100000000000000E+001  0.194509537075386E+002 -0.142056711337532E+002  0.621412770063041E+002 -0.440366412849820E+000  0.515161282856482E+000 -0.107536384819057E+002 -0.972547685376929E+001
  0.100000000000000E+001  0.194330713362931E+002 -0.145527415605070E+002  0.977881537673416E+002 -0.390236404620462E+000  0.515291759575236E+000 -0.107536384819057E+002 -0.971653566814654E+001
  0.100000000000000E+001  0.194127585294828E+002  0.465871331317355E+001  0.897036855351366E+002 -0.578202408837791E+000  0.622968865007914E+000 -0.107536384819057E+002 -0.970637926474140E+001
  0.100000000000000E+001  0.194003598361470E+002 -0.309026178480523E+001  0.928682781237633E+002 -0.391403979245549E+000  0.516217987641356E+000 -0.107536384819057E+002 -0.970017991807348E+001
  0.100000000000000E+001  0.193650224260340E+002  0.140881554375502E+002  0.459996362487073E+002 -0.430951129818399E+000  0.511621850372102E+000 -0.107536384819057E+002 -0.968251121301700E+001
  0.100000000000000E+001  0.193487592518877E+002  0.982010979626727E+001  0.452201399558459E+002 -0.392917985900307E+000  0.515190993177269E+000 -0.107536384819057E+002 -0.967437962594386E+001
  0.100000000000000E+001  0.192821379411079E+002 -0.811253363738161E+001  0.968911050891040E+002 -0.406187237808838E+000  0.541209376676703E+000 -0.107536384819057E+002 -0.964106897055395E+001
  0.100000000000000E+001  0.192626523420474E+002  0.926619662242004E+000  0.995866990126625E+002 -0.681192055275943E+000  0.724472185304763E+000 -0.107536384819057E+002 -0.963132617102368E+001
  0.100000000000000E+001  0.191581558367273E+002 -0.174582797758237E+002  0.460150854662772E+002 -0.518262069754746E+000  0.572266682924304E+000 -0.107536384819057E+002 -0.957907791836366E+001
  0.100000000000000E+001  0.191564532755838E+002  0.207220240842523E+001  0.843630532848309E+002 -0.451156213573261E+000  0.524976709817252E+000 -0.107536384819057E+002 -0.957822663779189E+001
  0.100000000000000E+001  0.190830168591354E+002 -0.722828131724438E+001  0.479411072656397E+002 -0.530593714011787E+000  0.582918158886633E+000 -0.107536384819057E+002 -0.954150842956769E+001
  0.100000000000000E+001  0.190688548913269E+002  0.630205829680215E+001  0.663122379912901E+002 -0.627033184436135E+000  0.670979872997001E+000 -0.107536384819057E+002 -0.953442744566347E+001
  0.100000000000000E+001  0.190267865442338E+002  0.269901260834735E+001  0.446983275462608E+002 -0.405155967124377E+000  0.518614464221267E+000 -0.107536384819057E+002 -0.951339327211688E+001
  0.100000000000000E+001  0.190248750953105E+002 -0.481905183439465E+001  0.779017084480309E+002 -0.618555868088485E+000  0.662946771044907E+000 -0.107536384819057E+002 -0.951243754765527E+001
  0.100000000000000E+001  0.190224777886030E+002  0.550729985455922E+001  0.624424352350186E+002 -0.417426125062991E+000  0.550338841612716E+000 -0.107536384819057E+002 -0.951123889430150E+001
  0.100000000000000E+001  0.190089310893607E+002  0.116274650028970E+002  0.697538215820464E+002 -0.405227912326288E+000  0.521005236532362E+000 -0.107536384819057E+002 -0.950446554468035E+001
  0.100000000000000E+001  0.189856624081760E+002  0.156717220006684E+002  0.615193988949360E+002 -0.439613696536443E+000  0.521523736993177E+000 -0.107536384819057E+002 -0.949283120408802E+001
  0.100000000000000E+001  0.189282136499560E+002  0.729437346718808E+001  0.814495781746299E+002 -0.651200345258384E+000  0.695364021499467E+000 -0.107536384819057E+002 -0.946410682497799E+001
  0.100000000000000E+001  0.188966903289436E+002  0.109951785402751E+002  0.546220100908879E+002 -0.556789439763946E+000  0.606516280766478E+000 -0.107536384819057E+002 -0.944834516447178E+001
  0.100000000000000E+001  0.188562217776579E+002 -0.955339783963097E+001  0.861817559973588E+002 -0.439027986915373E+000  0.573148528978383E+000 -0.107536384819057E+002 -0.942811088882896E+001
  0.100000000000000E+001  0.188469410514186E+002  0.146334809489098E+002  0.962793711900204E+002 -0.425349233870131E+000  0.519563922647105E+000 -0.107536384819057E+002 -0.942347052570929E+001
  0.100000000000000E+001  0.187825690196898E+002  0.589704687313512E+001  0.879902799128562E+002 -0.632336574007910E+000  0.677361866481525E+000 -0.107536384819057E+002 -0.939128450984488E+001
  0.100000000000000E+001  0.186716169315682E+002  0.100602958967843E+002  0.918545393171863E+002 -0.471657886445741E+000  0.543052131012214E+000 -0.107536384819057E+002 -0.933580846578408E+001
  0.100000000000000E+001  0.186653574581510E+002  0.156539127951147E+001  0.493598146396103E+002 -0.685665925767317E+000  0.731271983311586E+000 -0.107536384819057E+002 -0.933267872907547E+001
  0.100000000000000E+001  0.186025120001899E+002  0.502676969809023E+001  0.730844983098963E+002 -0.420506542487701E+000  0.538468567133949E+000 -0.107536384819057E+002 -0.930125600009496E+001
  0.100000000000000E+001  0.185662581940479E+002  0.103543961985574E+002  0.707722509467783E+002 -0.464779589087663E+000  0.540373709146972E+000 -0.107536384819057E+002 -0.928312909702397E+001
  0.100000000000000E+001  0.185459601293856E+002 -0.148302444681484E+002  0.444954184034173E+002 -0.558019421178952E+000  0.609756401295530E+000 -0.107536384819057E+002 -0.927298006469279E+001
  0.100000000000000E+001  0.185208132793427E+002  0.875649237827749E+001  0.448456712541336E+002 -0.457969875655298E+000  0.537448299749426E+000 -0.107536384819057E+002 -0.926040663967136E+001
  0.100000000000000E+001  0.185198776453142E+002  0.137732791730883E+002  0.939072406906055E+002 -0.499381952926253E+000  0.625965983595332E+000 -0.107536384819057E+002 -0.925993882265712E+001
  0.100000000000000E+001  0.185159926378663E+002 -0.119152382074443E+001  0.944892314291749E+002 -0.433979342987820E+000  0.529427010397213E+000 -0.107536384819057E+002 -0.925799631893317E+001
  0.100000000000000E+001  0.184934710304765E+002  0.110556853898715E+002  0.994407203477354E+002 -0.455241476489512E+000  0.585007675637492E+000 -0.107536384819057E+002 -0.924673551523825E+001
  0.100000000000000E+001  0.184843390306825E+002  0.184119276132805E+001  0.956934919940031E+002 -0.429518702216457E+000  0.552427949135157E+000 -0.107536384819057E+002 -0.924216951534123E+001
  0.100000000000000E+001  0.184352707922508E+002  0.427322417086451E-001  0.781110816950562E+002 -0.437483182874255E+000  0.532021969134223E+000 -0.107536384819057E+002 -0.921763539612542E+001
  0.100000000000000E+001  0.184217405352528E+002 -0.940861404958430E+001  0.445089797517872E+002 -0.531147953886017E+000  0.588161114294776E+000 -0.107536384819057E+002 -0.921087026762642E+001
  0.100000000000000E+001  0.184182582429357E+002 -0.216677767025300E+001  0.761073438148703E+002 -0.565024164367308E+000  0.616651622168328E+000 -0.107536384819057E+002 -0.920912912146785E+001
  0.100000000000000E+001  0.184061897616063E+002 -0.117549794111380E+002  0.653399742913315E+002 -0.531812923470219E+000  0.651352198372001E+000 -0.107536384819057E+002 -0.920309488080317E+001
  0.100000000000000E+001  0.183801390525541E+002  0.441442918677743E+001  0.487382092054976E+002 -0.441101570042132E+000  0.533996328267595E+000 -0.107536384819057E+002 -0.919006952627704E+001
  0.100000000000000E+001  0.183377164134883E+002 -0.111277047821357E+002  0.601209215009208E+002 -0.436375592760637E+000  0.558581104554870E+000 -0.107536384819057E+002 -0.916885820674413E+001
  0.100000000000000E+001  0.182395993142884E+002 -0.194077788612405E+002  0.634341329563682E+002 -0.494249309566453E+000  0.562442988194603E+000 -0.107536384819057E+002 -0.911979965714421E+001
  0.100000000000000E+001  0.181732387235087E+002 -0.982799393270748E+001  0.708460174562422E+002 -0.506037517430430E+000  0.571253841483784E+000 -0.107536384819057E+002 -0.908661936175433E+001
  0.100000000000000E+001  0.181531824423891E+002  0.120280387410859E+002  0.401726646355830E+002 -0.473264160850395E+000  0.550787003190897E+000 -0.107536384819057E+002 -0.907659122119453E+001
  0.100000000000000E+001  0.181517761106197E+002  0.524271745264658E+001  0.637503739083697E+002 -0.517194825812290E+000  0.637917475782732E+000 -0.107536384819057E+002 -0.907588805530985E+001
  0.100000000000000E+001  0.181020544683941E+002 -0.145939112407154E+002  0.734338938234791E+002 -0.566216747979780E+000  0.619696262733759E+000 -0.107536384819057E+002 -0.905102723419705E+001
  0.100000000000000E+001  0.180977444002377E+002 -0.751446477646756E+000  0.958456349651444E+002 -0.501901722052387E+000  0.569139178576656E+000 -0.107536384819057E+002 -0.904887220011884E+001
  0.100000000000000E+001  0.180709422891733E+002  0.832352206571315E+001  0.970391775358248E+002 -0.501374970089620E+000  0.569063614823523E+000 -0.107536384819057E+002 -0.903547114458667E+001
  0.100000000000000E+001  0.180648362546582E+002  0.150654152196536E+002  0.564819287065400E+002 -0.620524349562188E+000  0.669300032859553E+000 -0.107536384819057E+002 -0.903241812732910E+001
  0.100000000000000E+001  0.180218329222163E+002  0.125905255006419E+002  0.815087008650543E+002 -0.456864302118058E+000  0.546216166483537E+000 -0.107536384819057E+002 -0.901091646110816E+001
  0.100000000000000E+001  0.180175745744531E+002  0.217089417513390E+001  0.562497081369231E+002 -0.668008644070074E+000  0.715953327107790E+000 -0.107536384819057E+002 -0.900878728722653E+001
  0.100000000000000E+001  0.180164029791877E+002 -0.170847041151843E+002  0.409603050889796E+002 -0.551355063611051E+000  0.607681846131392E+000 -0.107536384819057E+002 -0.900820148959384E+001
  0.100000000000000E+001  0.179993952606721E+002  0.695458724158743E+001  0.497768765618059E+002 -0.451149987855243E+000  0.545896996236678E+000 -0.107536384819057E+002 -0.899969763033606E+001
  0.100000000000000E+001  0.179804655366152E+002 -0.121943032822151E+002  0.469603296219664E+002 -0.446221463197512E+000  0.547787024547364E+000 -0.107536384819057E+002 -0.899023276830760E+001
  0.100000000000000E+001  0.179762657327323E+002  0.687129438779416E+001  0.624771662800685E+002 -0.562579423588159E+000  0.617409836270777E+000 -0.107536384819057E+002 -0.898813286636616E+001
  0.100000000000000E+001  0.179430127299035E+002 -0.135356813544816E+002  0.592782811446252E+002 -0.562591415346602E+000  0.672241316933580E+000 -0.107536384819057E+002 -0.897150636495175E+001
  0.100000000000000E+001  0.179400918900071E+002 -0.678782213187229E+001  0.915253048899296E+002 -0.569972819569062E+000  0.677764449912451E+000 -0.107536384819057E+002 -0.897004594500357E+001
  0.100000000000000E+001  0.179207099440816E+002  0.456778500008711E+001  0.941670217849967E+002 -0.560031776574532E+000  0.670177327999020E+000 -0.107536384819057E+002 -0.896035497204080E+001
  0.100000000000000E+001  0.179081043991581E+002  0.178468654726876E+002  0.920993275480878E+002 -0.451229923942819E+000  0.549213726919806E+000 -0.107536384819057E+002 -0.895405219957903E+001
  0.100000000000000E+001  0.178654313589815E+002  0.362088210165004E+001  0.483337037580693E+002 -0.640722744726987E+000  0.689660391351616E+000 -0.107536384819057E+002 -0.893271567949074E+001
  0.100000000000000E+001  0.178648882921838E+002  0.192718724035489E+002  0.632705470914982E+002 -0.461165134602177E+000  0.580592600297464E+000 -0.107536384819057E+002 -0.893244414609189E+001
  0.100000000000000E+001  0.178550054271577E+002 -0.456470930714353E+000  0.855040594515135E+002 -0.449825220297126E+000  0.561396739621934E+000 -0.107536384819057E+002 -0.892750271357886E+001
  0.100000000000000E+001  0.178028844113791E+002  0.186163511198300E+002  0.478688319191597E+002 -0.480325931983894E+000  0.601117913277572E+000 -0.107536384819057E+002 -0.890144220568956E+001
  0.100000000000000E+001  0.177462541345485E+002 -0.314384454559438E+001  0.495884221352757E+002 -0.491631930820216E+000  0.566781782860932E+000 -0.107536384819057E+002 -0.887312706727425E+001
  0.100000000000000E+001  0.177268827751835E+002  0.654935401511853E+000  0.964559820795013E+002 -0.520117835011150E+000  0.585750924840520E+000 -0.107536384819057E+002 -0.886344138759175E+001
  0.100000000000000E+001  0.177105718636539E+002  0.414425273128710E+000  0.591252861405629E+002 -0.486957718347350E+000  0.606557609849057E+000 -0.107536384819057E+002 -0.885528593182694E+001
  0.100000000000000E+001  0.176909357778264E+002  0.138639827798648E+001  0.604667762558664E+002 -0.479177472681470E+000  0.561130394426534E+000 -0.107536384819057E+002 -0.884546788891320E+001
  0.100000000000000E+001  0.176888391836374E+002 -0.940226014280458E+001  0.542608359154297E+002 -0.494281713620454E+000  0.569115891213798E+000 -0.107536384819057E+002 -0.884441959181872E+001
  0.100000000000000E+001  0.176561581950849E+002 -0.717983721302214E+001  0.721566316286098E+002 -0.642193955326167E+000  0.692118774456530E+000 -0.107536384819057E+002 -0.882807909754247E+001
  0.100000000000000E+001  0.176015424252071E+002 -0.344929405229382E+001  0.974909098214642E+002 -0.537787172807392E+000  0.650651258115445E+000 -0.107536384819057E+002 -0.880077121260357E+001
  0.100000000000000E+001  0.175868868227431E+002  0.788629050056693E+001  0.844388376167181E+002 -0.495118400636320E+000  0.571022442371037E+000 -0.107536384819057E+002 -0.879344341137157E+001
  0.100000000000000E+001  0.175668757224528E+002  0.181552178780113E+002  0.734716360532062E+002 -0.623832857154202E+000  0.675015249832137E+000 -0.107536384819057E+002 -0.878343786122643E+001
  0.100000000000000E+001  0.175566708218673E+002 -0.445624630197963E+001  0.626971823303989E+002 -0.487597548687933E+000  0.605027803568517E+000 -0.107536384819057E+002 -0.877833541093366E+001
  0.100000000000000E+001  0.175555453553791E+002 -0.458289802525731E+001  0.965298342008906E+002 -0.502866686596523E+000  0.576062779523432E+000 -0.107536384819057E+002 -0.877777267768957E+001
  0.100000000000000E+001  0.175328878622002E+002  0.294951237947859E+001  0.413271614774050E+002 -0.477589667077237E+000  0.563613605833881E+000 -0.107536384819057E+002 -0.876644393110009E+001
  0.100000000000000E+001  0.175192228358637E+002 -0.920323657850073E+001  0.811213930360913E+002 -0.463000619128886E+000  0.569276653857377E+000 -0.107536384819057E+002 -0.875961141793187E+001
  0.100000000000000E+001  0.175111107637451E+002  0.415075994860259E+001  0.430054000004953E+002 -0.463558252766110E+000  0.570521480022074E+000 -0.107536384819057E+002 -0.875555538187257E+001
  0.100000000000000E+001  0.174944714623157E+002 -0.592080027791941E+001  0.458114210461345E+002 -0.473749704476479E+000  0.587909031202304E+000 -0.107536384819057E+002 -0.874723573115786E+001
  0.100000000000000E+001  0.174941941068204E+002  0.194625052357563E+002  0.577292771530672E+002 -0.475395958946868E+000  0.590038376356263E+000 -0.107536384819057E+002 -0.874709705341022E+001
  0.100000000000000E+001  0.174860967105170E+002 -0.118732076032487E+002  0.723083740480837E+002 -0.471886385107277E+000  0.585125898034420E+000 -0.107536384819057E+002 -0.874304835525851E+001
  0.100000000000000E+001  0.174846451252042E+002  0.163473418387190E+002  0.465271486611275E+002 -0.464326776198642E+000  0.567737353057398E+000 -0.107536384819057E+002 -0.874232256260207E+001
  0.100000000000000E+001  0.174725248768333E+002  0.621034553756503E+001  0.726371491007258E+002 -0.481454664610443E+000  0.596898449557498E+000 -0.107536384819057E+002 -0.873626243841666E+001
  0.100000000000000E+001  0.173969510497424E+002 -0.244005276658702E+001  0.791942326402477E+002 -0.479260528203607E+000  0.567350752683083E+000 -0.107536384819057E+002 -0.869847552487121E+001
  0.100000000000000E+001  0.173647266599254E+002  0.214132601140897E+001  0.401076436514785E+002 -0.503086887722107E+000  0.617905461318337E+000 -0.107536384819057E+002 -0.868236332996268E+001
  0.100000000000000E+001  0.173494398593913E+002  0.106665599839576E+001  0.866061898956505E+002 -0.535672962024673E+000  0.600864679614083E+000 -0.107536384819057E+002 -0.867471992969562E+001
  0.100000000000000E+001  0.173378217320742E+002  0.143303085466428E+002  0.424772769493293E+002 -0.572569351277308E+000  0.676280021226932E+000 -0.107536384819057E+002 -0.866891086603711E+001
  0.100000000000000E+001  0.173133105875758E+002 -0.361855342315005E+001  0.462444513164590E+002 -0.482854073656593E+000  0.595166792316166E+000 -0.107536384819057E+002 -0.865665529378789E+001
  0.100000000000000E+001  0.173077373347187E+002 -0.786949721041579E+001  0.901812029002998E+002 -0.485428295562279E+000  0.571355171153303E+000 -0.107536384819057E+002 -0.865386866735937E+001
  0.100000000000000E+001  0.173021966933710E+002 -0.911547385550836E+000  0.998353261176958E+002 -0.544359864410667E+000  0.653730239868962E+000 -0.107536384819057E+002 -0.865109834668552E+001
  0.100000000000000E+001  0.172903670618232E+002  0.801870215736739E+001  0.567833517394132E+002 -0.576406990564318E+000  0.678917529593665E+000 -0.107536384819057E+002 -0.864518353091159E+001
  0.100000000000000E+001  0.172629077727908E+002 -0.629428118920102E+001  0.639472788852069E+002 -0.474382986438119E+000  0.573714798575493E+000 -0.107536384819057E+002 -0.863145388639541E+001
  0.100000000000000E+001  0.172550958690263E+002 -0.165385493973804E+002  0.637314535665736E+002 -0.476600146666396E+000  0.583904512974517E+000 -0.107536384819057E+002 -0.862754793451315E+001
  0.100000000000000E+001  0.172227628835603E+002 -0.961032733116909E+000  0.827273287208975E+002 -0.668885194693535E+000  0.720827837100549E+000 -0.107536384819057E+002 -0.861138144178016E+001
  0.100000000000000E+001  0.172208837503385E+002 -0.302241219351131E-001  0.888890979888020E+002 -0.477837002838819E+000  0.584477331701980E+000 -0.107536384819057E+002 -0.861044187516926E+001
  0.100000000000000E+001  0.171793520472122E+002  0.971489001061817E+001  0.919597300748214E+002 -0.549535345377995E+000  0.613005583574032E+000 -0.107536384819057E+002 -0.858967602360612E+001
  0.100000000000000E+001  0.171727445971508E+002  0.176551816155266E+002  0.440526117547300E+002 -0.478713438705240E+000  0.583102923757081E+000 -0.107536384819057E+002 -0.858637229857541E+001
  0.100000000000000E+001  0.171536073162465E+002  0.154099615327183E+002  0.961095689940569E+002 -0.500017401848778E+000  0.611730182412447E+000 -0.107536384819057E+002 -0.857680365812325E+001
  0.100000000000000E+001  0.171396772641723E+002 -0.164536372019406E+002  0.910388617594403E+002 -0.494265500215409E+000  0.578319087125708E+000 -0.107536384819057E+002 -0.856983863208617E+001
  0.100000000000000E+001  0.171156460879591E+002  0.521913781925643E+001  0.646379425593585E+002 -0.549495553820380E+000  0.613568443731436E+000 -0.107536384819057E+002 -0.855782304397953E+001
  0.100000000000000E+001  0.170956455988696E+002  0.133157919807049E+002  0.564138981581835E+002 -0.537054073236638E+000  0.604474261850941E+000 -0.107536384819057E+002 -0.854782279943478E+001
  0.100000000000000E+001  0.170698936354135E+002 -0.120064286214364E+002  0.439089918230165E+002 -0.616451150354940E+000  0.671039011103897E+000 -0.107536384819057E+002 -0.853494681770673E+001
  0.100000000000000E+001  0.170657891319183E+002 -0.115336055420522E+001  0.910795630973758E+002 -0.485020384636290E+000  0.590083967587400E+000 -0.107536384819057E+002 -0.853289456595914E+001
  0.100000000000000E+001  0.170565474155078E+002  0.572652334596645E+001  0.402405284666270E+002 -0.580276463666123E+000  0.680403052724103E+000 -0.107536384819057E+002 -0.852827370775390E+001
  0.100000000000000E+001  0.170401466730356E+002 -0.794783273927000E+001  0.722842376377812E+002 -0.592060034116492E+000  0.689219233124254E+000 -0.107536384819057E+002 -0.852007333651779E+001
  0.100000000000000E+001  0.170382103237468E+002  0.342727185589215E+001  0.412427293893867E+002 -0.602746693236344E+000  0.658803067479681E+000 -0.107536384819057E+002 -0.851910516187342E+001
  0.100000000000000E+001  0.170109705894126E+002  0.103346299036415E+002  0.913297412382730E+002 -0.561954874943869E+000  0.624305635579844E+000 -0.107536384819057E+002 -0.850548529470631E+001
  0.100000000000000E+001  0.169945125154071E+002  0.110038396662598E+002  0.526471963845214E+002 -0.528516926503126E+000  0.599688387708250E+000 -0.107536384819057E+002 -0.849725625770357E+001
  0.100000000000000E+001  0.169887278706332E+002 -0.140454994006720E+002  0.442379925222944E+002 -0.497655510271163E+000  0.605840756403807E+000 -0.107536384819057E+002 -0.849436393531660E+001
  0.100000000000000E+001  0.169560929894126E+002  0.245854945692299E+001  0.651435359033700E+002 -0.561667693042533E+000  0.665099216756824E+000 -0.107536384819057E+002 -0.847804649470630E+001
  0.100000000000000E+001  0.169519294761256E+002 -0.204888567652457E+001  0.628854166008608E+002 -0.552860922818563E+000  0.617724463588823E+000 -0.107536384819057E+002 -0.847596473806280E+001
  0.100000000000000E+001  0.169389056024374E+002 -0.165923222984352E+002  0.482373034696584E+002 -0.526097283584129E+000  0.598814508253192E+000 -0.107536384819057E+002 -0.846945280121869E+001
  0.100000000000000E+001  0.169206601674829E+002  0.185138884640245E+002  0.541357375716823E+002 -0.497114260277108E+000  0.584790298381643E+000 -0.107536384819057E+002 -0.846033008374146E+001
  0.100000000000000E+001  0.169097447902542E+002  0.144789494644734E+002  0.938545209683226E+002 -0.493616064466818E+000  0.584934729384193E+000 -0.107536384819057E+002 -0.845487239512711E+001
  0.100000000000000E+001  0.169079131282271E+002  0.165654266262926E+002  0.997991022358285E+002 -0.501929510898673E+000  0.609135659588360E+000 -0.107536384819057E+002 -0.845395656411356E+001
  0.100000000000000E+001  0.168155747235469E+002  0.175592763643484E+002  0.677710067697385E+002 -0.506668698587065E+000  0.612674222737589E+000 -0.107536384819057E+002 -0.840778736177347E+001
  0.100000000000000E+001  0.167983493001379E+002 -0.846981110124230E+001  0.659165340101422E+002 -0.576166466315603E+000  0.637705172837524E+000 -0.107536384819057E+002 -0.839917465006896E+001
  0.100000000000000E+001  0.167904462127561E+002 -0.543680503323227E+001  0.602436219287024E+002 -0.495965372626166E+000  0.592169107324470E+000 -0.107536384819057E+002 -0.839522310637807E+001
  0.100000000000000E+001  0.167795588252765E+002 -0.997572514260836E+001  0.442352689286721E+002 -0.572861871312429E+000  0.635159064180739E+000 -0.107536384819057E+002 -0.838977941263825E+001
  0.100000000000000E+001  0.167664446648235E+002  0.127303866484185E+002  0.440606148111510E+002 -0.566087477343811E+000  0.629827147045617E+000 -0.107536384819057E+002 -0.838322233241172E+001
  0.100000000000000E+001  0.167632921715571E+002  0.534504358007679E+001  0.763368729674284E+002 -0.510162386534327E+000  0.615595769084977E+000 -0.107536384819057E+002 -0.838164608577853E+001
  0.100000000000000E+001  0.167381051254962E+002  0.783721449860473E+001  0.955353968095493E+002 -0.551714504038226E+000  0.619063073000101E+000 -0.107536384819057E+002 -0.836905256274812E+001
  0.100000000000000E+001  0.167271423713534E+002  0.368554526708377E+001  0.442842956277158E+002 -0.507571293517840E+000  0.611604293474582E+000 -0.107536384819057E+002 -0.836357118567672E+001
  0.100000000000000E+001  0.167101543856949E+002  0.174490638696720E+002  0.856389364641149E+002 -0.501530565259249E+000  0.601902451710295E+000 -0.107536384819057E+002 -0.835507719284744E+001
  0.100000000000000E+001  0.167096483430245E+002 -0.908497243603115E+000  0.791763539524099E+002 -0.500000394979185E+000  0.597680444514812E+000 -0.107536384819057E+002 -0.835482417151224E+001
  0.100000000000000E+001  0.166948050291159E+002  0.308351980131204E+001  0.954618024533526E+002 -0.501806273440268E+000  0.594342630782242E+000 -0.107536384819057E+002 -0.834740251455795E+001
  0.100000000000000E+001  0.166892912976879E+002 -0.118645977544433E+002  0.885164284032452E+002 -0.557205268790972E+000  0.623701288917676E+000 -0.107536384819057E+002 -0.834464564884396E+001
  0.100000000000000E+001  0.166856757746826E+002  0.111685001188864E+002  0.655954525318843E+002 -0.501695962550338E+000  0.595255895930134E+000 -0.107536384819057E+002 -0.834283788734131E+001
  0.100000000000000E+001  0.166804437823890E+002  0.194645015342035E+002  0.674969862551479E+002 -0.537293457846136E+000  0.641672733851138E+000 -0.107536384819057E+002 -0.834022189119452E+001
  0.100000000000000E+001  0.166590726068813E+002 -0.186829090062268E+002  0.460806785244179E+002 -0.544148152705743E+000  0.614539569592064E+000 -0.107536384819057E+002 -0.832953630344063E+001
  0.100000000000000E+001  0.166569894458539E+002  0.632079444871953E+001  0.470013844160588E+002 -0.520189790868553E+000  0.624577285511386E+000 -0.107536384819057E+002 -0.832849472292692E+001
  0.100000000000000E+001  0.166370661733704E+002 -0.813239382536006E+001  0.637327509662573E+002 -0.651134236387195E+000  0.706780250197551E+000 -0.107536384819057E+002 -0.831853308668519E+001
  0.100000000000000E+001  0.165902939266378E+002  0.580897302224016E+001  0.999050935069546E+002 -0.507562646009619E+000  0.598494452209274E+000 -0.107536384819057E+002 -0.829514696331888E+001
  0.100000000000000E+001  0.165865090547291E+002  0.880757791638212E+001  0.646373321016515E+002 -0.574652507541185E+000  0.638383825826930E+000 -0.107536384819057E+002 -0.829325452736454E+001
  0.100000000000000E+001  0.165235585981270E+002  0.119041576213881E+002  0.498224332813007E+002 -0.632146215714593E+000  0.689325918654450E+000 -0.107536384819057E+002 -0.826177929906348E+001
  0.100000000000000E+001  0.165199131227374E+002  0.133034382321071E+002  0.703921695040630E+002 -0.598930317954537E+000  0.659315189333602E+000 -0.107536384819057E+002 -0.825995656136869E+001
  0.100000000000000E+001  0.165157552304129E+002 -0.141779956087643E+002  0.467918135932600E+002 -0.532578816938206E+000  0.609164831239228E+000 -0.107536384819057E+002 -0.825787761520644E+001
  0.100000000000000E+001  0.165062979762770E+002 -0.193643880781570E+002  0.815064107552538E+002 -0.660716328812121E+000  0.717392020199130E+000 -0.107536384819057E+002 -0.825314898813852E+001
  0.100000000000000E+001  0.164944235404010E+002 -0.150507284184025E+002  0.795787214320401E+002 -0.526234246840820E+000  0.606164043415529E+000 -0.107536384819057E+002 -0.824721177020050E+001
  0.100000000000000E+001  0.164927734491060E+002 -0.142999555701957E+002  0.463186985121047E+002 -0.644614121230949E+000  0.701466118169956E+000 -0.107536384819057E+002 -0.824638672455301E+001
  0.100000000000000E+001  0.164740382749719E+002  0.700148748804782E+000  0.819042450062617E+002 -0.521271091066008E+000  0.621865162369063E+000 -0.107536384819057E+002 -0.823701913748593E+001
  0.100000000000000E+001  0.164404490758573E+002 -0.125216287723659E+002  0.783469684040097E+002 -0.518379067984488E+000  0.617043635184729E+000 -0.107536384819057E+002 -0.822022453792863E+001
  0.100000000000000E+001  0.164247451833604E+002  0.614457497345038E+001  0.601869758042331E+002 -0.514978248193014E+000  0.607413500580018E+000 -0.107536384819057E+002 -0.821237259168021E+001
  0.100000000000000E+001  0.164123859797666E+002 -0.356047884475269E+001  0.932860468301314E+002 -0.538367003637950E+000  0.638995675065773E+000 -0.107536384819057E+002 -0.820619298988331E+001
  0.100000000000000E+001  0.163951961914308E+002  0.180680550128077E+002  0.864241498171486E+002 -0.576955615818765E+000  0.642129062961820E+000 -0.107536384819057E+002 -0.819759809571542E+001
  0.100000000000000E+001  0.163940342564364E+002  0.631420684798844E+001  0.618047640856075E+002 -0.525986525825759E+000  0.625445433966284E+000 -0.107536384819057E+002 -0.819701712821822E+001
  0.100000000000000E+001  0.163900643286029E+002 -0.347531063607019E+001  0.766026165254992E+002 -0.523031639000632E+000  0.621663296548249E+000 -0.107536384819057E+002 -0.819503216430144E+001
  0.100000000000000E+001  0.163803410236176E+002  0.136025755407448E+001  0.992728024513552E+002 -0.523302832966564E+000  0.608004084341394E+000 -0.107536384819057E+002 -0.819017051180881E+001
  0.100000000000000E+001  0.163600100038465E+002 -0.135211414069711E+002  0.704953183800946E+002 -0.567665415074726E+000  0.664751298887759E+000 -0.107536384819057E+002 -0.818000500192324E+001
  0.100000000000000E+001  0.163506911628506E+002  0.183607809100022E+002  0.497421789396879E+002 -0.535703183385120E+000  0.613992540403917E+000 -0.107536384819057E+002 -0.817534558142529E+001
  0.100000000000000E+001  0.163489589488552E+002 -0.183752906711331E+001  0.789242236431743E+002 -0.546425327351278E+000  0.620389296936152E+000 -0.107536384819057E+002 -0.817447947442762E+001
  0.100000000000000E+001  0.163426708945040E+002  0.148471058548944E+002  0.668085734658724E+002 -0.520712788582517E+000  0.609749860788297E+000 -0.107536384819057E+002 -0.817133544725202E+001
  0.100000000000000E+001  0.163321808269500E+002 -0.167134400264020E+002  0.849624644144545E+002 -0.600411159528977E+000  0.662228835640866E+000 -0.107536384819057E+002 -0.816609041347501E+001
  0.100000000000000E+001  0.163314593863254E+002  0.134133515390759E+002  0.554113644442305E+002 -0.583053194975615E+000  0.677102784250867E+000 -0.107536384819057E+002 -0.816572969316269E+001
  0.100000000000000E+001  0.163267107091923E+002  0.142657891127929E+001  0.970687300302459E+002 -0.576492227193092E+000  0.642486964898064E+000 -0.107536384819057E+002 -0.816335535459616E+001
  0.100000000000000E+001  0.163235053459937E+002 -0.172610899789073E+002  0.707639555395468E+002 -0.520857098859685E+000  0.614352510417538E+000 -0.107536384819057E+002 -0.816175267299683E+001
  0.100000000000000E+001  0.163223374990812E+002  0.385792300289705E+001  0.681637630850249E+002 -0.520943604648140E+000  0.614474112757638E+000 -0.107536384819057E+002 -0.816116874954062E+001
  0.100000000000000E+001  0.162957346110777E+002 -0.110382545031865E+002  0.800373907761635E+002 -0.568898951190973E+000  0.665115313448792E+000 -0.107536384819057E+002 -0.814786730553883E+001
  0.100000000000000E+001  0.162858501322865E+002  0.905318341605037E+001  0.412141473853183E+002 -0.585327126221181E+000  0.650013093886307E+000 -0.107536384819057E+002 -0.814292506614323E+001
  0.100000000000000E+001  0.162408466518247E+002  0.965842121843535E+001  0.988799817167339E+002 -0.533467457650693E+000  0.615595295457379E+000 -0.107536384819057E+002 -0.812042332591235E+001
  0.100000000000000E+001  0.162136629311539E+002  0.826825451754267E+000  0.837786138095794E+002 -0.538264637091913E+000  0.635106772504995E+000 -0.107536384819057E+002 -0.810683146557693E+001
  0.100000000000000E+001  0.162033693706170E+002  0.738398816612190E+000  0.975524455393127E+002 -0.610665998216564E+000  0.697363830213541E+000 -0.107536384819057E+002 -0.810168468530851E+001
  0.100000000000000E+001  0.161901860953729E+002 -0.300178712597171E+001  0.694983298238642E+002 -0.605775007131898E+000  0.668199846930701E+000 -0.107536384819057E+002 -0.809509304768647E+001
  0.100000000000000E+001  0.161887237295297E+002 -0.131916490221128E+001  0.682882434464936E+002 -0.589672282874798E+000  0.681061472013095E+000 -0.107536384819057E+002 -0.809436186476487E+001
  0.100000000000000E+001  0.161770346813204E+002  0.137416462927240E+002  0.551752597744327E+002 -0.559255230679605E+000  0.655235745894275E+000 -0.107536384819057E+002 -0.808851734066019E+001
  0.100000000000000E+001  0.161711939659598E+002 -0.149348842399545E+002  0.700022432038138E+002 -0.534151824761901E+000  0.628868684099368E+000 -0.107536384819057E+002 -0.808559698297989E+001
  0.100000000000000E+001  0.161647816670141E+002 -0.183262937345804E+002  0.929816805032577E+002 -0.659363470045026E+000  0.719431605598882E+000 -0.107536384819057E+002 -0.808239083350703E+001
  0.100000000000000E+001  0.161559752385989E+002  0.941472007821494E+001  0.519283410436466E+002 -0.598212022359511E+000  0.662053784797145E+000 -0.107536384819057E+002 -0.807798761929947E+001
  0.100000000000000E+001  0.161439070190913E+002  0.970171204007131E+001  0.437683131203956E+002 -0.560875610728345E+000  0.656242947714194E+000 -0.107536384819057E+002 -0.807195350954564E+001
  0.100000000000000E+001  0.161232152297803E+002  0.120318758204169E+002  0.929718566089231E+002 -0.619770085857802E+000  0.681260343567443E+000 -0.107536384819057E+002 -0.806160761489014E+001
  0.100000000000000E+001  0.161205432613542E+002  0.117127902593595E+002  0.998470316532173E+002 -0.534981597283435E+000  0.620672464901721E+000 -0.107536384819057E+002 -0.806027163067710E+001
  0.100000000000000E+001  0.161188065959959E+002  0.337014241420974E+000  0.907909134770523E+002 -0.604523569959124E+000  0.691986404104435E+000 -0.107536384819057E+002 -0.805940329799794E+001
  0.100000000000000E+001  0.161182928817371E+002  0.106081498154102E+002  0.917134927571310E+002 -0.557786244495487E+000  0.631529711544711E+000 -0.107536384819057E+002 -0.805914644086854E+001
  0.100000000000000E+001  0.161152454382278E+002  0.220194417580776E+001  0.883089472670833E+002 -0.573406655191133E+000  0.666897674226608E+000 -0.107536384819057E+002 -0.805762271911392E+001
  0.100000000000000E+001  0.161096518732465E+002  0.108715063337170E+002  0.647860531581109E+002 -0.597120136674328E+000  0.661621113244978E+000 -0.107536384819057E+002 -0.805482593662325E+001
  0.100000000000000E+001  0.161088860487903E+002 -0.138529416694889E+002  0.787645841935209E+002 -0.547079435666551E+000  0.642271763944930E+000 -0.107536384819057E+002 -0.805444302439516E+001
  0.100000000000000E+001  0.161036328863194E+002 -0.167075464588680E+002  0.880982331013557E+002 -0.534787168703946E+000  0.622018571515951E+000 -0.107536384819057E+002 -0.805181644315971E+001
  0.100000000000000E+001  0.161013999362770E+002 -0.905145272164767E+001  0.466211296005422E+002 -0.579322045489894E+000  0.647324304441742E+000 -0.107536384819057E+002 -0.805069996813852E+001
  0.100000000000000E+001  0.160924217034478E+002  0.153758679361848E+002  0.901747845541529E+002 -0.609095521369635E+000  0.672064660981547E+000 -0.107536384819057E+002 -0.804621085172391E+001
  0.100000000000000E+001  0.160800281372606E+002  0.129103172900952E+001  0.712744357413838E+002 -0.566139354228976E+000  0.660089653493733E+000 -0.107536384819057E+002 -0.804001406863029E+001
  0.100000000000000E+001  0.160675721527103E+002 -0.115835506436949E+002  0.816990336489348E+002 -0.589868657549348E+000  0.656104515560711E+000 -0.107536384819057E+002 -0.803378607635515E+001
  0.100000000000000E+001  0.160546722285928E+002 -0.219695914624559E+001  0.827063311904352E+002 -0.598800917776384E+000  0.686952173290585E+000 -0.107536384819057E+002 -0.802733611429639E+001
  0.100000000000000E+001  0.160537196787074E+002 -0.147563633191424E+002  0.468770072667161E+002 -0.537461033070872E+000  0.626432784000649E+000 -0.107536384819057E+002 -0.802685983935369E+001
  0.100000000000000E+001  0.160286031460319E+002 -0.751437438423941E+001  0.822915790612662E+002 -0.589320354314178E+000  0.656127786395881E+000 -0.107536384819057E+002 -0.801430157301593E+001
  0.100000000000000E+001  0.160058384699054E+002  0.113459582758885E+002  0.870030888259353E+002 -0.544017529819061E+000  0.635631979367341E+000 -0.107536384819057E+002 -0.800291923495271E+001
  0.100000000000000E+001  0.159953411150867E+002 -0.151516767157642E+002  0.487181812474992E+002 -0.542703244649713E+000  0.627804656433892E+000 -0.107536384819057E+002 -0.799767055754336E+001
  0.100000000000000E+001  0.159946472128806E+002  0.653817268560093E+000  0.830880777009041E+002 -0.551895626372537E+000  0.630583843303826E+000 -0.107536384819057E+002 -0.799732360644032E+001
  0.100000000000000E+001  0.159812028744264E+002  0.968415291476189E+001  0.509269077817145E+002 -0.546339797406780E+000  0.637744658316997E+000 -0.107536384819057E+002 -0.799060143721321E+001
  0.100000000000000E+001  0.159597246975327E+002  0.175144472640044E+002  0.564770198041324E+002 -0.592708875519634E+000  0.681095677429652E+000 -0.107536384819057E+002 -0.797986234876636E+001
  0.100000000000000E+001  0.159371671609941E+002  0.120012606051673E+002  0.402981868764883E+002 -0.615504283821686E+000  0.679392044713271E+000 -0.107536384819057E+002 -0.796858358049706E+001
  0.100000000000000E+001  0.159363510394778E+002 -0.116955296904843E+002  0.445009372452658E+002 -0.653091499703354E+000  0.716021508255151E+000 -0.107536384819057E+002 -0.796817551973889E+001
  0.100000000000000E+001  0.159257068607971E+002  0.508589019312110E+001  0.937039648033245E+002 -0.556309705604312E+000  0.647753302606979E+000 -0.107536384819057E+002 -0.796285343039855E+001
  0.100000000000000E+001  0.159223745012588E+002 -0.731386358185396E+001  0.724034527836776E+002 -0.618861197849687E+000  0.682566863903339E+000 -0.107536384819057E+002 -0.796118725062940E+001
  0.100000000000000E+001  0.159124835498084E+002  0.102345820904131E+002  0.500408184297015E+002 -0.582334343003920E+000  0.671907053554638E+000 -0.107536384819057E+002 -0.795624177490419E+001
  0.100000000000000E+001  0.159090880766424E+002  0.134817322840539E+002  0.944901417352416E+002 -0.602624484044445E+000  0.688382369490280E+000 -0.107536384819057E+002 -0.795454403832123E+001
  0.100000000000000E+001  0.159004811821265E+002 -0.121881193138916E+002  0.943482785420390E+002 -0.613919460684123E+000  0.696918197724897E+000 -0.107536384819057E+002 -0.795024059106324E+001
  0.100000000000000E+001  0.158939779122381E+002  0.551042042490843E+001  0.447745156248502E+002 -0.569552561414861E+000  0.660256738000488E+000 -0.107536384819057E+002 -0.794698895611904E+001
  0.100000000000000E+001  0.158867380437774E+002  0.191209549356625E+002  0.771692704502919E+002 -0.574843665561083E+000  0.647139539219391E+000 -0.107536384819057E+002 -0.794336902188869E+001
  0.100000000000000E+001  0.158840338082341E+002 -0.695342184301563E+001  0.734361629361519E+002 -0.610242692244231E+000  0.675403542149314E+000 -0.107536384819057E+002 -0.794201690411706E+001
  0.100000000000000E+001  0.158821927177720E+002 -0.349635685638870E+001  0.785174823602092E+002 -0.562636749292673E+000  0.653301574622880E+000 -0.107536384819057E+002 -0.794109635888601E+001
  0.100000000000000E+001  0.158762408544568E+002 -0.116100882093177E+002  0.410607524537509E+002 -0.563667206913186E+000  0.640026127303201E+000 -0.107536384819057E+002 -0.793812042722839E+001
  0.100000000000000E+001  0.158370189379462E+002  0.103050489710023E+002  0.826853845282257E+002 -0.570189907706555E+000  0.659756744591333E+000 -0.107536384819057E+002 -0.791850946897310E+001
  0.100000000000000E+001  0.158307266469402E+002  0.747941762890396E+001  0.680839846495953E+002 -0.561754363084067E+000  0.640234440257180E+000 -0.107536384819057E+002 -0.791536332347010E+001
  0.100000000000000E+001  0.158172214799582E+002  0.871075925895681E+001  0.951425089133049E+002 -0.556796572420036E+000  0.644181338142612E+000 -0.107536384819057E+002 -0.790861073997909E+001
  0.100000000000000E+001  0.157975321279595E+002  0.924141964037000E+001  0.727776479863795E+002 -0.573297848922546E+000  0.647846865091871E+000 -0.107536384819057E+002 -0.789876606397973E+001
  0.100000000000000E+001  0.157958546485015E+002  0.183170604701541E+002  0.564367372988794E+002 -0.557620365856697E+000  0.643770655259211E+000 -0.107536384819057E+002 -0.789792732425075E+001
  0.100000000000000E+001  0.157898736451093E+002  0.188590609593822E+002  0.633980856259968E+002 -0.611731172245970E+000  0.677948094401314E+000 -0.107536384819057E+002 -0.789493682255463E+001
  0.100000000000000E+001  0.157748501054406E+002 -0.187565117855628E+002  0.631628253463542E+002 -0.566017138347381E+000  0.644179253493959E+000 -0.107536384819057E+002 -0.788742505272031E+001
  0.100000000000000E+001  0.157632034254006E+002  0.701280040232190E+001  0.560854143716461E+002 -0.564382595173232E+000  0.651624521333379E+000 -0.107536384819057E+002 -0.788160171270032E+001
  0.100000000000000E+001  0.157616735549402E+002  0.147178767607075E+002  0.572958547070789E+002 -0.560191499404950E+000  0.644333052801521E+000 -0.107536384819057E+002 -0.788083677747010E+001
  0.100000000000000E+001  0.157518014960414E+002  0.170556850681940E+002  0.456051170564633E+002 -0.588993328980498E+000  0.675137773328222E+000 -0.107536384819057E+002 -0.787590074802071E+001
  0.100000000000000E+001  0.157494207296368E+002  0.189040056589564E+002  0.873395794178334E+002 -0.565184840511672E+000  0.652003810211514E+000 -0.107536384819057E+002 -0.787471036481838E+001
  0.100000000000000E+001  0.157299885427788E+002 -0.512919729076053E+001  0.642111603917549E+002 -0.592173237216143E+000  0.677466046417651E+000 -0.107536384819057E+002 -0.786499427138938E+001
  0.100000000000000E+001  0.157232075094059E+002  0.909179354455649E+000  0.415930238606309E+002 -0.565421756426626E+000  0.650864657109899E+000 -0.107536384819057E+002 -0.786160375470297E+001
  0.100000000000000E+001  0.157208004770336E+002  0.727634987498676E+001  0.879416091918206E+002 -0.571836408925351E+000  0.658467617677196E+000 -0.107536384819057E+002 -0.786040023851679E+001
  0.100000000000000E+001  0.157156343299690E+002 -0.372686735946145E+001  0.755706351790125E+002 -0.571002720170739E+000  0.657393597179565E+000 -0.107536384819057E+002 -0.785781716498452E+001
  0.100000000000000E+001  0.157049303660468E+002  0.911347201937889E+001  0.972279912741793E+002 -0.615507416103896E+000  0.695560750291509E+000 -0.107536384819057E+002 -0.785246518302340E+001
  0.100000000000000E+001  0.157043748530300E+002 -0.156360361552279E+002  0.950660524891281E+002 -0.568774860427438E+000  0.648300109365883E+000 -0.107536384819057E+002 -0.785218742651500E+001
  0.100000000000000E+001  0.156907986574043E+002  0.555052882245450E+001  0.739688081377879E+002 -0.638380025211179E+000  0.705082243058914E+000 -0.107536384819057E+002 -0.784539932870215E+001
  0.100000000000000E+001  0.156870121908212E+002 -0.530929654991796E+001  0.886010587542844E+002 -0.615855530497559E+000  0.695530314829198E+000 -0.107536384819057E+002 -0.784350609541058E+001
  0.100000000000000E+001  0.156860866727580E+002  0.153590083325365E+002  0.432534832369040E+002 -0.591512646776261E+000  0.663095769292243E+000 -0.107536384819057E+002 -0.784304333637898E+001
  0.100000000000000E+001  0.156846614280702E+002 -0.133958497222928E+002  0.898908607277771E+002 -0.569160021054137E+000  0.653587252629880E+000 -0.107536384819057E+002 -0.784233071403510E+001
  0.100000000000000E+001  0.156806978158690E+002 -0.433172210867891E+001  0.446053824081807E+002 -0.638716828680133E+000  0.705829037939482E+000 -0.107536384819057E+002 -0.784034890793451E+001
  0.100000000000000E+001  0.156688140338242E+002 -0.181545274576875E+001  0.455168269956312E+002 -0.580495877710714E+000  0.665686062072051E+000 -0.107536384819057E+002 -0.783440701691209E+001
  0.100000000000000E+001  0.156546665346019E+002 -0.519826710469272E+001  0.781832076367810E+002 -0.613674401236220E+000  0.681848216298083E+000 -0.107536384819057E+002 -0.782733326730096E+001
  0.100000000000000E+001  0.156502804746153E+002  0.950212339186272E+000  0.433039602853986E+002 -0.635937130496847E+000  0.707950522738062E+000 -0.107536384819057E+002 -0.782514023730766E+001
  0.100000000000000E+001  0.156490631883401E+002 -0.154907337604300E+002  0.471723060643137E+002 -0.607167273241514E+000  0.688251181609675E+000 -0.107536384819057E+002 -0.782453159417006E+001
  0.100000000000000E+001  0.156093617849525E+002 -0.103184231864786E+002  0.914830620686375E+002 -0.610256215606834E+000  0.689856544932976E+000 -0.107536384819057E+002 -0.780468089247627E+001
  0.100000000000000E+001  0.155790987436503E+002  0.109785125641310E+002  0.422654561041423E+002 -0.623219316323037E+000  0.692437570313422E+000 -0.107536384819057E+002 -0.778954937182517E+001
  0.100000000000000E+001  0.155772418931604E+002  0.166451522377832E+002  0.691601843566038E+002 -0.586241786325811E+000  0.668165639066109E+000 -0.107536384819057E+002 -0.778862094658020E+001
  0.100000000000000E+001  0.155667463798203E+002  0.164158224801165E+002  0.721322914591666E+002 -0.626982694748912E+000  0.700022111915062E+000 -0.107536384819057E+002 -0.778337318991015E+001
  0.100000000000000E+001  0.155633556631761E+002  0.173103348307972E+001  0.517926693557822E+002 -0.615047473174406E+000  0.685207148462488E+000 -0.107536384819057E+002 -0.778167783158805E+001
  0.100000000000000E+001  0.155622393495638E+002 -0.768628217860311E+001  0.461361707212946E+002 -0.588271713705159E+000  0.669539552890001E+000 -0.107536384819057E+002 -0.778111967478192E+001
  0.100000000000000E+001  0.155619556977182E+002  0.871772054350251E+001  0.841002359517876E+002 -0.585856845670828E+000  0.663413928966302E+000 -0.107536384819057E+002 -0.778097784885910E+001
  0.100000000000000E+001  0.155603758723688E+002 -0.117133778556369E+000  0.939345337453074E+002 -0.593120518090612E+000  0.674242170659238E+000 -0.107536384819057E+002 -0.778018793618441E+001
  0.100000000000000E+001  0.155454107766213E+002 -0.184900398115241E+002  0.799778509805494E+002 -0.588592935844606E+000  0.665886816175199E+000 -0.107536384819057E+002 -0.777270538831065E+001
  0.100000000000000E+001  0.155396960072463E+002 -0.128867646520810E+002  0.717656635000272E+002 -0.592614701382999E+000  0.668352337994049E+000 -0.107536384819057E+002 -0.776984800362313E+001
  0.100000000000000E+001  0.155296163408238E+002  0.203992477082897E+001  0.506277566039225E+002 -0.610883096373588E+000  0.688098008298556E+000 -0.107536384819057E+002 -0.776480817041188E+001
  0.100000000000000E+001  0.155279125783578E+002  0.450724958355110E+001  0.609172098271841E+002 -0.602486513090823E+000  0.681307001622431E+000 -0.107536384819057E+002 -0.776395628917892E+001
  0.100000000000000E+001  0.155253557747779E+002  0.803002378293857E+001  0.698393622997294E+002 -0.601546433697824E+000  0.680387709469215E+000 -0.107536384819057E+002 -0.776267788738893E+001
  0.100000000000000E+001  0.155251082165109E+002  0.119704281805514E+002  0.893028460660392E+002 -0.617498707659178E+000  0.689040737173652E+000 -0.107536384819057E+002 -0.776255410825544E+001
  0.100000000000000E+001  0.155120322304001E+002 -0.151148673226366E+002  0.970508430315567E+002 -0.615064037982281E+000  0.687475770257615E+000 -0.107536384819057E+002 -0.775601611520006E+001
  0.100000000000000E+001  0.155114080877096E+002  0.923820684020194E+001  0.494768521300695E+002 -0.617617593795995E+000  0.691212850446258E+000 -0.107536384819057E+002 -0.775570404385482E+001
  0.100000000000000E+001  0.155071249773813E+002 -0.983407565684768E+001  0.679998312408636E+002 -0.597841647415959E+000  0.675591703053748E+000 -0.107536384819057E+002 -0.775356248869066E+001
  0.100000000000000E+001  0.155047353631044E+002 -0.722146957662288E+001  0.620352222085208E+002 -0.609915974512947E+000  0.686065676707922E+000 -0.107536384819057E+002 -0.775236768155220E+001
  0.100000000000000E+001  0.155004866224183E+002  0.103897520958250E+002  0.701204698948239E+002 -0.601432200709764E+000  0.678538496005444E+000 -0.107536384819057E+002 -0.775024331120916E+001
