  0.190116902607510E+002  0.980851723329613E+002 -0.370405507810167E+000  0.449659918456916E+000 -0.107536384819057E+002 -0.158353837388240E+001 -0.158353837388240E+001
  0.167146603110968E+002  0.614023855170730E+002 -0.371888020329695E+000  0.450733292429566E+000 -0.107536384819057E+002 -0.158348987217512E+001 -0.158348987217512E+001
  0.191739444019862E+002  0.460843077540752E+002 -0.372146264027080E+000  0.451985686533979E+000 -0.107536384819057E+002 -0.158351508515431E+001 -0.158351508515431E+001
  0.252296833970573E+001  0.498377433124435E+002 -0.369350429182260E+000  0.449004343265401E+000 -0.107536384819057E+002 -0.158426328735305E+001 -0.158426328735305E+001
 -0.155678413852788E+002  0.843908073226296E+002 -0.374873450803705E+000  0.453730537070696E+000 -0.107536384819057E+002 -0.158436675943597E+001 -0.158436675943597E+001
  0.242583442439848E+000  0.615213331820035E+002 -0.372884083045754E+000  0.451841396772853E+000 -0.107536384819057E+002 -0.158323177590758E+001 -0.158323177590758E+001
  0.176524616399042E+002  0.618666342262818E+002 -0.374019982121232E+000  0.452905277554148E+000 -0.107536384819057E+002 -0.158372602647183E+001 -0.158372602647183E+001
  0.692354477555504E+000  0.906752191538888E+002 -0.375068923922246E+000  0.454289953849508E+000 -0.107536384819057E+002 -0.158448168217707E+001 -0.158448168217707E+001
 -0.576947099392796E+001  0.737223974272613E+002 -0.371579856559390E+000  0.450539602630021E+000 -0.107536384819057E+002 -0.158335257018956E+001 -0.158335257018956E+001
 -0.265132259920190E+001  0.504793011987136E+002 -0.370078423942781E+000  0.449859776193458E+000 -0.107536384819057E+002 -0.158381590123289E+001 -0.158381590123289E+001
  0.415574319678527E+001  0.699861774103620E+002 -0.370730508191624E+000  0.449913238870268E+000 -0.107536384819057E+002 -0.158341103733896E+001 -0.158341103733896E+001
  0.783199933514579E+001  0.654584008223431E+002 -0.372148838500411E+000  0.451935192701940E+000 -0.107536384819057E+002 -0.158340040907687E+001 -0.158340040907687E+001
 -0.548168490852041E+001  0.787471023270102E+002 -0.370798751979787E+000  0.450812183965031E+000 -0.107536384819057E+002 -0.158395316218545E+001 -0.158395316218545E+001
 -0.842436094947451E+001  0.445416081973245E+002 -0.370419674867025E+000  0.450503704781360E+000 -0.107536384819057E+002 -0.158424804553480E+001 -0.158424804553480E+001
 -0.959824986762667E+001  0.488539534802592E+002 -0.374433462158972E+000  0.453039548498860E+000 -0.107536384819057E+002 -0.158446924094243E+001 -0.158446924094243E+001
 -0.202377601701207E+001  0.593116638610373E+002 -0.373280442600295E+000  0.452380633328344E+000 -0.107536384819057E+002 -0.158319456847324E+001 -0.158319456847324E+001
  0.330289351349352E+001  0.536430569875777E+002 -0.371261709815872E+000  0.450566341171779E+000 -0.107536384819057E+002 -0.158307318779600E+001 -0.158307318779600E+001
 -0.802526948670515E+001  0.920242415363806E+002 -0.372818914729853E+000  0.451556638852716E+000 -0.107536384819057E+002 -0.158363178781408E+001 -0.158363178781408E+001
 -0.111493184885641E+002  0.849550359007783E+002 -0.372273811379183E+000  0.451262665790347E+000 -0.107536384819057E+002 -0.158316286695857E+001 -0.158316286695857E+001
  0.188039426759036E+002  0.610125642770080E+002 -0.370723929461827E+000  0.449570712427096E+000 -0.107536384819057E+002 -0.158405184190252E+001 -0.158405184190252E+001
  0.525770589106463E+001  0.590186727167517E+002 -0.370183340405483E+000  0.449089093294725E+000 -0.107536384819057E+002 -0.158432798639482E+001 -0.158432798639482E+001
 -0.132046630668903E+002  0.889420624283895E+002 -0.370856539270495E+000  0.450442888811393E+000 -0.107536384819057E+002 -0.158325227816810E+001 -0.158325227816810E+001
  0.699584402813238E+001  0.645392115652675E+002 -0.374696335914751E+000  0.453946954479301E+000 -0.107536384819057E+002 -0.158412229918560E+001 -0.158412229918560E+001
  0.159261790335106E+001  0.892241232985478E+002 -0.374001152842294E+000  0.452933854564096E+000 -0.107536384819057E+002 -0.158366099975861E+001 -0.158366099975861E+001
  0.180571753429065E+002  0.505508963276836E+002 -0.373121831139007E+000  0.451586226421389E+000 -0.107536384819057E+002 -0.158444066934235E+001 -0.158444066934235E+001
  0.100596994565618E+002  0.857659702993782E+002 -0.374952997747951E+000  0.454298357528065E+000 -0.107536384819057E+002 -0.158446864301386E+001 -0.158446864301386E+001
 -0.535010594502797E+001  0.545426047856318E+002 -0.370897065631919E+000  0.450856298079013E+000 -0.107536384819057E+002 -0.158379919650568E+001 -0.158379919650568E+001
  0.193928505148168E+002  0.824813373596240E+002 -0.370422120677481E+000  0.450395725755960E+000 -0.107536384819057E+002 -0.158397653554255E+001 -0.158397653554255E+001
  0.189378771646137E+001  0.796863704719308E+002 -0.374469736033393E+000  0.454037204307327E+000 -0.107536384819057E+002 -0.158431730253988E+001 -0.158431730253988E+001
  0.884603445921600E+001  0.690984368064975E+002 -0.371271715617998E+000  0.450234218413713E+000 -0.107536384819057E+002 -0.158347024621809E+001 -0.158347024621809E+001
 -0.745379490875192E+001  0.558264175189225E+002 -0.373738850092735E+000  0.453004570054759E+000 -0.107536384819057E+002 -0.158339232572425E+001 -0.158339232572425E+001
 -0.337500225317088E+001  0.847798341629484E+002 -0.370325254311452E+000  0.449520748842661E+000 -0.107536384819057E+002 -0.158365966818563E+001 -0.158365966818562E+001
 -0.192768960001118E+002  0.716862785386746E+002 -0.370124248126232E+000  0.449397883362802E+000 -0.107536384819057E+002 -0.158372274765623E+001 -0.158372274765623E+001
  0.600011288973431E+001  0.641137790087550E+002 -0.373886429654361E+000  0.453113429317261E+000 -0.107536384819057E+002 -0.158347152264993E+001 -0.158347152264993E+001
  0.887252578717816E+001  0.730068810739340E+002 -0.372283854320438E+000  0.451025722021411E+000 -0.107536384819057E+002 -0.158365128274142E+001 -0.158365128274142E+001
 -0.481587308808769E+001  0.778248404414645E+002 -0.369268673161067E+000  0.448528696829067E+000 -0.107536384819057E+002 -0.158453753404184E+001 -0.158453753404184E+001
 -0.148364385865477E+002  0.822905065628488E+002 -0.373003968441680E+000  0.452410827412636E+000 -0.107536384819057E+002 -0.158311455469489E+001 -0.158311455469489E+001
 -0.547521131346303E+001  0.785853106035251E+002 -0.373117057623382E+000  0.451535452487493E+000 -0.107536384819057E+002 -0.158460396194969E+001 -0.158460396194969E+001
 -0.843601536157099E+001  0.793990758993024E+002 -0.372774652586154E+000  0.451645674687678E+000 -0.107536384819057E+002 -0.158335419343360E+001 -0.158335419343360E+001
 -0.117522722444119E+002  0.759776598419011E+002 -0.371014069754834E+000  0.450072803597021E+000 -0.107536384819057E+002 -0.158342632178081E+001 -0.158342632178081E+001
  0.188072979344409E+002  0.722233250824002E+002 -0.370761841821890E+000  0.449698909023369E+000 -0.107536384819057E+002 -0.158380677995881E+001 -0.158380677995881E+001
  0.640262981728013E+001  0.562643612832083E+002 -0.371161492612987E+000  0.451225787230227E+000 -0.107536384819057E+002 -0.158403482103226E+001 -0.158403482103226E+001
  0.682254901886517E+001  0.712083073419304E+002 -0.372754905086554E+000  0.451275194736952E+000 -0.107536384819057E+002 -0.158425042427293E+001 -0.158425042427293E+001
 -0.378058331821765E+001  0.914047043478737E+002 -0.373767717315851E+000  0.453025186069609E+000 -0.107536384819057E+002 -0.158340676181763E+001 -0.158340676181763E+001
  0.122087301743619E+002  0.463513016424513E+002 -0.372617914782046E+000  0.452026055558093E+000 -0.107536384819057E+002 -0.158300265814491E+001 -0.158300265814491E+001
  0.800128054577174E+001  0.780136555441640E+002 -0.371410235731537E+000  0.451520817459953E+000 -0.107536384819057E+002 -0.158417078183267E+001 -0.158417078183267E+001
 -0.129464348797434E+002  0.539337971547012E+002 -0.373337105561119E+000  0.452523293863035E+000 -0.107536384819057E+002 -0.158318468479820E+001 -0.158318468479820E+001
  0.419798569069972E+001  0.609114648181571E+002 -0.370757092751195E+000  0.449418181627620E+000 -0.107536384819057E+002 -0.158459111605613E+001 -0.158459111605613E+001
 -0.844715524146573E+001  0.928279065640911E+002 -0.371546894943755E+000  0.450934854751352E+000 -0.107536384819057E+002 -0.158298302998256E+001 -0.158298302998256E+001
  0.182833526731792E+002  0.497481160790179E+002 -0.372900152577297E+000  0.451387101843041E+000 -0.107536384819057E+002 -0.158435795825321E+001 -0.158435795825321E+001
  0.755977536802679E+001  0.989078197650401E+002 -0.370933188679772E+000  0.450369367747683E+000 -0.107536384819057E+002 -0.158316930623240E+001 -0.158316930623240E+001
  0.161291838549373E+002  0.843983123544178E+002 -0.374402136255144E+000  0.453826179572431E+000 -0.107536384819057E+002 -0.158401820798942E+001 -0.158401820798942E+001
 -0.126475361288129E+002  0.854411950019295E+002 -0.371196907286397E+000  0.450465266809540E+000 -0.107536384819057E+002 -0.158311452955754E+001 -0.158311452955754E+001
  0.177878260190127E+001  0.566092296699758E+002 -0.369553593850993E+000  0.449428272294917E+000 -0.107536384819057E+002 -0.158429458712895E+001 -0.158429458712896E+001
  0.174959379342262E+002  0.559302930650039E+002 -0.372966335054797E+000  0.452689810552505E+000 -0.107536384819057E+002 -0.158353961406094E+001 -0.158353961406094E+001
  0.101708778936294E+002  0.484302444766998E+002 -0.371282056291836E+000  0.450713006403944E+000 -0.107536384819057E+002 -0.158304965266168E+001 -0.158304965266167E+001
 -0.195254847375050E+001  0.540876073536986E+002 -0.371265149586277E+000  0.449970389272782E+000 -0.107536384819057E+002 -0.158411447583810E+001 -0.158411447583810E+001
  0.565210331848910E+001  0.480949609999784E+002 -0.369810371907177E+000  0.449721882429812E+000 -0.107536384819057E+002 -0.158417238969518E+001 -0.158417238969518E+001
  0.281687453481371E+000  0.827033253265671E+002 -0.372381944050024E+000  0.452288925629260E+000 -0.107536384819057E+002 -0.158374527325301E+001 -0.158374527325301E+001
  0.620780785374133E+001  0.986637063439325E+002 -0.371421945182379E+000  0.451267558697087E+000 -0.107536384819057E+002 -0.158347706671074E+001 -0.158347706671074E+001
  0.362406314796164E+001  0.715080228211079E+002 -0.371818110388882E+000  0.451362978302368E+000 -0.107536384819057E+002 -0.158302385867300E+001 -0.158302385867300E+001
  0.123713837219418E+002  0.738297902995181E+002 -0.374013258937828E+000  0.453719417616979E+000 -0.107536384819057E+002 -0.158420019478338E+001 -0.158420019478338E+001
  0.265256293198872E+001  0.411347679468893E+002 -0.370381760525069E+000  0.449351663355816E+000 -0.107536384819057E+002 -0.158400834141740E+001 -0.158400834141741E+001
 -0.172933626661426E+002  0.925917202864609E+002 -0.371964627852427E+000  0.451992074538683E+000 -0.107536384819057E+002 -0.158397916479805E+001 -0.158397916479805E+001
  0.173119259666130E+001  0.724719711649492E+002 -0.372570329925131E+000  0.452594632152109E+000 -0.107536384819057E+002 -0.158416662331899E+001 -0.158416662331899E+001
  0.493494466016809E+001  0.768325734759732E+002 -0.374195984801625E+000  0.453336323059805E+000 -0.107536384819057E+002 -0.158367253172471E+001 -0.158367253172471E+001
 -0.626000295145506E+000  0.945000395051400E+002 -0.369156810543730E+000  0.448731987005959E+000 -0.107536384819057E+002 -0.158443651083329E+001 -0.158443651083329E+001
  0.781830536177936E+001  0.968029429735403E+002 -0.371361639501613E+000  0.450241422001950E+000 -0.107536384819057E+002 -0.158360223022307E+001 -0.158360223022307E+001
  0.134727018598531E+002  0.989662229683040E+002 -0.371865302245379E+000  0.451488785472836E+000 -0.107536384819057E+002 -0.158310503237934E+001 -0.158310503237934E+001
  0.162170941780254E+002  0.637185915027775E+002 -0.369209272191512E+000  0.449111624774136E+000 -0.107536384819057E+002 -0.158461459868727E+001 -0.158461459868727E+001
  0.132458285907876E+002  0.631698396112458E+002 -0.369531173626948E+000  0.449233576932483E+000 -0.107536384819057E+002 -0.158413108313563E+001 -0.158413108313563E+001
 -0.112268269475762E+002  0.739960862968171E+002 -0.373943245837683E+000  0.452506993658963E+000 -0.107536384819057E+002 -0.158432681595831E+001 -0.158432681595831E+001
  0.836128084762225E+001  0.536436057217496E+002 -0.373274133979593E+000  0.452361622510944E+000 -0.107536384819057E+002 -0.158319994828354E+001 -0.158319994828354E+001
 -0.171787901884413E+002  0.901418103969594E+002 -0.372589935402134E+000  0.452020501971644E+000 -0.107536384819057E+002 -0.158300994472136E+001 -0.158300994472136E+001
  0.113851770217008E+002  0.772056130055801E+002 -0.373774043140562E+000  0.453633940656161E+000 -0.107536384819057E+002 -0.158441522083965E+001 -0.158441522083965E+001
  0.295473316886706E+001  0.941762779817242E+002 -0.370920384640317E+000  0.450771668901461E+000 -0.107536384819057E+002 -0.158356742381539E+001 -0.158356742381539E+001
 -0.300892586853337E+000  0.636290964607887E+002 -0.373088975177073E+000  0.452857136957453E+000 -0.107536384819057E+002 -0.158370045400512E+001 -0.158370045400512E+001
 -0.104787163560073E+002  0.613116429617478E+002 -0.374311937697153E+000  0.453809346790620E+000 -0.107536384819057E+002 -0.158404354530877E+001 -0.158404354530877E+001
  0.504006118158954E+001  0.840518455807380E+002 -0.373371747574074E+000  0.452527271831375E+000 -0.107536384819057E+002 -0.158320575076143E+001 -0.158320575076143E+001
 -0.590509909237000E+001  0.629301066208304E+002 -0.372579721454649E+000  0.451314251671160E+000 -0.107536384819057E+002 -0.158363963211026E+001 -0.158363963211026E+001
  0.288522572104377E+001  0.897155539072420E+002 -0.373362924653782E+000  0.452461199929990E+000 -0.107536384819057E+002 -0.158322609333637E+001 -0.158322609333637E+001
 -0.527147111107363E+001  0.748031874277358E+002 -0.369003478198252E+000  0.448469884827079E+000 -0.107536384819057E+002 -0.158463245801502E+001 -0.158463245801502E+001
  0.180668354609990E+001  0.802615728996925E+002 -0.374678594659902E+000  0.453793259223836E+000 -0.107536384819057E+002 -0.158406111276142E+001 -0.158406111276142E+001
 -0.137484510968380E+001  0.948405750342689E+002 -0.372059389427575E+000  0.451160618493679E+000 -0.107536384819057E+002 -0.158304376203857E+001 -0.158304376203857E+001
 -0.151305489432509E+002  0.647265992093615E+002 -0.374007044821974E+000  0.453744252674087E+000 -0.107536384819057E+002 -0.158427209512770E+001 -0.158427209512770E+001
  0.257888215931299E+001  0.972401792054690E+002 -0.372373317843942E+000  0.451633052461827E+000 -0.107536384819057E+002 -0.158294115928641E+001 -0.158294115928641E+001
 -0.176468184145352E+002  0.824430557735758E+002 -0.370683173152822E+000  0.450552130057917E+000 -0.107536384819057E+002 -0.158366965299285E+001 -0.158366965299285E+001
  0.488387344544399E+001  0.426833818556695E+002 -0.371461808780393E+000  0.450492949449953E+000 -0.107536384819057E+002 -0.158327347897384E+001 -0.158327347897384E+001
  0.138362356381279E+002  0.492410458813520E+002 -0.374645995044486E+000  0.453927260163671E+000 -0.107536384819057E+002 -0.158409605404645E+001 -0.158409605404645E+001
  0.113781765506539E+001  0.446219552633994E+002 -0.373040216526737E+000  0.452366382004326E+000 -0.107536384819057E+002 -0.158308544217571E+001 -0.158308544217571E+001
 -0.638377442905851E+001  0.733659311074915E+002 -0.370219229398424E+000  0.450249559457152E+000 -0.107536384819057E+002 -0.158419145717286E+001 -0.158419145717286E+001
  0.672346185468572E+001  0.778228467530554E+002 -0.370642982111524E+000  0.450333519991714E+000 -0.107536384819057E+002 -0.158342660798939E+001 -0.158342660798940E+001
  0.940519626716655E+001  0.540318871918429E+002 -0.372334430810389E+000  0.452438197706026E+000 -0.107536384819057E+002 -0.158434048164255E+001 -0.158434048164255E+001
 -0.173133102843081E+002  0.899290760947851E+002 -0.372333052577156E+000  0.450943499846128E+000 -0.107536384819057E+002 -0.158401195472825E+001 -0.158401195472825E+001
  0.133838645374147E+002  0.703947178184374E+002 -0.374883582541055E+000  0.453731785094380E+000 -0.107536384819057E+002 -0.158438517277295E+001 -0.158438517277295E+001
 -0.835213048866095E-001  0.471277783195080E+002 -0.370600077677630E+000  0.449590482347202E+000 -0.107536384819057E+002 -0.158380244330774E+001 -0.158380244330774E+001
 -0.191358029579107E+002  0.662421082402995E+002 -0.370461186462028E+000  0.450117069303993E+000 -0.107536384819057E+002 -0.158347765449569E+001 -0.158347765449568E+001
 -0.507380349679710E+001  0.552116177028486E+002 -0.372530068744074E+000  0.451784411386189E+000 -0.107536384819057E+002 -0.158295762728015E+001 -0.158295762728015E+001
  0.827141996122274E+001  0.692990037663934E+002 -0.371435470784131E+000  0.450815332136855E+000 -0.107536384819057E+002 -0.158300695953401E+001 -0.158300695953401E+001
 -0.171253246261897E+002  0.554751339083283E+002 -0.373312341823311E+000  0.453283639510090E+000 -0.107536384819057E+002 -0.158441479586415E+001 -0.158441479586415E+001
  0.762189003712001E+001  0.703358867521378E+002 -0.371813661157312E+000  0.451504573120594E+000 -0.107536384819057E+002 -0.158319569034399E+001 -0.158319569034399E+001
  0.101635418625385E+001  0.921211600498314E+002 -0.373621403415114E+000  0.452544009067976E+000 -0.107536384819057E+002 -0.158348589583856E+001 -0.158348589583856E+001
 -0.400739612654789E+001  0.911834295855087E+002 -0.372451857761067E+000  0.451797759500617E+000 -0.107536384819057E+002 -0.158294967744219E+001 -0.158294967744219E+001
 -0.315538209293057E+001  0.893314811027187E+002 -0.371390320696591E+000  0.450325790685681E+000 -0.107536384819057E+002 -0.158347123301713E+001 -0.158347123301713E+001
  0.209333144620028E+001  0.427325046945100E+002 -0.374402218966194E+000  0.453285449791671E+000 -0.107536384819057E+002 -0.158396833025461E+001 -0.158396833025461E+001
  0.124077750078967E+002  0.850749815324667E+002 -0.371736992710097E+000  0.451787017564588E+000 -0.107536384819057E+002 -0.158400878051326E+001 -0.158400878051326E+001
 -0.600882782888467E+001  0.646321875468121E+002 -0.369564891821884E+000  0.448744784968290E+000 -0.107536384819057E+002 -0.158434361742898E+001 -0.158434361742898E+001
 -0.494983522005537E+001  0.644662298485819E+002 -0.372726800320762E+000  0.451796393481865E+000 -0.107536384819057E+002 -0.158308251987634E+001 -0.158308251987634E+001
  0.155492071275529E+002  0.501394041945289E+002 -0.370667966509029E+000  0.449374126402632E+000 -0.107536384819057E+002 -0.158450841407913E+001 -0.158450841407913E+001
 -0.132686894229218E+002  0.886618150829726E+002 -0.370331073435574E+000  0.449183706824474E+000 -0.107536384819057E+002 -0.158434126794602E+001 -0.158434126794602E+001
  0.185482633170094E+002  0.445240681701047E+002 -0.374025590879242E+000  0.452853759474054E+000 -0.107536384819057E+002 -0.158380781328885E+001 -0.158380781328885E+001
 -0.185224285310445E+002  0.721932645490682E+002 -0.373594690905137E+000  0.453344844702271E+000 -0.107536384819057E+002 -0.158397548741684E+001 -0.158397548741683E+001
  0.971475916747241E+001  0.887804319366602E+002 -0.369714301194380E+000  0.448772326388323E+000 -0.107536384819057E+002 -0.158441704960882E+001 -0.158441704960882E+001
  0.131285496987304E+002  0.709230313538145E+002 -0.374232012570281E+000  0.453503210156230E+000 -0.107536384819057E+002 -0.158373283892842E+001 -0.158373283892842E+001
 -0.538245883086022E+001  0.844642151799261E+002 -0.370579071885511E+000  0.450743818896042E+000 -0.107536384819057E+002 -0.158443410072927E+001 -0.158443410072927E+001
  0.135884355671445E+002  0.805808988083493E+002 -0.370532714025586E+000  0.449747001139785E+000 -0.107536384819057E+002 -0.158349604625911E+001 -0.158349604625911E+001
  0.225491211976828E+001  0.519625987895032E+002 -0.371758953805203E+000  0.450760411035780E+000 -0.107536384819057E+002 -0.158322808858679E+001 -0.158322808858679E+001
  0.470692913234762E+001  0.517796890716451E+002 -0.369209849301215E+000  0.449041358357186E+000 -0.107536384819057E+002 -0.158452433711070E+001 -0.158452433711070E+001
 -0.187496323008840E+002  0.962955174937195E+002 -0.370192020527495E+000  0.449996512827239E+000 -0.107536384819057E+002 -0.158378132693481E+001 -0.158378132693481E+001
  0.373184361686693E+001  0.749597551338155E+002 -0.372649741362835E+000  0.452488881890494E+000 -0.107536384819057E+002 -0.158366648368007E+001 -0.158366648368007E+001
  0.102656326454170E+002  0.985112135142956E+002 -0.369894198629853E+000  0.449026047253325E+000 -0.107536384819057E+002 -0.158410568575390E+001 -0.158410568575390E+001
 -0.557723547324959E+001  0.807235172092255E+002 -0.372672664979478E+000  0.452101156968853E+000 -0.107536384819057E+002 -0.158302780177895E+001 -0.158302780177895E+001
  0.115513089928528E+002  0.832731122000703E+002 -0.369860043205076E+000  0.449475422502887E+000 -0.107536384819057E+002 -0.158382546867253E+001 -0.158382546867253E+001
  0.449612085891149E+001  0.959898309812846E+002 -0.370463752324275E+000  0.450258348549911E+000 -0.107536384819057E+002 -0.158363308173438E+001 -0.158363308173438E+001
  0.171248915198745E+002  0.558306241373102E+002 -0.370848366858008E+000  0.450585433691229E+000 -0.107536384819057E+002 -0.158340578278009E+001 -0.158340578278009E+001
  0.947912949671227E+001  0.875685340257510E+002 -0.373608037090867E+000  0.452879672936532E+000 -0.107536384819057E+002 -0.158332014728243E+001 -0.158332014728243E+001
 -0.176538312546800E+002  0.790654273144769E+002 -0.373874804935079E+000  0.453087872669004E+000 -0.107536384819057E+002 -0.158346154922693E+001 -0.158346154922693E+001
 -0.184992439759365E+002  0.687509275958637E+002 -0.370402735681689E+000  0.449723594126244E+000 -0.107536384819057E+002 -0.158348591811078E+001 -0.158348591811079E+001
 -0.106250917334774E+001  0.495550915939530E+002 -0.375068447488910E+000  0.454269938274981E+000 -0.107536384819057E+002 -0.158446939008968E+001 -0.158446939008969E+001
  0.251275862205772E+001  0.762847723211664E+002 -0.375134241416133E+000  0.454085435656495E+000 -0.107536384819057E+002 -0.158453572331253E+001 -0.158453572331253E+001
  0.168162113166106E+002  0.949264028091038E+002 -0.374183203899095E+000  0.453429746696252E+000 -0.107536384819057E+002 -0.158368334129780E+001 -0.158368334129780E+001
  0.102110854908541E+002  0.595967408199373E+002 -0.369718905506332E+000  0.449354201253258E+000 -0.107536384819057E+002 -0.158394180462501E+001 -0.158394180462501E+001
 -0.103601843362607E+002  0.701738952923925E+002 -0.371093985478667E+000  0.450852267865937E+000 -0.107536384819057E+002 -0.158336904941127E+001 -0.158336904941127E+001
 -0.246432650122239E+001  0.870939817453620E+002 -0.370835174699178E+000  0.450647116275743E+000 -0.107536384819057E+002 -0.158352167055006E+001 -0.158352167055006E+001
 -0.591707941130459E+001  0.620985668016326E+002 -0.373734021454039E+000  0.453501924627514E+000 -0.107536384819057E+002 -0.158412502286403E+001 -0.158412502286403E+001
 -0.109293016376492E+002  0.690025424963765E+002 -0.371676263334192E+000  0.450588735702179E+000 -0.107536384819057E+002 -0.158341083429299E+001 -0.158341083429299E+001
  0.818104912082297E+001  0.461998554971801E+002 -0.373523547579970E+000  0.452021042658605E+000 -0.107536384819057E+002 -0.158438860294897E+001 -0.158438860294897E+001
 -0.163816135608094E+002  0.875146314626772E+002 -0.371801548709644E+000  0.451115341361700E+000 -0.107536384819057E+002 -0.158294685626132E+001 -0.158294685626132E+001
  0.171933492060238E+002  0.980468807797797E+002 -0.371623367152786E+000  0.451605458549417E+000 -0.107536384819057E+002 -0.158380114412587E+001 -0.158380114412587E+001
  0.584379251954779E+001  0.832322242536017E+002 -0.372518508910474E+000  0.452245914410248E+000 -0.107536384819057E+002 -0.158337363949753E+001 -0.158337363949753E+001
 -0.323902825150277E+001  0.586623093978572E+002 -0.374031775045394E+000  0.453673672738560E+000 -0.107536384819057E+002 -0.158406947763057E+001 -0.158406947763057E+001
 -0.370918621448034E+000  0.991348747524227E+002 -0.374876466410924E+000  0.453630570153317E+000 -0.107536384819057E+002 -0.158450242518566E+001 -0.158450242518566E+001
  0.838219378313629E+001  0.950253345999541E+002 -0.374453130161069E+000  0.454009873345584E+000 -0.107536384819057E+002 -0.158428014025814E+001 -0.158428014025814E+001
  0.336111552106448E+001  0.535926917704111E+002 -0.372888157472703E+000  0.452943642793425E+000 -0.107536384819057E+002 -0.158443400603758E+001 -0.158443400603758E+001
  0.165005899221089E+002  0.936967724650408E+002 -0.371409742790541E+000  0.450421364256979E+000 -0.107536384819057E+002 -0.158332418796640E+001 -0.158332418796640E+001
  0.151232935396481E+002  0.896316594782628E+002 -0.369635513571741E+000  0.449195677981046E+000 -0.107536384819057E+002 -0.158398971294677E+001 -0.158398971294677E+001
 -0.112597434176635E+002  0.621194963196728E+002 -0.370117511521525E+000  0.449081924943345E+000 -0.107536384819057E+002 -0.158424226189072E+001 -0.158424226189072E+001
  0.409992164922748E+001  0.459907434337621E+002 -0.369491838026221E+000  0.449473774024993E+000 -0.107536384819057E+002 -0.158451843927086E+001 -0.158451843927086E+001
  0.129312806410006E+002  0.752907042159920E+002 -0.373663872064492E+000  0.452172752156951E+000 -0.107536384819057E+002 -0.158438877933041E+001 -0.158438877933041E+001
  0.241252333532245E+000  0.491547932932925E+002 -0.374359554750517E+000  0.453721492508343E+000 -0.107536384819057E+002 -0.158390868008263E+001 -0.158390868008263E+001
  0.142616786653600E+002  0.536926166174949E+002 -0.371798186429883E+000  0.451099442905756E+000 -0.107536384819057E+002 -0.158294984659486E+001 -0.158294984659486E+001
  0.854619415965231E+001  0.540981945117692E+002 -0.374746567238617E+000  0.453842366604219E+000 -0.107536384819057E+002 -0.158412252885036E+001 -0.158412252885036E+001
 -0.288340248883171E+001  0.687274219616527E+002 -0.370080099340246E+000  0.449596472869276E+000 -0.107536384819057E+002 -0.158364362172623E+001 -0.158364362172623E+001
 -0.176156432463043E+002  0.771247506386950E+002 -0.372107264036561E+000  0.451736230175212E+000 -0.107536384819057E+002 -0.158312740644667E+001 -0.158312740644667E+001
  0.160170960761730E+002  0.559759111735391E+002 -0.370214604638737E+000  0.449668124847068E+000 -0.107536384819057E+002 -0.158355478465597E+001 -0.158355478465597E+001
  0.695270336649263E+001  0.442949406945097E+002 -0.374046142860126E+000  0.453031364415506E+000 -0.107536384819057E+002 -0.158363889373012E+001 -0.158363889373012E+001
  0.437724942422304E+001  0.935187234798079E+002 -0.373226565676825E+000  0.452730081108568E+000 -0.107536384819057E+002 -0.158330128518335E+001 -0.158330128518335E+001
 -0.298453527064237E+001  0.807659899991562E+002 -0.372642980868967E+000  0.452741884703544E+000 -0.107536384819057E+002 -0.158445870264405E+001 -0.158445870264405E+001
 -0.189592852437593E+002  0.725466612531952E+002 -0.370660710090955E+000  0.450573595954870E+000 -0.107536384819057E+002 -0.158376230703986E+001 -0.158376230703986E+001
 -0.103663288759893E+001  0.745229491982073E+002 -0.369725294564236E+000  0.448738453440582E+000 -0.107536384819057E+002 -0.158450353588399E+001 -0.158450353588399E+001
 -0.221295328658029E+001  0.791526464673297E+002 -0.370870085951375E+000  0.450926508270174E+000 -0.107536384819057E+002 -0.158405153797960E+001 -0.158405153797960E+001
 -0.336873567859598E+000  0.820261274844503E+002 -0.372692876343535E+000  0.452697650752752E+000 -0.107536384819057E+002 -0.158415930662367E+001 -0.158415930662367E+001
 -0.125829140168502E+002  0.774101679184763E+002 -0.370528671688724E+000  0.450669898834956E+000 -0.107536384819057E+002 -0.158437600545073E+001 -0.158437600545073E+001
 -0.170992838954400E+002  0.641444067050744E+002 -0.369626109356331E+000  0.449478414119479E+000 -0.107536384819057E+002 -0.158420915992995E+001 -0.158420915992995E+001
  0.762305809188233E+001  0.874149741706916E+002 -0.371428522908763E+000  0.450872399420021E+000 -0.107536384819057E+002 -0.158301609765479E+001 -0.158301609765479E+001
  0.147060354395035E+002  0.799629222930515E+002 -0.369454255685795E+000  0.448910329068665E+000 -0.107536384819057E+002 -0.158417093862103E+001 -0.158417093862103E+001
 -0.106667125136278E+002  0.881223076488897E+002 -0.373100617399779E+000  0.451782195336575E+000 -0.107536384819057E+002 -0.158379266001911E+001 -0.158379266001911E+001
 -0.420764845041345E+001  0.650285133983529E+002 -0.371907483539292E+000  0.450717465842358E+000 -0.107536384819057E+002 -0.158356538482021E+001 -0.158356538482021E+001
  0.174307757258507E+002  0.627675879510567E+002 -0.371481998417557E+000  0.451668948509772E+000 -0.107536384819057E+002 -0.158443394061708E+001 -0.158443394061709E+001
  0.178779564807609E+002  0.485321970824094E+002 -0.372988851697024E+000  0.452427799353734E+000 -0.107536384819057E+002 -0.158313345223838E+001 -0.158313345223838E+001
  0.978046934425734E+001  0.416093692154769E+002 -0.372077011663289E+000  0.451267725935919E+000 -0.107536384819057E+002 -0.158296899381059E+001 -0.158296899381059E+001
  0.649405880505459E+001  0.998105087405269E+002 -0.371058653655006E+000  0.449659888904520E+000 -0.107536384819057E+002 -0.158458620939055E+001 -0.158458620939055E+001
  0.120100380781698E+002  0.662755479282313E+002 -0.369720317049905E+000  0.448898459812782E+000 -0.107536384819057E+002 -0.158419303937317E+001 -0.158419303937317E+001
 -0.191377101000727E+001  0.721021789845376E+002 -0.372717360674606E+000  0.451284839707625E+000 -0.107536384819057E+002 -0.158409971283781E+001 -0.158409971283782E+001
  0.475412436088097E+001  0.528720040119260E+002 -0.373022404174262E+000  0.453060530232094E+000 -0.107536384819057E+002 -0.158445263146590E+001 -0.158445263146590E+001
 -0.125529148754056E+002  0.630185065103459E+002 -0.370979078690388E+000  0.450353222388453E+000 -0.107536384819057E+002 -0.158315622415622E+001 -0.158315622415622E+001
  0.101064177366196E+002  0.632193289894262E+002 -0.369639566501687E+000  0.449415930644289E+000 -0.107536384819057E+002 -0.158410792590307E+001 -0.158410792590307E+001
 -0.611704425515677E+001  0.730762721291212E+002 -0.373214701451623E+000  0.451861440496613E+000 -0.107536384819057E+002 -0.158389831492085E+001 -0.158389831492085E+001
 -0.185384938397492E+002  0.981440496710056E+002 -0.371040831103806E+000  0.450275884161887E+000 -0.107536384819057E+002 -0.158320144245753E+001 -0.158320144245753E+001
 -0.184544040471299E+002  0.588991830519068E+002 -0.372726359884848E+000  0.451632295388268E+000 -0.107536384819057E+002 -0.158329102975791E+001 -0.158329102975791E+001
  0.166058745999071E+002  0.934823460106230E+002 -0.374394696452300E+000  0.452942975021352E+000 -0.107536384819057E+002 -0.158458986552611E+001 -0.158458986552611E+001
  0.292140203006038E+001  0.515877923706210E+002 -0.370832610530767E+000  0.451019653101953E+000 -0.107536384819057E+002 -0.158445380914523E+001 -0.158445380914523E+001
 -0.417506947014676E+001  0.571703657323121E+002 -0.372037709887975E+000  0.450796812475361E+000 -0.107536384819057E+002 -0.158365658752837E+001 -0.158365658752837E+001
 -0.181046287271570E+002  0.694206161611545E+002 -0.369815493536730E+000  0.449052639304855E+000 -0.107536384819057E+002 -0.158402168771172E+001 -0.158402168771172E+001
 -0.310926849697795E+001  0.899835489230042E+002 -0.371977627738194E+000  0.451563784640499E+000 -0.107536384819057E+002 -0.158306522060361E+001 -0.158306522060361E+001
 -0.266607944856029E+001  0.829838732021110E+002 -0.372154681372141E+000  0.451310536186860E+000 -0.107536384819057E+002 -0.158298804792705E+001 -0.158298804792705E+001
  0.178622379686318E+002  0.676328098219940E+002 -0.370500466246340E+000  0.450630192673089E+000 -0.107536384819057E+002 -0.158435024374212E+001 -0.158435024374212E+001
 -0.144306623361280E+002  0.556140774269374E+002 -0.372172560917824E+000  0.451440680169189E+000 -0.107536384819057E+002 -0.158293254225641E+001 -0.158293254225641E+001
 -0.577633841563100E+001  0.946156875181219E+002 -0.372691324849578E+000  0.451344146711100E+000 -0.107536384819057E+002 -0.158384853693978E+001 -0.158384853693978E+001
 -0.398821436744204E+001  0.862779570629000E+002 -0.371143609493958E+000  0.450338453576208E+000 -0.107536384819057E+002 -0.158319260057395E+001 -0.158319260057395E+001
  0.123485589437287E+002  0.533220456066935E+002 -0.372924291712298E+000  0.452609106145049E+000 -0.107536384819057E+002 -0.158344320619287E+001 -0.158344320619287E+001
  0.361934597242209E+001  0.940437753986310E+002 -0.369468413178053E+000  0.449255178285805E+000 -0.107536384819057E+002 -0.158425406039850E+001 -0.158425406039850E+001
  0.145251717619719E+002  0.619667728491433E+002 -0.371062567980505E+000  0.450188269627456E+000 -0.107536384819057E+002 -0.158330588951654E+001 -0.158330588951654E+001
  0.123532415713280E+002  0.972384584444547E+002 -0.369860519027000E+000  0.449730286431155E+000 -0.107536384819057E+002 -0.158407274305792E+001 -0.158407274305792E+001
 -0.704406693068831E+001  0.607661637188709E+002 -0.372942295126814E+000  0.452643412218490E+000 -0.107536384819057E+002 -0.158348293548840E+001 -0.158348293548840E+001
  0.679362624320118E+001  0.660077836866876E+002 -0.372065839837675E+000  0.450702786454840E+000 -0.107536384819057E+002 -0.158399191126131E+001 -0.158399191126131E+001
  0.157208172063947E+002  0.582798681079099E+002 -0.370411745971264E+000  0.450545855392558E+000 -0.107536384819057E+002 -0.158439108934124E+001 -0.158439108934125E+001
 -0.168977155415156E+002  0.942545922494711E+002 -0.372214326066413E+000  0.451208538203760E+000 -0.107536384819057E+002 -0.158315986489631E+001 -0.158315986489631E+001
 -0.107935196642721E+002  0.872690116793799E+002 -0.370485175554343E+000  0.449918613553005E+000 -0.107536384819057E+002 -0.158338941235396E+001 -0.158338941235396E+001
  0.970328626383303E+000  0.557553082221972E+002 -0.371221499232133E+000  0.450784697154006E+000 -0.107536384819057E+002 -0.158312190625797E+001 -0.158312190625798E+001
  0.177165573680530E+002  0.589886001452199E+002 -0.373931510517150E+000  0.453812579215599E+000 -0.107536384819057E+002 -0.158461736499983E+001 -0.158461736499983E+001
  0.782035315034596E+001  0.969331059897355E+002 -0.371448778893426E+000  0.451040221356969E+000 -0.107536384819057E+002 -0.158309914143102E+001 -0.158309914143102E+001
 -0.143077449918582E+001  0.938791811630438E+002 -0.373383455397635E+000  0.453350689865584E+000 -0.107536384819057E+002 -0.158445200299260E+001 -0.158445200299260E+001
  0.439074905918901E+001  0.805719372937085E+002 -0.373632313838039E+000  0.452310451990128E+000 -0.107536384819057E+002 -0.158392398731057E+001 -0.158392398731057E+001
  0.975068663710027E+001  0.596431104721647E+002 -0.372585626033212E+000  0.452170875034397E+000 -0.107536384819057E+002 -0.158316117598637E+001 -0.158316117598637E+001
 -0.954906444453781E+001  0.453747769244188E+002 -0.371989115514265E+000  0.451400601092022E+000 -0.107536384819057E+002 -0.158294085722412E+001 -0.158294085722412E+001
  0.407808386401452E+001  0.653646811610374E+002 -0.371916250912784E+000  0.450921813521150E+000 -0.107536384819057E+002 -0.158318594722225E+001 -0.158318594722225E+001
  0.345699941584270E+001  0.695003123118612E+002 -0.371860692536190E+000  0.451905765918959E+000 -0.107536384819057E+002 -0.158401296880997E+001 -0.158401296880997E+001
  0.379494957271274E+001  0.899859195822266E+002 -0.372430641364833E+000  0.451190584833055E+000 -0.107536384819057E+002 -0.158358852657584E+001 -0.158358852657584E+001
  0.168473232071747E+002  0.828455118513535E+002 -0.373354324226855E+000  0.453086054514995E+000 -0.107536384819057E+002 -0.158377021295256E+001 -0.158377021295256E+001
 -0.182859163709981E+002  0.770402799357902E+002 -0.371671532024788E+000  0.450177504160738E+000 -0.107536384819057E+002 -0.158458846343807E+001 -0.158458846343807E+001
  0.447764762791518E+000  0.918218157210168E+002 -0.370993505905489E+000  0.449920566026840E+000 -0.107536384819057E+002 -0.158368627048744E+001 -0.158368627048744E+001
 -0.131002237985306E+002  0.602641798937128E+002 -0.371584248335922E+000  0.451803454177582E+000 -0.107536384819057E+002 -0.158456413920369E+001 -0.158456413920369E+001
 -0.320916656528983E+000  0.926453082453608E+002 -0.373711946444360E+000  0.452615212590931E+000 -0.107536384819057E+002 -0.158354926417815E+001 -0.158354926417815E+001
 -0.142409138345200E+002  0.832807373856675E+002 -0.369627453613559E+000  0.449312622186774E+000 -0.107536384819057E+002 -0.158404131637995E+001 -0.158404131637995E+001
  0.397102480707721E+001  0.769992196751965E+002 -0.371929266058402E+000  0.451628264955072E+000 -0.107536384819057E+002 -0.158321352945621E+001 -0.158321352945621E+001
 -0.746396691576258E+001  0.691819639646813E+002 -0.371740216639808E+000  0.451852635720941E+000 -0.107536384819057E+002 -0.158420905020524E+001 -0.158420905020524E+001
 -0.158186624222055E+002  0.856398118082476E+002 -0.370416697394530E+000  0.449693953189412E+000 -0.107536384819057E+002 -0.158351012405912E+001 -0.158351012405912E+001
 -0.121038406330441E+002  0.724953705837550E+002 -0.370841324673674E+000  0.449735757408610E+000 -0.107536384819057E+002 -0.158385328749025E+001 -0.158385328749025E+001
  0.165712435752728E+002  0.610729547450899E+002 -0.370943504003624E+000  0.451009117199863E+000 -0.107536384819057E+002 -0.158406431481760E+001 -0.158406431481760E+001
  0.101711954382970E+002  0.788889054379539E+002 -0.373264928280807E+000  0.452721608763716E+000 -0.107536384819057E+002 -0.158326776267519E+001 -0.158326776267519E+001
  0.136997716753672E+002  0.577504798387835E+002 -0.372055206501074E+000  0.451892590260501E+000 -0.107536384819057E+002 -0.158349324881119E+001 -0.158349324881119E+001
  0.118899505179779E+002  0.612761768723392E+002 -0.374036215463656E+000  0.453707635514405E+000 -0.107536384819057E+002 -0.158413842594003E+001 -0.158413842594003E+001
  0.101697768707676E+002  0.962397498315278E+002 -0.370386928635429E+000  0.449939707615163E+000 -0.107536384819057E+002 -0.158345722174381E+001 -0.158345722174381E+001
  0.753602329801578E+001  0.510221208223201E+002 -0.371417582414246E+000  0.451225189866030E+000 -0.107536384819057E+002 -0.158340335797061E+001 -0.158340335797061E+001
  0.119112110346633E+002  0.998274889862170E+002 -0.373451062505239E+000  0.452236664639082E+000 -0.107536384819057E+002 -0.158363961895764E+001 -0.158363961895764E+001
 -0.462820775574486E+001  0.805623182435253E+002 -0.371117360638523E+000  0.450648792540424E+000 -0.107536384819057E+002 -0.158313097082963E+001 -0.158313097082963E+001
 -0.863562994416974E+001  0.689556670733201E+002 -0.370856978837544E+000  0.450588675135524E+000 -0.107536384819057E+002 -0.158339591678044E+001 -0.158339591678044E+001
 -0.111380184544910E+002  0.484077820598643E+002 -0.370029936166471E+000  0.449345391550819E+000 -0.107536384819057E+002 -0.158375836869486E+001 -0.158375836869486E+001
  0.928094862949193E+001  0.554799082379810E+002 -0.372548486467303E+000  0.452138101216719E+000 -0.107536384819057E+002 -0.158315701644817E+001 -0.158315701644817E+001
 -0.931573279881002E+001  0.858547189271278E+002 -0.374356543986739E+000  0.453903553575853E+000 -0.107536384819057E+002 -0.158416969404055E+001 -0.158416969404055E+001
  0.139031463337451E+002  0.572746642237839E+002 -0.373271579601224E+000  0.453054316780019E+000 -0.107536384819057E+002 -0.158384036079427E+001 -0.158384036079427E+001
  0.530483197377627E+001  0.440383308033414E+002 -0.370753668665655E+000  0.450864305446488E+000 -0.107536384819057E+002 -0.158422927610643E+001 -0.158422927610643E+001
  0.125220830122223E+001  0.939011363312238E+002 -0.374656622625284E+000  0.454058680439297E+000 -0.107536384819057E+002 -0.158423081494437E+001 -0.158423081494437E+001
 -0.590540916515771E+001  0.933383975023295E+002 -0.372042135159166E+000  0.451385784087051E+000 -0.107536384819057E+002 -0.158292703872188E+001 -0.158292703872188E+001
  0.152919341936547E+002  0.470112506871115E+002 -0.370509455116752E+000  0.449918638807056E+000 -0.107536384819057E+002 -0.158338015565365E+001 -0.158338015565366E+001
 -0.139000764874157E+002  0.736306510052360E+002 -0.371874050261742E+000  0.450362662898018E+000 -0.107536384819057E+002 -0.158456583950421E+001 -0.158456583950421E+001
 -0.104859732833990E+002  0.591758387249562E+002 -0.369044374334837E+000  0.448776595216275E+000 -0.107536384819057E+002 -0.158459601144484E+001 -0.158459601144484E+001
 -0.463023918527648E+001  0.844378037987995E+002 -0.370137495164029E+000  0.449912936998218E+000 -0.107536384819057E+002 -0.158377408890984E+001 -0.158377408890984E+001
 -0.190477740205880E+002  0.469945419681155E+002 -0.371301615840080E+000  0.450430990017612E+000 -0.107536384819057E+002 -0.158319890013454E+001 -0.158319890013454E+001
 -0.180596780780052E+002  0.504792644384482E+002 -0.375189504205961E+000  0.454313259728245E+000 -0.107536384819057E+002 -0.158456877380430E+001 -0.158456877380430E+001
 -0.136323265177269E+002  0.408195257732564E+002 -0.371197191692272E+000  0.451054533631807E+000 -0.107536384819057E+002 -0.158352424683852E+001 -0.158352424683852E+001
 -0.186772085710270E+002  0.406643691810886E+002 -0.370408871145131E+000  0.449403323736840E+000 -0.107536384819057E+002 -0.158393422026212E+001 -0.158393422026212E+001
 -0.100793209940296E+002  0.411074380274061E+002 -0.371961053431235E+000  0.451110694913506E+000 -0.107536384819057E+002 -0.158301024595948E+001 -0.158301024595948E+001
 -0.179091769869560E+002  0.517481567042304E+002 -0.371191620467405E+000  0.449804827798534E+000 -0.107536384819057E+002 -0.158445865417850E+001 -0.158445865417850E+001
 -0.150770974474295E+002  0.419606388734572E+002 -0.370600953339045E+000  0.450310516435484E+000 -0.107536384819057E+002 -0.158346490228616E+001 -0.158346490228616E+001
 -0.188036846513201E+002  0.439524089849477E+002 -0.369872865417112E+000  0.449169034478706E+000 -0.107536384819057E+002 -0.158390525230885E+001 -0.158390525230885E+001
 -0.185426813774848E+002  0.437463041102678E+002 -0.374330067200494E+000  0.453095845234205E+000 -0.107536384819057E+002 -0.158408428074188E+001 -0.158408428074189E+001
 -0.161451651412284E+002  0.469869248476817E+002 -0.369342399981625E+000  0.448765603825602E+000 -0.107536384819057E+002 -0.158429798846421E+001 -0.158429798846421E+001
 -0.138936568192653E+002  0.471973641026740E+002 -0.372020246668168E+000  0.451470439791906E+000 -0.107536384819057E+002 -0.158295696341723E+001 -0.158295696341723E+001
