  0.100000000000000E+001  0.149522130567878E+004 -0.192877556897258E+002  0.715609813602212E+002 -0.404960818410300E+000  0.416464379161708E+000 -0.107536384819057E+002 -0.747610652839388E+003
  0.100000000000000E+001  0.149078473391780E+004 -0.192002523712118E+002  0.745981746184286E+002 -0.367266448516951E+000  0.410665919203979E+000 -0.107536384819057E+002 -0.745392366958902E+003
  0.100000000000000E+001  0.149539375975022E+004 -0.192241493178885E+002  0.732350578617820E+002 -0.359847255099029E+000  0.405175131897876E+000 -0.107536384819057E+002 -0.747696879875110E+003
  0.100000000000000E+001  0.149092682382724E+004 -0.191941219942416E+002  0.748207706774857E+002 -0.370458646177114E+000  0.411478659197093E+000 -0.107536384819057E+002 -0.745463411913621E+003
  0.100000000000000E+001  0.149565204156966E+004 -0.192698690242262E+002  0.721063980862087E+002 -0.315348015416786E+000  0.377003503978754E+000 -0.107536384819057E+002 -0.747826020784828E+003
  0.100000000000000E+001  0.149108839284802E+004 -0.192240074388740E+002  0.740339152420279E+002 -0.369538261306013E+000  0.402950591989358E+000 -0.107536384819057E+002 -0.745544196424012E+003
  0.100000000000000E+001  0.150101818710685E+004 -0.193208043375448E+002  0.705348968360183E+002 -0.418184847855356E+000  0.433939713942369E+000 -0.107536384819057E+002 -0.750509093553425E+003
  0.100000000000000E+001  0.150100087242535E+004 -0.192696458219158E+002  0.723441586769819E+002 -0.347960933991894E+000  0.407378509630397E+000 -0.107536384819057E+002 -0.750500436212674E+003
  0.100000000000000E+001  0.149648465927581E+004 -0.192933933145545E+002  0.709010315844892E+002 -0.309105616048090E+000  0.368245020401901E+000 -0.107536384819057E+002 -0.748242329637903E+003
  0.100000000000000E+001  0.149112369847237E+004 -0.192291800032033E+002  0.737157062964921E+002 -0.358121275544317E+000  0.405086913909791E+000 -0.107536384819057E+002 -0.745561849236186E+003
  0.100000000000000E+001  0.149113115145576E+004 -0.193317816845684E+002  0.700189601995437E+002 -0.363584689170414E+000  0.401328564657122E+000 -0.107536384819057E+002 -0.745565575727881E+003
  0.100000000000000E+001  0.149857891843776E+004 -0.192528715840456E+002  0.725301328447129E+002 -0.312126339313630E+000  0.389480285329348E+000 -0.107536384819057E+002 -0.749289459218878E+003
  0.100000000000000E+001  0.149800699120128E+004 -0.191958189013400E+002  0.741233614498267E+002 -0.308605820445560E+000  0.381722840114956E+000 -0.107536384819057E+002 -0.749003495600641E+003
  0.100000000000000E+001  0.149493977842472E+004 -0.192465103065483E+002  0.733793953019899E+002 -0.430494527953467E+000  0.441929487175380E+000 -0.107536384819057E+002 -0.747469889212362E+003
  0.100000000000000E+001  0.149479877084787E+004 -0.192902815656728E+002  0.712583876622354E+002 -0.380276915336989E+000  0.418340440363862E+000 -0.107536384819057E+002 -0.747399385423937E+003
  0.100000000000000E+001  0.149116640372666E+004 -0.193092594209303E+002  0.709509177992749E+002 -0.398434309791772E+000  0.423720487798462E+000 -0.107536384819057E+002 -0.745583201863328E+003
  0.100000000000000E+001  0.149475316579177E+004 -0.192354010488964E+002  0.735240531541846E+002 -0.408764929626298E+000  0.415287447012127E+000 -0.107536384819057E+002 -0.747376582895885E+003
  0.100000000000000E+001  0.149458432551474E+004 -0.192654841057859E+002  0.728773975706955E+002 -0.422043458703373E+000  0.433495806736400E+000 -0.107536384819057E+002 -0.747292162757368E+003
  0.100000000000000E+001  0.149447082186522E+004 -0.192010621331407E+002  0.740519475648865E+002 -0.355642888997847E+000  0.401515037678375E+000 -0.107536384819057E+002 -0.747235410932609E+003
  0.100000000000000E+001  0.149442525310419E+004 -0.192874892542447E+002  0.710328759735406E+002 -0.309961675744510E+000  0.374115998727925E+000 -0.107536384819057E+002 -0.747212626552094E+003
  0.100000000000000E+001  0.149440723750101E+004 -0.192307496067148E+002  0.732262824088281E+002 -0.352595190403179E+000  0.409152668431021E+000 -0.107536384819057E+002 -0.747203618750504E+003
  0.100000000000000E+001  0.149123389795025E+004 -0.193102176370131E+002  0.708930188478644E+002 -0.350273324102203E+000  0.389252027041146E+000 -0.107536384819057E+002 -0.745616948975127E+003
  0.100000000000000E+001  0.149412692600938E+004 -0.191807200953626E+002  0.749557469209907E+002 -0.356824511053587E+000  0.389934999202866E+000 -0.107536384819057E+002 -0.747063463004690E+003
  0.100000000000000E+001  0.149387984741983E+004 -0.192986162381416E+002  0.711943192754658E+002 -0.401335494018172E+000  0.427038778497591E+000 -0.107536384819057E+002 -0.746939923709913E+003
  0.100000000000000E+001  0.149129222040579E+004 -0.192292999621310E+002  0.739810894804349E+002 -0.403859986667975E+000  0.419055207084124E+000 -0.107536384819057E+002 -0.745646110202896E+003
  0.100000000000000E+001  0.149384129445507E+004 -0.191662038344445E+002  0.758516758310460E+002 -0.383717152575785E+000  0.409260358702001E+000 -0.107536384819057E+002 -0.746920647227534E+003
  0.100000000000000E+001  0.149380930539178E+004 -0.191739592044407E+002  0.754836258141945E+002 -0.366323573921089E+000  0.395486367254434E+000 -0.107536384819057E+002 -0.746904652695890E+003
  0.100000000000000E+001  0.149139836133089E+004 -0.192060493691109E+002  0.739361158990143E+002 -0.353254973375374E+000  0.400135575082324E+000 -0.107536384819057E+002 -0.745699180665443E+003
  0.100000000000000E+001  0.149371945693277E+004 -0.191825555244216E+002  0.753214418122896E+002 -0.392790079824917E+000  0.422723245062357E+000 -0.107536384819057E+002 -0.746859728466386E+003
  0.100000000000000E+001  0.149146002583962E+004 -0.191855484718820E+002  0.751658904663769E+002 -0.390759299218543E+000  0.410610612982341E+000 -0.107536384819057E+002 -0.745730012919808E+003
  0.100000000000000E+001  0.149151202356589E+004 -0.191818534959520E+002  0.748832622983219E+002 -0.345624253298786E+000  0.394100084743908E+000 -0.107536384819057E+002 -0.745756011782947E+003
  0.100000000000000E+001  0.149338222490091E+004 -0.191986053231713E+002  0.748862589386894E+002 -0.370976459963985E+000  0.400763534098601E+000 -0.107536384819057E+002 -0.746691112450453E+003
  0.100000000000000E+001  0.149157440842873E+004 -0.192618378323678E+002  0.720443012283821E+002 -0.313501221131575E+000  0.384158409438665E+000 -0.107536384819057E+002 -0.745787204214367E+003
  0.100000000000000E+001  0.149170485833138E+004 -0.192399475202116E+002  0.731080409909917E+002 -0.327423181206287E+000  0.389167934962847E+000 -0.107536384819057E+002 -0.745852429165688E+003
  0.100000000000000E+001  0.149306226758777E+004 -0.192112058051862E+002  0.740727756024295E+002 -0.395671950388692E+000  0.424370417003605E+000 -0.107536384819057E+002 -0.746531133793885E+003
  0.100000000000000E+001  0.149171768296869E+004 -0.192207899757164E+002  0.735156094626586E+002 -0.330271025753642E+000  0.375845796530775E+000 -0.107536384819057E+002 -0.745858841484344E+003
  0.100000000000000E+001  0.149195899287629E+004 -0.192429839168864E+002  0.731237343228340E+002 -0.334197592060052E+000  0.383315546647899E+000 -0.107536384819057E+002 -0.745979496438145E+003
  0.100000000000000E+001  0.149196478223089E+004 -0.192928196890360E+002  0.712888424556313E+002 -0.322961555733990E+000  0.381335199094101E+000 -0.107536384819057E+002 -0.745982391115445E+003
  0.100000000000000E+001  0.149265022232548E+004 -0.192647551150404E+002  0.723527459330022E+002 -0.327788292360454E+000  0.385327074890301E+000 -0.107536384819057E+002 -0.746325111162738E+003
  0.100000000000000E+001  0.149259942366288E+004 -0.192252327399758E+002  0.735359061802354E+002 -0.396314017577881E+000  0.414893837667877E+000 -0.107536384819057E+002 -0.746299711831438E+003
  0.100000000000000E+001  0.149211642842610E+004 -0.192761483944199E+002  0.718362370389871E+002 -0.383531648731048E+000  0.420947124779412E+000 -0.107536384819057E+002 -0.746058214213050E+003
  0.100000000000000E+001  0.149215017890416E+004 -0.192618268962923E+002  0.720068113883184E+002 -0.359092393606144E+000  0.394888025269625E+000 -0.107536384819057E+002 -0.746075089452078E+003
  0.100000000000000E+001  0.149218226281280E+004 -0.192729382974801E+002  0.725608945236561E+002 -0.401219739603657E+000  0.420127069820607E+000 -0.107536384819057E+002 -0.746091131406400E+003
  0.100000000000000E+001  0.149237922104579E+004 -0.192652250249635E+002  0.728181060813989E+002 -0.410466331050299E+000  0.429475393372211E+000 -0.107536384819057E+002 -0.746189610522897E+003
  0.100000000000000E+001  0.149224942707734E+004 -0.192063305304420E+002  0.746458717106832E+002 -0.383885721843041E+000  0.416981295123296E+000 -0.107536384819057E+002 -0.746124713538670E+003
  0.100000000000000E+001  0.149072012207664E+004 -0.192468197977533E+002  0.728101533267291E+002 -0.361615202310775E+000  0.387976477291001E+000 -0.107536384819057E+002 -0.745360061038318E+003
  0.100000000000000E+001  0.149067727037008E+004 -0.192125112747013E+002  0.737928125368148E+002 -0.330526077491416E+000  0.378555655229582E+000 -0.107536384819057E+002 -0.745338635185042E+003
  0.100000000000000E+001  0.149065870336005E+004 -0.192505181019884E+002  0.728556600000653E+002 -0.398037005378234E+000  0.427442317389187E+000 -0.107536384819057E+002 -0.745329351680024E+003
  0.100000000000000E+001  0.149056084918993E+004 -0.192169734312673E+002  0.735014108327848E+002 -0.323582154291630E+000  0.383252817218085E+000 -0.107536384819057E+002 -0.745280424594966E+003
  0.100000000000000E+001  0.149052754858513E+004 -0.192084985355802E+002  0.740538457356350E+002 -0.380284725547132E+000  0.405758185319084E+000 -0.107536384819057E+002 -0.745263774292563E+003
  0.100000000000000E+001  0.149045599253487E+004 -0.192351628522345E+002  0.735351718542074E+002 -0.380453906783372E+000  0.399640000327568E+000 -0.107536384819057E+002 -0.745227996267437E+003
  0.100000000000000E+001  0.149039064788773E+004 -0.193072245217537E+002  0.708551405523651E+002 -0.355929187288507E+000  0.388930682804890E+000 -0.107536384819057E+002 -0.745195323943865E+003
  0.100000000000000E+001  0.149034588096074E+004 -0.192826163366842E+002  0.719833334046345E+002 -0.400233930059699E+000  0.427719230397676E+000 -0.107536384819057E+002 -0.745172940480370E+003
  0.100000000000000E+001  0.149031972687574E+004 -0.192905217920205E+002  0.712580443836763E+002 -0.331388076665197E+000  0.378406236740095E+000 -0.107536384819057E+002 -0.745159863437868E+003
  0.100000000000000E+001  0.149011246266878E+004 -0.192243093620541E+002  0.738980894659107E+002 -0.356779564477712E+000  0.394557907148978E+000 -0.107536384819057E+002 -0.745056231334387E+003
  0.100000000000000E+001  0.149011119660293E+004 -0.192910194634934E+002  0.717102218898885E+002 -0.367149414950585E+000  0.398740958407036E+000 -0.107536384819057E+002 -0.745055598301464E+003
  0.100000000000000E+001  0.149003051882994E+004 -0.192833477303930E+002  0.718011751336505E+002 -0.385731514394367E+000  0.421813454381716E+000 -0.107536384819057E+002 -0.745015259414972E+003
  0.100000000000000E+001  0.148989636922715E+004 -0.192906952014549E+002  0.712027391189986E+002 -0.337859035005269E+000  0.396640468194639E+000 -0.107536384819057E+002 -0.744948184613576E+003
  0.100000000000000E+001  0.148989367567929E+004 -0.192814747870475E+002  0.714166226511335E+002 -0.349231514541223E+000  0.400396084918206E+000 -0.107536384819057E+002 -0.744946837839644E+003
  0.100000000000000E+001  0.148988402726770E+004 -0.192085064317341E+002  0.740750184628622E+002 -0.383415644173217E+000  0.412641547382239E+000 -0.107536384819057E+002 -0.744942013633852E+003
  0.100000000000000E+001  0.148975849789717E+004 -0.192060704232673E+002  0.745999295155650E+002 -0.404787860486330E+000  0.423924991349708E+000 -0.107536384819057E+002 -0.744879248948585E+003
  0.100000000000000E+001  0.148970606974827E+004 -0.193003568288240E+002  0.710152151695455E+002 -0.351334273066485E+000  0.403313343424545E+000 -0.107536384819057E+002 -0.744853034874137E+003
  0.100000000000000E+001  0.148964889603859E+004 -0.192745158975535E+002  0.722725861070876E+002 -0.363727911455387E+000  0.399569785332346E+000 -0.107536384819057E+002 -0.744824448019294E+003
  0.100000000000000E+001  0.148960597936552E+004 -0.191883889924574E+002  0.750392207295329E+002 -0.376608644844343E+000  0.410895729084205E+000 -0.107536384819057E+002 -0.744802989682758E+003
  0.100000000000000E+001  0.148952526379264E+004 -0.192939382925762E+002  0.709836863953833E+002 -0.344538761598651E+000  0.392558993400435E+000 -0.107536384819057E+002 -0.744762631896318E+003
  0.100000000000000E+001  0.148948001725850E+004 -0.192148602952112E+002  0.740818860099759E+002 -0.353920077463337E+000  0.389252495813681E+000 -0.107536384819057E+002 -0.744740008629252E+003
  0.100000000000000E+001  0.148947744771210E+004 -0.193093652300315E+002  0.710890617663359E+002 -0.376636521979639E+000  0.408655407674512E+000 -0.107536384819057E+002 -0.744738723856052E+003
  0.100000000000000E+001  0.148944296482719E+004 -0.192350044256806E+002  0.732905559370471E+002 -0.396830505778609E+000  0.415302977297241E+000 -0.107536384819057E+002 -0.744721482413595E+003
  0.100000000000000E+001  0.148943889416661E+004 -0.192296080442571E+002  0.732916227841494E+002 -0.328017427595830E+000  0.378009053239424E+000 -0.107536384819057E+002 -0.744719447083303E+003
  0.100000000000000E+001  0.148937958827125E+004 -0.192662892121781E+002  0.724503349611102E+002 -0.391975834335912E+000  0.424570437744710E+000 -0.107536384819057E+002 -0.744689794135626E+003
  0.100000000000000E+001  0.148936615676514E+004 -0.193015208614761E+002  0.709313784188505E+002 -0.331464055172320E+000  0.387682436241434E+000 -0.107536384819057E+002 -0.744683078382568E+003
  0.100000000000000E+001  0.148929777399252E+004 -0.192467715139660E+002  0.732937211581043E+002 -0.384198003360527E+000  0.407113254715919E+000 -0.107536384819057E+002 -0.744648886996258E+003
  0.100000000000000E+001  0.148929569445372E+004 -0.192549110207515E+002  0.730628995838229E+002 -0.391841139449005E+000  0.412699792101546E+000 -0.107536384819057E+002 -0.744647847226858E+003
  0.100000000000000E+001  0.148928910457935E+004 -0.192569512843897E+002  0.722770537916526E+002 -0.366052336165904E+000  0.398422352434848E+000 -0.107536384819057E+002 -0.744644552289673E+003
  0.100000000000000E+001  0.148928035794123E+004 -0.192822530393203E+002  0.715628565554299E+002 -0.376424855821134E+000  0.402674033454225E+000 -0.107536384819057E+002 -0.744640178970614E+003
  0.100000000000000E+001  0.148927684888923E+004 -0.192082078922806E+002  0.741759164795410E+002 -0.353301923949769E+000  0.387923241651434E+000 -0.107536384819057E+002 -0.744638424444614E+003
  0.100000000000000E+001  0.148921644658421E+004 -0.192607087929072E+002  0.727702601691519E+002 -0.391648689312725E+000  0.408521668284953E+000 -0.107536384819057E+002 -0.744608223292103E+003
  0.100000000000000E+001  0.148918759108445E+004 -0.192035149729481E+002  0.744309484951012E+002 -0.352281401832885E+000  0.399608318970447E+000 -0.107536384819057E+002 -0.744593795542225E+003
  0.100000000000000E+001  0.148917090343658E+004 -0.192525303304469E+002  0.727588765661196E+002 -0.347685122932532E+000  0.401461970386570E+000 -0.107536384819057E+002 -0.744585451718290E+003
  0.100000000000000E+001  0.148906177304807E+004 -0.192319086766885E+002  0.736597774147879E+002 -0.395901654941799E+000  0.410790681548249E+000 -0.107536384819057E+002 -0.744530886524033E+003
  0.100000000000000E+001  0.148904527332919E+004 -0.192264813008620E+002  0.738577300333887E+002 -0.385940956104971E+000  0.405046642099160E+000 -0.107536384819057E+002 -0.744522636664594E+003
  0.100000000000000E+001  0.148879962727075E+004 -0.192951764979703E+002  0.709989227154269E+002 -0.345330394662399E+000  0.395912036270344E+000 -0.107536384819057E+002 -0.744399813635377E+003
  0.100000000000000E+001  0.148866024174362E+004 -0.192406016000142E+002  0.728101132730862E+002 -0.336446657796002E+000  0.395269766408600E+000 -0.107536384819057E+002 -0.744330120871808E+003
  0.100000000000000E+001  0.148862073859068E+004 -0.192796403699412E+002  0.714874732040848E+002 -0.328053979696722E+000  0.380875342029548E+000 -0.107536384819057E+002 -0.744310369295338E+003
  0.100000000000000E+001  0.148861159870477E+004 -0.192123271041767E+002  0.742739101934523E+002 -0.366256827958118E+000  0.397691470127823E+000 -0.107536384819057E+002 -0.744305799352385E+003
  0.100000000000000E+001  0.148861125810147E+004 -0.192606059729552E+002  0.722275138774644E+002 -0.327048288322215E+000  0.377995914041744E+000 -0.107536384819057E+002 -0.744305629050737E+003
  0.100000000000000E+001  0.148857022445472E+004 -0.191957833247092E+002  0.744400372545254E+002 -0.353576934613715E+000  0.395323650204121E+000 -0.107536384819057E+002 -0.744285112227358E+003
  0.100000000000000E+001  0.148851055226357E+004 -0.192574905519370E+002  0.724037692864981E+002 -0.340658632685019E+000  0.380949510341678E+000 -0.107536384819057E+002 -0.744255276131786E+003
  0.100000000000000E+001  0.148849529863209E+004 -0.192326054533545E+002  0.730430531740929E+002 -0.340115588936203E+000  0.384690736630098E+000 -0.107536384819057E+002 -0.744247649316045E+003
  0.100000000000000E+001  0.148849280877243E+004 -0.192175327439605E+002  0.741350992152798E+002 -0.370323887944021E+000  0.399618238561555E+000 -0.107536384819057E+002 -0.744246404386216E+003
  0.100000000000000E+001  0.148844414161637E+004 -0.192507367325532E+002  0.731586436564965E+002 -0.407220796750210E+000  0.422062795497235E+000 -0.107536384819057E+002 -0.744222070808187E+003
  0.100000000000000E+001  0.148841521133854E+004 -0.192566574966123E+002  0.724001964132063E+002 -0.373851342687721E+000  0.400459868302442E+000 -0.107536384819057E+002 -0.744207605669271E+003
  0.100000000000000E+001  0.148834042106480E+004 -0.192566794517967E+002  0.726097930885919E+002 -0.391131180955224E+000  0.408834393738077E+000 -0.107536384819057E+002 -0.744170210532400E+003
  0.100000000000000E+001  0.148833415279847E+004 -0.192829515924012E+002  0.719048834010560E+002 -0.378177310712751E+000  0.401082463401212E+000 -0.107536384819057E+002 -0.744167076399233E+003
  0.100000000000000E+001  0.148823515890798E+004 -0.192207013539395E+002  0.737752262568512E+002 -0.357071128482579E+000  0.389287505793849E+000 -0.107536384819057E+002 -0.744117579453988E+003
  0.100000000000000E+001  0.148815041765331E+004 -0.191973245438387E+002  0.746663481681866E+002 -0.380327639978998E+000  0.406010806218423E+000 -0.107536384819057E+002 -0.744075208826653E+003
  0.100000000000000E+001  0.148813452083680E+004 -0.192251947760362E+002  0.733969966732643E+002 -0.358064632896044E+000  0.404377331561947E+000 -0.107536384819057E+002 -0.744067260418400E+003
  0.100000000000000E+001  0.148811706804907E+004 -0.192823815550671E+002  0.719303471872822E+002 -0.366017126302528E+000  0.406894323690208E+000 -0.107536384819057E+002 -0.744058534024536E+003
  0.100000000000000E+001  0.148811116075027E+004 -0.192558195778226E+002  0.723951427203801E+002 -0.373748887963145E+000  0.410162535634932E+000 -0.107536384819057E+002 -0.744055580375134E+003
  0.100000000000000E+001  0.148804526675579E+004 -0.192587825066202E+002  0.722104491934863E+002 -0.357274452292603E+000  0.393422501893518E+000 -0.107536384819057E+002 -0.744022633377893E+003
  0.100000000000000E+001  0.148799926245727E+004 -0.192842295709894E+002  0.716445781746532E+002 -0.343793511714013E+000  0.396793687315899E+000 -0.107536384819057E+002 -0.743999631228637E+003
  0.100000000000000E+001  0.148798105728251E+004 -0.192706443446478E+002  0.721812796595458E+002 -0.371674467566497E+000  0.414147136497352E+000 -0.107536384819057E+002 -0.743990528641257E+003
  0.100000000000000E+001  0.148790717066652E+004 -0.192631349088589E+002  0.720708331593733E+002 -0.343448412707213E+000  0.398131252187561E+000 -0.107536384819057E+002 -0.743953585333260E+003
  0.100000000000000E+001  0.148789604717467E+004 -0.192750133177572E+002  0.721165838898552E+002 -0.402540408874192E+000  0.424736012315127E+000 -0.107536384819057E+002 -0.743948023587337E+003
  0.100000000000000E+001  0.148789167872593E+004 -0.192617739848088E+002  0.725364874250792E+002 -0.371446625921756E+000  0.395992348730624E+000 -0.107536384819057E+002 -0.743945839362966E+003
  0.100000000000000E+001  0.148787158579570E+004 -0.192190961232129E+002  0.739267191231939E+002 -0.394525299535664E+000  0.413886319839070E+000 -0.107536384819057E+002 -0.743935792897848E+003
  0.100000000000000E+001  0.148786659551353E+004 -0.192154266273741E+002  0.738331963565957E+002 -0.337363108463987E+000  0.384985088181619E+000 -0.107536384819057E+002 -0.743933297756766E+003
  0.100000000000000E+001  0.148785235739274E+004 -0.193028454169318E+002  0.711921357888586E+002 -0.368001454642821E+000  0.399596114126430E+000 -0.107536384819057E+002 -0.743926178696371E+003
  0.100000000000000E+001  0.148785176872284E+004 -0.192026088476065E+002  0.744223511826629E+002 -0.353167064105193E+000  0.393098962615950E+000 -0.107536384819057E+002 -0.743925884361421E+003
  0.100000000000000E+001  0.148784896509974E+004 -0.192773894310080E+002  0.715733914363246E+002 -0.339816897744965E+000  0.385415979755420E+000 -0.107536384819057E+002 -0.743924482549868E+003
  0.100000000000000E+001  0.148782159506607E+004 -0.192491982919685E+002  0.730713483483901E+002 -0.398990716038999E+000  0.414017378758947E+000 -0.107536384819057E+002 -0.743910797533033E+003
  0.100000000000000E+001  0.148779202576883E+004 -0.192078993034238E+002  0.739977180690101E+002 -0.343777834121935E+000  0.388759100668116E+000 -0.107536384819057E+002 -0.743896012884413E+003
  0.100000000000000E+001  0.148777742280607E+004 -0.192773960623628E+002  0.720274142770665E+002 -0.364222946122117E+000  0.394124976367085E+000 -0.107536384819057E+002 -0.743888711403035E+003
  0.100000000000000E+001  0.148776997899387E+004 -0.192946910652465E+002  0.712677607763005E+002 -0.340973171652677E+000  0.388353186163991E+000 -0.107536384819057E+002 -0.743884989496935E+003
  0.100000000000000E+001  0.148776760560616E+004 -0.192599252270709E+002  0.721392319258777E+002 -0.326258587554215E+000  0.386182557092331E+000 -0.107536384819057E+002 -0.743883802803078E+003
  0.100000000000000E+001  0.148775262757290E+004 -0.192168050330832E+002  0.736399992075759E+002 -0.337581365174684E+000  0.386191720790926E+000 -0.107536384819057E+002 -0.743876313786452E+003
  0.100000000000000E+001  0.148773028525330E+004 -0.192565156055955E+002  0.726274344494488E+002 -0.340914253170703E+000  0.387991986331348E+000 -0.107536384819057E+002 -0.743865142626649E+003
  0.100000000000000E+001  0.148772526659317E+004 -0.193002175212294E+002  0.710058411014338E+002 -0.341392639146169E+000  0.387845220593102E+000 -0.107536384819057E+002 -0.743862633296587E+003
  0.100000000000000E+001  0.148770900170970E+004 -0.192772315275860E+002  0.719172365169197E+002 -0.366151699728822E+000  0.410933762736120E+000 -0.107536384819057E+002 -0.743854500854851E+003
  0.100000000000000E+001  0.148768265869360E+004 -0.192095366907629E+002  0.739907408188910E+002 -0.353280154586743E+000  0.391037181526512E+000 -0.107536384819057E+002 -0.743841329346801E+003
  0.100000000000000E+001  0.148765536729731E+004 -0.192952090838544E+002  0.714823787718151E+002 -0.385926270433131E+000  0.407873268438149E+000 -0.107536384819057E+002 -0.743827683648653E+003
  0.100000000000000E+001  0.148762284291726E+004 -0.192968195628207E+002  0.712351032711206E+002 -0.377142695741920E+000  0.413392909054381E+000 -0.107536384819057E+002 -0.743811421458629E+003
  0.100000000000000E+001  0.148761001137820E+004 -0.192954790473345E+002  0.714511772638919E+002 -0.367152191735276E+000  0.406735584224029E+000 -0.107536384819057E+002 -0.743805005689100E+003
  0.100000000000000E+001  0.148758882576349E+004 -0.193067771388990E+002  0.710587794591510E+002 -0.369651434602603E+000  0.402487341283447E+000 -0.107536384819057E+002 -0.743794412881745E+003
  0.100000000000000E+001  0.148754083864236E+004 -0.192592735075635E+002  0.726737066712835E+002 -0.373503284074876E+000  0.413539577366775E+000 -0.107536384819057E+002 -0.743770419321182E+003
  0.100000000000000E+001  0.148753210931143E+004 -0.192852762417570E+002  0.713309881930932E+002 -0.347794110990946E+000  0.395966273222350E+000 -0.107536384819057E+002 -0.743766054655714E+003
  0.100000000000000E+001  0.148752349426309E+004 -0.192368351410885E+002  0.735022604853915E+002 -0.389194796140446E+000  0.408123733686889E+000 -0.107536384819057E+002 -0.743761747131546E+003
  0.100000000000000E+001  0.148750315922315E+004 -0.192024995345477E+002  0.744770724153164E+002 -0.386359591615278E+000  0.412510542138159E+000 -0.107536384819057E+002 -0.743751579611573E+003
  0.100000000000000E+001  0.148749149519440E+004 -0.192645867165193E+002  0.723768974542713E+002 -0.344952778570954E+000  0.394866535470375E+000 -0.107536384819057E+002 -0.743745747597200E+003
  0.100000000000000E+001  0.148746880086451E+004 -0.192818245605017E+002  0.717003909506112E+002 -0.361276107946900E+000  0.391750277444681E+000 -0.107536384819057E+002 -0.743734400432253E+003
  0.100000000000000E+001  0.148745516602278E+004 -0.192543937501587E+002  0.730207012118136E+002 -0.386492663898943E+000  0.413249098357442E+000 -0.107536384819057E+002 -0.743727583011391E+003
  0.100000000000000E+001  0.148745078596980E+004 -0.192783887584643E+002  0.715783549501758E+002 -0.354082745548148E+000  0.400395648422646E+000 -0.107536384819057E+002 -0.743725392984899E+003
  0.100000000000000E+001  0.148739489011194E+004 -0.192844183558553E+002  0.714449247426306E+002 -0.354568803307395E+000  0.402471562481820E+000 -0.107536384819057E+002 -0.743697445055971E+003
  0.100000000000000E+001  0.148738221331221E+004 -0.192092448004998E+002  0.739996378614333E+002 -0.344148022456150E+000  0.388568544095856E+000 -0.107536384819057E+002 -0.743691106656103E+003
  0.100000000000000E+001  0.148733021403899E+004 -0.192477572632017E+002  0.732433425907075E+002 -0.401080231402379E+000  0.421927195523406E+000 -0.107536384819057E+002 -0.743665107019493E+003
  0.100000000000000E+001  0.148730756028917E+004 -0.192113474803245E+002  0.738977125416479E+002 -0.357787997358606E+000  0.395500833658467E+000 -0.107536384819057E+002 -0.743653780144583E+003
  0.100000000000000E+001  0.148728203060131E+004 -0.192438066913603E+002  0.728635441559148E+002 -0.329544114545082E+000  0.384146749094095E+000 -0.107536384819057E+002 -0.743641015300655E+003
  0.100000000000000E+001  0.148727809753817E+004 -0.192812979109028E+002  0.717565179277300E+002 -0.391072784496681E+000  0.415214871962224E+000 -0.107536384819057E+002 -0.743639048769083E+003
  0.100000000000000E+001  0.148724952417296E+004 -0.192415939691433E+002  0.733661199232185E+002 -0.387309507517750E+000  0.418612514161985E+000 -0.107536384819057E+002 -0.743624762086478E+003
  0.100000000000000E+001  0.148723729830801E+004 -0.191972455267720E+002  0.746796803430522E+002 -0.374189501669202E+000  0.406316402006787E+000 -0.107536384819057E+002 -0.743618649154003E+003
  0.100000000000000E+001  0.148723454817927E+004 -0.192974651518594E+002  0.710503744294594E+002 -0.344503528513363E+000  0.395026587076925E+000 -0.107536384819057E+002 -0.743617274089637E+003
  0.100000000000000E+001  0.148720534612312E+004 -0.192587261492925E+002  0.722487728822236E+002 -0.327102686359584E+000  0.381869681346554E+000 -0.107536384819057E+002 -0.743602673061562E+003
  0.100000000000000E+001  0.148719117882261E+004 -0.192388493274001E+002  0.730758354512944E+002 -0.372189262800294E+000  0.398469149825517E+000 -0.107536384819057E+002 -0.743595589411305E+003
  0.100000000000000E+001  0.148717467237965E+004 -0.193053131635909E+002  0.709907467685242E+002 -0.364096604792995E+000  0.405002792700191E+000 -0.107536384819057E+002 -0.743587336189823E+003
  0.100000000000000E+001  0.148716144123639E+004 -0.192378875256049E+002  0.731656633040929E+002 -0.376000819837640E+000  0.400093556880360E+000 -0.107536384819057E+002 -0.743580720618197E+003
  0.100000000000000E+001  0.148716095492857E+004 -0.192946463459520E+002  0.714578722819901E+002 -0.384826926444086E+000  0.407620606740262E+000 -0.107536384819057E+002 -0.743580477464285E+003
  0.100000000000000E+001  0.148715675919770E+004 -0.192512059490998E+002  0.729248224594729E+002 -0.368042737023830E+000  0.395908381889028E+000 -0.107536384819057E+002 -0.743578379598849E+003
  0.100000000000000E+001  0.148715539645215E+004 -0.192292599030738E+002  0.737784557299116E+002 -0.396489718141569E+000  0.421926933923045E+000 -0.107536384819057E+002 -0.743577698226077E+003
  0.100000000000000E+001  0.148715070126051E+004 -0.192493276261517E+002  0.724941440494232E+002 -0.351041095484996E+000  0.396898768400773E+000 -0.107536384819057E+002 -0.743575350630257E+003
  0.100000000000000E+001  0.148710800252700E+004 -0.192160795119942E+002  0.738500489362167E+002 -0.343693210471352E+000  0.387427109452395E+000 -0.107536384819057E+002 -0.743554001263502E+003
  0.100000000000000E+001  0.148708605028219E+004 -0.192269393267164E+002  0.735411110276329E+002 -0.363695110046856E+000  0.408724014110364E+000 -0.107536384819057E+002 -0.743543025141095E+003
  0.100000000000000E+001  0.148707691096224E+004 -0.192984269803180E+002  0.711959888586323E+002 -0.350129270532409E+000  0.395990066544353E+000 -0.107536384819057E+002 -0.743538455481119E+003
  0.100000000000000E+001  0.148705361222298E+004 -0.192691289863064E+002  0.720543332218024E+002 -0.345292260707438E+000  0.399345183715426E+000 -0.107536384819057E+002 -0.743526806111491E+003
  0.100000000000000E+001  0.148704626292999E+004 -0.192781494210673E+002  0.716941205230478E+002 -0.352123857755554E+000  0.388624483596276E+000 -0.107536384819057E+002 -0.743523131464997E+003
  0.100000000000000E+001  0.148702534424980E+004 -0.192873360837792E+002  0.716944731771026E+002 -0.390901497542433E+000  0.419624793848417E+000 -0.107536384819057E+002 -0.743512672124901E+003
  0.100000000000000E+001  0.148699451434347E+004 -0.192940073256024E+002  0.714114301469060E+002 -0.359496737204196E+000  0.394607230916977E+000 -0.107536384819057E+002 -0.743497257171737E+003
  0.100000000000000E+001  0.148692802497645E+004 -0.192348783057591E+002  0.730923025184605E+002 -0.368858787527326E+000  0.405213367469910E+000 -0.107536384819057E+002 -0.743464012488225E+003
  0.100000000000000E+001  0.148690484205936E+004 -0.192561690051534E+002  0.724238287385863E+002 -0.372342178853274E+000  0.401403899139696E+000 -0.107536384819057E+002 -0.743452421029680E+003
  0.100000000000000E+001  0.148688844653678E+004 -0.192862859548791E+002  0.718078670473738E+002 -0.370133879485704E+000  0.402181210562591E+000 -0.107536384819057E+002 -0.743444223268388E+003
  0.100000000000000E+001  0.148687362717462E+004 -0.192920627227248E+002  0.715855635710916E+002 -0.379268118244150E+000  0.404831864482801E+000 -0.107536384819057E+002 -0.743436813587309E+003
  0.100000000000000E+001  0.148685724933203E+004 -0.192322372588409E+002  0.731890443729799E+002 -0.358563992488127E+000  0.393164089761393E+000 -0.107536384819057E+002 -0.743428624666016E+003
  0.100000000000000E+001  0.148685364822131E+004 -0.192256125769176E+002  0.737246467406183E+002 -0.372726824653275E+000  0.412352592133887E+000 -0.107536384819057E+002 -0.743426824110655E+003
  0.100000000000000E+001  0.148684824933195E+004 -0.192381103829353E+002  0.729367919696848E+002 -0.359910311196830E+000  0.402071462312660E+000 -0.107536384819057E+002 -0.743424124665974E+003
  0.100000000000000E+001  0.148681533549766E+004 -0.192334046439758E+002  0.736370451739588E+002 -0.374441542453426E+000  0.405550811336851E+000 -0.107536384819057E+002 -0.743407667748829E+003
  0.100000000000000E+001  0.148680200568265E+004 -0.192413904154602E+002  0.733408132355349E+002 -0.368931536003289E+000  0.401616444550736E+000 -0.107536384819057E+002 -0.743401002841327E+003
  0.100000000000000E+001  0.148675094074629E+004 -0.192581832182237E+002  0.726104795297473E+002 -0.347815848681164E+000  0.394532279142485E+000 -0.107536384819057E+002 -0.743375470373146E+003
  0.100000000000000E+001  0.148672230322206E+004 -0.192358363321332E+002  0.731143668513855E+002 -0.370730333602141E+000  0.409180653523789E+000 -0.107536384819057E+002 -0.743361151611028E+003
  0.100000000000000E+001  0.148670620324183E+004 -0.192572126721776E+002  0.723307378667196E+002 -0.359136245677766E+000  0.393762099927949E+000 -0.107536384819057E+002 -0.743353101620915E+003
  0.100000000000000E+001  0.148666165064140E+004 -0.192395370951070E+002  0.729628448508523E+002 -0.333046980010740E+000  0.389483437232485E+000 -0.107536384819057E+002 -0.743330825320701E+003
  0.100000000000000E+001  0.148665686600788E+004 -0.193007148870438E+002  0.710936298991364E+002 -0.358757811724066E+000  0.395105784421007E+000 -0.107536384819057E+002 -0.743328433003939E+003
  0.100000000000000E+001  0.148665554277985E+004 -0.192512662305807E+002  0.726486933597689E+002 -0.381650959447399E+000  0.412948646314451E+000 -0.107536384819057E+002 -0.743327771389927E+003
  0.100000000000000E+001  0.148664507605831E+004 -0.192091596379751E+002  0.742181208207073E+002 -0.356988363041179E+000  0.399603402322394E+000 -0.107536384819057E+002 -0.743322538029154E+003
  0.100000000000000E+001  0.148663810094631E+004 -0.192235391866773E+002  0.737768177449128E+002 -0.383583265336347E+000  0.405805512271361E+000 -0.107536384819057E+002 -0.743319050473155E+003
  0.100000000000000E+001  0.148663680370137E+004 -0.192233560157372E+002  0.737879855911552E+002 -0.388763979490689E+000  0.409953890005161E+000 -0.107536384819057E+002 -0.743318401850686E+003
  0.100000000000000E+001  0.148663418458289E+004 -0.192134870211968E+002  0.742141787224838E+002 -0.371903664752803E+000  0.402709089820044E+000 -0.107536384819057E+002 -0.743317092291443E+003
  0.100000000000000E+001  0.148662718573390E+004 -0.192332730596922E+002  0.734783519876547E+002 -0.360472230429907E+000  0.393775598489910E+000 -0.107536384819057E+002 -0.743313592866949E+003
  0.100000000000000E+001  0.148660351677371E+004 -0.192548859630316E+002  0.724556152949271E+002 -0.372518635754199E+000  0.403194299749934E+000 -0.107536384819057E+002 -0.743301758386855E+003
  0.100000000000000E+001  0.148656797213752E+004 -0.192936740988703E+002  0.713856080526816E+002 -0.371822475269657E+000  0.400056608538408E+000 -0.107536384819057E+002 -0.743283986068759E+003
  0.100000000000000E+001  0.148653951326533E+004 -0.192278507817751E+002  0.733254897445196E+002 -0.357904514056382E+000  0.394440487062388E+000 -0.107536384819057E+002 -0.743269756632665E+003
  0.100000000000000E+001  0.148653916494179E+004 -0.192036453480429E+002  0.743732466802392E+002 -0.360447407717790E+000  0.400689302356128E+000 -0.107536384819057E+002 -0.743269582470896E+003
  0.100000000000000E+001  0.148653869074312E+004 -0.192658273475998E+002  0.724613271790730E+002 -0.396874177737880E+000  0.414708073100261E+000 -0.107536384819057E+002 -0.743269345371560E+003
  0.100000000000000E+001  0.148652637744840E+004 -0.192429074782838E+002  0.730073075363646E+002 -0.343965996087964E+000  0.386366877455560E+000 -0.107536384819057E+002 -0.743263188724199E+003
  0.100000000000000E+001  0.148649494170880E+004 -0.192801857690486E+002  0.716287625367534E+002 -0.335840559412092E+000  0.386202506518493E+000 -0.107536384819057E+002 -0.743247470854400E+003
  0.100000000000000E+001  0.148645450985761E+004 -0.192603456683815E+002  0.721530558997473E+002 -0.350715656781655E+000  0.393318032681405E+000 -0.107536384819057E+002 -0.743227254928805E+003
  0.100000000000000E+001  0.148643432078709E+004 -0.192156859473022E+002  0.739735619473547E+002 -0.352347077366466E+000  0.397640167606963E+000 -0.107536384819057E+002 -0.743217160393544E+003
  0.100000000000000E+001  0.148642098440960E+004 -0.192732504803008E+002  0.717615046037993E+002 -0.336078604464891E+000  0.385850096573207E+000 -0.107536384819057E+002 -0.743210492204799E+003
  0.100000000000000E+001  0.148638724741536E+004 -0.192787021740815E+002  0.720828154676986E+002 -0.397787228546240E+000  0.418934853243139E+000 -0.107536384819057E+002 -0.743193623707679E+003
  0.100000000000000E+001  0.148636679377741E+004 -0.192653522342476E+002  0.725219559852924E+002 -0.381689726880008E+000  0.415369966636972E+000 -0.107536384819057E+002 -0.743183396888707E+003
  0.100000000000000E+001  0.148636523441847E+004 -0.192753169237051E+002  0.720654815048986E+002 -0.372318408570643E+000  0.398726640542414E+000 -0.107536384819057E+002 -0.743182617209233E+003
  0.100000000000000E+001  0.148634284069177E+004 -0.192853534867526E+002  0.717778645585615E+002 -0.371486497941817E+000  0.400413269745333E+000 -0.107536384819057E+002 -0.743171420345885E+003
  0.100000000000000E+001  0.148634089227833E+004 -0.192950191223510E+002  0.711714471349026E+002 -0.349422864883133E+000  0.391583786412287E+000 -0.107536384819057E+002 -0.743170446139165E+003
  0.100000000000000E+001  0.148629542543253E+004 -0.192267546397100E+002  0.733343564759682E+002 -0.342633900962551E+000  0.393460519387992E+000 -0.107536384819057E+002 -0.743147712716263E+003
  0.100000000000000E+001  0.148628064951143E+004 -0.192270263716997E+002  0.738417370678828E+002 -0.394925105492419E+000  0.418089784056923E+000 -0.107536384819057E+002 -0.743140324755717E+003
  0.100000000000000E+001  0.148626311342577E+004 -0.192190511052433E+002  0.737629111536712E+002 -0.358739520174327E+000  0.393135250270323E+000 -0.107536384819057E+002 -0.743131556712885E+003
  0.100000000000000E+001  0.148625062468035E+004 -0.192590664612694E+002  0.722701236901302E+002 -0.351449133444114E+000  0.400770443131931E+000 -0.107536384819057E+002 -0.743125312340175E+003
  0.100000000000000E+001  0.148624422076594E+004 -0.192555895673391E+002  0.727270386933375E+002 -0.377094648773026E+000  0.400647417924374E+000 -0.107536384819057E+002 -0.743122110382969E+003
  0.100000000000000E+001  0.148624009749230E+004 -0.192956509502243E+002  0.711457931628005E+002 -0.354558531380595E+000  0.394219263806413E+000 -0.107536384819057E+002 -0.743120048746151E+003
  0.100000000000000E+001  0.148623687868556E+004 -0.192352870582277E+002  0.733858715541529E+002 -0.353310734574123E+000  0.393056454990893E+000 -0.107536384819057E+002 -0.743118439342782E+003
  0.100000000000000E+001  0.148623478578184E+004 -0.192647356932168E+002  0.725434618527259E+002 -0.400710539190950E+000  0.421907251435844E+000 -0.107536384819057E+002 -0.743117392890922E+003
  0.100000000000000E+001  0.148621741149296E+004 -0.192618094555156E+002  0.722298900738412E+002 -0.333070562076445E+000  0.388220874406525E+000 -0.107536384819057E+002 -0.743108705746481E+003
  0.100000000000000E+001  0.148619246357069E+004 -0.192427783108666E+002  0.730294192666236E+002 -0.375993363749685E+000  0.400706830139180E+000 -0.107536384819057E+002 -0.743096231785343E+003
  0.100000000000000E+001  0.148619001855601E+004 -0.192369274628464E+002  0.730310309857209E+002 -0.335251432072768E+000  0.389817915149990E+000 -0.107536384819057E+002 -0.743095009278007E+003
  0.100000000000000E+001  0.148614745549374E+004 -0.192539235236493E+002  0.727388641958744E+002 -0.382542012438217E+000  0.404292863334629E+000 -0.107536384819057E+002 -0.743073727746872E+003
  0.100000000000000E+001  0.148614274554338E+004 -0.192595589207488E+002  0.722122582142506E+002 -0.355965840248222E+000  0.399470909157290E+000 -0.107536384819057E+002 -0.743071372771688E+003
  0.100000000000000E+001  0.148610310193627E+004 -0.192626835557900E+002  0.722674633343677E+002 -0.369523231684104E+000  0.410136802005853E+000 -0.107536384819057E+002 -0.743051550968135E+003
  0.100000000000000E+001  0.148608923609788E+004 -0.192541495163724E+002  0.725351626947371E+002 -0.377318554193276E+000  0.410700996491606E+000 -0.107536384819057E+002 -0.743044618048940E+003
  0.100000000000000E+001  0.148605403738107E+004 -0.192690454006173E+002  0.723310609744600E+002 -0.364259283110638E+000  0.397559305547083E+000 -0.107536384819057E+002 -0.743027018690537E+003
  0.100000000000000E+001  0.148601479052054E+004 -0.192523745967119E+002  0.724247026992326E+002 -0.340425183765531E+000  0.392022442854785E+000 -0.107536384819057E+002 -0.743007395260268E+003
  0.100000000000000E+001  0.148599458312824E+004 -0.192889228859084E+002  0.716854124047818E+002 -0.377531290683476E+000  0.410834954053952E+000 -0.107536384819057E+002 -0.742997291564118E+003
  0.100000000000000E+001  0.148596958643354E+004 -0.192560132905316E+002  0.724728383288115E+002 -0.351040987954184E+000  0.401653313037236E+000 -0.107536384819057E+002 -0.742984793216770E+003
  0.100000000000000E+001  0.148595387767418E+004 -0.192601521199033E+002  0.725046987334198E+002 -0.378604671659796E+000  0.402115885179501E+000 -0.107536384819057E+002 -0.742976938837090E+003
  0.100000000000000E+001  0.148589246100851E+004 -0.192942243215875E+002  0.713498090925347E+002 -0.356665910199127E+000  0.395937090836604E+000 -0.107536384819057E+002 -0.742946230504254E+003
  0.100000000000000E+001  0.148588770172959E+004 -0.192321946049276E+002  0.732783504814675E+002 -0.339688366913443E+000  0.387513511481626E+000 -0.107536384819057E+002 -0.742943850864797E+003
  0.100000000000000E+001  0.148587626702503E+004 -0.192626727320197E+002  0.721665075126687E+002 -0.365781340702092E+000  0.402787019946351E+000 -0.107536384819057E+002 -0.742938133512513E+003
  0.100000000000000E+001  0.148584458125716E+004 -0.192700675868925E+002  0.720774664730154E+002 -0.353624087350226E+000  0.402405750776746E+000 -0.107536384819057E+002 -0.742922290628582E+003
  0.100000000000000E+001  0.148584412306717E+004 -0.192735659499007E+002  0.719471207104742E+002 -0.351224565133804E+000  0.400730385681279E+000 -0.107536384819057E+002 -0.742922061533583E+003
  0.100000000000000E+001  0.148583512425029E+004 -0.192883221379726E+002  0.714470170687380E+002 -0.353243857604435E+000  0.391903053769504E+000 -0.107536384819057E+002 -0.742917562125147E+003
  0.100000000000000E+001  0.148582783725986E+004 -0.192798502645809E+002  0.718465580781295E+002 -0.386688506894841E+000  0.415745462611822E+000 -0.107536384819057E+002 -0.742913918629932E+003
  0.100000000000000E+001  0.148581396770783E+004 -0.192458066966132E+002  0.728393802385182E+002 -0.359973619496006E+000  0.406048073503968E+000 -0.107536384819057E+002 -0.742906983853914E+003
  0.100000000000000E+001  0.148579854615789E+004 -0.192460656768142E+002  0.731689323107771E+002 -0.397017219255801E+000  0.416491937090174E+000 -0.107536384819057E+002 -0.742899273078943E+003
  0.100000000000000E+001  0.148579751104108E+004 -0.192702099294899E+002  0.719371874748808E+002 -0.347594289301129E+000  0.388388716756857E+000 -0.107536384819057E+002 -0.742898755520542E+003
  0.100000000000000E+001  0.148578891578688E+004 -0.192254546203759E+002  0.734289386700095E+002 -0.345838414584513E+000  0.389745968554954E+000 -0.107536384819057E+002 -0.742894457893438E+003
  0.100000000000000E+001  0.148574303166396E+004 -0.192104573094285E+002  0.741303318650690E+002 -0.374569320071489E+000  0.406134134091437E+000 -0.107536384819057E+002 -0.742871515831980E+003
  0.100000000000000E+001  0.148570695479716E+004 -0.192182603617579E+002  0.738727590068740E+002 -0.354743532477504E+000  0.398913351023483E+000 -0.107536384819057E+002 -0.742853477398578E+003
  0.100000000000000E+001  0.148569373944937E+004 -0.192782247050991E+002  0.717996964878303E+002 -0.364376576953828E+000  0.395715998689492E+000 -0.107536384819057E+002 -0.742846869724686E+003
  0.100000000000000E+001  0.148567353648353E+004 -0.192765898317116E+002  0.720727880993577E+002 -0.363754639428444E+000  0.400502111637672E+000 -0.107536384819057E+002 -0.742836768241765E+003
  0.100000000000000E+001  0.148566023914246E+004 -0.192769600438036E+002  0.721174469452774E+002 -0.392233529539630E+000  0.414516731622085E+000 -0.107536384819057E+002 -0.742830119571232E+003
  0.100000000000000E+001  0.148564425093159E+004 -0.192775194874502E+002  0.717186436932001E+002 -0.356483837273388E+000  0.393341637226465E+000 -0.107536384819057E+002 -0.742822125465797E+003
  0.100000000000000E+001  0.148564410935930E+004 -0.192277163550426E+002  0.733895564960742E+002 -0.364854795686758E+000  0.399218490254878E+000 -0.107536384819057E+002 -0.742822054679650E+003
  0.100000000000000E+001  0.148563300877190E+004 -0.192935170236265E+002  0.713885876044178E+002 -0.371919050199642E+000  0.408516926153313E+000 -0.107536384819057E+002 -0.742816504385952E+003
  0.100000000000000E+001  0.148563040358516E+004 -0.192808059750705E+002  0.719973144706582E+002 -0.385814747359402E+000  0.414318971608113E+000 -0.107536384819057E+002 -0.742815201792580E+003
  0.100000000000000E+001  0.148562350311301E+004 -0.192325780595365E+002  0.734677145418318E+002 -0.355098319352285E+000  0.394851196000179E+000 -0.107536384819057E+002 -0.742811751556506E+003
  0.100000000000000E+001  0.148558809891227E+004 -0.192146388494993E+002  0.739668853289794E+002 -0.355606298510299E+000  0.398670227051015E+000 -0.107536384819057E+002 -0.742794049456137E+003
  0.100000000000000E+001  0.148558788143470E+004 -0.192619323870167E+002  0.722197216376604E+002 -0.348593241938648E+000  0.388536989699343E+000 -0.107536384819057E+002 -0.742793940717348E+003
  0.100000000000000E+001  0.148557593891725E+004 -0.192698859893787E+002  0.718826501794994E+002 -0.347832929090097E+000  0.392016479163404E+000 -0.107536384819057E+002 -0.742787969458625E+003
  0.100000000000000E+001  0.148555076827631E+004 -0.192651160017084E+002  0.721339835959014E+002 -0.365680217467606E+000  0.398477801389618E+000 -0.107536384819057E+002 -0.742775384138154E+003
  0.100000000000000E+001  0.148551350792329E+004 -0.192188781184834E+002  0.738229071659794E+002 -0.367145428268470E+000  0.406905298997085E+000 -0.107536384819057E+002 -0.742756753961646E+003
  0.100000000000000E+001  0.148551164648603E+004 -0.192323917270836E+002  0.732731820961585E+002 -0.354996794420386E+000  0.402090364266900E+000 -0.107536384819057E+002 -0.742755823243013E+003
  0.100000000000000E+001  0.148546778661067E+004 -0.192209838813939E+002  0.739349487696495E+002 -0.387486453769418E+000  0.414355867884282E+000 -0.107536384819057E+002 -0.742733893305333E+003
  0.100000000000000E+001  0.148546037169521E+004 -0.192486329180831E+002  0.730139717020929E+002 -0.364748343750206E+000  0.404119351806020E+000 -0.107536384819057E+002 -0.742730185847606E+003
  0.100000000000000E+001  0.148545378446281E+004 -0.192261889598184E+002  0.737107494915078E+002 -0.386655551719377E+000  0.415917753926233E+000 -0.107536384819057E+002 -0.742726892231406E+003
  0.100000000000000E+001  0.148542400565624E+004 -0.192524545096483E+002  0.728692792473411E+002 -0.394489937894744E+000  0.419889155881457E+000 -0.107536384819057E+002 -0.742712002828118E+003
  0.100000000000000E+001  0.148534592712670E+004 -0.192295602465408E+002  0.734016082482416E+002 -0.348903891445227E+000  0.390014438951745E+000 -0.107536384819057E+002 -0.742672963563352E+003
  0.100000000000000E+001  0.148532826325849E+004 -0.192608310473318E+002  0.722667307544344E+002 -0.346891406296784E+000  0.397726059276398E+000 -0.107536384819057E+002 -0.742664131629243E+003
  0.100000000000000E+001  0.148532395051970E+004 -0.192697474249242E+002  0.721502037841672E+002 -0.362999249308243E+000  0.394642076059152E+000 -0.107536384819057E+002 -0.742661975259848E+003
  0.100000000000000E+001  0.148531867208589E+004 -0.192757692235889E+002  0.717213638084174E+002 -0.349996026384873E+000  0.395938552033090E+000 -0.107536384819057E+002 -0.742659336042946E+003
  0.100000000000000E+001  0.148531291845517E+004 -0.192634032291113E+002  0.725944875566793E+002 -0.394153612292778E+000  0.416397018743138E+000 -0.107536384819057E+002 -0.742656459227587E+003
  0.100000000000000E+001  0.148529015597198E+004 -0.192138959269768E+002  0.739903457052661E+002 -0.366261117260378E+000  0.400283975307389E+000 -0.107536384819057E+002 -0.742645077985990E+003
  0.100000000000000E+001  0.148526371762833E+004 -0.192427529853617E+002  0.729755591533495E+002 -0.363335510320064E+000  0.406978905643859E+000 -0.107536384819057E+002 -0.742631858814164E+003
  0.100000000000000E+001  0.148524464908723E+004 -0.192824600314702E+002  0.717098818492500E+002 -0.370625931205685E+000  0.400284627316918E+000 -0.107536384819057E+002 -0.742622324543614E+003
  0.100000000000000E+001  0.148521831319752E+004 -0.192717493335567E+002  0.719630466958375E+002 -0.341602456333513E+000  0.391005317719047E+000 -0.107536384819057E+002 -0.742609156598758E+003
  0.100000000000000E+001  0.148519095126754E+004 -0.192804173192905E+002  0.719861951157172E+002 -0.384488034050519E+000  0.412918316108649E+000 -0.107536384819057E+002 -0.742595475633769E+003
  0.100000000000000E+001  0.148516071612309E+004 -0.192503620362339E+002  0.725728250330869E+002 -0.360249913822640E+000  0.398566482786922E+000 -0.107536384819057E+002 -0.742580358061547E+003
  0.100000000000000E+001  0.148511793601905E+004 -0.192638594919258E+002  0.722755707406908E+002 -0.343844795769400E+000  0.389580468244786E+000 -0.107536384819057E+002 -0.742558968009527E+003
  0.100000000000000E+001  0.148510015371469E+004 -0.192609938581911E+002  0.725271903658879E+002 -0.368025802328211E+000  0.397672746294376E+000 -0.107536384819057E+002 -0.742550076857346E+003
  0.100000000000000E+001  0.148509190010565E+004 -0.192633222084880E+002  0.721234406441015E+002 -0.354612551240990E+000  0.397027363799969E+000 -0.107536384819057E+002 -0.742545950052824E+003
  0.100000000000000E+001  0.148505264755092E+004 -0.192549035422046E+002  0.727513684427338E+002 -0.370934711904643E+000  0.409984112184873E+000 -0.107536384819057E+002 -0.742526323775460E+003
  0.100000000000000E+001  0.148505154479830E+004 -0.192869375603543E+002  0.715748881530211E+002 -0.362518421444196E+000  0.397283592119448E+000 -0.107536384819057E+002 -0.742525772399149E+003
  0.100000000000000E+001  0.148504984811636E+004 -0.192838856318071E+002  0.716728216951556E+002 -0.369565199275282E+000  0.400202272202960E+000 -0.107536384819057E+002 -0.742524924058179E+003
  0.100000000000000E+001  0.148501635362553E+004 -0.192273619550843E+002  0.735077201816546E+002 -0.367949717815783E+000  0.407276440469897E+000 -0.107536384819057E+002 -0.742508176812764E+003
  0.100000000000000E+001  0.148500779890366E+004 -0.192745411447551E+002  0.719739670928278E+002 -0.380279637384091E+000  0.412255682782641E+000 -0.107536384819057E+002 -0.742503899451828E+003
  0.100000000000000E+001  0.148499185400365E+004 -0.192354256362785E+002  0.733369760007759E+002 -0.353745189909987E+000  0.396630745199785E+000 -0.107536384819057E+002 -0.742495927001823E+003
  0.100000000000000E+001  0.148496849485387E+004 -0.192728167766538E+002  0.719096233213830E+002 -0.359747615830404E+000  0.395175571333557E+000 -0.107536384819057E+002 -0.742484247426935E+003
  0.100000000000000E+001  0.148495042506356E+004 -0.192792234692156E+002  0.718094457262044E+002 -0.360598019902866E+000  0.395164914776137E+000 -0.107536384819057E+002 -0.742475212531779E+003
  0.100000000000000E+001  0.148492950979835E+004 -0.192810669340889E+002  0.716275094603018E+002 -0.348000964443115E+000  0.392857983743792E+000 -0.107536384819057E+002 -0.742464754899174E+003
  0.100000000000000E+001  0.148492911000540E+004 -0.192697751698110E+002  0.720543188596855E+002 -0.353403005386839E+000  0.391288246730888E+000 -0.107536384819057E+002 -0.742464555002702E+003
  0.100000000000000E+001  0.148492084161943E+004 -0.192331482831614E+002  0.735775437803660E+002 -0.379074234435952E+000  0.407975752248836E+000 -0.107536384819057E+002 -0.742460420809713E+003
  0.100000000000000E+001  0.148490313565421E+004 -0.192294824252494E+002  0.736231742214779E+002 -0.386173144271702E+000  0.410748952907166E+000 -0.107536384819057E+002 -0.742451567827106E+003
  0.100000000000000E+001  0.148489816808634E+004 -0.192717752164309E+002  0.719353088241094E+002 -0.346624771550591E+000  0.389927991665254E+000 -0.107536384819057E+002 -0.742449084043172E+003
  0.100000000000000E+001  0.148489239985608E+004 -0.192730303329651E+002  0.720665681268068E+002 -0.354147617907623E+000  0.398069130948780E+000 -0.107536384819057E+002 -0.742446199928042E+003
  0.100000000000000E+001  0.148485608048690E+004 -0.192466243754074E+002  0.727750573277313E+002 -0.367894528329202E+000  0.406073909991579E+000 -0.107536384819057E+002 -0.742428040243449E+003
  0.100000000000000E+001  0.148483052994462E+004 -0.192263449687054E+002  0.735206556659258E+002 -0.370281594221286E+000  0.406445918643662E+000 -0.107536384819057E+002 -0.742415264972310E+003
  0.100000000000000E+001  0.148482860752598E+004 -0.192415912149655E+002  0.732186722699553E+002 -0.379256840165129E+000  0.413430030284823E+000 -0.107536384819057E+002 -0.742414303762988E+003
  0.100000000000000E+001  0.148482592655792E+004 -0.192655069383049E+002  0.725113648921193E+002 -0.387995279512464E+000  0.413214355918722E+000 -0.107536384819057E+002 -0.742412963278961E+003
  0.100000000000000E+001  0.148481824009740E+004 -0.192491617900983E+002  0.727718205569171E+002 -0.348865798260068E+000  0.389899633810028E+000 -0.107536384819057E+002 -0.742409120048702E+003
  0.100000000000000E+001  0.148480027823307E+004 -0.192649481096008E+002  0.724137657056606E+002 -0.360103271483096E+000  0.398935946268535E+000 -0.107536384819057E+002 -0.742400139116535E+003
  0.100000000000000E+001  0.148478185181045E+004 -0.192584627933016E+002  0.723372379523112E+002 -0.348739179829883E+000  0.397413646957632E+000 -0.107536384819057E+002 -0.742390925905224E+003
  0.100000000000000E+001  0.148477149833247E+004 -0.192228475019952E+002  0.737404655048048E+002 -0.370407491645668E+000  0.407565154040549E+000 -0.107536384819057E+002 -0.742385749166237E+003
  0.100000000000000E+001  0.148475908407370E+004 -0.192286341916395E+002  0.736673269589452E+002 -0.385769062605833E+000  0.413498541298770E+000 -0.107536384819057E+002 -0.742379542036848E+003
  0.100000000000000E+001  0.148475634643910E+004 -0.192509537246172E+002  0.727532557987266E+002 -0.350563937570996E+000  0.391194635238062E+000 -0.107536384819057E+002 -0.742378173219550E+003
  0.100000000000000E+001  0.148475037175166E+004 -0.192659450252245E+002  0.723095074253318E+002 -0.376847190616302E+000  0.403116187848617E+000 -0.107536384819057E+002 -0.742375185875831E+003
  0.100000000000000E+001  0.148473902333764E+004 -0.192844700709577E+002  0.717047197970284E+002 -0.379503712913558E+000  0.408683616414555E+000 -0.107536384819057E+002 -0.742369511668818E+003
  0.100000000000000E+001  0.148472183475550E+004 -0.192667692096666E+002  0.723594919609233E+002 -0.381332911396650E+000  0.406122506052022E+000 -0.107536384819057E+002 -0.742360917377750E+003
  0.100000000000000E+001  0.148471825942684E+004 -0.192893700151128E+002  0.714966846987887E+002 -0.370493985922082E+000  0.405166038521777E+000 -0.107536384819057E+002 -0.742359129713420E+003
  0.100000000000000E+001  0.148468291852874E+004 -0.192522598383419E+002  0.727756203193897E+002 -0.358620843965887E+000  0.402430899171947E+000 -0.107536384819057E+002 -0.742341459264372E+003
  0.100000000000000E+001  0.148467347379061E+004 -0.192243484745886E+002  0.736848109158613E+002 -0.378770637002311E+000  0.408727486545813E+000 -0.107536384819057E+002 -0.742336736895303E+003
  0.100000000000000E+001  0.148466493219127E+004 -0.192681647637008E+002  0.720506918328989E+002 -0.360139888470243E+000  0.402813404444668E+000 -0.107536384819057E+002 -0.742332466095632E+003
  0.100000000000000E+001  0.148465289077634E+004 -0.192513820755589E+002  0.728260175898381E+002 -0.357918085161113E+000  0.395255732499350E+000 -0.107536384819057E+002 -0.742326445388172E+003
  0.100000000000000E+001  0.148464892678563E+004 -0.192403505822162E+002  0.731772751652267E+002 -0.361864921021853E+000  0.404198984859253E+000 -0.107536384819057E+002 -0.742324463392815E+003
  0.100000000000000E+001  0.148463389071971E+004 -0.192371610440818E+002  0.730484457043028E+002 -0.347295392524708E+000  0.392193583720065E+000 -0.107536384819057E+002 -0.742316945359855E+003
  0.100000000000000E+001  0.148462264362238E+004 -0.192212210668193E+002  0.738512521036827E+002 -0.377805905344468E+000  0.408388728443107E+000 -0.107536384819057E+002 -0.742311321811189E+003
  0.100000000000000E+001  0.148459126561616E+004 -0.192622317195976E+002  0.723440424754261E+002 -0.351713003837752E+000  0.399009671503233E+000 -0.107536384819057E+002 -0.742295632808080E+003
  0.100000000000000E+001  0.148457445126667E+004 -0.192743665048637E+002  0.719297775688773E+002 -0.365203813154912E+000  0.397952849419976E+000 -0.107536384819057E+002 -0.742287225633334E+003
  0.100000000000000E+001  0.148456178664430E+004 -0.192489970457638E+002  0.729734847636260E+002 -0.369000693733618E+000  0.406871460785545E+000 -0.107536384819057E+002 -0.742280893322149E+003
  0.100000000000000E+001  0.148454385970605E+004 -0.192645749079109E+002  0.722900446835346E+002 -0.380111658464960E+000  0.408380498983433E+000 -0.107536384819057E+002 -0.742271929853024E+003
  0.100000000000000E+001  0.148448177877698E+004 -0.192786386940066E+002  0.718801360561921E+002 -0.379239015219416E+000  0.407805353206800E+000 -0.107536384819057E+002 -0.742240889388490E+003
  0.100000000000000E+001  0.148447909470344E+004 -0.192618418151837E+002  0.723199847713305E+002 -0.351289035969251E+000  0.391119926636905E+000 -0.107536384819057E+002 -0.742239547351722E+003
  0.100000000000000E+001  0.148447036972950E+004 -0.192593236940589E+002  0.725276163710041E+002 -0.383945728274288E+000  0.409421711453106E+000 -0.107536384819057E+002 -0.742235184864751E+003
  0.100000000000000E+001  0.148439423393607E+004 -0.192346639449951E+002  0.734753545868117E+002 -0.384805154191544E+000  0.412894685595119E+000 -0.107536384819057E+002 -0.742197116968033E+003
  0.100000000000000E+001  0.148438077116771E+004 -0.192361621454842E+002  0.732050407544660E+002 -0.374619931676828E+000  0.406238266137970E+000 -0.107536384819057E+002 -0.742190385583856E+003
  0.100000000000000E+001  0.148437778168600E+004 -0.192750168887702E+002  0.720137388614408E+002 -0.379108179507184E+000  0.406746261411985E+000 -0.107536384819057E+002 -0.742188890843001E+003
  0.100000000000000E+001  0.148436716627982E+004 -0.192703712311747E+002  0.722819601134892E+002 -0.385737975593109E+000  0.413021359646898E+000 -0.107536384819057E+002 -0.742183583139911E+003
  0.100000000000000E+001  0.148435591557446E+004 -0.192340339237084E+002  0.734662217325990E+002 -0.371886553241902E+000  0.402843439493755E+000 -0.107536384819057E+002 -0.742177957787230E+003
  0.100000000000000E+001  0.148434784458420E+004 -0.192455048495708E+002  0.731529890118563E+002 -0.385283483360348E+000  0.411430875107558E+000 -0.107536384819057E+002 -0.742173922292098E+003
  0.100000000000000E+001  0.148434022977667E+004 -0.192523598340986E+002  0.727784895847048E+002 -0.373481292545819E+000  0.410762042529179E+000 -0.107536384819057E+002 -0.742170114888335E+003
  0.100000000000000E+001  0.148430712126148E+004 -0.192459697330454E+002  0.731041553556642E+002 -0.371149049196704E+000  0.404571056756123E+000 -0.107536384819057E+002 -0.742153560630740E+003
  0.100000000000000E+001  0.148426697438770E+004 -0.192641654862523E+002  0.722577772740126E+002 -0.347831479037467E+000  0.393550958168325E+000 -0.107536384819057E+002 -0.742133487193851E+003
  0.100000000000000E+001  0.148426146165598E+004 -0.192337415545062E+002  0.732991048064416E+002 -0.373495488977831E+000  0.404929125336386E+000 -0.107536384819057E+002 -0.742130730827988E+003
  0.100000000000000E+001  0.148426126775744E+004 -0.192648019314882E+002  0.723811952824406E+002 -0.367242040038280E+000  0.398931082603024E+000 -0.107536384819057E+002 -0.742130633878720E+003
  0.100000000000000E+001  0.148424953847069E+004 -0.192500234667378E+002  0.728522397125075E+002 -0.385460143930478E+000  0.412874371482792E+000 -0.107536384819057E+002 -0.742124769235343E+003
  0.100000000000000E+001  0.148424443983589E+004 -0.192370335330022E+002  0.732389152356246E+002 -0.366710363823936E+000  0.398460867669723E+000 -0.107536384819057E+002 -0.742122219917944E+003
  0.100000000000000E+001  0.148424266060881E+004 -0.192656022001907E+002  0.721762969281950E+002 -0.351277083562666E+000  0.397905564366756E+000 -0.107536384819057E+002 -0.742121330304405E+003
  0.100000000000000E+001  0.148423524626395E+004 -0.192288585754065E+002  0.734701717767649E+002 -0.359900088350236E+000  0.396737019681367E+000 -0.107536384819057E+002 -0.742117623131974E+003
  0.100000000000000E+001  0.148420671471554E+004 -0.192626650017559E+002  0.723181210113361E+002 -0.351430157889526E+000  0.392281430891978E+000 -0.107536384819057E+002 -0.742103357357768E+003
  0.100000000000000E+001  0.148420661802147E+004 -0.192727606977064E+002  0.719284649380525E+002 -0.364796760388762E+000  0.402388807937204E+000 -0.107536384819057E+002 -0.742103309010735E+003
  0.100000000000000E+001  0.148419811531432E+004 -0.192721258241993E+002  0.720868183854009E+002 -0.380258361553664E+000  0.409605131213709E+000 -0.107536384819057E+002 -0.742099057657160E+003
  0.100000000000000E+001  0.148416940670965E+004 -0.192751855848967E+002  0.719401326530124E+002 -0.354898953719049E+000  0.397188133273908E+000 -0.107536384819057E+002 -0.742084703354823E+003
  0.100000000000000E+001  0.148413416159387E+004 -0.192573703192450E+002  0.724632807813983E+002 -0.359375563516839E+000  0.402987772956790E+000 -0.107536384819057E+002 -0.742067080796935E+003
  0.100000000000000E+001  0.148411398661590E+004 -0.192540399471234E+002  0.728465281078157E+002 -0.378173447918873E+000  0.406991822709264E+000 -0.107536384819057E+002 -0.742056993307948E+003
  0.100000000000000E+001  0.148405441981373E+004 -0.192732043779023E+002  0.719432757839485E+002 -0.365540828195032E+000  0.400526174849528E+000 -0.107536384819057E+002 -0.742027209906863E+003
  0.100000000000000E+001  0.148403613934386E+004 -0.192800326397474E+002  0.718003215750464E+002 -0.370200004612827E+000  0.405566640334919E+000 -0.107536384819057E+002 -0.742018069671929E+003
  0.100000000000000E+001  0.148403584290406E+004 -0.192733262021559E+002  0.719533826035845E+002 -0.368711519051486E+000  0.404713578454656E+000 -0.107536384819057E+002 -0.742017921452031E+003
  0.100000000000000E+001  0.148401321904549E+004 -0.192329857608324E+002  0.734915807126353E+002 -0.375331419065439E+000  0.408077706543274E+000 -0.107536384819057E+002 -0.742006609522745E+003
  0.100000000000000E+001  0.148391921242833E+004 -0.192712177308805E+002  0.721584356546294E+002 -0.364166365039933E+000  0.402519407245475E+000 -0.107536384819057E+002 -0.741959606214167E+003
  0.100000000000000E+001  0.148391149779645E+004 -0.192550490656344E+002  0.727177229088263E+002 -0.362621493080501E+000  0.401478591322802E+000 -0.107536384819057E+002 -0.741955748898227E+003
  0.100000000000000E+001  0.148389713424991E+004 -0.192370820128363E+002  0.733590569762666E+002 -0.378730848123025E+000  0.407505399252036E+000 -0.107536384819057E+002 -0.741948567124955E+003
  0.100000000000000E+001  0.148389279957708E+004 -0.192545997407803E+002  0.726542735976331E+002 -0.380122185149794E+000  0.409918951623500E+000 -0.107536384819057E+002 -0.741946399788542E+003
  0.100000000000000E+001  0.148388897736239E+004 -0.192588271886977E+002  0.726624984962527E+002 -0.380956314507631E+000  0.411314718439568E+000 -0.107536384819057E+002 -0.741944488681197E+003
  0.100000000000000E+001  0.148387678329812E+004 -0.192475141417184E+002  0.729788905389077E+002 -0.363893355827985E+000  0.401039259493102E+000 -0.107536384819057E+002 -0.741938391649062E+003
  0.100000000000000E+001  0.148385628319391E+004 -0.192485297025010E+002  0.729629400954397E+002 -0.367017192898154E+000  0.401551579240012E+000 -0.107536384819057E+002 -0.741928141596953E+003
  0.100000000000000E+001  0.148381893572198E+004 -0.192479527915636E+002  0.727883474492761E+002 -0.370423106070212E+000  0.404900795723783E+000 -0.107536384819057E+002 -0.741909467860988E+003
  0.100000000000000E+001  0.148380608262975E+004 -0.192532007417359E+002  0.727520493393302E+002 -0.376482737198233E+000  0.404452129753723E+000 -0.107536384819057E+002 -0.741903041314876E+003
  0.100000000000000E+001  0.148380116337182E+004 -0.192497429807822E+002  0.728307729781573E+002 -0.357838357642426E+000  0.396305606314280E+000 -0.107536384819057E+002 -0.741900581685912E+003
  0.100000000000000E+001  0.148378942128033E+004 -0.192574691432294E+002  0.727111710683968E+002 -0.380344682875446E+000  0.409932531242209E+000 -0.107536384819057E+002 -0.741894710640164E+003
  0.100000000000000E+001  0.148377323601352E+004 -0.192531705131135E+002  0.725989472907925E+002 -0.362791904739063E+000  0.398035255334028E+000 -0.107536384819057E+002 -0.741886618006761E+003
  0.100000000000000E+001  0.148369972841832E+004 -0.192646357843961E+002  0.723653258252386E+002 -0.368903073855607E+000  0.400830852325371E+000 -0.107536384819057E+002 -0.741849864209158E+003
  0.100000000000000E+001  0.148366921458837E+004 -0.192440942693706E+002  0.729323786262171E+002 -0.366556297400157E+000  0.404756769620548E+000 -0.107536384819057E+002 -0.741834607294186E+003
  0.100000000000000E+001  0.148366232424315E+004 -0.192393561730581E+002  0.731874258693681E+002 -0.376986222123883E+000  0.407071477422250E+000 -0.107536384819057E+002 -0.741831162121574E+003
  0.100000000000000E+001  0.148366160882102E+004 -0.192332519656907E+002  0.733791508937064E+002 -0.366982647553723E+000  0.401262542664325E+000 -0.107536384819057E+002 -0.741830804410509E+003
  0.100000000000000E+001  0.148360722193921E+004 -0.192350343819919E+002  0.733423321928723E+002 -0.374416863413756E+000  0.406135721602087E+000 -0.107536384819057E+002 -0.741803610969603E+003
  0.100000000000000E+001  0.148360162589027E+004 -0.192372665050519E+002  0.732581786536889E+002 -0.373866847551742E+000  0.407687967830852E+000 -0.107536384819057E+002 -0.741800812945136E+003
  0.100000000000000E+001  0.148360150489155E+004 -0.192495465008075E+002  0.728714681830070E+002 -0.377281582782484E+000  0.410337266377105E+000 -0.107536384819057E+002 -0.741800752445774E+003
  0.100000000000000E+001  0.148353834153871E+004 -0.192534090668982E+002  0.726469166643341E+002 -0.372930675042260E+000  0.405863254986904E+000 -0.107536384819057E+002 -0.741769170769355E+003
  0.100000000000000E+001  0.148350969183086E+004 -0.192644773208011E+002  0.724066077176684E+002 -0.373080496059274E+000  0.404356389849103E+000 -0.107536384819057E+002 -0.741754845915428E+003
  0.100000000000000E+001  0.148348390173983E+004 -0.192458241730927E+002  0.729858706435326E+002 -0.375561909619673E+000  0.409049108793321E+000 -0.107536384819057E+002 -0.741741950869917E+003
  0.100000000000000E+001  0.148347551615041E+004 -0.192447107650846E+002  0.730274425941749E+002 -0.367068294891464E+000  0.404777632038062E+000 -0.107536384819057E+002 -0.741737758075206E+003
  0.100000000000000E+001  0.148343816832804E+004 -0.192558291540378E+002  0.726240076053868E+002 -0.359824634847430E+000  0.399883096832506E+000 -0.107536384819057E+002 -0.741719084164018E+003
  0.100000000000000E+001  0.148342689273630E+004 -0.192406459710605E+002  0.731447031204837E+002 -0.371865035500269E+000  0.403620573537252E+000 -0.107536384819057E+002 -0.741713446368152E+003
  0.100000000000000E+001  0.148331544278826E+004 -0.192526623441242E+002  0.726552746615802E+002 -0.367456156025666E+000  0.402217625621803E+000 -0.107536384819057E+002 -0.741657721394132E+003
  0.100000000000000E+001  0.148329468372492E+004 -0.192605134610919E+002  0.724654746848087E+002 -0.362738502241172E+000  0.399473235880117E+000 -0.107536384819057E+002 -0.741647341862461E+003
  0.100000000000000E+001  0.148322882117777E+004 -0.192566433154894E+002  0.726301977128627E+002 -0.374276416529347E+000  0.407605739297411E+000 -0.107536384819057E+002 -0.741614410588885E+003
  0.100000000000000E+001  0.148321497267486E+004 -0.192475258266788E+002  0.729308856068755E+002 -0.374227306999351E+000  0.405843148643818E+000 -0.107536384819057E+002 -0.741607486337430E+003
  0.100000000000000E+001  0.148316256437734E+004 -0.192513077201421E+002  0.726976379152171E+002 -0.362232870825476E+000  0.400663013708770E+000 -0.107536384819057E+002 -0.741581282188668E+003
  0.100000000000000E+001  0.148314344958748E+004 -0.192572054881185E+002  0.725160887752741E+002 -0.360932926845984E+000  0.399782902436296E+000 -0.107536384819057E+002 -0.741571724793740E+003
