  0.346912005919310E-002  0.148938429699313E+004 -0.193295959654588E+002  0.705431547557898E+002 -0.398067999607634E+000  0.455812615639704E+000 -0.479418398858755E+000 -0.167451030290137E+002 -0.746565167430540E+003
  0.346912005919310E-002  0.148938931254051E+004 -0.192843802984715E+002  0.711506034522975E+002 -0.289586054029599E+000  0.293038852091103E+000 -0.398456848610834E+000 -0.167451030290137E+002 -0.746567675204230E+003
  0.346912005919310E-002  0.148941476619085E+004 -0.192751003286157E+002  0.716287009004973E+002 -0.294657696355664E+000  0.220414914057752E+000 -0.293571039566558E+000 -0.167451030290137E+002 -0.746580402029403E+003
  0.346912005919310E-002  0.148942002466852E+004 -0.192398208955690E+002  0.732024611861298E+002 -0.331699916647040E+000  0.356629925642210E+000 -0.454485191962164E+000 -0.167451030290137E+002 -0.746583031268239E+003
  0.346912005919310E-002  0.148959522359011E+004 -0.192357655330795E+002  0.727583199708916E+002 -0.327433475696533E+000  0.333823842364406E+000 -0.417179525679330E+000 -0.167451030290137E+002 -0.746670630729031E+003
  0.346912005919310E-002  0.150464820312087E+004 -0.192586669351800E+002  0.719849188699264E+002 -0.296164409234502E+000  0.175337726033904E+000 -0.208904152985156E+000 -0.167451030290137E+002 -0.754197120494413E+003
  0.346912005919310E-002  0.148963211874573E+004 -0.192800170463702E+002  0.718325065091509E+002 -0.343547548629538E+000  0.275447630751485E+000 -0.305089226542606E+000 -0.167451030290137E+002 -0.746689078306841E+003
  0.346912005919310E-002  0.149475533017251E+004 -0.192682781666217E+002  0.714659082000309E+002 -0.302714265304254E+000  0.351957604253561E+000 -0.489278681284802E+000 -0.167451030290137E+002 -0.749250684020230E+003
  0.346912005919310E-002  0.148964639256083E+004 -0.193102750109590E+002  0.704979152824883E+002 -0.314783559699922E+000  0.297574929284369E+000 -0.365078682804238E+000 -0.167451030290137E+002 -0.746696215214394E+003
  0.346912005919310E-002  0.148965445774729E+004 -0.192061146259138E+002  0.740441767099202E+002 -0.336809428454157E+000  0.356746650690269E+000 -0.448092256902171E+000 -0.167451030290137E+002 -0.746700247807620E+003
  0.346912005919310E-002  0.148981195398843E+004 -0.192918625119539E+002  0.712114717673106E+002 -0.313779196472119E+000  0.241623886301749E+000 -0.300915424303057E+000 -0.167451030290137E+002 -0.746778995928192E+003
  0.346912005919310E-002  0.148983171461150E+004 -0.193030612765541E+002  0.706955995778682E+002 -0.331946731616893E+000  0.399596095373578E+000 -0.539089776835297E+000 -0.167451030290137E+002 -0.746788876239727E+003
  0.346912005919310E-002  0.149001553939618E+004 -0.192734561281864E+002  0.721520186554345E+002 -0.338748243251455E+000  0.354311848594847E+000 -0.436781374785255E+000 -0.167451030290137E+002 -0.746880788632067E+003
  0.346912005919310E-002  0.150060142249766E+004 -0.192506104303817E+002  0.724392323532262E+002 -0.327056909384980E+000  0.204331757882075E+000 -0.268889798578712E+000 -0.167451030290137E+002 -0.752173730182808E+003
  0.346912005919310E-002  0.148564167505186E+004 -0.192853869122654E+002  0.715912645961895E+002 -0.329745121352210E+000  0.365685244434896E+000 -0.464941809648778E+000 -0.167451030290137E+002 -0.744693856459907E+003
  0.346912005919310E-002  0.149531114637568E+004 -0.192903872415262E+002  0.711545812189977E+002 -0.320383409852752E+000  0.219731777677726E+000 -0.255585129190763E+000 -0.167451030290137E+002 -0.749528592121815E+003
  0.346912005919310E-002  0.149972805476654E+004 -0.192520352719155E+002  0.726793614478946E+002 -0.359093134116406E+000  0.249286868949831E+000 -0.251015446770509E+000 -0.167451030290137E+002 -0.751737046317245E+003
  0.346912005919310E-002  0.149009780000104E+004 -0.192628498099307E+002  0.724482935722519E+002 -0.362827505518830E+000  0.298959172516092E+000 -0.303029385079483E+000 -0.167451030290137E+002 -0.746921918934498E+003
  0.346912005919310E-002  0.149940351347795E+004 -0.193468998312923E+002  0.692230040734673E+002 -0.289015385286080E+000  0.240588474649943E+000 -0.322933434937170E+000 -0.167451030290137E+002 -0.751574775672951E+003
  0.346912005919310E-002  0.149011347331645E+004 -0.193247892740490E+002  0.702023930824508E+002 -0.381986771258934E+000  0.423232275767862E+000 -0.454540823562326E+000 -0.167451030290137E+002 -0.746929755592201E+003
  0.346912005919310E-002  0.149012029297155E+004 -0.192277222489803E+002  0.735480775909817E+002 -0.315659410322552E+000  0.274219753672549E+000 -0.340708835456596E+000 -0.167451030290137E+002 -0.746933165419754E+003
  0.346912005919310E-002  0.149018831151747E+004 -0.193258023875314E+002  0.702571898818323E+002 -0.404865176291848E+000  0.536573858703321E+000 -0.666389660293163E+000 -0.167451030290137E+002 -0.746967174692712E+003
  0.346912005919310E-002  0.149543797516475E+004 -0.192683112978763E+002  0.721115979792939E+002 -0.309366841373358E+000  0.213249121688841E+000 -0.250873334203320E+000 -0.167451030290137E+002 -0.749592006516351E+003
  0.346912005919310E-002  0.149572684111633E+004 -0.192182004421540E+002  0.734490821310126E+002 -0.288295085720533E+000  0.311077275547554E+000 -0.418427769758338E+000 -0.167451030290137E+002 -0.749736439492142E+003
  0.346912005919310E-002  0.149030415088888E+004 -0.192473098463730E+002  0.730528048970739E+002 -0.348124448632488E+000  0.284224851438079E+000 -0.308068170650472E+000 -0.167451030290137E+002 -0.747025094378416E+003
  0.346912005919310E-002  0.149030998403697E+004 -0.192523787865188E+002  0.725798534595624E+002 -0.361770982781116E+000  0.351073386304680E+000 -0.362290259065546E+000 -0.167451030290137E+002 -0.747028010952462E+003
  0.346912005919310E-002  0.149047459453524E+004 -0.193450097973377E+002  0.695223662297726E+002 -0.356469698327694E+000  0.412886422016660E+000 -0.500291472570979E+000 -0.167451030290137E+002 -0.747110316201596E+003
  0.346912005919310E-002  0.149058496843419E+004 -0.193054803937109E+002  0.707826536231866E+002 -0.332544592288851E+000  0.348905381906519E+000 -0.414412889111091E+000 -0.167451030290137E+002 -0.747165503151071E+003
  0.346912005919310E-002  0.149065378321385E+004 -0.193244760000842E+002  0.705771864278989E+002 -0.368914200452847E+000  0.376105341484518E+000 -0.399823599669688E+000 -0.167451030290137E+002 -0.747199910540903E+003
  0.346912005919310E-002  0.149714121901832E+004 -0.192982405800938E+002  0.709015352063290E+002 -0.281714443049487E+000  0.237160741386358E+000 -0.303005819089634E+000 -0.167451030290137E+002 -0.750443628443135E+003
  0.346912005919310E-002  0.149068812507756E+004 -0.191981170562177E+002  0.744068650404925E+002 -0.341161620205099E+000  0.376816222795458E+000 -0.449428329201098E+000 -0.167451030290137E+002 -0.747217081472759E+003
  0.346912005919310E-002  0.149071910869698E+004 -0.192392367016215E+002  0.727032608368051E+002 -0.329680213699992E+000  0.299794420651097E+000 -0.345887988501588E+000 -0.167451030290137E+002 -0.747232573282469E+003
  0.346912005919310E-002  0.149087492302043E+004 -0.193056299865237E+002  0.712066802702915E+002 -0.369627731650115E+000  0.358687094115190E+000 -0.366239874249459E+000 -0.167451030290137E+002 -0.747310480444193E+003
  0.346912005919310E-002  0.149800615916304E+004 -0.192363773484886E+002  0.729420250528925E+002 -0.284704133813990E+000  0.333154240630362E+000 -0.470107095911956E+000 -0.167451030290137E+002 -0.750876098515497E+003
  0.346912005919310E-002  0.149088594933121E+004 -0.192543201127672E+002  0.721243847384352E+002 -0.294259432670892E+000  0.281502254023829E+000 -0.387935121309667E+000 -0.167451030290137E+002 -0.747315993599580E+003
  0.346912005919310E-002  0.149391976511289E+004 -0.193127050187698E+002  0.708341169881402E+002 -0.396228225414358E+000  0.466231907239823E+000 -0.526356482488183E+000 -0.167451030290137E+002 -0.748832901490423E+003
  0.346912005919310E-002  0.149093330126720E+004 -0.192457407074479E+002  0.724522015803336E+002 -0.312646483022305E+000  0.291613596437744E+000 -0.352258126222139E+000 -0.167451030290137E+002 -0.747339669567579E+003
  0.346912005919310E-002  0.149386746657707E+004 -0.192609366044601E+002  0.717950654410720E+002 -0.262610141245692E+000  0.258952705855492E+000 -0.368893753829624E+000 -0.167451030290137E+002 -0.748806752222514E+003
  0.346912005919310E-002  0.149383005148125E+004 -0.193322815316387E+002  0.697790546297415E+002 -0.345190915042672E+000  0.339616983674723E+000 -0.387001753788667E+000 -0.167451030290137E+002 -0.748788044674600E+003
  0.346912005919310E-002  0.149095210743314E+004 -0.192662599542048E+002  0.719815736598723E+002 -0.383737943718674E+000  0.410038886118809E+000 -0.435169308593714E+000 -0.167451030290137E+002 -0.747349072650549E+003
  0.346912005919310E-002  0.149112317842190E+004 -0.192892946924593E+002  0.713585833484759E+002 -0.355512607444191E+000  0.461399112769145E+000 -0.625644601247927E+000 -0.167451030290137E+002 -0.747434608144927E+003
  0.346912005919310E-002  0.149113594238751E+004 -0.192469679755540E+002  0.725518035635278E+002 -0.329152647134086E+000  0.251300501768124E+000 -0.292769563013607E+000 -0.167451030290137E+002 -0.747440990127733E+003
  0.346912005919310E-002  0.149341727903671E+004 -0.192495943125995E+002  0.724063590007358E+002 -0.331974637443059E+000  0.294870546632120E+000 -0.359374925889739E+000 -0.167451030290137E+002 -0.748581658452334E+003
  0.346912005919310E-002  0.149340662769610E+004 -0.192394342131897E+002  0.725761329118867E+002 -0.269243656466704E+000  0.231561770914704E+000 -0.310931265851934E+000 -0.167451030290137E+002 -0.748576332782028E+003
  0.346912005919310E-002  0.149141839031562E+004 -0.192447716219268E+002  0.734061864512698E+002 -0.366555833229586E+000  0.389260665367541E+000 -0.428038528471433E+000 -0.167451030290137E+002 -0.747582214091787E+003
  0.346912005919310E-002  0.149155416322896E+004 -0.192300614586339E+002  0.728680053141423E+002 -0.325325314704254E+000  0.360183839389443E+000 -0.467016858555780E+000 -0.167451030290137E+002 -0.747650100548455E+003
  0.346912005919310E-002  0.149325415099425E+004 -0.193088816498389E+002  0.708961078111122E+002 -0.360110919589068E+000  0.298437691045464E+000 -0.308558492492324E+000 -0.167451030290137E+002 -0.748500094431101E+003
  0.346912005919310E-002  0.149159164926722E+004 -0.193104391905383E+002  0.705930273362035E+002 -0.349707516464252E+000  0.319644409773840E+000 -0.344354960231286E+000 -0.167451030290137E+002 -0.747668843567587E+003
  0.346912005919310E-002  0.149160708289084E+004 -0.193386007167656E+002  0.698626473395522E+002 -0.344939511245580E+000  0.381978621837396E+000 -0.458735927806075E+000 -0.167451030290137E+002 -0.747676560379398E+003
  0.346912005919310E-002  0.149322623906734E+004 -0.192831083000184E+002  0.718856795368471E+002 -0.333398102027214E+000  0.381551754995664E+000 -0.486403772877821E+000 -0.167451030290137E+002 -0.748486138467648E+003
  0.346912005919310E-002  0.149314510046845E+004 -0.192946925805088E+002  0.713489871601924E+002 -0.313748515037015E+000  0.293034171947674E+000 -0.371838123234312E+000 -0.167451030290137E+002 -0.748445569168203E+003
  0.346912005919310E-002  0.149166631174772E+004 -0.192236228827635E+002  0.734855064326869E+002 -0.308427546802877E+000  0.219246178868316E+000 -0.287441882825220E+000 -0.167451030290137E+002 -0.747706174807837E+003
  0.346912005919310E-002  0.149174453874572E+004 -0.192786069177749E+002  0.713658065333163E+002 -0.270386923760586E+000  0.208134571229126E+000 -0.295469128876348E+000 -0.167451030290137E+002 -0.747745288306839E+003
  0.346912005919310E-002  0.149183414375128E+004 -0.192226638205550E+002  0.734898873365222E+002 -0.298879580086210E+000  0.193091470762372E+000 -0.260556584393782E+000 -0.167451030290137E+002 -0.747790090809617E+003
  0.346912005919310E-002  0.149214599012361E+004 -0.192850360897794E+002  0.710649917318325E+002 -0.324503327316768E+000  0.356807975232083E+000 -0.465260386376769E+000 -0.167451030290137E+002 -0.747946013995782E+003
  0.346912005919310E-002  0.149275938784933E+004 -0.192919357821798E+002  0.708340465962045E+002 -0.313899791499768E+000  0.368814174424344E+000 -0.510441781456549E+000 -0.167451030290137E+002 -0.748252712858644E+003
  0.346912005919310E-002  0.149214723446804E+004 -0.192379136123767E+002  0.731494486090630E+002 -0.350328967161442E+000  0.285781270821044E+000 -0.321487840841641E+000 -0.167451030290137E+002 -0.747946636167998E+003
  0.346912005919310E-002  0.149223347237573E+004 -0.192877335924130E+002  0.711959971479228E+002 -0.345772640135613E+000  0.412864170192961E+000 -0.513591170351887E+000 -0.167451030290137E+002 -0.747989755121844E+003
  0.346912005919310E-002  0.149224036968628E+004 -0.192238882142639E+002  0.730439923485656E+002 -0.271933558613177E+000  0.255362431347621E+000 -0.357715530986567E+000 -0.167451030290137E+002 -0.747993203777116E+003
  0.346912005919310E-002  0.149225592675390E+004 -0.192393074696697E+002  0.732748771571863E+002 -0.331682796895607E+000  0.394934907479563E+000 -0.526714006164767E+000 -0.167451030290137E+002 -0.748000982310927E+003
  0.346912005919310E-002  0.149227735068321E+004 -0.192886308405353E+002  0.715055838543777E+002 -0.332135033589547E+000  0.313347623151618E+000 -0.387023739411902E+000 -0.167451030290137E+002 -0.748011694275584E+003
  0.346912005919310E-002  0.149235515971628E+004 -0.191974863256680E+002  0.745432038719421E+002 -0.312643769611168E+000  0.309774984201326E+000 -0.396468654841215E+000 -0.167451030290137E+002 -0.748050598792115E+003
  0.346912005919310E-002  0.148933301886874E+004 -0.192204332782207E+002  0.736221177384141E+002 -0.309768696041109E+000  0.348636648429734E+000 -0.475508825665401E+000 -0.167451030290137E+002 -0.746539528368346E+003
  0.346912005919310E-002  0.148931237735770E+004 -0.193374004692762E+002  0.701216576108820E+002 -0.389475493505650E+000  0.444651337927676E+000 -0.478197296975111E+000 -0.167451030290137E+002 -0.746529207612825E+003
  0.346912005919310E-002  0.148926752018820E+004 -0.192815556745487E+002  0.715217193933616E+002 -0.338076259629336E+000  0.452238547712529E+000 -0.643246198131948E+000 -0.167451030290137E+002 -0.746506779028078E+003
  0.346912005919310E-002  0.148924586102594E+004 -0.193239475584356E+002  0.708457992223381E+002 -0.420676004591688E+000  0.539444652694543E+000 -0.616554160641527E+000 -0.167451030290137E+002 -0.746495949446947E+003
  0.346912005919310E-002  0.148918831681590E+004 -0.192355142977111E+002  0.732589270113672E+002 -0.312261182499451E+000  0.294642612367396E+000 -0.373487243216076E+000 -0.167451030290137E+002 -0.746467177341927E+003
  0.346912005919310E-002  0.148910212752983E+004 -0.192591805388652E+002  0.724357548137778E+002 -0.341055538808683E+000  0.263601808871584E+000 -0.293359372378092E+000 -0.167451030290137E+002 -0.746424082698891E+003
  0.346912005919310E-002  0.148909255943853E+004 -0.192653500848524E+002  0.719348015955623E+002 -0.289853123629326E+000  0.228828401762462E+000 -0.309642883435075E+000 -0.167451030290137E+002 -0.746419298653244E+003
  0.346912005919310E-002  0.148905077413101E+004 -0.192313290314624E+002  0.731004023024467E+002 -0.325238755769928E+000  0.336367977577133E+000 -0.404859056800561E+000 -0.167451030290137E+002 -0.746398405999482E+003
  0.346912005919310E-002  0.148903362998992E+004 -0.192725052042918E+002  0.724176503952320E+002 -0.366648057483651E+000  0.388176190153269E+000 -0.425666262243368E+000 -0.167451030290137E+002 -0.746389833928938E+003
  0.346912005919310E-002  0.148903205411727E+004 -0.193326096987911E+002  0.699663441946995E+002 -0.371131441223855E+000  0.435601867295599E+000 -0.507207727729821E+000 -0.167451030290137E+002 -0.746389045992611E+003
  0.346912005919310E-002  0.148901847995923E+004 -0.192114357438403E+002  0.736673009022996E+002 -0.322443426968124E+000  0.301570100315036E+000 -0.371072683164385E+000 -0.167451030290137E+002 -0.746382258913594E+003
  0.346912005919310E-002  0.148893518437834E+004 -0.192035039184840E+002  0.739156542118310E+002 -0.309906553404866E+000  0.313945779194844E+000 -0.409481382259386E+000 -0.167451030290137E+002 -0.746340611123147E+003
  0.346912005919310E-002  0.148888601413249E+004 -0.193041946711865E+002  0.708743340742179E+002 -0.326766629313745E+000  0.322727459929553E+000 -0.383593351726219E+000 -0.167451030290137E+002 -0.746316026000224E+003
  0.346912005919310E-002  0.148878807973201E+004 -0.192527731152676E+002  0.723666606455320E+002 -0.330022410726286E+000  0.339745632319806E+000 -0.431719101747291E+000 -0.167451030290137E+002 -0.746267058799983E+003
  0.346912005919310E-002  0.148871215711541E+004 -0.192500668478281E+002  0.725376881982578E+002 -0.357085704272991E+000  0.329360243379568E+000 -0.350503013049320E+000 -0.167451030290137E+002 -0.746229097491683E+003
  0.346912005919310E-002  0.148868502603908E+004 -0.192939533202953E+002  0.712199531815943E+002 -0.351173870037707E+000  0.475652504003634E+000 -0.664933403998603E+000 -0.167451030290137E+002 -0.746215531953516E+003
  0.346912005919310E-002  0.148865608724654E+004 -0.192993698631649E+002  0.709783944531360E+002 -0.345014477973412E+000  0.309722426086545E+000 -0.349178956631988E+000 -0.167451030290137E+002 -0.746201062557247E+003
  0.346912005919310E-002  0.148859001700095E+004 -0.192432783545183E+002  0.726209857121973E+002 -0.300166294108092E+000  0.226413619847889E+000 -0.293311478730246E+000 -0.167451030290137E+002 -0.746168027434451E+003
  0.346912005919310E-002  0.148855549482714E+004 -0.192573610903651E+002  0.725809516564691E+002 -0.337377540139379E+000  0.376128016453199E+000 -0.457583668532436E+000 -0.167451030290137E+002 -0.746150766347549E+003
  0.346912005919310E-002  0.148852150334025E+004 -0.193323505702053E+002  0.699389725927514E+002 -0.365779260025499E+000  0.406159319465493E+000 -0.467536500586206E+000 -0.167451030290137E+002 -0.746133770604101E+003
  0.346912005919310E-002  0.148851351349248E+004 -0.192361659236258E+002  0.727042597824771E+002 -0.302802644287241E+000  0.319773974684148E+000 -0.425304019116481E+000 -0.167451030290137E+002 -0.746129775680218E+003
  0.346912005919310E-002  0.148849838384672E+004 -0.191942617410020E+002  0.743207030869702E+002 -0.329716556263748E+000  0.356027024397690E+000 -0.451595693199707E+000 -0.167451030290137E+002 -0.746122210857336E+003
  0.346912005919310E-002  0.148849767273039E+004 -0.192452939189104E+002  0.727213456712948E+002 -0.316609797996357E+000  0.254626518293005E+000 -0.298341455950464E+000 -0.167451030290137E+002 -0.746121855299173E+003
  0.346912005919310E-002  0.148848906996492E+004 -0.192367238757869E+002  0.732348533036504E+002 -0.321972185418072E+000  0.278589974868670E+000 -0.340418881315458E+000 -0.167451030290137E+002 -0.746117553916435E+003
  0.346912005919310E-002  0.148840865605046E+004 -0.192685925380326E+002  0.720780435679921E+002 -0.352919603021104E+000  0.455168374605714E+000 -0.616163565985048E+000 -0.167451030290137E+002 -0.746077346959205E+003
  0.346912005919310E-002  0.148837663881727E+004 -0.192167155432571E+002  0.735320143079343E+002 -0.343040134777682E+000  0.433452008624700E+000 -0.575651479283351E+000 -0.167451030290137E+002 -0.746061338342613E+003
  0.346912005919310E-002  0.148837250422611E+004 -0.193077513817049E+002  0.706994212695167E+002 -0.391845898763868E+000  0.506711544228935E+000 -0.622651421238203E+000 -0.167451030290137E+002 -0.746059271047034E+003
  0.346912005919310E-002  0.148834772850032E+004 -0.192447703460368E+002  0.726360248319503E+002 -0.348639286134028E+000  0.369626677721108E+000 -0.445808658227833E+000 -0.167451030290137E+002 -0.746046883184135E+003
  0.346912005919310E-002  0.148832300241088E+004 -0.193133809339309E+002  0.710182058155991E+002 -0.392119508129293E+000  0.406331261666795E+000 -0.400882504380860E+000 -0.167451030290137E+002 -0.746034520139416E+003
  0.346912005919310E-002  0.148826196062229E+004 -0.192124712409151E+002  0.738059016438863E+002 -0.327847941879149E+000  0.375308291918866E+000 -0.498422641477973E+000 -0.167451030290137E+002 -0.746003999245120E+003
  0.346912005919310E-002  0.148820020833683E+004 -0.192443057656605E+002  0.727726691158541E+002 -0.326778123239479E+000  0.267698483393566E+000 -0.324354365344362E+000 -0.167451030290137E+002 -0.745973123102393E+003
  0.346912005919310E-002  0.148819466994759E+004 -0.192377972537387E+002  0.728417938878443E+002 -0.306550399220546E+000  0.341681345672090E+000 -0.453194806184740E+000 -0.167451030290137E+002 -0.745970353907771E+003
  0.346912005919310E-002  0.148813402729126E+004 -0.193085156019475E+002  0.707400633302868E+002 -0.349937712333009E+000  0.402391981272332E+000 -0.484277547594942E+000 -0.167451030290137E+002 -0.745940032579608E+003
  0.346912005919310E-002  0.148810862937910E+004 -0.192787825406370E+002  0.714226339970131E+002 -0.290873076493816E+000  0.263373506389099E+000 -0.350307126394284E+000 -0.167451030290137E+002 -0.745927333623525E+003
  0.346912005919310E-002  0.148807531082738E+004 -0.193074013835055E+002  0.707372811501353E+002 -0.374139315796194E+000  0.407688034464069E+000 -0.456196839078643E+000 -0.167451030290137E+002 -0.745910674347665E+003
  0.346912005919310E-002  0.148804568107428E+004 -0.192996737418358E+002  0.708101924884756E+002 -0.304111380532950E+000  0.304533882554932E+000 -0.399614715069973E+000 -0.167451030290137E+002 -0.745895859471119E+003
  0.346912005919310E-002  0.148801145172923E+004 -0.192343561780150E+002  0.734298844977172E+002 -0.357958665107984E+000  0.371905519987269E+000 -0.405439623266020E+000 -0.167451030290137E+002 -0.745878744798593E+003
  0.346912005919310E-002  0.148800867422099E+004 -0.192964809923124E+002  0.713860894392175E+002 -0.342281987333947E+000  0.381075157257653E+000 -0.470951289736576E+000 -0.167451030290137E+002 -0.745877356044472E+003
  0.346912005919310E-002  0.148800756023648E+004 -0.191951607734568E+002  0.743875279055061E+002 -0.336962700507812E+000  0.415686537358761E+000 -0.555862817792928E+000 -0.167451030290137E+002 -0.745876799052219E+003
  0.346912005919310E-002  0.148798846216110E+004 -0.192209628903830E+002  0.734838818592913E+002 -0.311537861344907E+000  0.369926095661775E+000 -0.507595185907363E+000 -0.167451030290137E+002 -0.745867250014526E+003
  0.346912005919310E-002  0.148797058843278E+004 -0.193187950981161E+002  0.705818205740732E+002 -0.404939057925093E+000  0.521876452440429E+000 -0.628855188483897E+000 -0.167451030290137E+002 -0.745858313150364E+003
  0.346912005919310E-002  0.148796667686599E+004 -0.193210026432799E+002  0.706005297972358E+002 -0.385123661124156E+000  0.510422345162684E+000 -0.656887688941794E+000 -0.167451030290137E+002 -0.745856357366974E+003
  0.346912005919310E-002  0.148796120306211E+004 -0.193289095068101E+002  0.703817360730622E+002 -0.415460548253247E+000  0.519065662076777E+000 -0.587527989466352E+000 -0.167451030290137E+002 -0.745853620465032E+003
  0.346912005919310E-002  0.148795771082318E+004 -0.193331162991393E+002  0.699532691868737E+002 -0.353889418254407E+000  0.416012852194514E+000 -0.516921549416210E+000 -0.167451030290137E+002 -0.745851874345567E+003
  0.346912005919310E-002  0.148794643925280E+004 -0.192814209508130E+002  0.717120470553342E+002 -0.373667949254067E+000  0.348916502074122E+000 -0.354617606771058E+000 -0.167451030290137E+002 -0.745846238560378E+003
  0.346912005919310E-002  0.148793686759473E+004 -0.192412442581411E+002  0.728831883712163E+002 -0.340528816674371E+000  0.296114919250732E+000 -0.342478044647351E+000 -0.167451030290137E+002 -0.745841452731343E+003
  0.346912005919310E-002  0.148784184488067E+004 -0.192497468594666E+002  0.724929306258957E+002 -0.304843680824798E+000  0.362377999054569E+000 -0.506926031770334E+000 -0.167451030290137E+002 -0.745793941374311E+003
  0.346912005919310E-002  0.148782435160082E+004 -0.192880088318428E+002  0.710838157029917E+002 -0.331111670820555E+000  0.386185235036681E+000 -0.499840911452935E+000 -0.167451030290137E+002 -0.745785194734386E+003
  0.346912005919310E-002  0.148782302760717E+004 -0.192375123712726E+002  0.731068425157537E+002 -0.350152062017767E+000  0.296701446157279E+000 -0.324295616214485E+000 -0.167451030290137E+002 -0.745784532737560E+003
  0.346912005919310E-002  0.148781031523455E+004 -0.192612079818863E+002  0.720772347225863E+002 -0.322067520905272E+000  0.307651465132125E+000 -0.389551949692731E+000 -0.167451030290137E+002 -0.745778176551250E+003
  0.346912005919310E-002  0.148780254513381E+004 -0.193118226533706E+002  0.704589928694179E+002 -0.350942426500333E+000  0.385256227490377E+000 -0.454900807661090E+000 -0.167451030290137E+002 -0.745774291500884E+003
  0.346912005919310E-002  0.148770860858195E+004 -0.192423346361049E+002  0.732683500714798E+002 -0.345191895139367E+000  0.360139397029480E+000 -0.422690842880016E+000 -0.167451030290137E+002 -0.745727323224952E+003
  0.346912005919310E-002  0.148769983748743E+004 -0.193122621691478E+002  0.706662491082902E+002 -0.346089361974484E+000  0.327818330310471E+000 -0.371709256501717E+000 -0.167451030290137E+002 -0.745722937677694E+003
  0.346912005919310E-002  0.148757389804546E+004 -0.192352655955658E+002  0.728572229717176E+002 -0.319997294241639E+000  0.329137060173586E+000 -0.406786168198636E+000 -0.167451030290137E+002 -0.745659967956705E+003
  0.346912005919310E-002  0.148756838691781E+004 -0.191959701035097E+002  0.747064937736360E+002 -0.346457288464954E+000  0.354795649056003E+000 -0.415915777636144E+000 -0.167451030290137E+002 -0.745657212392883E+003
  0.346912005919310E-002  0.148748701377518E+004 -0.192423774805386E+002  0.727340905243475E+002 -0.311925337211432E+000  0.245359507632919E+000 -0.300750996320659E+000 -0.167451030290137E+002 -0.745616525821568E+003
  0.346912005919310E-002  0.148744036135730E+004 -0.192982540608945E+002  0.711521895588927E+002 -0.388432740055830E+000  0.414489655087902E+000 -0.434692473780544E+000 -0.167451030290137E+002 -0.745593199612626E+003
  0.346912005919310E-002  0.148740525531816E+004 -0.193123296157414E+002  0.706604301821006E+002 -0.336559018333840E+000  0.398485744930797E+000 -0.514450988397940E+000 -0.167451030290137E+002 -0.745575646593056E+003
  0.346912005919310E-002  0.148737707282283E+004 -0.192563494553714E+002  0.722537706402504E+002 -0.361493426280083E+000  0.440557729112584E+000 -0.541418849721921E+000 -0.167451030290137E+002 -0.745561555345394E+003
  0.346912005919310E-002  0.148737457374208E+004 -0.192950316809242E+002  0.712800326180910E+002 -0.352784396305260E+000  0.317568575688920E+000 -0.341791239508410E+000 -0.167451030290137E+002 -0.745560305805015E+003
  0.346912005919310E-002  0.148736935932296E+004 -0.193320691869881E+002  0.702254276925741E+002 -0.374316224111568E+000  0.452537350604445E+000 -0.539183373326097E+000 -0.167451030290137E+002 -0.745557698595455E+003
  0.346912005919310E-002  0.148735119688369E+004 -0.192461052958476E+002  0.730164057474014E+002 -0.353153227026690E+000  0.425557083803294E+000 -0.546639878018567E+000 -0.167451030290137E+002 -0.745548617375821E+003
  0.346912005919310E-002  0.148730256201777E+004 -0.192284443728156E+002  0.735270181541580E+002 -0.366223168280084E+000  0.478429317392266E+000 -0.635046010950148E+000 -0.167451030290137E+002 -0.745524299942859E+003
  0.346912005919310E-002  0.148722155679791E+004 -0.193096082428603E+002  0.710686289448940E+002 -0.393492301428558E+000  0.435697381948392E+000 -0.446984179612869E+000 -0.167451030290137E+002 -0.745483797332931E+003
  0.346912005919310E-002  0.148717645197596E+004 -0.192208513307556E+002  0.736308123899872E+002 -0.338831242276474E+000  0.437997112520472E+000 -0.603925981752155E+000 -0.167451030290137E+002 -0.745461244921957E+003
  0.346912005919310E-002  0.148717522394420E+004 -0.192671707396066E+002  0.723052869453584E+002 -0.333286998806671E+000  0.361573972605987E+000 -0.454598224566411E+000 -0.167451030290137E+002 -0.745460630906077E+003
  0.346912005919310E-002  0.148716366356113E+004 -0.193131054477803E+002  0.705590339036924E+002 -0.355455281791461E+000  0.461924335792629E+000 -0.617001580894723E+000 -0.167451030290137E+002 -0.745454850714543E+003
  0.346912005919310E-002  0.148714200103221E+004 -0.192408084887872E+002  0.729393428029907E+002 -0.380502861961665E+000  0.399568774174472E+000 -0.412516529341346E+000 -0.167451030290137E+002 -0.745444019450081E+003
  0.346912005919310E-002  0.148713777625845E+004 -0.193338497305296E+002  0.701656093094748E+002 -0.410021029439907E+000  0.531915307726052E+000 -0.634855442437825E+000 -0.167451030290137E+002 -0.745441907063203E+003
  0.346912005919310E-002  0.148713366870590E+004 -0.192743321572172E+002  0.717820813842963E+002 -0.345646860898485E+000  0.450186545382504E+000 -0.620130898834475E+000 -0.167451030290137E+002 -0.745439853286928E+003
  0.346912005919310E-002  0.148710886711916E+004 -0.192796496793576E+002  0.714234354754555E+002 -0.342290833245015E+000  0.371304610001582E+000 -0.444019647202708E+000 -0.167451030290137E+002 -0.745427452493556E+003
  0.346912005919310E-002  0.148710432406721E+004 -0.192246082074049E+002  0.735378827406775E+002 -0.372694825031619E+000  0.437545676671549E+000 -0.502058940965853E+000 -0.167451030290137E+002 -0.745425180967583E+003
  0.346912005919310E-002  0.148709543787759E+004 -0.192770027201713E+002  0.714714322943154E+002 -0.327909623621689E+000  0.352361090377293E+000 -0.450577117434861E+000 -0.167451030290137E+002 -0.745420737872774E+003
  0.346912005919310E-002  0.148705985916364E+004 -0.192621419082337E+002  0.724395328197364E+002 -0.341057570663135E+000  0.428958955651360E+000 -0.574511368850281E+000 -0.167451030290137E+002 -0.745402948515796E+003
  0.346912005919310E-002  0.148703185701062E+004 -0.192969612625766E+002  0.713361063596647E+002 -0.380244506598170E+000  0.514302346939257E+000 -0.679570768674111E+000 -0.167451030290137E+002 -0.745388947439287E+003
  0.346912005919310E-002  0.148701223152510E+004 -0.193042862327358E+002  0.709704703557880E+002 -0.352189568360030E+000  0.449171757413103E+000 -0.598160215020044E+000 -0.167451030290137E+002 -0.745379134696527E+003
  0.346912005919310E-002  0.148700061498065E+004 -0.192665885357339E+002  0.724714089130831E+002 -0.350081819435269E+000  0.386010300598784E+000 -0.460765069835261E+000 -0.167451030290137E+002 -0.745373326424303E+003
  0.346912005919310E-002  0.148695779673407E+004 -0.192979039236810E+002  0.709387205682547E+002 -0.374562367051080E+000  0.478616271189928E+000 -0.603641791396953E+000 -0.167451030290137E+002 -0.745351917301013E+003
  0.346912005919310E-002  0.148694404554371E+004 -0.192580915834985E+002  0.722588304992881E+002 -0.300450329359073E+000  0.310819374196784E+000 -0.419071190357940E+000 -0.167451030290137E+002 -0.745345041705832E+003
  0.346912005919310E-002  0.148690685926314E+004 -0.192387930321672E+002  0.734404803421653E+002 -0.371194231447385E+000  0.418741086360992E+000 -0.467785241365107E+000 -0.167451030290137E+002 -0.745326448565548E+003
  0.346912005919310E-002  0.148690367533097E+004 -0.193198581699458E+002  0.702725738881077E+002 -0.364818815744497E+000  0.445974674792096E+000 -0.551762058512963E+000 -0.167451030290137E+002 -0.745324856599461E+003
  0.346912005919310E-002  0.148687331266427E+004 -0.192514578198465E+002  0.723805664138301E+002 -0.352258499283852E+000  0.371100390368946E+000 -0.424989935037786E+000 -0.167451030290137E+002 -0.745309675266111E+003
  0.346912005919310E-002  0.148687157535308E+004 -0.192925528463338E+002  0.714203998267114E+002 -0.339081611257998E+000  0.326342253233873E+000 -0.384006075257261E+000 -0.167451030290137E+002 -0.745308806610518E+003
  0.346912005919310E-002  0.148678736155842E+004 -0.192746948761128E+002  0.715733612638848E+002 -0.304817843664895E+000  0.342832603603927E+000 -0.468025797885147E+000 -0.167451030290137E+002 -0.745266699713186E+003
  0.346912005919310E-002  0.148676677445335E+004 -0.193080772406354E+002  0.708401949038569E+002 -0.407201983430273E+000  0.481484852157440E+000 -0.511297706191769E+000 -0.167451030290137E+002 -0.745256406160652E+003
  0.346912005919310E-002  0.148669981247752E+004 -0.192824822833395E+002  0.716581899793055E+002 -0.327770743788255E+000  0.355760010090219E+000 -0.457852088109902E+000 -0.167451030290137E+002 -0.745222925172735E+003
  0.346912005919310E-002  0.148668434302421E+004 -0.192395556540193E+002  0.729935607121128E+002 -0.381477424143251E+000  0.391267355920789E+000 -0.403864517526770E+000 -0.167451030290137E+002 -0.745215190446082E+003
  0.346912005919310E-002  0.148666701332662E+004 -0.192619281760258E+002  0.720942837420337E+002 -0.317350821927058E+000  0.372011609746131E+000 -0.510676299574371E+000 -0.167451030290137E+002 -0.745206525597287E+003
  0.346912005919310E-002  0.148663010151772E+004 -0.192404276890081E+002  0.727038717308366E+002 -0.341963190819099E+000  0.411847110780478E+000 -0.528364045217103E+000 -0.167451030290137E+002 -0.745188069692835E+003
  0.346912005919310E-002  0.148662825191045E+004 -0.192386338301176E+002  0.730012902543341E+002 -0.325388310706175E+000  0.404073958129958E+000 -0.557928683571191E+000 -0.167451030290137E+002 -0.745187144889202E+003
  0.346912005919310E-002  0.148662439549180E+004 -0.193197726797022E+002  0.704900124802517E+002 -0.393830314420068E+000  0.517620684194444E+000 -0.646053720928023E+000 -0.167451030290137E+002 -0.745185216679878E+003
  0.346912005919310E-002  0.148662115986581E+004 -0.192912989479486E+002  0.712405573237171E+002 -0.345989062839242E+000  0.341745452197596E+000 -0.382613885703449E+000 -0.167451030290137E+002 -0.745183598866882E+003
  0.346912005919310E-002  0.148661016251909E+004 -0.192703340580111E+002  0.719756353693289E+002 -0.376014418821204E+000  0.498328507401419E+000 -0.656736426203011E+000 -0.167451030290137E+002 -0.745178100193523E+003
  0.346912005919310E-002  0.148660911963324E+004 -0.192958004782387E+002  0.711904033548001E+002 -0.367937483219376E+000  0.396089111899538E+000 -0.451832409482549E+000 -0.167451030290137E+002 -0.745177578750596E+003
  0.346912005919310E-002  0.148660788612979E+004 -0.192629375117598E+002  0.722188905671964E+002 -0.360725345975034E+000  0.332819609581968E+000 -0.353251708564230E+000 -0.167451030290137E+002 -0.745176961998873E+003
  0.346912005919310E-002  0.148659954452396E+004 -0.192312717302907E+002  0.733133053066157E+002 -0.324151372543134E+000  0.371325463467461E+000 -0.480930586316916E+000 -0.167451030290137E+002 -0.745172791195957E+003
  0.346912005919310E-002  0.148650006256013E+004 -0.193087188746513E+002  0.707500993133332E+002 -0.375733111125871E+000  0.499000199974153E+000 -0.653387935783527E+000 -0.167451030290137E+002 -0.745123050214044E+003
  0.346912005919310E-002  0.148649813276091E+004 -0.192648429825359E+002  0.721330823928632E+002 -0.347867224849041E+000  0.309173361475310E+000 -0.344026673778984E+000 -0.167451030290137E+002 -0.745122085314431E+003
  0.346912005919310E-002  0.148644891566974E+004 -0.192279259222406E+002  0.732482401413696E+002 -0.321893274511558E+000  0.343963806616232E+000 -0.449292366603515E+000 -0.167451030290137E+002 -0.745097476768845E+003
  0.346912005919310E-002  0.148642278897854E+004 -0.192684233661184E+002  0.720430986623776E+002 -0.343512289655922E+000  0.296259378849410E+000 -0.328257317150985E+000 -0.167451030290137E+002 -0.745084413423249E+003
  0.346912005919310E-002  0.148641916117103E+004 -0.192661709435665E+002  0.718307890237287E+002 -0.331886374852601E+000  0.338476788456823E+000 -0.413900175936092E+000 -0.167451030290137E+002 -0.745082599519492E+003
  0.346912005919310E-002  0.148640101673685E+004 -0.192452671377647E+002  0.726892878467802E+002 -0.326059940166511E+000  0.276533114210180E+000 -0.330521594743942E+000 -0.167451030290137E+002 -0.745073527302403E+003
  0.346912005919310E-002  0.148634591848766E+004 -0.192293863588301E+002  0.732270001129505E+002 -0.334831722599412E+000  0.298660919008899E+000 -0.341702070604441E+000 -0.167451030290137E+002 -0.745045978177806E+003
  0.346912005919310E-002  0.148632141500688E+004 -0.193323905861034E+002  0.700790843415874E+002 -0.379586921537118E+000  0.469176011275358E+000 -0.568885532545309E+000 -0.167451030290137E+002 -0.745033726437416E+003
  0.346912005919310E-002  0.148627268838717E+004 -0.193279838653490E+002  0.704551402912637E+002 -0.382876665538367E+000  0.436855514657410E+000 -0.485389814173658E+000 -0.167451030290137E+002 -0.745009363127562E+003
  0.346912005919310E-002  0.148622892105376E+004 -0.193021469190955E+002  0.710168225231746E+002 -0.377321269190592E+000  0.494596965485872E+000 -0.642047834147874E+000 -0.167451030290137E+002 -0.744987479460856E+003
  0.346912005919310E-002  0.148622519443248E+004 -0.192375878395642E+002  0.730009959223437E+002 -0.334507673121327E+000  0.428115045481432E+000 -0.584530105208998E+000 -0.167451030290137E+002 -0.744985616150217E+003
  0.346912005919310E-002  0.148620856789360E+004 -0.192021138555149E+002  0.741760604609134E+002 -0.341171779664479E+000  0.419971186212653E+000 -0.554547058897896E+000 -0.167451030290137E+002 -0.744977302880777E+003
  0.346912005919310E-002  0.148618514668430E+004 -0.192844581606317E+002  0.713178789584792E+002 -0.314883361334914E+000  0.315404565701506E+000 -0.407079743887309E+000 -0.167451030290137E+002 -0.744965592276127E+003
  0.346912005919310E-002  0.148616204487153E+004 -0.192740049985699E+002  0.716207189285503E+002 -0.345181278764372E+000  0.363755629541860E+000 -0.432798503848076E+000 -0.167451030290137E+002 -0.744954041369743E+003
  0.346912005919310E-002  0.148614708809504E+004 -0.192917597390056E+002  0.713937221815933E+002 -0.340622340311738E+000  0.347524749681877E+000 -0.419548507065443E+000 -0.167451030290137E+002 -0.744946562981499E+003
  0.346912005919310E-002  0.148614169475132E+004 -0.192828616689064E+002  0.714751187729049E+002 -0.322282458461837E+000  0.299493154141878E+000 -0.357042288079384E+000 -0.167451030290137E+002 -0.744943866309639E+003
  0.346912005919310E-002  0.148613260323172E+004 -0.192647623962671E+002  0.719369835388136E+002 -0.301049943119412E+000  0.300228948900239E+000 -0.399857571720105E+000 -0.167451030290137E+002 -0.744939320549838E+003
  0.346912005919310E-002  0.148611806497385E+004 -0.192303458237749E+002  0.734383531947085E+002 -0.368128644571046E+000  0.405263125190228E+000 -0.470967581212236E+000 -0.167451030290137E+002 -0.744932051420901E+003
  0.346912005919310E-002  0.148611519554691E+004 -0.192130112034304E+002  0.737634177011728E+002 -0.321087719598573E+000  0.366753915049355E+000 -0.487648633666154E+000 -0.167451030290137E+002 -0.744930616707430E+003
  0.346912005919310E-002  0.148607891091679E+004 -0.192638904378803E+002  0.722921992128281E+002 -0.336049107720695E+000  0.378470654280092E+000 -0.487206616228207E+000 -0.167451030290137E+002 -0.744912474392370E+003
  0.346912005919310E-002  0.148606849211089E+004 -0.193082435049449E+002  0.707530315088469E+002 -0.374128992643341E+000  0.397997451083098E+000 -0.432566724645355E+000 -0.167451030290137E+002 -0.744907264989421E+003
  0.346912005919310E-002  0.148606373193879E+004 -0.193060899334683E+002  0.708424921927000E+002 -0.389656069018476E+000  0.510450528620140E+000 -0.643695031623494E+000 -0.167451030290137E+002 -0.744904884903373E+003
  0.346912005919310E-002  0.148606167270826E+004 -0.192561936732673E+002  0.724741817995371E+002 -0.317351132009561E+000  0.276972961737101E+000 -0.339487529022591E+000 -0.167451030290137E+002 -0.744903855288107E+003
  0.346912005919310E-002  0.148605538208032E+004 -0.192896278168448E+002  0.711453115756587E+002 -0.344794969504917E+000  0.361223843334670E+000 -0.426735387892776E+000 -0.167451030290137E+002 -0.744900709974139E+003
  0.346912005919310E-002  0.148604883966104E+004 -0.192358250463291E+002  0.730570620275637E+002 -0.342514600404416E+000  0.320111249818190E+000 -0.355809962216298E+000 -0.167451030290137E+002 -0.744897438764499E+003
  0.346912005919310E-002  0.148603019503995E+004 -0.193212837994490E+002  0.704445765821097E+002 -0.386792236576867E+000  0.481452813516949E+000 -0.580929593971973E+000 -0.167451030290137E+002 -0.744888116453951E+003
  0.346912005919310E-002  0.148602310607497E+004 -0.192907044570220E+002  0.712569549271778E+002 -0.338243828103344E+000  0.422791886304930E+000 -0.562124674774935E+000 -0.167451030290137E+002 -0.744884571971462E+003
  0.346912005919310E-002  0.148601897450311E+004 -0.192495291542269E+002  0.729097845430229E+002 -0.351182890164546E+000  0.335079950562589E+000 -0.363088887320060E+000 -0.167451030290137E+002 -0.744882506185534E+003
  0.346912005919310E-002  0.148601158736592E+004 -0.192919943221131E+002  0.711009366926099E+002 -0.365299823430298E+000  0.452317976679312E+000 -0.564129660826808E+000 -0.167451030290137E+002 -0.744878812616935E+003
  0.346912005919310E-002  0.148597859332841E+004 -0.192320903890477E+002  0.731024587422301E+002 -0.308965870156540E+000  0.289674907241530E+000 -0.362251363096803E+000 -0.167451030290137E+002 -0.744862315598180E+003
  0.346912005919310E-002  0.148595021296884E+004 -0.192403984711090E+002  0.726849001093327E+002 -0.321336853795067E+000  0.334749688051474E+000 -0.418556273581800E+000 -0.167451030290137E+002 -0.744848125418397E+003
  0.346912005919310E-002  0.148594720037028E+004 -0.193092030810344E+002  0.711570807871537E+002 -0.382797223873272E+000  0.454679034084752E+000 -0.527072913159728E+000 -0.167451030290137E+002 -0.744846619119115E+003
  0.346912005919310E-002  0.148586740087216E+004 -0.192997528690311E+002  0.709134466825407E+002 -0.356150320926973E+000  0.414961332289446E+000 -0.513580650163931E+000 -0.167451030290137E+002 -0.744806719370056E+003
  0.346912005919310E-002  0.148586042727841E+004 -0.192659779495367E+002  0.722117799205813E+002 -0.341758133356113E+000  0.299659281586900E+000 -0.331416254314775E+000 -0.167451030290137E+002 -0.744803232573180E+003
  0.346912005919310E-002  0.148585818315582E+004 -0.192283419739816E+002  0.732571394023293E+002 -0.355348729584712E+000  0.434638039089863E+000 -0.559241119884135E+000 -0.167451030290137E+002 -0.744802110511885E+003
  0.346912005919310E-002  0.148585810997329E+004 -0.193215179455428E+002  0.710112019976462E+002 -0.439993448029597E+000  0.539401061319607E+000 -0.552225543062292E+000 -0.167451030290137E+002 -0.744802073920619E+003
  0.346912005919310E-002  0.148584678944509E+004 -0.193065548915935E+002  0.709726168191746E+002 -0.361504893765594E+000  0.429984811906980E+000 -0.518203029589998E+000 -0.167451030290137E+002 -0.744796413656522E+003
  0.346912005919310E-002  0.148584009846433E+004 -0.193090732733452E+002  0.709135945870049E+002 -0.402416421845458E+000  0.533681690039794E+000 -0.662011050290019E+000 -0.167451030290137E+002 -0.744793068166141E+003
  0.346912005919310E-002  0.148583326758518E+004 -0.192376188522127E+002  0.731622300660137E+002 -0.331602297928334E+000  0.293889852911253E+000 -0.347084292214348E+000 -0.167451030290137E+002 -0.744789652726566E+003
  0.346912005919310E-002  0.148580920092481E+004 -0.192469063313858E+002  0.727625737520992E+002 -0.326926434990761E+000  0.275107263929307E+000 -0.322417219523345E+000 -0.167451030290137E+002 -0.744777619396382E+003
  0.346912005919310E-002  0.148578480587889E+004 -0.193119066705920E+002  0.707700875088339E+002 -0.372345305925657E+000  0.412710832433209E+000 -0.455160313358334E+000 -0.167451030290137E+002 -0.744765421873422E+003
  0.346912005919310E-002  0.148577791053536E+004 -0.192377301637727E+002  0.729650906188184E+002 -0.310533674132064E+000  0.275579076628159E+000 -0.341422781398734E+000 -0.167451030290137E+002 -0.744761974201655E+003
  0.346912005919310E-002  0.148572651079550E+004 -0.192598219351771E+002  0.722271263919931E+002 -0.325701325035327E+000  0.278546311928491E+000 -0.328801480489247E+000 -0.167451030290137E+002 -0.744736274331726E+003
  0.346912005919310E-002  0.148572616853150E+004 -0.192590268989757E+002  0.720677595852991E+002 -0.318599555823490E+000  0.335602983147623E+000 -0.435394420673177E+000 -0.167451030290137E+002 -0.744736103199729E+003
  0.346912005919310E-002  0.148571546581241E+004 -0.192692834553410E+002  0.719108498845932E+002 -0.379034196457109E+000  0.482776214322417E+000 -0.597398807542476E+000 -0.167451030290137E+002 -0.744730751840180E+003
  0.346912005919310E-002  0.148570785342538E+004 -0.192908672811165E+002  0.712500326616513E+002 -0.359441623822507E+000  0.398155178168533E+000 -0.455684925783473E+000 -0.167451030290137E+002 -0.744726945646664E+003
  0.346912005919310E-002  0.148570030232061E+004 -0.192496165603646E+002  0.727942109190375E+002 -0.366251265896419E+000  0.439378269828911E+000 -0.522740272003020E+000 -0.167451030290137E+002 -0.744723170094281E+003
  0.346912005919310E-002  0.148570007081897E+004 -0.193116923190168E+002  0.709350368451148E+002 -0.431732576547491E+000  0.513525723053100E+000 -0.518832218262133E+000 -0.167451030290137E+002 -0.744723054343464E+003
  0.346912005919310E-002  0.148569043579897E+004 -0.193208781824958E+002  0.705960636016003E+002 -0.388795996455323E+000  0.453180347234191E+000 -0.511038296904360E+000 -0.167451030290137E+002 -0.744718236833462E+003
  0.346912005919310E-002  0.148566053864600E+004 -0.192912122558713E+002  0.716171537353281E+002 -0.360155595290695E+000  0.418529154114722E+000 -0.509055859374996E+000 -0.167451030290137E+002 -0.744703288256978E+003
  0.346912005919310E-002  0.148860424737184E+004 -0.192204754769528E+002  0.736904647209079E+002 -0.347429098219195E+000  0.441806523396568E+000 -0.590216655314109E+000 -0.167451030290137E+002 -0.744302123685918E+003
  0.346912005919310E-002  0.148846847803065E+004 -0.192159432247192E+002  0.737719795398779E+002 -0.335318097645056E+000  0.366942797859986E+000 -0.463316424550314E+000 -0.167451030290137E+002 -0.744234239015326E+003
  0.346912005919310E-002  0.148819094890262E+004 -0.192242669456499E+002  0.737157259558330E+002 -0.341385376145442E+000  0.353133412093683E+000 -0.419762413429723E+000 -0.167451030290137E+002 -0.744095474451310E+003
  0.346912005919310E-002  0.148780530038015E+004 -0.192223377423132E+002  0.736489213921137E+002 -0.344085297978455E+000  0.348918387290771E+000 -0.399720414844950E+000 -0.167451030290137E+002 -0.743902650190075E+003
  0.346912005919310E-002  0.148756738475358E+004 -0.192125437297322E+002  0.740067368474521E+002 -0.347145661631631E+000  0.354429039673171E+000 -0.406487011215759E+000 -0.167451030290137E+002 -0.743783692376792E+003
  0.346912005919310E-002  0.148712673254968E+004 -0.192242368950395E+002  0.735027284308819E+002 -0.347033921954301E+000  0.352752304898740E+000 -0.412752114559751E+000 -0.167451030290137E+002 -0.743563366274842E+003
