  0.366354549573140E-002  0.148766599820523E+004 -0.192187597171159E+002  0.736873470337369E+002 -0.346744259063052E+000  0.373678419237759E+000 -0.438137300338809E+000 -0.167451030290137E+002 -0.743832999102614E+003
  0.366354549573140E-002  0.148669751423108E+004 -0.192359207437903E+002  0.732772718290656E+002 -0.340598612007426E+000  0.359402778577852E+000 -0.430384306042683E+000 -0.167451030290137E+002 -0.743348757115541E+003
  0.366354549573140E-002  0.148870153657936E+004 -0.192136959325216E+002  0.742059735774849E+002 -0.402108336353419E+000  0.541348103694624E+000 -0.692047720265748E+000 -0.167451030290137E+002 -0.746636081734049E+003
  0.366354549573140E-002  0.148605414743207E+004 -0.192461586151321E+002  0.734493714013626E+002 -0.403995812952185E+000  0.487609667807611E+000 -0.545162649572148E+000 -0.167451030290137E+002 -0.745312387160408E+003
  0.366354549573140E-002  0.148599582674657E+004 -0.192362555184776E+002  0.737470465907786E+002 -0.437802112383286E+000  0.478984423436213E+000 -0.424541436671888E+000 -0.167451030290137E+002 -0.745283226817655E+003
  0.366354549573140E-002  0.149428261086923E+004 -0.191603381962332E+002  0.757404067478723E+002 -0.333024229239118E+000  0.297006829694084E+000 -0.343183656129284E+000 -0.167451030290137E+002 -0.749426618878988E+003
  0.366354549573140E-002  0.148855471441242E+004 -0.192349551257646E+002  0.733322081696506E+002 -0.341577079389449E+000  0.329243809099115E+000 -0.374054735626800E+000 -0.167451030290137E+002 -0.744277357206209E+003
  0.366354549573140E-002  0.148874398310024E+004 -0.192745662046009E+002  0.722212528689411E+002 -0.392582949838494E+000  0.542033869171821E+000 -0.722325224906015E+000 -0.167451030290137E+002 -0.746657304994494E+003
  0.366354549573140E-002  0.148874659040859E+004 -0.192093402524743E+002  0.746154785435681E+002 -0.470034419322661E+000  0.547384810880772E+000 -0.467619753005920E+000 -0.167451030290137E+002 -0.746658608648667E+003
  0.366354549573140E-002  0.148878378122520E+004 -0.192149516393707E+002  0.742493840778970E+002 -0.394067203785599E+000  0.478607867878827E+000 -0.558419116428837E+000 -0.167451030290137E+002 -0.746677204056970E+003
  0.366354549573140E-002  0.149531195202194E+004 -0.192501500680536E+002  0.732942469157139E+002 -0.435512829884147E+000  0.599760529859459E+000 -0.751429917307618E+000 -0.167451030290137E+002 -0.749941289455342E+003
  0.366354549573140E-002  0.148483701913326E+004 -0.192249552845725E+002  0.740455161013242E+002 -0.433539668641838E+000  0.508956009987500E+000 -0.505759658109810E+000 -0.167451030290137E+002 -0.744703823011003E+003
  0.366354549573140E-002  0.149544225474789E+004 -0.191909797219362E+002  0.750531076280486E+002 -0.407841025847077E+000  0.441390428663864E+000 -0.442997923924054E+000 -0.167451030290137E+002 -0.750006440818319E+003
  0.366354549573140E-002  0.148885316108516E+004 -0.191640045405804E+002  0.759285434557055E+002 -0.382022727513504E+000  0.445885882481248E+000 -0.510001059382603E+000 -0.167451030290137E+002 -0.746711893986949E+003
  0.366354549573140E-002  0.148890126565942E+004 -0.192545566823372E+002  0.726478462053413E+002 -0.440595304208063E+000  0.544904249869010E+000 -0.563253050217000E+000 -0.167451030290137E+002 -0.746735946274080E+003
  0.366354549573140E-002  0.148606846949834E+004 -0.192258041487078E+002  0.742993946085479E+002 -0.483578185945273E+000  0.610483351633066E+000 -0.600184394770253E+000 -0.167451030290137E+002 -0.745319548193541E+003
  0.366354549573140E-002  0.148485013650789E+004 -0.192026189907692E+002  0.743262828598548E+002 -0.404846577925359E+000  0.481154497727580E+000 -0.521474112142158E+000 -0.167451030290137E+002 -0.744710381698318E+003
  0.366354549573140E-002  0.148607033086674E+004 -0.192529114698086E+002  0.733741465932057E+002 -0.437482665263552E+000  0.512055669291742E+000 -0.487931945403517E+000 -0.167451030290137E+002 -0.745320478877742E+003
  0.366354549573140E-002  0.149327383080972E+004 -0.192111349643504E+002  0.739111869574384E+002 -0.417542713631381E+000  0.519938758163507E+000 -0.574621770961244E+000 -0.167451030290137E+002 -0.748922228849233E+003
  0.366354549573140E-002  0.148487146079651E+004 -0.192275010776466E+002  0.737233093378114E+002 -0.382771056492881E+000  0.512738731719844E+000 -0.668435437527734E+000 -0.167451030290137E+002 -0.744721043842626E+003
  0.366354549573140E-002  0.148598128759487E+004 -0.192606107382712E+002  0.723341981845995E+002 -0.396881629120543E+000  0.531940416277266E+000 -0.674354584551523E+000 -0.167451030290137E+002 -0.745275957241805E+003
  0.366354549573140E-002  0.148487255933305E+004 -0.192014902190362E+002  0.748276557521791E+002 -0.396875627566470E+000  0.430426562629428E+000 -0.435328279925642E+000 -0.167451030290137E+002 -0.744721593110897E+003
  0.366354549573140E-002  0.148489100215588E+004 -0.192106509150729E+002  0.743961360082917E+002 -0.416672256199419E+000  0.551827870963317E+000 -0.670585351651837E+000 -0.167451030290137E+002 -0.744730814522310E+003
  0.366354549573140E-002  0.148491006560382E+004 -0.192698835085464E+002  0.721428798686996E+002 -0.397797794837899E+000  0.533675067794068E+000 -0.675505114256509E+000 -0.167451030290137E+002 -0.744740346246279E+003
  0.366354549573140E-002  0.148941100834876E+004 -0.192621265470753E+002  0.728560348201162E+002 -0.488756071455837E+000  0.576726742775245E+000 -0.478619703145071E+000 -0.167451030290137E+002 -0.746990817618753E+003
  0.366354549573140E-002  0.149265047088463E+004 -0.192657088306631E+002  0.727284163711682E+002 -0.413868582688424E+000  0.433607834836689E+000 -0.411720346059752E+000 -0.167451030290137E+002 -0.748610548886688E+003
  0.366354549573140E-002  0.148539195733411E+004 -0.192586281950814E+002  0.729805035236945E+002 -0.414451568463441E+000  0.458163825172768E+000 -0.436619150279711E+000 -0.167451030290137E+002 -0.744981292111428E+003
  0.366354549573140E-002  0.148949780386957E+004 -0.191985461931851E+002  0.747619738169486E+002 -0.416030608391524E+000  0.513877480214619E+000 -0.558112353229660E+000 -0.167451030290137E+002 -0.747034215379154E+003
  0.366354549573140E-002  0.148958281437930E+004 -0.191804933849067E+002  0.751558386998584E+002 -0.367114002328649E+000  0.374561734585711E+000 -0.413672495181444E+000 -0.167451030290137E+002 -0.747076720634020E+003
  0.366354549573140E-002  0.148541566730787E+004 -0.192924230913614E+002  0.718619372220621E+002 -0.406751584687879E+000  0.513428731129702E+000 -0.598691690363140E+000 -0.167451030290137E+002 -0.744993147098306E+003
  0.366354549573140E-002  0.148492639963935E+004 -0.192308111706877E+002  0.738743796324312E+002 -0.423267857699482E+000  0.551246599304246E+000 -0.639792033209901E+000 -0.167451030290137E+002 -0.744748513264045E+003
  0.366354549573140E-002  0.148494013982401E+004 -0.192721862231206E+002  0.721940883918184E+002 -0.432412902478079E+000  0.539482499409134E+000 -0.574339523515604E+000 -0.167451030290137E+002 -0.744755383356378E+003
  0.366354549573140E-002  0.148609726516781E+004 -0.191818624309297E+002  0.751908498912007E+002 -0.396785105389997E+000  0.448717702815859E+000 -0.477911953090953E+000 -0.167451030290137E+002 -0.745333946028277E+003
  0.366354549573140E-002  0.148594902293148E+004 -0.192679328515908E+002  0.725419792123951E+002 -0.446180310396402E+000  0.506060813446531E+000 -0.446559110289797E+000 -0.167451030290137E+002 -0.745259824910111E+003
  0.366354549573140E-002  0.148591823174283E+004 -0.191787862449652E+002  0.755067563669056E+002 -0.402471847900642E+000  0.502025392733326E+000 -0.576708846101610E+000 -0.167451030290137E+002 -0.745244429315785E+003
  0.366354549573140E-002  0.148546679136877E+004 -0.191964770908080E+002  0.747160320857861E+002 -0.377860825297697E+000  0.485037434443601E+000 -0.614374144806987E+000 -0.167451030290137E+002 -0.745018709128758E+003
  0.366354549573140E-002  0.148992167845959E+004 -0.192262408321852E+002  0.744152587901190E+002 -0.488274436219557E+000  0.560284130496475E+000 -0.438133155761562E+000 -0.167451030290137E+002 -0.747246152674167E+003
  0.366354549573140E-002  0.149188917936672E+004 -0.192048140337096E+002  0.747397713300115E+002 -0.399566073477646E+000  0.381437964696357E+000 -0.345581604432894E+000 -0.167451030290137E+002 -0.748229903127729E+003
  0.366354549573140E-002  0.148502564809867E+004 -0.191898506979132E+002  0.747346113675128E+002 -0.362400827199065E+000  0.396235150566245E+000 -0.458723901902673E+000 -0.167451030290137E+002 -0.744798137493706E+003
  0.366354549573140E-002  0.148998009054852E+004 -0.191975630528021E+002  0.743087002958943E+002 -0.357930990124624E+000  0.443493387447658E+000 -0.574322163647764E+000 -0.167451030290137E+002 -0.747275358718631E+003
  0.366354549573140E-002  0.148614848571098E+004 -0.192999868395654E+002  0.713018294915105E+002 -0.441993204747279E+000  0.562399809035870E+000 -0.607175661172377E+000 -0.167451030290137E+002 -0.745359556299863E+003
  0.366354549573140E-002  0.148534588850318E+004 -0.192586223966899E+002  0.731910196767198E+002 -0.433807771904669E+000  0.545817283845951E+000 -0.589806761470768E+000 -0.167451030290137E+002 -0.744958257695964E+003
  0.366354549573140E-002  0.149013911548039E+004 -0.191794173093284E+002  0.754976008095604E+002 -0.381150102823576E+000  0.475595144675589E+000 -0.581343062165089E+000 -0.167451030290137E+002 -0.747354871184565E+003
  0.366354549573140E-002  0.148615065158764E+004 -0.192737340821077E+002  0.724764342069669E+002 -0.419662687895764E+000  0.454139279135982E+000 -0.415241401142922E+000 -0.167451030290137E+002 -0.745360639238193E+003
  0.366354549573140E-002  0.148615766494448E+004 -0.192954823106899E+002  0.713624419682101E+002 -0.439987175159109E+000  0.560907582541892E+000 -0.612557083824285E+000 -0.167451030290137E+002 -0.745364145916613E+003
  0.366354549573140E-002  0.148591614837804E+004 -0.191962691608346E+002  0.750396990424340E+002 -0.398497984022943E+000  0.439994639792140E+000 -0.448292388025820E+000 -0.167451030290137E+002 -0.745243387633391E+003
  0.366354549573140E-002  0.148617197267921E+004 -0.192670833803121E+002  0.725171741614193E+002 -0.452969131265933E+000  0.587950060754745E+000 -0.643679537366921E+000 -0.167451030290137E+002 -0.745371299783976E+003
  0.366354549573140E-002  0.148532361920150E+004 -0.192364836119059E+002  0.736368390437092E+002 -0.417636678544060E+000  0.432742043405927E+000 -0.386368902928297E+000 -0.167451030290137E+002 -0.744947123045124E+003
  0.366354549573140E-002  0.148556061226629E+004 -0.192678868070254E+002  0.728723501918765E+002 -0.473164531760943E+000  0.544082332861729E+000 -0.452110968895141E+000 -0.167451030290137E+002 -0.745065619577516E+003
  0.366354549573140E-002  0.148563806405072E+004 -0.192124320343046E+002  0.740771545729814E+002 -0.388203092263832E+000  0.458204837883171E+000 -0.507453726661197E+000 -0.167451030290137E+002 -0.745104345469732E+003
  0.366354549573140E-002  0.149150481375561E+004 -0.191903432638043E+002  0.752069332141875E+002 -0.432248812001364E+000  0.468432427784933E+000 -0.421034954938506E+000 -0.167451030290137E+002 -0.748037720322174E+003
  0.366354549573140E-002  0.149028834055610E+004 -0.193033665217898E+002  0.712941429557284E+002 -0.417414284662603E+000  0.435069480414532E+000 -0.399754084765704E+000 -0.167451030290137E+002 -0.747429483722419E+003
  0.366354549573140E-002  0.148505186168492E+004 -0.192160416436786E+002  0.743292622257005E+002 -0.404538510962010E+000  0.444697332322887E+000 -0.437139612421234E+000 -0.167451030290137E+002 -0.744811244286830E+003
  0.366354549573140E-002  0.149030405259853E+004 -0.192279818291153E+002  0.738729613975931E+002 -0.432088000264670E+000  0.569680706978470E+000 -0.672577383798000E+000 -0.167451030290137E+002 -0.747437339743636E+003
  0.366354549573140E-002  0.148622822694265E+004 -0.192405415980892E+002  0.734544612397598E+002 -0.457186672581841E+000  0.522501216751358E+000 -0.455544012901328E+000 -0.167451030290137E+002 -0.745399426915696E+003
  0.366354549573140E-002  0.148623732133770E+004 -0.192914790458329E+002  0.720564053786169E+002 -0.462036259897917E+000  0.542970242767888E+000 -0.482632332335527E+000 -0.167451030290137E+002 -0.745403974113221E+003
  0.366354549573140E-002  0.148505664897477E+004 -0.192035984280392E+002  0.742320381364307E+002 -0.363828315451694E+000  0.471205395381624E+000 -0.614302218114872E+000 -0.167451030290137E+002 -0.744813637931754E+003
  0.366354549573140E-002  0.148630561299848E+004 -0.192684017237851E+002  0.726498263215785E+002 -0.417132425711668E+000  0.541826986764761E+000 -0.633230790716482E+000 -0.167451030290137E+002 -0.745438119943612E+003
  0.366354549573140E-002  0.148630582159243E+004 -0.192263215402787E+002  0.736264477414471E+002 -0.406107105010716E+000  0.499211018654446E+000 -0.552683092430414E+000 -0.167451030290137E+002 -0.745438224240589E+003
  0.366354549573140E-002  0.148634762900648E+004 -0.192276737577110E+002  0.732620184196184E+002 -0.372312511779964E+000  0.464745009006208E+000 -0.570871899063647E+000 -0.167451030290137E+002 -0.745459127947610E+003
  0.366354549573140E-002  0.149071323267088E+004 -0.191758937078452E+002  0.754135044537458E+002 -0.429797308355869E+000  0.525920614633034E+000 -0.549072697358781E+000 -0.167451030290137E+002 -0.747641929779812E+003
  0.366354549573140E-002  0.149078364121488E+004 -0.192847914980505E+002  0.721254709510799E+002 -0.410757802083449E+000  0.419707088170258E+000 -0.390415681905026E+000 -0.167451030290137E+002 -0.747677134051812E+003
  0.366354549573140E-002  0.148636325801547E+004 -0.192092870138895E+002  0.744984265443657E+002 -0.376139303767380E+000  0.462512295216911E+000 -0.558946000978040E+000 -0.167451030290137E+002 -0.745466942452106E+003
  0.366354549573140E-002  0.148566979552981E+004 -0.192707444539760E+002  0.723521565741479E+002 -0.426232582343209E+000  0.453730192197533E+000 -0.402348869505360E+000 -0.167451030290137E+002 -0.745120211209275E+003
  0.366354549573140E-002  0.148525784127226E+004 -0.192526615064215E+002  0.730957121254030E+002 -0.418053298723671E+000  0.461380920738193E+000 -0.432203131425268E+000 -0.167451030290137E+002 -0.744914234080500E+003
  0.366354549573140E-002  0.148842338611712E+004 -0.192948298994563E+002  0.716454069542701E+002 -0.397856164972525E+000  0.478734115477648E+000 -0.546984696852576E+000 -0.167451030290137E+002 -0.746497006502934E+003
  0.366354549573140E-002  0.148568999042278E+004 -0.192389764269905E+002  0.735758568950294E+002 -0.404466968542725E+000  0.459248234024635E+000 -0.483740254552131E+000 -0.167451030290137E+002 -0.745130308655760E+003
  0.366354549573140E-002  0.148834943759667E+004 -0.191940928232741E+002  0.750254027768286E+002 -0.394991890827343E+000  0.424236360398639E+000 -0.421254134235198E+000 -0.167451030290137E+002 -0.746460032242705E+003
  0.366354549573140E-002  0.148640155288298E+004 -0.191953417948464E+002  0.744478974474004E+002 -0.367811928408786E+000  0.391799237317198E+000 -0.433304142916953E+000 -0.167451030290137E+002 -0.745486089885859E+003
  0.366354549573140E-002  0.148822046912547E+004 -0.191870983716512E+002  0.753155417106232E+002 -0.403424730768331E+000  0.499783288277186E+000 -0.565068161623387E+000 -0.167451030290137E+002 -0.746395548007108E+003
  0.366354549573140E-002  0.148642081368804E+004 -0.192259552840162E+002  0.738394943339331E+002 -0.368514469746914E+000  0.466572895102114E+000 -0.587080367216998E+000 -0.167451030290137E+002 -0.745495720288391E+003
  0.366354549573140E-002  0.148506869238231E+004 -0.191958728821659E+002  0.749994346067710E+002 -0.422597307410034E+000  0.493123802303009E+000 -0.501687836289662E+000 -0.167451030290137E+002 -0.744819659635528E+003
  0.366354549573140E-002  0.148569901168746E+004 -0.191899636785420E+002  0.751408048061116E+002 -0.383494788883744E+000  0.454034967446704E+000 -0.518207809626574E+000 -0.167451030290137E+002 -0.745134819288100E+003
  0.366354549573140E-002  0.148570143562633E+004 -0.192416908097728E+002  0.732772410727345E+002 -0.425597126102622E+000  0.575944079653723E+000 -0.708727070939432E+000 -0.167451030290137E+002 -0.745136031257534E+003
  0.366354549573140E-002  0.148806200426263E+004 -0.192239712399903E+002  0.740257485544469E+002 -0.400697784285413E+000  0.542042517333652E+000 -0.694052899415055E+000 -0.167451030290137E+002 -0.746316315575689E+003
  0.366354549573140E-002  0.148642101893304E+004 -0.192862535686668E+002  0.720239941352696E+002 -0.441349499844359E+000  0.523007959897949E+000 -0.500016874835140E+000 -0.167451030290137E+002 -0.745495822910893E+003
  0.366354549573140E-002  0.148805759491040E+004 -0.192627335398129E+002  0.729989472415450E+002 -0.403811530777832E+000  0.471595402789520E+000 -0.503042607955265E+000 -0.167451030290137E+002 -0.746314110899570E+003
  0.366354549573140E-002  0.148805728530599E+004 -0.192265808564827E+002  0.737139190866024E+002 -0.421806131891224E+000  0.549517504736350E+000 -0.649944938607334E+000 -0.167451030290137E+002 -0.746313956097368E+003
  0.366354549573140E-002  0.148507007186614E+004 -0.192796902233503E+002  0.719111826171514E+002 -0.419036502388060E+000  0.508779503301994E+000 -0.537116286716923E+000 -0.167451030290137E+002 -0.744820349377442E+003
  0.366354549573140E-002  0.148803136805696E+004 -0.192309787177139E+002  0.737286334916952E+002 -0.469106829145094E+000  0.572038066425190E+000 -0.541433034932254E+000 -0.167451030290137E+002 -0.746300997472853E+003
  0.366354549573140E-002  0.148795653625282E+004 -0.191706193162261E+002  0.758043098797816E+002 -0.415062465019616E+000  0.500502097694543E+000 -0.531660826337117E+000 -0.167451030290137E+002 -0.746263581570781E+003
  0.366354549573140E-002  0.148794510214810E+004 -0.191942800744557E+002  0.749682217421778E+002 -0.456665805357521E+000  0.557808360790977E+000 -0.542642792847971E+000 -0.167451030290137E+002 -0.746257864518421E+003
  0.366354549573140E-002  0.148794239882967E+004 -0.192571152628706E+002  0.733165488038651E+002 -0.428908698099312E+000  0.502290525703227E+000 -0.495863423255500E+000 -0.167451030290137E+002 -0.746256512859204E+003
  0.366354549573140E-002  0.148644450456537E+004 -0.192649706233828E+002  0.725286990462247E+002 -0.374409264632494E+000  0.434295758138854E+000 -0.513319795816841E+000 -0.167451030290137E+002 -0.745507565727058E+003
  0.366354549573140E-002  0.148784545896856E+004 -0.192554036383190E+002  0.726399969997477E+002 -0.391828224312133E+000  0.376205399909557E+000 -0.357106666919549E+000 -0.167451030290137E+002 -0.746208042928650E+003
  0.366354549573140E-002  0.148651687962742E+004 -0.192185599744343E+002  0.741553440843878E+002 -0.466307187571466E+000  0.582709074391607E+000 -0.579601066200354E+000 -0.167451030290137E+002 -0.745543753258081E+003
  0.366354549573140E-002  0.148766156346643E+004 -0.192265507456391E+002  0.740083091782243E+002 -0.391670043664655E+000  0.485092707549114E+000 -0.576752526940595E+000 -0.167451030290137E+002 -0.746116095177588E+003
  0.366354549573140E-002  0.148762508686545E+004 -0.192696988506871E+002  0.727114772022214E+002 -0.434716760559681E+000  0.475098144520839E+000 -0.414766251086832E+000 -0.167451030290137E+002 -0.746097856877099E+003
  0.366354549573140E-002  0.148758226685521E+004 -0.192540864332022E+002  0.725293128483987E+002 -0.410454694122742E+000  0.547616636305408E+000 -0.677702854553544E+000 -0.167451030290137E+002 -0.746076446871977E+003
  0.366354549573140E-002  0.148758104211292E+004 -0.192714841556225E+002  0.726656930759635E+002 -0.463128354321318E+000  0.540349607581438E+000 -0.470892751809188E+000 -0.167451030290137E+002 -0.746075834500829E+003
  0.366354549573140E-002  0.148654642339392E+004 -0.192113691221906E+002  0.747084051854772E+002 -0.456361537888853E+000  0.519846762181464E+000 -0.447029104198592E+000 -0.167451030290137E+002 -0.745558525141332E+003
  0.366354549573140E-002  0.148665578474979E+004 -0.192695115984983E+002  0.721875085881077E+002 -0.432164351137176E+000  0.497659038320847E+000 -0.476458984868330E+000 -0.167451030290137E+002 -0.745613205819266E+003
  0.366354549573140E-002  0.148752084968248E+004 -0.192169626454682E+002  0.741191539009340E+002 -0.423281963450394E+000  0.573085647664485E+000 -0.710104424424117E+000 -0.167451030290137E+002 -0.746045738285611E+003
  0.366354549573140E-002  0.148668404412817E+004 -0.192480310420619E+002  0.732744592848933E+002 -0.409586572912463E+000  0.456235943074542E+000 -0.443707317859591E+000 -0.167451030290137E+002 -0.745627335508455E+003
  0.366354549573140E-002  0.148670426603922E+004 -0.192680533623672E+002  0.721124992509096E+002 -0.424717737922188E+000  0.543726580719817E+000 -0.618027080235905E+000 -0.167451030290137E+002 -0.745637446463981E+003
  0.366354549573140E-002  0.148741688876247E+004 -0.192912712179342E+002  0.715947349986765E+002 -0.453425075787903E+000  0.546735555421121E+000 -0.528426859327681E+000 -0.167451030290137E+002 -0.745993757825608E+003
  0.366354549573140E-002  0.148671317405335E+004 -0.192563780858889E+002  0.732256467728768E+002 -0.439646512251897E+000  0.543728844566612E+000 -0.560731649431460E+000 -0.167451030290137E+002 -0.745641900471048E+003
  0.366354549573140E-002  0.148590633032713E+004 -0.192706229622728E+002  0.724492787314603E+002 -0.453707427801662E+000  0.596336927116337E+000 -0.671559564276649E+000 -0.167451030290137E+002 -0.745238478607934E+003
  0.366354549573140E-002  0.148524902851576E+004 -0.192152064868042E+002  0.744537239036560E+002 -0.433526474420669E+000  0.485085792674433E+000 -0.449930091572895E+000 -0.167451030290137E+002 -0.744909827702253E+003
  0.366354549573140E-002  0.148682335802608E+004 -0.191713783743831E+002  0.757522281635460E+002 -0.411291795645118E+000  0.465620412957328E+000 -0.467957870617212E+000 -0.167451030290137E+002 -0.745696992457412E+003
  0.366354549573140E-002  0.148683049490388E+004 -0.192208633202855E+002  0.733559491023290E+002 -0.351659248761637E+000  0.406183447328182E+000 -0.499271253611894E+000 -0.167451030290137E+002 -0.745700560896314E+003
  0.366354549573140E-002  0.148587283093592E+004 -0.191824554582502E+002  0.752066301186448E+002 -0.386379659099807E+000  0.418657474950040E+000 -0.436366756788217E+000 -0.167451030290137E+002 -0.745221728912330E+003
  0.366354549573140E-002  0.148691681773515E+004 -0.192216486290199E+002  0.741601726970560E+002 -0.449351628764004E+000  0.536170391707099E+000 -0.519493104458292E+000 -0.167451030290137E+002 -0.745743722311944E+003
  0.366354549573140E-002  0.148583238866549E+004 -0.192780555214031E+002  0.719854918015738E+002 -0.399367428461515E+000  0.448976488868375E+000 -0.456076661482555E+000 -0.167451030290137E+002 -0.745201507777114E+003
  0.366354549573140E-002  0.148724517662120E+004 -0.192654878851788E+002  0.722940186248401E+002 -0.404285763257470E+000  0.460599523846643E+000 -0.467550948716294E+000 -0.167451030290137E+002 -0.745907901754972E+003
  0.366354549573140E-002  0.148510035994278E+004 -0.191942461795994E+002  0.750588737963404E+002 -0.399988291399898E+000  0.443764092115863E+000 -0.457990310023376E+000 -0.167451030290137E+002 -0.744835493415762E+003
  0.366354549573140E-002  0.148511795334067E+004 -0.192080478650057E+002  0.744241857972768E+002 -0.421849291595476E+000  0.551699973832546E+000 -0.653385016115095E+000 -0.167451030290137E+002 -0.744844290114707E+003
  0.366354549573140E-002  0.148720099942257E+004 -0.191979866121891E+002  0.752440596227805E+002 -0.455981662226635E+000  0.572874610549533E+000 -0.591935113539208E+000 -0.167451030290137E+002 -0.745885813155654E+003
  0.366354549573140E-002  0.148574530223703E+004 -0.192703903476518E+002  0.727209051447308E+002 -0.470050927880047E+000  0.567286725517553E+000 -0.518266832921640E+000 -0.167451030290137E+002 -0.745157964562887E+003
  0.366354549573140E-002  0.148696941581469E+004 -0.192190593129924E+002  0.740150786326419E+002 -0.397228722937860E+000  0.425583559798291E+000 -0.415671453744835E+000 -0.167451030290137E+002 -0.745770021351716E+003
  0.366354549573140E-002  0.148574752353337E+004 -0.192067684262514E+002  0.745573710250886E+002 -0.415503500520457E+000  0.473269164562558E+000 -0.480932196497236E+000 -0.167451030290137E+002 -0.745159075211058E+003
  0.366354549573140E-002  0.148698069741759E+004 -0.192124793792806E+002  0.737013309302753E+002 -0.354684645280066E+000  0.419152094401824E+000 -0.524473600559205E+000 -0.167451030290137E+002 -0.745775662153167E+003
  0.366354549573140E-002  0.148708548469647E+004 -0.192549017972348E+002  0.725905792707881E+002 -0.421187494810780E+000  0.486950809557623E+000 -0.489902375621568E+000 -0.167451030290137E+002 -0.745828055792607E+003
  0.366354549573140E-002  0.148575053950271E+004 -0.192242253493864E+002  0.739515971448097E+002 -0.441687550218873E+000  0.584880389790271E+000 -0.679895431103276E+000 -0.167451030290137E+002 -0.745160583195727E+003
  0.366354549573140E-002  0.148699990835879E+004 -0.192684887378935E+002  0.726620221976564E+002 -0.415315112835289E+000  0.446960332920085E+000 -0.427676853592459E+000 -0.167451030290137E+002 -0.745785267623766E+003
  0.366354549573140E-002  0.148704632812645E+004 -0.193090970282313E+002  0.714338785104229E+002 -0.456902851140846E+000  0.539422584770698E+000 -0.499760018174157E+000 -0.167451030290137E+002 -0.745808477507595E+003
  0.366354549573140E-002  0.148700549378782E+004 -0.191930495745720E+002  0.749706058490102E+002 -0.407010398542391E+000  0.426764806983485E+000 -0.402011762383793E+000 -0.167451030290137E+002 -0.745788060338283E+003
  0.366354549573140E-002  0.148591828480881E+004 -0.192322594525476E+002  0.733257137960200E+002 -0.345722339912226E+000  0.354353282654012E+000 -0.416331628660288E+000 -0.167451030290137E+002 -0.742959142404406E+003
