 -0.318932202284396E+001  0.664515264745865E+002 -0.434747067322053E+000  0.522220718216298E+000 -0.107536384819057E+002 -0.718885215301787E+003 -0.718885215301787E+003 -0.718929368016632E+003
 -0.182469617176098E+002  0.659387957628154E+002 -0.437985510845990E+000  0.526449024671542E+000 -0.107536384819057E+002 -0.718877265120077E+003 -0.718877265120077E+003 -0.718891892818592E+003
  0.128899062505421E+002  0.661021432998658E+002 -0.439461706012638E+000  0.529479234151255E+000 -0.107536384819057E+002 -0.718879753136142E+003 -0.718879753136142E+003 -0.718896905473532E+003
 -0.152802490622898E+002  0.660760471889827E+002 -0.433856574737822E+000  0.522879394408598E+000 -0.107536384819057E+002 -0.718880659147421E+003 -0.718880659147421E+003 -0.718913935237857E+003
 -0.147023437719939E+002  0.664381049274068E+002 -0.436100622474170E+000  0.523302724363979E+000 -0.107536384819057E+002 -0.718882611856700E+003 -0.718882611856700E+003 -0.718907492949303E+003
 -0.186799888495143E+002  0.662431557401077E+002 -0.436715787041487E+000  0.525680656727139E+000 -0.107536384819057E+002 -0.718876692041197E+003 -0.718876692041197E+003 -0.718938290264751E+003
 -0.626365743530554E+001  0.661779868039136E+002 -0.434280553181842E+000  0.522097963444993E+000 -0.107536384819057E+002 -0.718881392637056E+003 -0.718881392637056E+003 -0.718934697883543E+003
 -0.784959645733661E+001  0.664680144553062E+002 -0.437604606456414E+000  0.527623594527338E+000 -0.107536384819057E+002 -0.718887039614018E+003 -0.718887039614018E+003 -0.718909974320412E+003
 -0.439214668155965E+001  0.658066604330357E+002 -0.432825603565717E+000  0.523917046557139E+000 -0.107536384819057E+002 -0.718888295646071E+003 -0.718888295646071E+003 -0.718896378855542E+003
 -0.166100870298476E+002  0.660763724122530E+002 -0.438160915983444E+000  0.523844064399237E+000 -0.107536384819057E+002 -0.718888629646144E+003 -0.718888629646144E+003 -0.718931247487072E+003
 -0.701645989097348E+001  0.664825621004596E+002 -0.435926777992917E+000  0.522716852373682E+000 -0.107536384819057E+002 -0.718885113295460E+003 -0.718885113295460E+003 -0.718890290154173E+003
 -0.120651213940741E+002  0.657101162800691E+002 -0.433779483376313E+000  0.525321580943253E+000 -0.107536384819057E+002 -0.718887890948404E+003 -0.718887890948404E+003 -0.718895912327180E+003
  0.880342198016952E+001  0.657306728120252E+002 -0.433314836985158E+000  0.523215121872946E+000 -0.107536384819057E+002 -0.718886910490329E+003 -0.718886910490329E+003 -0.718896090137289E+003
 -0.315687936479777E+001  0.659593019376109E+002 -0.436083841471185E+000  0.522495538844669E+000 -0.107536384819057E+002 -0.718886856115724E+003 -0.718886856115724E+003 -0.718892364083905E+003
  0.698695293287986E+001  0.664502838961184E+002 -0.435649973930093E+000  0.523844799061781E+000 -0.107536384819057E+002 -0.718882653380122E+003 -0.718882653380122E+003 -0.718898463136416E+003
 -0.467675034590873E+001  0.656929761716620E+002 -0.433226098604230E+000  0.524179742812515E+000 -0.107536384819057E+002 -0.718888729978568E+003 -0.718888729978568E+003 -0.718890892128947E+003
  0.961174258515888E+001  0.655285205435309E+002 -0.436986946849022E+000  0.526601843512649E+000 -0.107536384819057E+002 -0.718888614500344E+003 -0.718888614500345E+003 -0.718894031297446E+003
 -0.109964652451147E+000  0.656767712086985E+002 -0.434884935301053E+000  0.523581830901989E+000 -0.107536384819057E+002 -0.718886708382703E+003 -0.718886708382703E+003 -0.718894104736934E+003
  0.216177626690013E+001  0.658138285667188E+002 -0.441218331770850E+000  0.529976288009751E+000 -0.107536384819057E+002 -0.718887619804629E+003 -0.718887619804629E+003 -0.718933391286958E+003
 -0.711679603143602E+001  0.660714534029178E+002 -0.438295634425806E+000  0.529492088030400E+000 -0.107536384819057E+002 -0.718882034372793E+003 -0.718882034372793E+003 -0.718890886351799E+003
 -0.172758550158478E+002  0.660561984749850E+002 -0.435127512594111E+000  0.521931689310318E+000 -0.107536384819057E+002 -0.718884032278004E+003 -0.718884032278004E+003 -0.718896555715949E+003
  0.124366512186490E+002  0.661575946868001E+002 -0.432333337169524E+000  0.522516279588151E+000 -0.107536384819057E+002 -0.718888682718630E+003 -0.718888682718630E+003 -0.718897795668006E+003
 -0.103192653383725E+002  0.658823076391919E+002 -0.438898959801567E+000  0.525785996715849E+000 -0.107536384819057E+002 -0.718886253152615E+003 -0.718886253152616E+003 -0.718933555711816E+003
  0.448375918568157E+000  0.663190363587689E+002 -0.441295821375998E+000  0.529537243739840E+000 -0.107536384819057E+002 -0.718886007020746E+003 -0.718886007020747E+003 -0.718964516898655E+003
 -0.311032277303755E+001  0.656568067278124E+002 -0.434418212012150E+000  0.525792776145904E+000 -0.107536384819057E+002 -0.718886988060391E+003 -0.718886988060391E+003 -0.719070002409974E+003
  0.116883712834856E+002  0.664151772653943E+002 -0.438380138887683E+000  0.524592761392061E+000 -0.107536384819057E+002 -0.718884783421122E+003 -0.718884783421122E+003 -0.718894844813546E+003
  0.925844251979089E+001  0.657160002081576E+002 -0.436085730924733E+000  0.525396591572540E+000 -0.107536384819057E+002 -0.718881576238217E+003 -0.718881576238217E+003 -0.718923700698865E+003
  0.286637397355164E+001  0.660351536920562E+002 -0.437594742645193E+000  0.527116887624837E+000 -0.107536384819057E+002 -0.718875561062510E+003 -0.718875561062510E+003 -0.718889565082947E+003
  0.968832469189728E+001  0.661947889763364E+002 -0.438942729786797E+000  0.529758483128248E+000 -0.107536384819057E+002 -0.718883478908041E+003 -0.718883478908041E+003 -0.718918957787068E+003
 -0.131215660112902E+002  0.661060961263981E+002 -0.436198077916657E+000  0.524446636102410E+000 -0.107536384819057E+002 -0.718876366783934E+003 -0.718876366783934E+003 -0.718897409178980E+003
 -0.120307331952609E+002  0.658566901985852E+002 -0.437974425966223E+000  0.530458978084704E+000 -0.107536384819057E+002 -0.718888266553179E+003 -0.718888266553179E+003 -0.718900903913933E+003
 -0.182994877051148E+002  0.661510634111789E+002 -0.434730906628298E+000  0.522706184901719E+000 -0.107536384819057E+002 -0.718879647938305E+003 -0.718879647938305E+003 -0.718889962351996E+003
  0.953743673002910E+001  0.662986624216795E+002 -0.435911493243537E+000  0.522385151522520E+000 -0.107536384819057E+002 -0.718883190954001E+003 -0.718883190954001E+003 -0.718891229893188E+003
 -0.177754531272261E+002  0.659469157916613E+002 -0.441510036017034E+000  0.531180317810681E+000 -0.107536384819057E+002 -0.718886329648001E+003 -0.718886329648001E+003 -0.718967783385413E+003
 -0.136655890944175E+002  0.658193988099822E+002 -0.436233947184369E+000  0.527174724395493E+000 -0.107536384819057E+002 -0.718879863534683E+003 -0.718879863534683E+003 -0.718892919819944E+003
 -0.191289888143968E+002  0.661777241697721E+002 -0.437999702290932E+000  0.529711790436128E+000 -0.107536384819057E+002 -0.718887190124939E+003 -0.718887190124939E+003 -0.718924065103163E+003
 -0.495180207331143E+001  0.664721189210575E+002 -0.438048410416749E+000  0.526113771905208E+000 -0.107536384819057E+002 -0.718882193043570E+003 -0.718882193043570E+003 -0.718899015627422E+003
 -0.115263407142155E+002  0.664554857341540E+002 -0.437470128088934E+000  0.523040897918168E+000 -0.107536384819057E+002 -0.718888457005825E+003 -0.718888457005825E+003 -0.718899825889197E+003
 -0.632448134022963E+001  0.657123523080585E+002 -0.433215440830971E+000  0.523448834608543E+000 -0.107536384819057E+002 -0.718887690216987E+003 -0.718887690216987E+003 -0.718914890663097E+003
  0.241010248542495E+001  0.659123403623117E+002 -0.439655562558489E+000  0.530439340826561E+000 -0.107536384819057E+002 -0.718882493515208E+003 -0.718882493515208E+003 -0.718894510154700E+003
 -0.995394954156153E+001  0.661387896679334E+002 -0.432887082295658E+000  0.521839196078771E+000 -0.107536384819057E+002 -0.718884644058486E+003 -0.718884644058486E+003 -0.718891941728853E+003
 -0.167986719449366E+001  0.664177531260144E+002 -0.437898971429840E+000  0.525714550044858E+000 -0.107536384819057E+002 -0.718880455965143E+003 -0.718880455965143E+003 -0.718933990968034E+003
  0.444371487135571E+001  0.658887756734218E+002 -0.437964389901450E+000  0.529158762173206E+000 -0.107536384819057E+002 -0.718880719781535E+003 -0.718880719781535E+003 -0.718929926873783E+003
  0.854825189453543E+001  0.663598027266565E+002 -0.438095736353200E+000  0.526755945640912E+000 -0.107536384819057E+002 -0.718879237025263E+003 -0.718879237025263E+003 -0.718947150793898E+003
 -0.155486153740096E+002  0.665127524013847E+002 -0.436201624974942E+000  0.525348624231592E+000 -0.107536384819057E+002 -0.718885873394620E+003 -0.718885873394620E+003 -0.718982282664360E+003
  0.712612522170173E+001  0.658657042935287E+002 -0.440367894508727E+000  0.529626310415541E+000 -0.107536384819057E+002 -0.718882660423893E+003 -0.718882660423893E+003 -0.718891391965049E+003
 -0.146120961359666E+002  0.660524449182125E+002 -0.435203079202009E+000  0.523608590628380E+000 -0.107536384819057E+002 -0.718877828805740E+003 -0.718877828805740E+003 -0.718890699948434E+003
  0.814075403360731E+001  0.661953120212325E+002 -0.433640685239844E+000  0.522485588982519E+000 -0.107536384819057E+002 -0.718882214752573E+003 -0.718882214752573E+003 -0.718890746143383E+003
  0.471891372695339E+001  0.664240574169987E+002 -0.439933417354339E+000  0.527175988923628E+000 -0.107536384819057E+002 -0.718884415623771E+003 -0.718884415623771E+003 -0.718895231456368E+003
 -0.272447619160457E+001  0.660946940938413E+002 -0.437576968506477E+000  0.526006104435623E+000 -0.107536384819057E+002 -0.718875606447586E+003 -0.718875606447586E+003 -0.718892459373410E+003
 -0.174961327613546E+002  0.658312953311330E+002 -0.434155813344700E+000  0.521660867057961E+000 -0.107536384819057E+002 -0.718888313767736E+003 -0.718888313767736E+003 -0.718895264035486E+003
 -0.535486100614911E+001  0.656661544691494E+002 -0.435451535936006E+000  0.523599009367189E+000 -0.107536384819057E+002 -0.718888377522584E+003 -0.718888377522584E+003 -0.718890732977866E+003
  0.232347424256226E+001  0.664159163353098E+002 -0.438565582415025E+000  0.525371113734479E+000 -0.107536384819057E+002 -0.718882773020830E+003 -0.718882773020830E+003 -0.718991485522409E+003
 -0.441675688317326E+001  0.665019019756914E+002 -0.437443805031033E+000  0.525065185390653E+000 -0.107536384819057E+002 -0.718883043174110E+003 -0.718883043174110E+003 -0.718914569365972E+003
 -0.191981668134370E+002  0.661116369506376E+002 -0.432720327653564E+000  0.522089924519858E+000 -0.107536384819057E+002 -0.718885188803041E+003 -0.718885188803041E+003 -0.718897965608207E+003
 -0.397117718617579E+001  0.657510648646948E+002 -0.435118344272620E+000  0.526904250084490E+000 -0.107536384819057E+002 -0.718885038272814E+003 -0.718885038272814E+003 -0.718894737012460E+003
 -0.226915779812609E+001  0.659961621577860E+002 -0.435368685757651E+000  0.523130081289837E+000 -0.107536384819057E+002 -0.718879928192281E+003 -0.718879928192281E+003 -0.718889194084210E+003
  0.196034946924767E+001  0.659941782536970E+002 -0.439171361676891E+000  0.529405650227831E+000 -0.107536384819057E+002 -0.718879199989774E+003 -0.718879199989774E+003 -0.718932393555612E+003
  0.112822187979019E+002  0.663964138655616E+002 -0.435820962871391E+000  0.523301364809766E+000 -0.107536384819057E+002 -0.718881444812669E+003 -0.718881444812669E+003 -0.718942553845817E+003
  0.832507483070478E+001  0.660670788596751E+002 -0.440510716129669E+000  0.527257364206022E+000 -0.107536384819057E+002 -0.718886276659240E+003 -0.718886276659240E+003 -0.718895427854688E+003
  0.107395666638905E+002  0.660889758883877E+002 -0.432997850207138E+000  0.521975252461957E+000 -0.107536384819057E+002 -0.718883941191313E+003 -0.718883941191313E+003 -0.718890224601380E+003
 -0.604090177260267E+001  0.665849939665469E+002 -0.438087545952761E+000  0.526729176957142E+000 -0.107536384819057E+002 -0.718887789493695E+003 -0.718887789493695E+003 -0.718900446776329E+003
 -0.169776326268496E+002  0.660191091132708E+002 -0.433030875080722E+000  0.521643283854333E+000 -0.107536384819057E+002 -0.718884467714367E+003 -0.718884467714367E+003 -0.718889610853795E+003
 -0.893714230949870E+001  0.658130405067582E+002 -0.439572196484340E+000  0.526948734569991E+000 -0.107536384819057E+002 -0.718887176476109E+003 -0.718887176476109E+003 -0.718905911295109E+003
 -0.557100939503743E+001  0.659845933997864E+002 -0.437327538965559E+000  0.529052528382982E+000 -0.107536384819057E+002 -0.718883028058197E+003 -0.718883028058197E+003 -0.718996428072901E+003
 -0.118655872934040E+002  0.658359780717397E+002 -0.435346705666541E+000  0.524293740938543E+000 -0.107536384819057E+002 -0.718879762415121E+003 -0.718879762415121E+003 -0.718906934546969E+003
  0.121722127632378E+002  0.656508653627898E+002 -0.433635164956253E+000  0.524314414302658E+000 -0.107536384819057E+002 -0.718888235619073E+003 -0.718888235619073E+003 -0.718895080890014E+003
 -0.567033707684178E+000  0.656747722291969E+002 -0.436337772731838E+000  0.528098808384928E+000 -0.107536384819057E+002 -0.718885242740497E+003 -0.718885242740497E+003 -0.718914940569643E+003
 -0.634181691209905E+001  0.664245823690065E+002 -0.438312307189823E+000  0.526281908780896E+000 -0.107536384819057E+002 -0.718880906947672E+003 -0.718880906947672E+003 -0.719113037088989E+003
  0.636149574190376E+001  0.662781184643842E+002 -0.434639124705934E+000  0.522159311844232E+000 -0.107536384819057E+002 -0.718881883849269E+003 -0.718881883849269E+003 -0.718892399442974E+003
 -0.278153984940563E+000  0.662116627669081E+002 -0.439294204510493E+000  0.529203577871455E+000 -0.107536384819057E+002 -0.718880573156569E+003 -0.718880573156569E+003 -0.718889079136856E+003
  0.945717259347641E+001  0.659591944443138E+002 -0.437597645699298E+000  0.526949960240532E+000 -0.107536384819057E+002 -0.718875852573093E+003 -0.718875852573093E+003 -0.718899527562550E+003
  0.650891468640037E+001  0.662870475688789E+002 -0.435439186919871E+000  0.522817017234258E+000 -0.107536384819057E+002 -0.718880469954250E+003 -0.718880469954250E+003 -0.718900199440401E+003
 -0.558133063716682E+001  0.659131782280657E+002 -0.433262735928574E+000  0.524716934278632E+000 -0.107536384819057E+002 -0.718887122471779E+003 -0.718887122471780E+003 -0.718895012412314E+003
 -0.166810838045706E+002  0.657886772341647E+002 -0.439781028118470E+000  0.530517679705279E+000 -0.107536384819057E+002 -0.718884151294369E+003 -0.718884151294369E+003 -0.718893405326982E+003
  0.104813764144595E+002  0.661536064951394E+002 -0.436123872085015E+000  0.524321975846799E+000 -0.107536384819057E+002 -0.718876575750068E+003 -0.718876575750068E+003 -0.719064516372371E+003
 -0.135560923576880E+002  0.659376033690942E+002 -0.436705011234957E+000  0.524069415172815E+000 -0.107536384819057E+002 -0.718881068216097E+003 -0.718881068216097E+003 -0.718890176062932E+003
  0.641350382872956E+001  0.658950386894081E+002 -0.435689300246071E+000  0.527822950613545E+000 -0.107536384819057E+002 -0.718885228769961E+003 -0.718885228769961E+003 -0.718911368821560E+003
  0.244797257926707E+001  0.661200033414907E+002 -0.435105185525039E+000  0.526859815527500E+000 -0.107536384819057E+002 -0.718886325638159E+003 -0.718886325638159E+003 -0.718918536890835E+003
  0.112989230932504E+002  0.662991761367480E+002 -0.438815454124170E+000  0.525406228296218E+000 -0.107536384819057E+002 -0.718882236256617E+003 -0.718882236256617E+003 -0.718907439321553E+003
 -0.151581750612976E+002  0.662917551078906E+002 -0.434100655167659E+000  0.525073415030610E+000 -0.107536384819057E+002 -0.718888735088596E+003 -0.718888735088596E+003 -0.718907034163864E+003
  0.626821479989355E+001  0.662607250155279E+002 -0.437050834918618E+000  0.524615064993302E+000 -0.107536384819057E+002 -0.718877833586548E+003 -0.718877833586548E+003 -0.718892181041673E+003
 -0.448523506384568E+000  0.660893121804334E+002 -0.435463727997186E+000  0.523600218741751E+000 -0.107536384819057E+002 -0.718877710545964E+003 -0.718877710545964E+003 -0.718901561613234E+003
 -0.150881888024869E+002  0.663588461620036E+002 -0.437160836662889E+000  0.525692073120770E+000 -0.107536384819057E+002 -0.718878728757675E+003 -0.718878728757675E+003 -0.718891235544340E+003
 -0.135468801043789E+002  0.659836832059384E+002 -0.437093351911901E+000  0.526943543561984E+000 -0.107536384819057E+002 -0.718875913027972E+003 -0.718875913027973E+003 -0.718890382553862E+003
  0.276230738129357E+000  0.658526162537417E+002 -0.438208959057925E+000  0.527079366376699E+000 -0.107536384819057E+002 -0.718878478027489E+003 -0.718878478027489E+003 -0.718891344852667E+003
  0.261491293230740E+001  0.659699716447517E+002 -0.440680225300477E+000  0.530843099279354E+000 -0.107536384819057E+002 -0.718883710516525E+003 -0.718883710516525E+003 -0.718889457812175E+003
  0.119579922374812E+002  0.663207887934714E+002 -0.435410646370272E+000  0.525975623446193E+000 -0.107536384819057E+002 -0.718884761987597E+003 -0.718884761987597E+003 -0.718895465112523E+003
 -0.708705248658433E+001  0.661606091274215E+002 -0.433662703249774E+000  0.523542083643516E+000 -0.107536384819057E+002 -0.718882636557087E+003 -0.718882636557087E+003 -0.718889326866636E+003
  0.427639036890856E+001  0.662033371208410E+002 -0.435628965372696E+000  0.525845023638677E+000 -0.107536384819057E+002 -0.718879638321521E+003 -0.718879638321521E+003 -0.718902319719682E+003
  0.321371223495250E+001  0.662216825624245E+002 -0.441614219045115E+000  0.528914496714813E+000 -0.107536384819057E+002 -0.718887302460072E+003 -0.718887302460072E+003 -0.718889793491554E+003
  0.544990153809047E+001  0.657594816888962E+002 -0.440101034371189E+000  0.528944831517803E+000 -0.107536384819057E+002 -0.718885101380507E+003 -0.718885101380507E+003 -0.718896246073298E+003
  0.526271405614644E+001  0.663091764766806E+002 -0.436961878131715E+000  0.522530442808472E+000 -0.107536384819057E+002 -0.718887298354083E+003 -0.718887298354083E+003 -0.718945817168826E+003
 -0.217063461820287E+001  0.660384235022586E+002 -0.437226384513005E+000  0.524042239975464E+000 -0.107536384819057E+002 -0.718881597579238E+003 -0.718881597579238E+003 -0.719155650780862E+003
 -0.160472067289900E+002  0.662038906171052E+002 -0.437591013833540E+000  0.528571168941326E+000 -0.107536384819057E+002 -0.718882614811790E+003 -0.718882614811790E+003 -0.718894586129756E+003
 -0.172018998728221E+001  0.658707251926933E+002 -0.437859927001663E+000  0.529724519676264E+000 -0.107536384819057E+002 -0.718884028851472E+003 -0.718884028851472E+003 -0.718901327872055E+003
 -0.835845488523882E+001  0.661457110958692E+002 -0.435175560894811E+000  0.525437101165828E+000 -0.107536384819057E+002 -0.718879446821709E+003 -0.718879446821709E+003 -0.718899862177434E+003
 -0.189311281814905E+002  0.657660089253393E+002 -0.434259890075064E+000  0.523229774533496E+000 -0.107536384819057E+002 -0.718884213453395E+003 -0.718884213453395E+003 -0.718928082991272E+003
  0.705812097107795E+001  0.664430566261271E+002 -0.435185666468563E+000  0.522779533011102E+000 -0.107536384819057E+002 -0.718883702496894E+003 -0.718883702496894E+003 -0.718900780860405E+003
 -0.178689097095966E+002  0.658893820045950E+002 -0.435089833470758E+000  0.526059944154005E+000 -0.107536384819057E+002 -0.718880601483861E+003 -0.718880601483861E+003 -0.718890917528155E+003
 -0.143389638803408E+002  0.662061158977096E+002 -0.441358742678804E+000  0.528075104963084E+000 -0.107536384819057E+002 -0.718888208741832E+003 -0.718888208741833E+003 -0.718890186535180E+003
  0.119388346975838E+002  0.657421175338152E+002 -0.434713276353756E+000  0.524603245950300E+000 -0.107536384819057E+002 -0.718882386629130E+003 -0.718882386629130E+003 -0.718892448013168E+003
 -0.400599613093890E+001  0.660968455609221E+002 -0.436036013961590E+000  0.525498974111095E+000 -0.107536384819057E+002 -0.718876041527418E+003 -0.718876041527418E+003 -0.718899575613891E+003
  0.118604309861731E+002  0.660839055053043E+002 -0.438374715401243E+000  0.526134039391076E+000 -0.107536384819057E+002 -0.718877587703142E+003 -0.718877587703142E+003 -0.718891235544340E+003
  0.853285930072770E+001  0.659769454972928E+002 -0.432684926849773E+000  0.523821313091953E+000 -0.107536384819057E+002 -0.718888218793102E+003 -0.718888218793102E+003 -0.718929024579113E+003
  0.265051450840867E+001  0.664305538160166E+002 -0.439871275316984E+000  0.528297449189139E+000 -0.107536384819057E+002 -0.718884199195486E+003 -0.718884199195486E+003 -0.718892370640517E+003
  0.120945529440227E+002  0.657031540996274E+002 -0.434562503527961E+000  0.523073585580425E+000 -0.107536384819057E+002 -0.718887116139584E+003 -0.718887116139584E+003 -0.718907629520635E+003
 -0.148049682576068E+002  0.659013798755799E+002 -0.438840459037135E+000  0.530123353649259E+000 -0.107536384819057E+002 -0.718882576498149E+003 -0.718882576498149E+003 -0.718890237797454E+003
 -0.484522951775045E+001  0.664927378305758E+002 -0.440055208296305E+000  0.528145388255464E+000 -0.107536384819057E+002 -0.718886468361826E+003 -0.718886468361826E+003 -0.718899280619796E+003
  0.687236738947621E+001  0.660854297138432E+002 -0.434076999579403E+000  0.521188385546126E+000 -0.107536384819057E+002 -0.718885021001512E+003 -0.718885021001512E+003 -0.718894759561110E+003
  0.779812444328226E+001  0.659622230191770E+002 -0.439397793875792E+000  0.527535743839098E+000 -0.107536384819057E+002 -0.718879726721576E+003 -0.718879726721576E+003 -0.718893405326982E+003
  0.716470283506388E+001  0.656600198414951E+002 -0.434813608539413E+000  0.525853706221108E+000 -0.107536384819057E+002 -0.718885309051956E+003 -0.718885309051956E+003 -0.718902462350465E+003
 -0.900508354962351E+001  0.660629038206547E+002 -0.436533561541691E+000  0.522314880652321E+000 -0.107536384819057E+002 -0.718888473721153E+003 -0.718888473721153E+003 -0.718893683644880E+003
  0.966099298997264E+001  0.662977687571902E+002 -0.435651407948380E+000  0.523675926414192E+000 -0.107536384819057E+002 -0.718878924306398E+003 -0.718878924306398E+003 -0.718923538106472E+003
  0.561743189862267E+001  0.662905793281391E+002 -0.433763683529714E+000  0.522202256854633E+000 -0.107536384819057E+002 -0.718883382838926E+003 -0.718883382838926E+003 -0.718906942377355E+003
 -0.310931698199689E+001  0.659855698558146E+002 -0.440732597843376E+000  0.531124824186674E+000 -0.107536384819057E+002 -0.718884599953550E+003 -0.718884599953550E+003 -0.718895337650444E+003
 -0.818840628298915E+001  0.656488311714019E+002 -0.435672227634152E+000  0.527505387673121E+000 -0.107536384819057E+002 -0.718886572314045E+003 -0.718886572314045E+003 -0.718904962267763E+003
  0.883365080575183E+001  0.660543413714505E+002 -0.436727345904912E+000  0.526690869764906E+000 -0.107536384819057E+002 -0.718876156826741E+003 -0.718876156826741E+003 -0.718992269708997E+003
  0.405224961254159E+001  0.659861926804881E+002 -0.437609274560206E+000  0.529609527259974E+000 -0.107536384819057E+002 -0.718885072649972E+003 -0.718885072649972E+003 -0.718895802907226E+003
 -0.123611881073208E+002  0.664024945177095E+002 -0.438800440250845E+000  0.525073291019805E+000 -0.107536384819057E+002 -0.718884752903920E+003 -0.718884752903920E+003 -0.718900594925027E+003
 -0.968874026141828E+001  0.657315173910295E+002 -0.434332443425287E+000  0.522518760006145E+000 -0.107536384819057E+002 -0.718887998094658E+003 -0.718887998094658E+003 -0.718904534666565E+003
 -0.130775995013256E+002  0.663028741773430E+002 -0.440095680598694E+000  0.530503771285229E+000 -0.107536384819057E+002 -0.718887425747138E+003 -0.718887425747138E+003 -0.718895629895896E+003
  0.559311393808552E+001  0.663294475015971E+002 -0.441498422272355E+000  0.530816123606376E+000 -0.107536384819057E+002 -0.718889003736124E+003 -0.718889003736124E+003 -0.718909403154372E+003
 -0.154423312947086E+002  0.661985948278646E+002 -0.435808434343068E+000  0.526469225045245E+000 -0.107536384819057E+002 -0.718881097217620E+003 -0.718881097217620E+003 -0.718890029811806E+003
 -0.167665581419568E+002  0.658637020119403E+002 -0.438830311370338E+000  0.526731002902992E+000 -0.107536384819057E+002 -0.718881670959176E+003 -0.718881670959176E+003 -0.718890039853739E+003
  0.852507681242303E+001  0.659592376033715E+002 -0.437074181789490E+000  0.525500419603540E+000 -0.107536384819057E+002 -0.718876712477883E+003 -0.718876712477883E+003 -0.718893124969148E+003
 -0.394962302230596E+001  0.660411859592204E+002 -0.434718824234551E+000  0.521050962074953E+000 -0.107536384819057E+002 -0.718888305294271E+003 -0.718888305294271E+003 -0.718896851122373E+003
  0.215426552360744E+001  0.665137061049373E+002 -0.436659325092343E+000  0.525724139797833E+000 -0.107536384819057E+002 -0.718885327473976E+003 -0.718885327473976E+003 -0.718893871786142E+003
 -0.238961439514611E+001  0.657057406152668E+002 -0.436264196294062E+000  0.528409468421462E+000 -0.107536384819057E+002 -0.718886380991673E+003 -0.718886380991674E+003 -0.718941453834849E+003
 -0.774281819895764E+001  0.659186625649338E+002 -0.436150653439664E+000  0.524183208037393E+000 -0.107536384819057E+002 -0.718879181878051E+003 -0.718879181878051E+003 -0.718917683029144E+003
 -0.122555257050505E+001  0.660823436189386E+002 -0.436070723101338E+000  0.526155295312163E+000 -0.107536384819057E+002 -0.718876988457077E+003 -0.718876988457077E+003 -0.718892555963838E+003
 -0.178391364139887E+002  0.665315783691864E+002 -0.438657577383010E+000  0.528186124914749E+000 -0.107536384819057E+002 -0.718888930996076E+003 -0.718888930996076E+003 -0.718904146432073E+003
 -0.133553576141867E+002  0.660672824052874E+002 -0.438004268489712E+000  0.524283592692429E+000 -0.107536384819057E+002 -0.718884432281050E+003 -0.718884432281050E+003 -0.718946079809040E+003
 -0.729049541347937E+000  0.658717375319068E+002 -0.433075917630791E+000  0.523229924104431E+000 -0.107536384819057E+002 -0.718884890677759E+003 -0.718884890677760E+003 -0.718899164247419E+003
  0.100993587287632E+002  0.658990012122466E+002 -0.438080084222823E+000  0.530140353522270E+000 -0.107536384819057E+002 -0.718885545798442E+003 -0.718885545798442E+003 -0.718890734911404E+003
 -0.117037119243550E+002  0.663297898817070E+002 -0.441314444330174E+000  0.529054056352992E+000 -0.107536384819057E+002 -0.718886409741409E+003 -0.718886409741409E+003 -0.718889393514286E+003
  0.273968805934127E+001  0.661219676570640E+002 -0.435141389029950E+000  0.524676553756457E+000 -0.107536384819057E+002 -0.718877648905724E+003 -0.718877648905724E+003 -0.718889449267831E+003
 -0.166584220887310E+002  0.664644937451584E+002 -0.440824968656660E+000  0.528319547269685E+000 -0.107536384819057E+002 -0.718887892619283E+003 -0.718887892619283E+003 -0.718901875271714E+003
 -0.119739891403313E+001  0.662648282827588E+002 -0.439250347396886E+000  0.529857888815029E+000 -0.107536384819057E+002 -0.718884917787210E+003 -0.718884917787210E+003 -0.718897976003651E+003
 -0.655446345384597E+001  0.656403992660601E+002 -0.434768726546362E+000  0.526387365286840E+000 -0.107536384819057E+002 -0.718887369442333E+003 -0.718887369442333E+003 -0.718899396445358E+003
  0.590613349931546E+001  0.656533520781352E+002 -0.437396507165176E+000  0.528623869182749E+000 -0.107536384819057E+002 -0.718884216348313E+003 -0.718884216348313E+003 -0.718895320674903E+003
 -0.854623940238959E+001  0.657629334384565E+002 -0.435143595237450E+000  0.522795962934080E+000 -0.107536384819057E+002 -0.718887374258435E+003 -0.718887374258435E+003 -0.718889697805541E+003
 -0.172619613901972E+002  0.663058862240893E+002 -0.437124490175809E+000  0.526217668449903E+000 -0.107536384819057E+002 -0.718878045078974E+003 -0.718878045078974E+003 -0.718919785095815E+003
  0.121451550550742E+002  0.660765165104302E+002 -0.434607344159206E+000  0.521187896446763E+000 -0.107536384819057E+002 -0.718886396755936E+003 -0.718886396755936E+003 -0.718901031939367E+003
 -0.909216464349593E+001  0.657784782989707E+002 -0.438573556466869E+000  0.526692052843830E+000 -0.107536384819057E+002 -0.718883206115291E+003 -0.718883206115291E+003 -0.718895802907226E+003
  0.931733266059576E+001  0.655843431194525E+002 -0.434851921525444E+000  0.526499405821084E+000 -0.107536384819057E+002 -0.718888982496397E+003 -0.718888982496397E+003 -0.718911590989762E+003
  0.863074822068274E+000  0.659555217184391E+002 -0.436257177315320E+000  0.522376514103529E+000 -0.107536384819057E+002 -0.718888909721331E+003 -0.718888909721331E+003 -0.718897045413705E+003
  0.728495618633572E+001  0.658343173223562E+002 -0.436410099567934E+000  0.523051767545915E+000 -0.107536384819057E+002 -0.718889004933401E+003 -0.718889004933401E+003 -0.718889147800248E+003
  0.412553274661821E+001  0.658993062901107E+002 -0.435520798407854E+000  0.524464278252163E+000 -0.107536384819057E+002 -0.718878125856467E+003 -0.718878125856467E+003 -0.718891522566298E+003
 -0.127682166120244E+002  0.663672459803493E+002 -0.437770112287663E+000  0.524002269421199E+000 -0.107536384819057E+002 -0.718883690872192E+003 -0.718883690872193E+003 -0.718890958117718E+003
 -0.843126551451320E+001  0.660154625034202E+002 -0.441242432491573E+000  0.531202984668289E+000 -0.107536384819057E+002 -0.718885410780028E+003 -0.718885410780028E+003 -0.718890208858604E+003
 -0.102829043897597E+002  0.663803805699485E+002 -0.436553937548781E+000  0.523765566368763E+000 -0.107536384819057E+002 -0.718880762535939E+003 -0.718880762535940E+003 -0.718889870586704E+003
 -0.676928705185955E+001  0.658201738461960E+002 -0.434943377469347E+000  0.522319451682273E+000 -0.107536384819057E+002 -0.718887230113156E+003 -0.718887230113156E+003 -0.718893000716464E+003
 -0.889921130431430E+001  0.661466423851888E+002 -0.441178421320127E+000  0.528768667598552E+000 -0.107536384819057E+002 -0.718884734513931E+003 -0.718884734513931E+003 -0.718890391698398E+003
  0.207025350138645E+001  0.657060508423565E+002 -0.433415196068503E+000  0.523783919424742E+000 -0.107536384819057E+002 -0.718887158359322E+003 -0.718887158359322E+003 -0.718891522566298E+003
  0.139007316020379E+001  0.657261099890889E+002 -0.437077923218322E+000  0.527503069951595E+000 -0.107536384819057E+002 -0.718880526945297E+003 -0.718880526945297E+003 -0.718889959519462E+003
 -0.603572105184114E+001  0.662363368972660E+002 -0.439775994095090E+000  0.530480570659693E+000 -0.107536384819057E+002 -0.718886088260183E+003 -0.718886088260183E+003 -0.718903444365785E+003
  0.771280216907175E+001  0.662984444852492E+002 -0.437768301763748E+000  0.523371093755972E+000 -0.107536384819057E+002 -0.718886848974138E+003 -0.718886848974138E+003 -0.718892919819944E+003
  0.111010302338591E+001  0.664064364596902E+002 -0.438834381646756E+000  0.527840808684696E+000 -0.107536384819057E+002 -0.718882204644717E+003 -0.718882204644717E+003 -0.718973165936321E+003
  0.959336604958315E+001  0.660975320174192E+002 -0.440717665202393E+000  0.530423572882106E+000 -0.107536384819057E+002 -0.718882866051310E+003 -0.718882866051310E+003 -0.718921003645227E+003
  0.316261338361650E+001  0.658449756842624E+002 -0.432896579047228E+000  0.524189711623420E+000 -0.107536384819057E+002 -0.718888181689229E+003 -0.718888181689229E+003 -0.718903717149424E+003
  0.596738957607300E+001  0.663382221146520E+002 -0.440523174826555E+000  0.530471461465437E+000 -0.107536384819057E+002 -0.718887736444665E+003 -0.718887736444665E+003 -0.718893086690456E+003
 -0.178696119093775E+002  0.661908425865177E+002 -0.433631093695964E+000  0.521051042343429E+000 -0.107536384819057E+002 -0.718884891281562E+003 -0.718884891281562E+003 -0.718889579909837E+003
 -0.213858763836310E+001  0.662142161469071E+002 -0.441615965451122E+000  0.530074215763559E+000 -0.107536384819057E+002 -0.718885896065215E+003 -0.718885896065215E+003 -0.718902905122226E+003
  0.132187455937826E+002  0.658517059816153E+002 -0.436512044488526E+000  0.524757996231814E+000 -0.107536384819057E+002 -0.718879760088372E+003 -0.718879760088372E+003 -0.718892912906250E+003
  0.572416177529040E+001  0.658348619112860E+002 -0.435234468011742E+000  0.523584400609408E+000 -0.107536384819057E+002 -0.718881616621246E+003 -0.718881616621246E+003 -0.718909651466962E+003
  0.102023107833517E+002  0.661461141266471E+002 -0.438149427769226E+000  0.525135517707117E+000 -0.107536384819057E+002 -0.718879748415398E+003 -0.718879748415398E+003 -0.718901148978979E+003
  0.474951846308230E+001  0.656951197530918E+002 -0.434703999602942E+000  0.525955206403075E+000 -0.107536384819057E+002 -0.718885061884703E+003 -0.718885061884703E+003 -0.718944210923672E+003
  0.350045793253006E+001  0.658415051392035E+002 -0.436149255198579E+000  0.527520593564805E+000 -0.107536384819057E+002 -0.718881158388049E+003 -0.718881158388049E+003 -0.719011565398087E+003
  0.348894342171040E+001  0.656643797110152E+002 -0.435163887806946E+000  0.525016535513963E+000 -0.107536384819057E+002 -0.718883970120659E+003 -0.718883970120659E+003 -0.718900640640661E+003
 -0.584319008577795E+001  0.659490883583558E+002 -0.442039284636589E+000  0.531049275912567E+000 -0.107536384819057E+002 -0.718888381392384E+003 -0.718888381392384E+003 -0.718894295212832E+003
  0.127193268919776E+002  0.660901927253909E+002 -0.434955831814912E+000  0.526573883270939E+000 -0.107536384819057E+002 -0.718885097372505E+003 -0.718885097372505E+003 -0.719213010917108E+003
  0.113446331253607E+002  0.660976020546416E+002 -0.436260736533846E+000  0.524116556655820E+000 -0.107536384819057E+002 -0.718877230424964E+003 -0.718877230424964E+003 -0.718917769512820E+003
  0.542761703136454E+001  0.662337644304779E+002 -0.432401209715823E+000  0.520487621726611E+000 -0.107536384819057E+002 -0.718888740038866E+003 -0.718888740038866E+003 -0.718950557979563E+003
  0.107152558305696E+001  0.664021593112125E+002 -0.435646897850192E+000  0.524082382649556E+000 -0.107536384819057E+002 -0.718881211462341E+003 -0.718881211462341E+003 -0.718892262115606E+003
 -0.170733617534333E+002  0.662173410001834E+002 -0.434048361349884E+000  0.522163902573300E+000 -0.107536384819057E+002 -0.718881737163605E+003 -0.718881737163605E+003 -0.718895658247888E+003
 -0.101549921799558E+001  0.658107402287592E+002 -0.439584494535660E+000  0.529837521122739E+000 -0.107536384819057E+002 -0.718882065979962E+003 -0.718882065979962E+003 -0.718895146992641E+003
  0.239596383413506E+001  0.657487991359639E+002 -0.434894500079642E+000  0.526786968872724E+000 -0.107536384819057E+002 -0.718885909564458E+003 -0.718885909564458E+003 -0.718895465112523E+003
 -0.755020727532984E+001  0.659168180685586E+002 -0.438396277616697E+000  0.526841731496107E+000 -0.107536384819057E+002 -0.718878125718987E+003 -0.718878125718987E+003 -0.718897582376736E+003
 -0.153295101931702E+002  0.662642568134566E+002 -0.432580647526440E+000  0.520730689059242E+000 -0.107536384819057E+002 -0.718888152678167E+003 -0.718888152678167E+003 -0.718919094771132E+003
 -0.142129894155169E+002  0.656027234910491E+002 -0.434096984641094E+000  0.524782029122996E+000 -0.107536384819057E+002 -0.718888508777172E+003 -0.718888508777172E+003 -0.718889899919974E+003
 -0.224410994803316E+001  0.656317064148832E+002 -0.437269948424990E+000  0.528937633343852E+000 -0.107536384819057E+002 -0.718886140937368E+003 -0.718886140937368E+003 -0.718890365962542E+003
  0.408948543462598E+001  0.663623588232685E+002 -0.441532527164218E+000  0.529901379739723E+000 -0.107536384819057E+002 -0.718888056001270E+003 -0.718888056001270E+003 -0.718890615110856E+003
 -0.103704834545019E+002  0.656848666958026E+002 -0.436024123782827E+000  0.527464906056752E+000 -0.107536384819057E+002 -0.718884020457721E+003 -0.718884020457722E+003 -0.718891455231241E+003
  0.568935716415564E+001  0.664139978169219E+002 -0.435083965295433E+000  0.525011033519766E+000 -0.107536384819057E+002 -0.718885996323001E+003 -0.718885996323002E+003 -0.718990176931623E+003
  0.560692972847044E+001  0.660771365781995E+002 -0.433612903810558E+000  0.520352905574408E+000 -0.107536384819057E+002 -0.718888782759291E+003 -0.718888782759291E+003 -0.718889147800248E+003
  0.232969761662494E+001  0.659033007365710E+002 -0.432938088344341E+000  0.521189486002632E+000 -0.107536384819057E+002 -0.718887529492492E+003 -0.718887529492492E+003 -0.718892565120477E+003
 -0.800607864528216E+001  0.659366153695768E+002 -0.438457592431197E+000  0.527825308913771E+000 -0.107536384819057E+002 -0.718876937897369E+003 -0.718876937897369E+003 -0.718890654104282E+003
  0.123659105190278E+002  0.659561388921118E+002 -0.439943319131216E+000  0.526799896294317E+000 -0.107536384819057E+002 -0.718886385436098E+003 -0.718886385436098E+003 -0.718921744516224E+003
  0.461896768894373E+001  0.658632746986677E+002 -0.436199606447759E+000  0.528685689683392E+000 -0.107536384819057E+002 -0.718887182871568E+003 -0.718887182871568E+003 -0.718892497511863E+003
 -0.105702581187324E+002  0.662544847232318E+002 -0.434173427853278E+000  0.521633119381523E+000 -0.107536384819057E+002 -0.718883214296656E+003 -0.718883214296656E+003 -0.718894979727462E+003
 -0.116776093642765E+002  0.663436118052107E+002 -0.433995602423804E+000  0.522812392449480E+000 -0.107536384819057E+002 -0.718883841829066E+003 -0.718883841829066E+003 -0.718901044606742E+003
 -0.255413619173626E+001  0.660394855752370E+002 -0.437780638958521E+000  0.525079500155528E+000 -0.107536384819057E+002 -0.718879267252092E+003 -0.718879267252092E+003 -0.718895305994658E+003
 -0.162451454507696E+002  0.659682532614764E+002 -0.438276318361748E+000  0.525487088683445E+000 -0.107536384819057E+002 -0.718881315481422E+003 -0.718881315481422E+003 -0.718890796869041E+003
 -0.149170289708639E+002  0.661437844587939E+002 -0.434242553918313E+000  0.523593111763345E+000 -0.107536384819057E+002 -0.718879852200491E+003 -0.718879852200491E+003 -0.718898566562357E+003
  0.764330141291294E+001  0.663182649600853E+002 -0.437509007874302E+000  0.523234046792476E+000 -0.107536384819057E+002 -0.718886094756367E+003 -0.718886094756368E+003 -0.718896573626737E+003
 -0.534170315176667E+000  0.662498591722087E+002 -0.439556933633415E+000  0.530431586669690E+000 -0.107536384819057E+002 -0.718886846851791E+003 -0.718886846851791E+003 -0.718941835008457E+003
 -0.802961607967502E+001  0.659533465676645E+002 -0.435604325637235E+000  0.524289868353549E+000 -0.107536384819057E+002 -0.718877558539965E+003 -0.718877558539965E+003 -0.718889812212259E+003
  0.453771393079017E+001  0.662971537525751E+002 -0.438589736006746E+000  0.524651924000321E+000 -0.107536384819057E+002 -0.718884531618175E+003 -0.718884531618175E+003 -0.718923312633342E+003
 -0.173157210742945E+002  0.661723761225640E+002 -0.438643397592577E+000  0.526794935690940E+000 -0.107536384819057E+002 -0.718876990941938E+003 -0.718876990941938E+003 -0.718891779345066E+003
 -0.661691478739005E+001  0.658803387012883E+002 -0.434446901085974E+000  0.523059881429180E+000 -0.107536384819057E+002 -0.718881562437882E+003 -0.718881562437882E+003 -0.718898048746845E+003
  0.119095719478106E+002  0.657243982639627E+002 -0.436599684217424E+000  0.526619850813205E+000 -0.107536384819057E+002 -0.718880362250850E+003 -0.718880362250850E+003 -0.718898868455007E+003
 -0.119933507088044E+002  0.660368821186233E+002 -0.437694360951264E+000  0.523548688820381E+000 -0.107536384819057E+002 -0.718887997619499E+003 -0.718887997619499E+003 -0.718890048011089E+003
  0.121888726860447E+002  0.659327206367715E+002 -0.434042346466253E+000  0.525460011826263E+000 -0.107536384819057E+002 -0.718884535352424E+003 -0.718884535352424E+003 -0.718917273093815E+003
 -0.532895328559532E+001  0.661091749293482E+002 -0.441726751738969E+000  0.529098420533275E+000 -0.107536384819057E+002 -0.718887824827631E+003 -0.718887824827631E+003 -0.718896180906645E+003
 -0.185449122987764E+002  0.658072159353897E+002 -0.440913682374735E+000  0.529068653340056E+000 -0.107536384819057E+002 -0.718888102725575E+003 -0.718888102725575E+003 -0.718896232023941E+003
  0.965179605709274E+001  0.660830030319000E+002 -0.441098711301511E+000  0.531165208826364E+000 -0.107536384819057E+002 -0.718885352036679E+003 -0.718885352036679E+003 -0.718894767434129E+003
  0.518758644759488E+001  0.662088069512235E+002 -0.437723388722182E+000  0.526931149029766E+000 -0.107536384819057E+002 -0.718876493883229E+003 -0.718876493883229E+003 -0.718893181822673E+003
 -0.172465998632180E+001  0.660829723873286E+002 -0.436309383675100E+000  0.525996576279070E+000 -0.107536384819057E+002 -0.718876006133366E+003 -0.718876006133366E+003 -0.718899870137860E+003
 -0.112875023302560E+002  0.661233265698853E+002 -0.440113476442574E+000  0.530721931790072E+000 -0.107536384819057E+002 -0.718884250139523E+003 -0.718884250139523E+003 -0.718891297842870E+003
 -0.110282173748010E+002  0.661094173812345E+002 -0.441264798860315E+000  0.530341640035413E+000 -0.107536384819057E+002 -0.718884032238947E+003 -0.718884032238948E+003 -0.718894070156200E+003
 -0.556797902219175E+001  0.656567924109734E+002 -0.436533815047950E+000  0.524928058139304E+000 -0.107536384819057E+002 -0.718886360109380E+003 -0.718886360109380E+003 -0.718890892128947E+003
 -0.158941437432739E+002  0.662472712718715E+002 -0.440462151403685E+000  0.530986047177823E+000 -0.107536384819057E+002 -0.718887684316789E+003 -0.718887684316789E+003 -0.718895588319674E+003
  0.394032077474831E+001  0.662634472557829E+002 -0.441483714872071E+000  0.528563142637964E+000 -0.107536384819057E+002 -0.718887557912135E+003 -0.718887557912135E+003 -0.718904029098614E+003
  0.579264391963744E+001  0.660796928396789E+002 -0.435655528450026E+000  0.527301356331450E+000 -0.107536384819057E+002 -0.718884087451143E+003 -0.718884087451143E+003 -0.718898858538586E+003
 -0.145717571599830E+002  0.659114620596915E+002 -0.436490231845099E+000  0.527519950547697E+000 -0.107536384819057E+002 -0.718879266427472E+003 -0.718879266427472E+003 -0.718894507556125E+003
 -0.148387045256049E+002  0.662623217509119E+002 -0.434489275319610E+000  0.523759441547567E+000 -0.107536384819057E+002 -0.718880906747458E+003 -0.718880906747458E+003 -0.718893763960696E+003
 -0.182169443538780E+002  0.662020166363790E+002 -0.438764135647853E+000  0.524254875051371E+000 -0.107536384819057E+002 -0.718888720874682E+003 -0.718888720874682E+003 -0.718889144491137E+003
 -0.906410006260558E+000  0.657062680322988E+002 -0.436691630635232E+000  0.524426818609659E+000 -0.107536384819057E+002 -0.718887207002548E+003 -0.718887207002548E+003 -0.718894022389838E+003
 -0.170158873943388E+002  0.663890533071278E+002 -0.438475469114261E+000  0.528826679156965E+000 -0.107536384819057E+002 -0.718886309394150E+003 -0.718886309394150E+003 -0.718889188719546E+003
 -0.130569057104588E+002  0.659153702709218E+002 -0.435832099137012E+000  0.523928601661304E+000 -0.107536384819057E+002 -0.718879440879793E+003 -0.718879440879793E+003 -0.718889062387376E+003
  0.174496584816085E+002  0.662609606132159E+002 -0.436296291505829E+000  0.524746299691820E+000 -0.107536384819057E+002 -0.718877144456766E+003 -0.718877144456766E+003 -0.718889179844033E+003
  0.171798052876725E+002  0.662636748619102E+002 -0.438561758670406E+000  0.525514391828702E+000 -0.107536384819057E+002 -0.718880276992521E+003 -0.718880276992521E+003 -0.718908727406970E+003
  0.173483497866148E+002  0.658492782338403E+002 -0.439068396045942E+000  0.530387471169509E+000 -0.107536384819057E+002 -0.718883557112439E+003 -0.718883557112440E+003 -0.718890764261519E+003
  0.156064345547598E+002  0.662907312197255E+002 -0.440168824313244E+000  0.528190111080383E+000 -0.107536384819057E+002 -0.718881568130291E+003 -0.718881568130291E+003 -0.718889843681724E+003
  0.154754307902406E+002  0.660975332147741E+002 -0.433048667017422E+000  0.523492677403246E+000 -0.107536384819057E+002 -0.718885439258832E+003 -0.718885439258832E+003 -0.718962865863758E+003
  0.148534662575285E+002  0.661343678397114E+002 -0.432293079466369E+000  0.521629473633261E+000 -0.107536384819057E+002 -0.718887341528040E+003 -0.718887341528040E+003 -0.718893471061355E+003
  0.148572148059286E+002  0.660572155243965E+002 -0.436943635953084E+000  0.529100134985161E+000 -0.107536384819057E+002 -0.718886760077370E+003 -0.718886760077370E+003 -0.718892087653504E+003
  0.151447303150679E+002  0.656838224118676E+002 -0.438141271125403E+000  0.529367338556508E+000 -0.107536384819057E+002 -0.718884183438569E+003 -0.718884183438570E+003 -0.718900312705126E+003
  0.161963049563120E+002  0.658941880197605E+002 -0.438302768359308E+000  0.525542720660579E+000 -0.107536384819057E+002 -0.718883120447267E+003 -0.718883120447267E+003 -0.718915900877185E+003
  0.158789749212490E+002  0.661055690454732E+002 -0.439073867249911E+000  0.527054703515777E+000 -0.107536384819057E+002 -0.718877941877960E+003 -0.718877941877960E+003 -0.718889843681724E+003
  0.138991323562051E+002  0.657918729408206E+002 -0.440674751991958E+000  0.528491115455258E+000 -0.107536384819057E+002 -0.718889040632580E+003 -0.718889040632580E+003 -0.718945236112062E+003
  0.166927860822600E+002  0.658105259236396E+002 -0.435135636431651E+000  0.527173295812435E+000 -0.107536384819057E+002 -0.718885557703079E+003 -0.718885557703079E+003 -0.718947117685436E+003
  0.158908533998326E+002  0.661088801504987E+002 -0.438436796692523E+000  0.527287405092290E+000 -0.107536384819057E+002 -0.718876057043940E+003 -0.718876057043940E+003 -0.718899718678771E+003
  0.144448379584394E+002  0.658325231661921E+002 -0.435757756997251E+000  0.522777407974583E+000 -0.107536384819057E+002 -0.718887330599300E+003 -0.718887330599300E+003 -0.718892087653504E+003
  0.164775868570315E+002  0.662337204830791E+002 -0.433438258646914E+000  0.520560221410292E+000 -0.107536384819057E+002 -0.718886925667735E+003 -0.718886925667735E+003 -0.718894011049646E+003
  0.155793504774795E+002  0.660451276351813E+002 -0.439804095484339E+000  0.531389850012901E+000 -0.107536384819057E+002 -0.718887701144232E+003 -0.718887701144232E+003 -0.718889179844033E+003
  0.158959882847242E+002  0.661468780491269E+002 -0.436746870679914E+000  0.524175530757055E+000 -0.107536384819057E+002 -0.718877963639826E+003 -0.718877963639826E+003 -0.718889179844033E+003
  0.189797564770690E+002  0.662391615337887E+002 -0.435237901637695E+000  0.524850936929444E+000 -0.107536384819057E+002 -0.718879323186336E+003 -0.718879323186336E+003 -0.718905870846607E+003
  0.192825687473536E+002  0.660559370397323E+002 -0.436841329002563E+000  0.523105167812309E+000 -0.107536384819057E+002 -0.718884829825215E+003 -0.718884829825215E+003 -0.718904051434310E+003
  0.190969882326968E+002  0.662043689942024E+002 -0.434229850866404E+000  0.525411917158368E+000 -0.107536384819057E+002 -0.718886808406675E+003 -0.718886808406675E+003 -0.718915315772070E+003
  0.194710189549896E+002  0.658526363597054E+002 -0.438568494130343E+000  0.526172264392022E+000 -0.107536384819057E+002 -0.718882886427316E+003 -0.718882886427316E+003 -0.718886808406675E+003
  0.193128798232391E+002  0.659820449018468E+002 -0.440003917916714E+000  0.528458428520634E+000 -0.107536384819057E+002 -0.718880311203788E+003 -0.718880311203788E+003 -0.718886808406675E+003
  0.190917047305596E+002  0.658344738084886E+002 -0.435367041487606E+000  0.524159488946312E+000 -0.107536384819057E+002 -0.718880098122009E+003 -0.718880098122009E+003 -0.718886808406675E+003
  0.193687012615721E+002  0.657916782214413E+002 -0.433864657870183E+000  0.522699761367411E+000 -0.107536384819057E+002 -0.718885014564593E+003 -0.718885014564594E+003 -0.718886808406675E+003
  0.190651473965417E+002  0.657746740640944E+002 -0.438790018041000E+000  0.527564629656913E+000 -0.107536384819057E+002 -0.718881645980676E+003 -0.718881645980676E+003 -0.718886808406675E+003
  0.190561740585539E+002  0.659846719594714E+002 -0.433117498681566E+000  0.521695804178176E+000 -0.107536384819057E+002 -0.718884500756737E+003 -0.718884500756737E+003 -0.718886808406675E+003
  0.193409988456822E+002  0.657169585192393E+002 -0.436314449554045E+000  0.526047068301699E+000 -0.107536384819057E+002 -0.718880829334047E+003 -0.718880829334047E+003 -0.718886808406675E+003
  0.179569287897312E+002  0.656164363359854E+002 -0.435333960043932E+000  0.525679152301075E+000 -0.107536384819057E+002 -0.718885214150217E+003 -0.718885214150217E+003 -0.718889823111343E+003
  0.177449258225010E+002  0.657165735424092E+002 -0.440188690209457E+000  0.531269254836461E+000 -0.107536384819057E+002 -0.718888045745290E+003 -0.718888045745290E+003 -0.719019939058485E+003
