 -0.192658005076561E+002  0.723821935857176E+002 -0.382035638375414E+000  0.234666700119730E+000 -0.290378485126291E+001 -0.144425179360197E+002 -0.735101275851601E+003 -0.735101275851601E+003
 -0.192388038649904E+002  0.733848523894916E+002 -0.410860449220882E+000  0.435571800489411E+000 -0.235668167212442E+001 -0.144425179360197E+002 -0.734969521208956E+003 -0.734969521208956E+003
 -0.192598756032812E+002  0.726167020776891E+002 -0.387209821595146E+000  0.323075441970860E+000 -0.272715890463659E+001 -0.144425179360197E+002 -0.735136531743610E+003 -0.735136531743610E+003
 -0.192574824206613E+002  0.731954985477230E+002 -0.471747705177137E+000  0.558214244855028E+000 -0.255488775079517E+001 -0.144425179360197E+002 -0.735081758674969E+003 -0.735081758674969E+003
 -0.192581780709735E+002  0.725949804347322E+002 -0.388684640210293E+000  0.328098209188469E+000 -0.252275507726394E+001 -0.144425179360197E+002 -0.735161926435111E+003 -0.735161926435111E+003
 -0.192552038602253E+002  0.729563820602941E+002 -0.419792335880646E+000  0.302022824892464E+000 -0.297393925133610E+001 -0.144425179360197E+002 -0.734561658674116E+003 -0.734561658674116E+003
 -0.192670760190471E+002  0.723355920823307E+002 -0.397634010930761E+000  0.378794257633271E+000 -0.228117726646446E+001 -0.144425179360197E+002 -0.735117712168874E+003 -0.735117712168874E+003
 -0.192322687821092E+002  0.737417908522776E+002 -0.427987326125067E+000  0.368294832601100E+000 -0.223907265514168E+001 -0.144425179360197E+002 -0.735132510791715E+003 -0.735132510791715E+003
 -0.192532394296239E+002  0.731099152000963E+002 -0.439417003436268E+000  0.356853380319552E+000 -0.245194100239058E+001 -0.144425179360197E+002 -0.735103583860370E+003 -0.735103583860370E+003
 -0.192522748209256E+002  0.730096847210925E+002 -0.422371132053754E+000  0.350072735762911E+000 -0.245018957666582E+001 -0.144425179360197E+002 -0.734822355737253E+003 -0.734822355737253E+003
 -0.192787643055251E+002  0.723159658311015E+002 -0.449055741277482E+000  0.439193814424748E+000 -0.311317334553138E+001 -0.144425179360197E+002 -0.734915700800180E+003 -0.734915700800180E+003
 -0.192727998962350E+002  0.725017686309035E+002 -0.439790449634854E+000  0.386129551912974E+000 -0.295471641895154E+001 -0.144425179360197E+002 -0.734733822592592E+003 -0.734733822592592E+003
