  0.100000000000000E+001  0.541482245846223E+001 -0.609542733642731E+001  0.955974719314569E+002 -0.209778849358951E+000  0.398820006790964E+000 -0.107536384819057E+002 -0.270741122923112E+001
  0.100000000000000E+001  0.547707550881444E+001  0.334696201574353E+000  0.652017403950847E+002 -0.230346316671610E+000 -0.695956004180318E+000 -0.107536384819057E+002 -0.273853775440722E+001
  0.100000000000000E+001  0.107527815409690E+002 -0.130487596662225E+002  0.758002371448484E+002 -0.128400644365021E+000 -0.172251508213877E+001 -0.107536384819057E+002 -0.537639077048450E+001
  0.100000000000000E+001  0.577244190424197E+001  0.156587858798078E+002  0.784469649384294E+002 -0.321337218889816E+000  0.648217518793568E+000 -0.107536384819057E+002 -0.288622095212098E+001
  0.100000000000000E+001  0.580312126726127E+001 -0.286409740946936E+001  0.622625314185608E+002 -0.406475823184616E+000  0.198087308829553E-002 -0.107536384819057E+002 -0.290156063363063E+001
  0.100000000000000E+001  0.101925132100392E+002  0.236272812692497E+001  0.926370840286811E+002 -0.892689572884944E+000  0.120291548436776E+001 -0.107536384819057E+002 -0.509625660501960E+001
  0.100000000000000E+001  0.583957809799508E+001 -0.678840365676140E+001  0.716822576673532E+002 -0.144726942903370E+000 -0.112437383983568E+001 -0.107536384819057E+002 -0.291978904899754E+001
  0.100000000000000E+001  0.613685438650015E+001  0.997793149628092E+001  0.560538804463290E+002 -0.250145951012324E+000 -0.671864584582861E+000 -0.107536384819057E+002 -0.306842719325008E+001
  0.100000000000000E+001  0.624602740671317E+001 -0.109790240695239E+002  0.617887702691247E+002 -0.110368139495165E+000  0.224643901249630E+000 -0.107536384819057E+002 -0.312301370335659E+001
  0.100000000000000E+001  0.648875534227136E+001  0.139061699770325E+002  0.680839188520573E+002 -0.421482957144938E+000  0.155324407285828E-001 -0.107536384819057E+002 -0.324437767113568E+001
  0.100000000000000E+001  0.823394002099975E+001 -0.120058433090723E+002  0.664500222205028E+002 -0.194456415696972E+000  0.497112957048432E+000 -0.107536384819057E+002 -0.411697001049988E+001
  0.100000000000000E+001  0.653578789617083E+001  0.682517058904480E+000  0.911800662282598E+002 -0.377628135672166E-001 -0.173528061102178E+001 -0.107536384819057E+002 -0.326789394808542E+001
  0.100000000000000E+001  0.794875252424387E+001  0.101750329949786E+002  0.452064976237965E+002 -0.112529422589590E+000 -0.151778116423544E+001 -0.107536384819057E+002 -0.397437626212193E+001
  0.100000000000000E+001  0.791848778274229E+001 -0.262085027190871E+001  0.800807162033097E+002 -0.510104913729907E+000  0.272331059525269E+000 -0.107536384819057E+002 -0.395924389137114E+001
  0.100000000000000E+001  0.780939755833261E+001  0.328055209062460E+001  0.484994271492576E+002 -0.149657846585973E+000  0.388625919428954E+000 -0.107536384819057E+002 -0.390469877916631E+001
  0.100000000000000E+001  0.678537477334930E+001 -0.939901108742980E+001  0.691711713019920E+002 -0.604714498509203E+000  0.111904694429293E+001 -0.107536384819057E+002 -0.339268738667465E+001
  0.100000000000000E+001  0.773057842268788E+001 -0.570805546754128E+001  0.886153904505280E+002 -0.366595834054531E-001 -0.189267061536449E+001 -0.107536384819057E+002 -0.386528921134394E+001
  0.100000000000000E+001  0.680827505528532E+001  0.134544783357992E+002  0.479129998783244E+002 -0.375143639469684E+000  0.786260060930884E+000 -0.107536384819057E+002 -0.340413752764266E+001
  0.100000000000000E+001  0.740469806916546E+001  0.164244688471973E+002  0.840254551131727E+002 -0.234742430196669E+000 -0.857392408918381E+000 -0.107536384819057E+002 -0.370234903458273E+001
  0.100000000000000E+001  0.690303084270525E+001 -0.106145130928714E+002  0.840426231633379E+002 -0.820743237627457E+000  0.123319522961028E+001 -0.107536384819057E+002 -0.345151542135262E+001
  0.100000000000000E+001  0.538316515858858E+001  0.194020861079019E+002  0.582164677601071E+002 -0.425221654396661E+000  0.998227089656387E-001 -0.107536384819057E+002 -0.269158257929429E+001
  0.100000000000000E+001  0.536313389653177E+001  0.826809408949490E+001  0.580302083376812E+002 -0.297309770607790E-001 -0.213639057114285E-001 -0.107536384819057E+002 -0.268156694826589E+001
  0.100000000000000E+001  0.536186827417594E+001 -0.270849570001810E+001  0.845521545857944E+002 -0.246094307432511E+000  0.474696994310252E+000 -0.107536384819057E+002 -0.268093413708797E+001
  0.100000000000000E+001  0.534903176840584E+001  0.110460686743407E+002  0.462974164381236E+002 -0.511866135905588E+000  0.401822149987419E+000 -0.107536384819057E+002 -0.267451588420292E+001
  0.100000000000000E+001  0.517320488282634E+001 -0.171400289167435E+002  0.706003958235197E+002 -0.888399202965735E-001 -0.130622380820886E+001 -0.107536384819057E+002 -0.258660244141317E+001
  0.100000000000000E+001  0.507462511766501E+001  0.166739555272757E+002  0.466631356267545E+002 -0.416566266859991E+000  0.889520362748444E-001 -0.107536384819057E+002 -0.253731255883250E+001
  0.100000000000000E+001  0.503913803139176E+001  0.805073706185421E+001  0.494614616712578E+002 -0.456630606611085E+000  0.869816840550477E+000 -0.107536384819057E+002 -0.251956901569588E+001
  0.100000000000000E+001  0.501973199577446E+001  0.116051692801481E+002  0.972230866357346E+002 -0.762887181127659E+000  0.121412309905169E+001 -0.107536384819057E+002 -0.250986599788723E+001
  0.100000000000000E+001  0.486704101587821E+001  0.277389554057622E+001  0.934145038256282E+002 -0.148810009548281E+000 -0.990984324020921E+000 -0.107536384819057E+002 -0.243352050793911E+001
  0.100000000000000E+001  0.482088275311176E+001  0.867785807036324E+001  0.688764573797477E+002 -0.449827253670914E+000  0.850485851894135E+000 -0.107536384819057E+002 -0.241044137655588E+001
  0.100000000000000E+001  0.481730385680612E+001  0.136487116642386E+002  0.762887277217762E+002 -0.264187555344921E+000 -0.485697354861273E+000 -0.107536384819057E+002 -0.240865192840306E+001
  0.100000000000000E+001  0.478896433559747E+001  0.127458850144848E+001  0.633326105664851E+002 -0.230816503686483E+000 -0.623052449816258E+000 -0.107536384819057E+002 -0.239448216779874E+001
  0.100000000000000E+001  0.477089941525939E+001  0.171659775028086E+002  0.919912370274587E+002 -0.655243243203666E+000  0.113656839063527E+001 -0.107536384819057E+002 -0.238544970762970E+001
  0.100000000000000E+001  0.474790183248601E+001 -0.172693633389445E+002  0.574106085856420E+002 -0.244420067256711E+000 -0.561243134052464E+000 -0.107536384819057E+002 -0.237395091624301E+001
  0.100000000000000E+001  0.467620796706188E+001 -0.681153187131790E+001  0.681950614653585E+002 -0.319427553356854E+000  0.594403847063432E+000 -0.107536384819057E+002 -0.233810398353094E+001
  0.100000000000000E+001  0.455820819046107E+001 -0.946904735250100E+001  0.488865436163555E+002 -0.213799601116392E+000 -0.670248838232253E+000 -0.107536384819057E+002 -0.227910409523053E+001
  0.100000000000000E+001  0.444197655244837E+001  0.182152584180559E+002  0.705366244269816E+002 -0.251747112253630E+000  0.435750957919154E+000 -0.107536384819057E+002 -0.222098827622419E+001
  0.100000000000000E+001  0.443213096043697E+001  0.108763670973187E+002  0.939896150055162E+002 -0.137520147429367E+000  0.169830508798045E+000 -0.107536384819057E+002 -0.221606548021848E+001
  0.100000000000000E+001  0.442414318369709E+001 -0.229327522640271E+001  0.484797949933150E+002 -0.340538708239524E-001 -0.145719001018418E+001 -0.107536384819057E+002 -0.221207159184854E+001
  0.100000000000000E+001  0.442229276200008E+001 -0.486744484213165E+001  0.823415278519548E+002 -0.502403037423577E+000  0.422305214341457E+000 -0.107536384819057E+002 -0.221114638100004E+001
  0.100000000000000E+001  0.439383316078804E+001  0.111410159670687E+002  0.589062811341911E+002 -0.623869261343818E+000  0.767179028422046E+000 -0.107536384819057E+002 -0.219691658039402E+001
  0.100000000000000E+001  0.437565543228049E+001  0.924431983044324E+001  0.587530983349652E+002 -0.237425763165873E+000  0.399491107587282E+000 -0.107536384819057E+002 -0.218782771614024E+001
  0.100000000000000E+001  0.433027120459560E+001  0.267068556712738E+001  0.943903205057352E+002 -0.557212698224653E+000  0.591892301924547E+000 -0.107536384819057E+002 -0.216513560229780E+001
  0.100000000000000E+001  0.432454150861692E+001  0.150986496903349E+002  0.942388894460404E+002 -0.994707976476243E-001 -0.114212368604784E+001 -0.107536384819057E+002 -0.216227075430846E+001
  0.100000000000000E+001  0.431642253494482E+001 -0.853568002443699E+001  0.837049478128194E+002 -0.159109514744019E+000 -0.876804010720218E+000 -0.107536384819057E+002 -0.215821126747241E+001
  0.100000000000000E+001  0.428166291705386E+001 -0.935945175415711E+000  0.813727910905454E+002 -0.383324184899231E+000  0.271493590397611E-001 -0.107536384819057E+002 -0.214083145852693E+001
  0.100000000000000E+001  0.423237783292362E+001  0.743271457312431E+001  0.951834755620543E+002 -0.643698468321166E+000  0.111391388098903E+001 -0.107536384819057E+002 -0.211618891646181E+001
  0.100000000000000E+001  0.414434241080618E+001  0.286603620102782E+001  0.756605855194250E+002 -0.676616733026185E+000  0.896785788568345E+000 -0.107536384819057E+002 -0.207217120540309E+001
  0.100000000000000E+001  0.414126311513804E+001  0.621289775239236E+001  0.608944264788577E+002 -0.169263583084551E+000 -0.810606056271117E+000 -0.107536384819057E+002 -0.207063155756902E+001
  0.100000000000000E+001  0.411565711893123E+001 -0.273811441131992E+001  0.859345851167536E+002 -0.765028433880901E+000  0.105259709016819E+001 -0.107536384819057E+002 -0.205782855946562E+001
  0.100000000000000E+001  0.411114065874301E+001 -0.174304266220318E+002  0.641390197049027E+002 -0.395171193238169E+000  0.835191264715984E-001 -0.107536384819057E+002 -0.205557032937151E+001
  0.100000000000000E+001  0.409785691876498E+001 -0.178006078099087E+002  0.917493143121735E+002 -0.412210699021324E+000  0.144542941599564E+000 -0.107536384819057E+002 -0.204892845938249E+001
  0.100000000000000E+001  0.405704591936498E+001 -0.166407665366652E+002  0.497193205307522E+002 -0.354749175825664E-001 -0.139294012426317E+001 -0.107536384819057E+002 -0.202852295968249E+001
  0.100000000000000E+001  0.401923167493399E+001  0.607266280810907E+001  0.838511688678068E+002 -0.165713207434699E-001 -0.147376137937874E+001 -0.107536384819057E+002 -0.200961583746700E+001
  0.100000000000000E+001  0.400150471251626E+001 -0.112128403598345E+002  0.954410085223944E+002 -0.286329854579563E+000  0.485607778957142E+000 -0.107536384819057E+002 -0.200075235625813E+001
  0.100000000000000E+001  0.396980498328980E+001 -0.169433480118245E+002  0.793085417469177E+002 -0.682749174736762E+000  0.914992374769383E+000 -0.107536384819057E+002 -0.198490249164490E+001
  0.100000000000000E+001  0.392346434952541E+001  0.187511760742991E+002  0.891758918085012E+002 -0.351544743177079E+000  0.621608081950614E+000 -0.107536384819057E+002 -0.196173217476271E+001
  0.100000000000000E+001  0.391046417269958E+001  0.386041223458416E+001  0.611850216249607E+002 -0.147486603469353E+000 -0.873515185826315E+000 -0.107536384819057E+002 -0.195523208634979E+001
  0.100000000000000E+001  0.390971206914289E+001 -0.181890995945943E+002  0.753275596810069E+002 -0.408071362676230E+000  0.145005925531986E+000 -0.107536384819057E+002 -0.195485603457144E+001
  0.100000000000000E+001  0.385849852993036E+001  0.181966083540055E+001  0.847504647569709E+002 -0.328769614737014E+000  0.569608082594834E+000 -0.107536384819057E+002 -0.192924926496518E+001
  0.100000000000000E+001  0.385253240522519E+001  0.497122399249456E+001  0.607558691804431E+002 -0.342226851519434E-002 -0.150610863949245E+001 -0.107536384819057E+002 -0.192626620261260E+001
  0.100000000000000E+001  0.381099748029999E+001  0.655199044613790E+001  0.455124347235379E+002 -0.246469908708643E+000  0.382498016215173E+000 -0.107536384819057E+002 -0.190549874014999E+001
  0.100000000000000E+001  0.379919355123737E+001 -0.944248400993447E+001  0.437452183883836E+002 -0.333000583490197E+000 -0.115029698813940E+000 -0.107536384819057E+002 -0.189959677561868E+001
  0.100000000000000E+001  0.379175822999073E+001 -0.129267726633673E+002  0.797185411237239E+002 -0.155010893162124E+000 -0.825117389226087E+000 -0.107536384819057E+002 -0.189587911499537E+001
  0.100000000000000E+001  0.373285606446936E+001  0.188886470387858E+002  0.692633411869379E+002 -0.224546182493200E+000 -0.529206015198761E+000 -0.107536384819057E+002 -0.186642803223468E+001
  0.100000000000000E+001  0.371230476618122E+001  0.226760442384194E+001  0.953798052522563E+002 -0.219655162142656E+000 -0.546470289635526E+000 -0.107536384819057E+002 -0.185615238309061E+001
  0.100000000000000E+001  0.370949363173389E+001  0.396321718437322E+001  0.546373468655913E+002 -0.293541424246363E+000 -0.254798232926470E+000 -0.107536384819057E+002 -0.185474681586694E+001
  0.100000000000000E+001  0.368829656296136E+001  0.117168816642468E+001  0.735679135593022E+002 -0.699148069922164E+000  0.115671713516613E+001 -0.107536384819057E+002 -0.184414828148068E+001
  0.100000000000000E+001  0.367499643965438E+001 -0.116197933438074E+002  0.599852320384511E+002 -0.156809062469001E-001 -0.206789148235160E+000 -0.107536384819057E+002 -0.183749821982719E+001
  0.100000000000000E+001  0.364857994691972E+001 -0.517538948324836E+001  0.945682206545671E+002 -0.212139696762364E+000 -0.568947613443290E+000 -0.107536384819057E+002 -0.182428997345986E+001
  0.100000000000000E+001  0.360760020938107E+001 -0.106262605638551E+002  0.808190708149137E+002 -0.529723598644631E+000  0.552657323846613E+000 -0.107536384819057E+002 -0.180380010469053E+001
  0.100000000000000E+001  0.360389612643603E+001 -0.155863659387700E+002  0.450693079287412E+002 -0.687505501441204E+000  0.936308643891532E+000 -0.107536384819057E+002 -0.180194806321801E+001
  0.100000000000000E+001  0.357832803710286E+001 -0.479137406468031E+001  0.521690716398755E+002 -0.600437365718056E+000  0.743954269797086E+000 -0.107536384819057E+002 -0.178916401855143E+001
  0.100000000000000E+001  0.355527373977042E+001  0.899418063529348E+001  0.557552489889382E+002 -0.398300082109612E+000  0.697468191077872E+000 -0.107536384819057E+002 -0.177763686988521E+001
  0.100000000000000E+001  0.355005311052049E+001 -0.136767526361584E+002  0.623297011121759E+002 -0.861363928973113E-001 -0.108528714134742E+001 -0.107536384819057E+002 -0.177502655526024E+001
  0.100000000000000E+001  0.350917729781908E+001  0.128335548191709E+002  0.967075976035636E+002 -0.113098508383936E+000 -0.962532486169380E+000 -0.107536384819057E+002 -0.175458864890954E+001
  0.100000000000000E+001  0.350071902026139E+001  0.137869123807404E+002  0.483958930155874E+002 -0.671914766212742E-001 -0.115991301888463E+001 -0.107536384819057E+002 -0.175035951013070E+001
  0.100000000000000E+001  0.350030551309919E+001 -0.529060179832431E+000  0.471491931046220E+002 -0.164141636953769E+000 -0.746066264062548E+000 -0.107536384819057E+002 -0.175015275654960E+001
  0.100000000000000E+001  0.347763813647106E+001 -0.191147513181786E+002  0.416719592681237E+002 -0.219164181608195E+000  0.292502303066154E+000 -0.107536384819057E+002 -0.173881906823553E+001
  0.100000000000000E+001  0.347412334494391E+001 -0.183909759508194E+002  0.664526818033994E+002 -0.159420507191525E+000 -0.761929569367222E+000 -0.107536384819057E+002 -0.173706167247195E+001
  0.100000000000000E+001  0.345986357863252E+001  0.705510451858782E+001  0.530846673190663E+002 -0.243684441404509E+000  0.349756892806291E+000 -0.107536384819057E+002 -0.172993178931626E+001
  0.100000000000000E+001  0.340895945222650E+001  0.135680000141404E+002  0.789801722600762E+002 -0.437485235002781E-001 -0.124718258990466E+001 -0.107536384819057E+002 -0.170447972611325E+001
  0.100000000000000E+001  0.340028494958689E+001 -0.166939226753829E+002  0.897776328403025E+002 -0.385062846225703E+000  0.109421633974234E+000 -0.107536384819057E+002 -0.170014247479344E+001
  0.100000000000000E+001  0.336281618159432E+001  0.185522914270001E+002  0.589378349046702E+002 -0.696782584527632E+000  0.961789540983395E+000 -0.107536384819057E+002 -0.168140809079716E+001
  0.100000000000000E+001  0.333857565249223E+001 -0.126751090106187E+002  0.534470119635058E+002 -0.315386539364839E+000  0.506530004122181E+000 -0.107536384819057E+002 -0.166928782624612E+001
  0.100000000000000E+001  0.331421818103539E+001 -0.121175805142331E+002  0.910891362566069E+002 -0.365976624293807E+000  0.615898446526151E+000 -0.107536384819057E+002 -0.165710909051769E+001
  0.100000000000000E+001  0.330942160007772E+001  0.161853914556605E+002  0.713171657273234E+002 -0.148382942147883E+000 -0.783404515737574E+000 -0.107536384819057E+002 -0.165471080003886E+001
  0.100000000000000E+001  0.328537777119668E+001 -0.171948634393797E+002  0.916654397938672E+002 -0.400569285496745E+000  0.686629354490105E+000 -0.107536384819057E+002 -0.164268888559834E+001
  0.100000000000000E+001  0.323484129292957E+001 -0.153112977544232E+002  0.916560577193497E+002 -0.204027365708902E+000 -0.546522095817400E+000 -0.107536384819057E+002 -0.161742064646478E+001
  0.100000000000000E+001  0.323081003702208E+001 -0.201877757758321E+001  0.782001003063679E+002 -0.846400500065629E-001 -0.103892786548057E+001 -0.107536384819057E+002 -0.161540501851104E+001
  0.100000000000000E+001  0.322621076255761E+001  0.901643229019744E+001  0.803787425620396E+002 -0.429865013476746E+000  0.274728061995173E+000 -0.107536384819057E+002 -0.161310538127880E+001
  0.100000000000000E+001  0.321448020998403E+001  0.125612308577807E+002  0.682546019336764E+002 -0.418815179390271E+000  0.719566214961994E+000 -0.107536384819057E+002 -0.160724010499202E+001
  0.100000000000000E+001  0.318615398397757E+001  0.123821062316001E+002  0.667560924820006E+002 -0.273037665861204E+000 -0.272530202945504E+000 -0.107536384819057E+002 -0.159307699198879E+001
  0.100000000000000E+001  0.318411917164630E+001  0.416010419037141E+001  0.942107897564281E+002 -0.352378289243990E+000  0.577828943528021E+000 -0.107536384819057E+002 -0.159205958582315E+001
  0.100000000000000E+001  0.317100746187952E+001 -0.849884633327585E+001  0.517054231669793E+002 -0.691945158046265E-001 -0.109459674081594E+001 -0.107536384819057E+002 -0.158550373093976E+001
  0.100000000000000E+001  0.314621571991592E+001 -0.169041279282795E+002  0.749047828894157E+002 -0.320186353111067E-001 -0.223839271770347E+000 -0.107536384819057E+002 -0.157310785995796E+001
  0.100000000000000E+001  0.311273745719027E+001 -0.126256544320669E+002  0.748947896479508E+002 -0.200169777675787E+000 -0.544495676495702E+000 -0.107536384819057E+002 -0.155636872859513E+001
  0.100000000000000E+001  0.310484236040678E+001 -0.176946643337799E+002  0.976111628127404E+002 -0.187781152712255E+000 -0.592574906938952E+000 -0.107536384819057E+002 -0.155242118020339E+001
  0.100000000000000E+001  0.309110160681804E+001 -0.193442274755478E+002  0.910023655978895E+002 -0.376107099964429E-001 -0.121603785174250E+001 -0.107536384819057E+002 -0.154555080340902E+001
  0.100000000000000E+001  0.307912347018934E+001  0.756608238457339E+001  0.939884701450086E+002 -0.357497183955955E-001 -0.122181991431377E+001 -0.107536384819057E+002 -0.153956173509467E+001
  0.100000000000000E+001  0.307805450707595E+001  0.932272147219092E+001  0.774324459065145E+002 -0.374362619117032E-001 -0.121431525280279E+001 -0.107536384819057E+002 -0.153902725353797E+001
  0.100000000000000E+001  0.307529637975441E+001 -0.888494072637979E+001  0.898464603822623E+002 -0.223364673725268E-001 -0.259316833460388E+000 -0.107536384819057E+002 -0.153764818987721E+001
  0.100000000000000E+001  0.306442149322458E+001 -0.249409494664928E+001  0.518603095320136E+002 -0.500346352967067E+000  0.866844363290900E+000 -0.107536384819057E+002 -0.153221074661229E+001
  0.100000000000000E+001  0.302455245415030E+001  0.817689161635036E+001  0.874473233439931E+002 -0.184103903860872E+000 -0.595183178456810E+000 -0.107536384819057E+002 -0.151227622707515E+001
  0.100000000000000E+001  0.302352129852260E+001  0.471013069957302E+001  0.452138739548993E+002 -0.745917778199080E+000  0.117873772046618E+001 -0.107536384819057E+002 -0.151176064926130E+001
  0.100000000000000E+001  0.300237074154784E+001  0.167799876953522E+002  0.921930414399873E+002 -0.439073688887410E+000  0.747542914893487E+000 -0.107536384819057E+002 -0.150118537077392E+001
  0.100000000000000E+001  0.299773547629173E+001  0.114103998178323E+002  0.842412868315775E+002 -0.256159695020454E+000 -0.311954638399841E+000 -0.107536384819057E+002 -0.149886773814586E+001
  0.100000000000000E+001  0.297958336091767E+001  0.911481865991028E+001  0.631862149647836E+002 -0.224109735160880E-001 -0.126017451324189E+001 -0.107536384819057E+002 -0.148979168045883E+001
  0.100000000000000E+001  0.295674262456739E+001  0.531725730423105E-001  0.924293946573024E+002 -0.665801819543177E-001 -0.153393760959752E+000 -0.107536384819057E+002 -0.147837131228369E+001
  0.100000000000000E+001  0.294636014787101E+001 -0.148830054592567E+002  0.803786814602584E+002 -0.537542294883506E+000  0.616693744573663E+000 -0.107536384819057E+002 -0.147318007393551E+001
  0.100000000000000E+001  0.293656396658172E+001  0.720690429286207E+001  0.805645826861152E+002 -0.351953367868327E+000  0.558961479049548E+000 -0.107536384819057E+002 -0.146828198329086E+001
  0.100000000000000E+001  0.291696100771372E+001  0.144541051744478E+002  0.673180966720612E+002 -0.329075348908419E-001 -0.120246027137026E+001 -0.107536384819057E+002 -0.145848050385686E+001
  0.100000000000000E+001  0.289411637907025E+001 -0.112740442799902E+002  0.795058640078873E+002 -0.452132932555439E+000  0.766819628435723E+000 -0.107536384819057E+002 -0.144705818953513E+001
  0.100000000000000E+001  0.287197741813619E+001  0.176747004307871E+002  0.497932859373791E+002 -0.766822059218963E+000  0.118776286219221E+001 -0.107536384819057E+002 -0.143598870906809E+001
  0.100000000000000E+001  0.285085032261274E+001 -0.183561145535487E+002  0.763146749578520E+002 -0.457210777223796E+000  0.393295889654492E+000 -0.107536384819057E+002 -0.142542516130637E+001
  0.100000000000000E+001  0.283195173932653E+001 -0.205834489630521E+001  0.555471457448870E+002 -0.833319766965231E+000  0.120322720739061E+001 -0.107536384819057E+002 -0.141597586966327E+001
  0.100000000000000E+001  0.281476788743148E+001 -0.108527444505973E+002  0.959631435176865E+002 -0.509706479023460E+000  0.870677009566087E+000 -0.107536384819057E+002 -0.140738394371574E+001
  0.100000000000000E+001  0.281315778064763E+001  0.231778885255091E+001  0.628659120698699E+002 -0.196084122345694E+000 -0.515370799991205E+000 -0.107536384819057E+002 -0.140657889032381E+001
  0.100000000000000E+001  0.279718220867499E+001  0.497534841749431E+001  0.789388069807406E+002 -0.294705175203782E+000  0.415277894473867E+000 -0.107536384819057E+002 -0.139859110433750E+001
  0.100000000000000E+001  0.278855746634596E+001 -0.127955365931294E+002  0.604098220354691E+002 -0.134574849945639E+000 -0.754971047360194E+000 -0.107536384819057E+002 -0.139427873317298E+001
  0.100000000000000E+001  0.277970513647762E+001 -0.148918275886566E+002  0.715421129204753E+002 -0.133876472922240E+000 -0.756222058930830E+000 -0.107536384819057E+002 -0.138985256823881E+001
  0.100000000000000E+001  0.277726634219834E+001 -0.125673252992054E+002  0.592740200073062E+002 -0.158927331301671E+000  0.720547549517114E-001 -0.107536384819057E+002 -0.138863317109917E+001
  0.100000000000000E+001  0.276826586886613E+001 -0.172156646969029E+002  0.529356978072765E+002 -0.107817192320711E+000 -0.859954517662093E+000 -0.107536384819057E+002 -0.138413293443307E+001
  0.100000000000000E+001  0.275316280067721E+001 -0.193976776299406E+002  0.670247661912075E+002 -0.612919001730041E+000  0.815955261934721E+000 -0.107536384819057E+002 -0.137658140033860E+001
  0.100000000000000E+001  0.271812115725053E+001  0.110174888067501E+002  0.721014897688093E+002 -0.297662619666552E+000  0.415020212198966E+000 -0.107536384819057E+002 -0.135906057862526E+001
  0.100000000000000E+001  0.271780114224651E+001 -0.134227981406354E+002  0.592695619583218E+002 -0.815738509787467E+000  0.113300566199110E+001 -0.107536384819057E+002 -0.135890057112325E+001
  0.100000000000000E+001  0.269454780230252E+001 -0.981339184732279E+001  0.484982653366553E+002 -0.176424261729166E+000  0.108201573288403E+000 -0.107536384819057E+002 -0.134727390115126E+001
  0.100000000000000E+001  0.268878378228451E+001  0.154782576744910E+002  0.811951674327303E+002 -0.132792152827388E+000 -0.830634487450510E-002 -0.107536384819057E+002 -0.134439189114226E+001
  0.100000000000000E+001  0.268784866847353E+001  0.512637629013476E+000  0.837388291319683E+002 -0.551095819762389E+000  0.935631116483162E+000 -0.107536384819057E+002 -0.134392433423677E+001
  0.100000000000000E+001  0.263249312271928E+001  0.118495738233626E+002  0.774452484151305E+002 -0.357007034210946E+000  0.948173335150662E-001 -0.107536384819057E+002 -0.131624656135964E+001
  0.100000000000000E+001  0.263006025781243E+001 -0.433770734294942E+001  0.623551391920147E+002 -0.282757709293624E+000  0.370449738903277E+000 -0.107536384819057E+002 -0.131503012890622E+001
  0.100000000000000E+001  0.262806550953599E+001  0.173863661986055E+002  0.795635757787697E+002 -0.597251364181656E+000  0.787487999005730E+000 -0.107536384819057E+002 -0.131403275476800E+001
  0.100000000000000E+001  0.262586765918191E+001 -0.868969663365255E+001  0.798647641533710E+002 -0.526694992979700E+000  0.890486802957387E+000 -0.107536384819057E+002 -0.131293382959095E+001
  0.100000000000000E+001  0.260962161684187E+001 -0.183495172551314E+002  0.529519249265330E+002 -0.550330268880033E+000  0.930297674809846E+000 -0.107536384819057E+002 -0.130481080842094E+001
  0.100000000000000E+001  0.259891667562880E+001  0.137671440254317E+002  0.787848754204536E+002 -0.241389358012757E+000 -0.309741866466700E+000 -0.107536384819057E+002 -0.129945833781440E+001
  0.100000000000000E+001  0.259805406286415E+001 -0.411903257202293E+001  0.699267043377140E+002 -0.158576193776051E+000 -0.625547958004903E+000 -0.107536384819057E+002 -0.129902703143208E+001
  0.100000000000000E+001  0.259563988705674E+001  0.539905457507939E+001  0.598244775243626E+002 -0.209323173574998E-001 -0.118557682731573E+001 -0.107536384819057E+002 -0.129781994352837E+001
  0.100000000000000E+001  0.258024442610153E+001 -0.389286487609592E+000  0.902111151945010E+002 -0.187539223152995E+000  0.123503114514970E+000 -0.107536384819057E+002 -0.129012221305076E+001
  0.100000000000000E+001  0.258020958178676E+001 -0.825915353523072E-001  0.934623007094480E+002 -0.179040963491838E+000  0.101131563887335E+000 -0.107536384819057E+002 -0.129010479089338E+001
  0.100000000000000E+001  0.257314962417729E+001 -0.316819795381910E+001  0.952049461588091E+002 -0.356790203482484E+000  0.101392219385048E+000 -0.107536384819057E+002 -0.128657481208865E+001
  0.100000000000000E+001  0.255932362307720E+001 -0.114368334346981E+002  0.746863183947632E+002 -0.315079701734997E-001 -0.113305631508380E+001 -0.107536384819057E+002 -0.127966181153860E+001
  0.100000000000000E+001  0.253751866467776E+001  0.273388587624056E+001  0.845302253795559E+002 -0.292065338780924E+000 -0.116820440578405E+000 -0.107536384819057E+002 -0.126875933233888E+001
  0.100000000000000E+001  0.252016196671259E+001 -0.900544862097525E+001  0.811360009173196E+002 -0.104591129105343E+000 -0.824943864444259E+000 -0.107536384819057E+002 -0.126008098335629E+001
  0.100000000000000E+001  0.250183266025460E+001  0.156466553058230E+002  0.720055154591366E+002 -0.446453394770050E+000  0.394179085653086E+000 -0.107536384819057E+002 -0.125091633012730E+001
  0.100000000000000E+001  0.247719572550069E+001 -0.161754088413421E+002  0.545525556064693E+002 -0.101346164341169E+000 -0.829148073048572E+000 -0.107536384819057E+002 -0.123859786275035E+001
  0.100000000000000E+001  0.246208669430659E+001 -0.164633890571006E+002  0.919081588065245E+002 -0.145424149673302E+000 -0.651534334945922E+000 -0.107536384819057E+002 -0.123104334715329E+001
  0.100000000000000E+001  0.244716284136354E+001  0.771952700166365E+001  0.689644661636010E+002 -0.418612373307724E+000  0.666057591253089E+000 -0.107536384819057E+002 -0.122358142068177E+001
  0.100000000000000E+001  0.244696382009067E+001 -0.149897012247941E+002  0.641814662305912E+002 -0.538890387431435E+000  0.657376276251612E+000 -0.107536384819057E+002 -0.122348191004534E+001
  0.100000000000000E+001  0.243897173784427E+001  0.645911196757617E+001  0.690163337400148E+002 -0.104886900038316E+000 -0.119527728067061E+000 -0.107536384819057E+002 -0.121948586892214E+001
  0.100000000000000E+001  0.243259033355405E+001  0.463170393036939E+001  0.947939700366867E+002 -0.355834221103579E-001 -0.316499549898709E+000 -0.107536384819057E+002 -0.121629516677702E+001
  0.100000000000000E+001  0.242322639267772E+001 -0.120171684882607E+002  0.725993928137802E+002 -0.119618986367802E+000 -0.810657489535771E-001 -0.107536384819057E+002 -0.121161319633886E+001
  0.100000000000000E+001  0.242036758109856E+001 -0.824674664267065E+001  0.890821292604672E+002 -0.492053256910787E+000  0.813616559924074E+000 -0.107536384819057E+002 -0.121018379054928E+001
  0.100000000000000E+001  0.241901334353885E+001  0.479942095881921E+001  0.665521553546897E+002 -0.677694182176452E+000  0.110231081093911E+001 -0.107536384819057E+002 -0.120950667176943E+001
  0.100000000000000E+001  0.241857467951416E+001  0.150329671452968E+002  0.980041195931682E+002 -0.246946290200745E+000 -0.260353631893257E+000 -0.107536384819057E+002 -0.120928733975708E+001
  0.100000000000000E+001  0.241077724712316E+001  0.174346422100168E+002  0.572614932283923E+002 -0.501062524879160E+000  0.830141622243096E+000 -0.107536384819057E+002 -0.120538862356158E+001
  0.100000000000000E+001  0.239531626154567E+001  0.153547491895542E+001  0.953004859187552E+002 -0.684352442345161E+000  0.110880151794368E+001 -0.107536384819057E+002 -0.119765813077284E+001
  0.100000000000000E+001  0.239277491204985E+001  0.146795083487153E+002  0.717138198109823E+002 -0.171707665544602E+000 -0.536520893062037E+000 -0.107536384819057E+002 -0.119638745602493E+001
  0.100000000000000E+001  0.237604351295741E+001  0.115702027145886E+002  0.552954333431143E+002 -0.346836016386524E+000  0.498012134717344E+000 -0.107536384819057E+002 -0.118802175647870E+001
  0.100000000000000E+001  0.236337172317977E+001 -0.709308468115967E+000  0.713497374321896E+002 -0.416626451346082E+000  0.654545003562123E+000 -0.107536384819057E+002 -0.118168586158988E+001
  0.100000000000000E+001  0.235671020995093E+001 -0.265951294340250E+001  0.456797185774866E+002 -0.348058412137719E-002 -0.120188903603851E+001 -0.107536384819057E+002 -0.117835510497546E+001
  0.100000000000000E+001  0.235540112091552E+001 -0.190070331403324E+001  0.470933419191753E+002 -0.126606440223517E+000 -0.703552396641366E+000 -0.107536384819057E+002 -0.117770056045776E+001
  0.100000000000000E+001  0.235528555930661E+001  0.100153520499404E+002  0.906393559730499E+002 -0.519520768221762E+000  0.614720975304303E+000 -0.107536384819057E+002 -0.117764277965330E+001
  0.100000000000000E+001  0.233754698026759E+001 -0.409286281880274E+001  0.985662422014662E+002 -0.695327082116888E+000  0.111835474286180E+001 -0.107536384819057E+002 -0.116877349013380E+001
  0.100000000000000E+001  0.233467899517730E+001 -0.585526095475891E+001  0.770019719251907E+002 -0.738486294918594E-002 -0.415741656777261E+000 -0.107536384819057E+002 -0.116733949758865E+001
  0.100000000000000E+001  0.233440810085810E+001  0.135754486618760E+002  0.917426168060342E+002 -0.695439757137876E+000  0.999648713557246E+000 -0.107536384819057E+002 -0.116720405042905E+001
  0.100000000000000E+001  0.232746978198423E+001  0.143464402559222E+002  0.641481423506458E+002 -0.301733364707684E+000 -0.515059425047761E-001 -0.107536384819057E+002 -0.116373489099211E+001
  0.100000000000000E+001  0.232548923569147E+001 -0.990269194719820E+001  0.941703946547006E+002 -0.282669032001247E+000  0.336589391723495E+000 -0.107536384819057E+002 -0.116274461784573E+001
  0.100000000000000E+001  0.232194840011496E+001 -0.194363831933089E+002  0.669406589272589E+002 -0.909264602500159E-002 -0.413142215048156E+000 -0.107536384819057E+002 -0.116097420005748E+001
  0.100000000000000E+001  0.231604609135130E+001  0.104773943463312E+002  0.884792219258627E+002 -0.268105002317346E+000  0.298726112096320E+000 -0.107536384819057E+002 -0.115802304567565E+001
  0.100000000000000E+001  0.230988059169079E+001  0.605119781803324E+001  0.796236840155928E+002 -0.249293498589923E+000 -0.233375792716245E+000 -0.107536384819057E+002 -0.115494029584540E+001
  0.100000000000000E+001  0.230586936792403E+001 -0.195279920288907E+001  0.675178125279954E+002 -0.178515783842238E+000  0.624481927532505E-001 -0.107536384819057E+002 -0.115293468396202E+001
  0.100000000000000E+001  0.230450499012795E+001 -0.156663770271372E+001  0.526252989233477E+002 -0.149529384291278E+000 -0.603925494054613E+000 -0.107536384819057E+002 -0.115225249506397E+001
  0.100000000000000E+001  0.230434455348998E+001  0.165009328801369E+002  0.918637602628168E+002 -0.243839214732223E+000 -0.252050402056099E+000 -0.107536384819057E+002 -0.115217227674499E+001
  0.100000000000000E+001  0.230094308736166E+001 -0.185324068803077E+001  0.475118729642435E+002 -0.393232268157778E+000  0.254124826774915E+000 -0.107536384819057E+002 -0.115047154368083E+001
  0.100000000000000E+001  0.229775465798150E+001 -0.168927760223553E+000  0.484702663258682E+002 -0.513905645505495E+000  0.846318975385426E+000 -0.107536384819057E+002 -0.114887732899075E+001
  0.100000000000000E+001  0.227779579637620E+001  0.923780321907864E+001  0.685016078638049E+002 -0.616956850739847E+000  0.101744318681062E+001 -0.107536384819057E+002 -0.113889789818810E+001
  0.100000000000000E+001  0.227448443627642E+001 -0.121734296802582E+002  0.458881473743733E+002 -0.313609296816082E-001 -0.357057442317097E+000 -0.107536384819057E+002 -0.113724221813821E+001
  0.100000000000000E+001  0.227080545572851E+001 -0.171687889492338E+002  0.707404888330940E+002 -0.304169221497387E+000 -0.341721810608400E-001 -0.107536384819057E+002 -0.113540272786426E+001
  0.100000000000000E+001  0.227013544819213E+001 -0.106659694040533E+002  0.687495932315100E+002 -0.651221193778228E+000  0.924073719424565E+000 -0.107536384819057E+002 -0.113506772409607E+001
  0.100000000000000E+001  0.226500998491380E+001 -0.103291534446884E+002  0.729346990065101E+002 -0.258334842135124E+000  0.267206602341242E+000 -0.107536384819057E+002 -0.113250499245690E+001
  0.100000000000000E+001  0.225557896568733E+001  0.653274011970108E+001  0.864879712997664E+002 -0.566514250034332E+000  0.741790261399339E+000 -0.107536384819057E+002 -0.112778948284367E+001
  0.100000000000000E+001  0.223667370631032E+001  0.738297637253327E+001  0.479795968888543E+002 -0.215395000353524E-002 -0.450242067114938E+000 -0.107536384819057E+002 -0.111833685315516E+001
  0.100000000000000E+001  0.223041018784444E+001 -0.960652337553036E+001  0.896927654162002E+002 -0.377480837838554E+000  0.213934783351339E+000 -0.107536384819057E+002 -0.111520509392222E+001
  0.100000000000000E+001  0.222279725385360E+001 -0.192397871282209E+002  0.450547389494097E+002 -0.972635719957711E-001 -0.176648121574669E+000 -0.107536384819057E+002 -0.111139862692680E+001
  0.100000000000000E+001  0.220482938597364E+001 -0.128510421176077E+002  0.898910127181667E+002 -0.178949691121283E+000 -0.471489091566397E+000 -0.107536384819057E+002 -0.110241469298682E+001
  0.100000000000000E+001  0.220277400797772E+001 -0.181900989484423E+002  0.847137124710136E+002 -0.751759327587734E+000  0.116313739655124E+001 -0.107536384819057E+002 -0.110138700398886E+001
  0.100000000000000E+001  0.219689269586467E+001  0.110875776498708E+002  0.460473302205605E+002 -0.652067630170424E+000  0.106169200298458E+001 -0.107536384819057E+002 -0.109844634793234E+001
  0.100000000000000E+001  0.218205573128269E+001  0.156605252907360E+002  0.558592331641378E+002 -0.259403919414138E+000  0.258600046825853E+000 -0.107536384819057E+002 -0.109102786564135E+001
  0.100000000000000E+001  0.218073096394583E+001 -0.904288197621993E+001  0.800419432856212E+002 -0.808693350863604E+000  0.114044686688921E+001 -0.107536384819057E+002 -0.109036548197292E+001
  0.100000000000000E+001  0.217206627293975E+001 -0.399286998571572E+001  0.718220858479574E+002 -0.567837695405506E-001 -0.302747556658414E+000 -0.107536384819057E+002 -0.108603313646988E+001
  0.100000000000000E+001  0.216114739690893E+001 -0.102813583997489E+002  0.699330408050236E+002 -0.933639550456417E+000  0.113113845721006E+001 -0.107536384819057E+002 -0.108057369845447E+001
  0.100000000000000E+001  0.215441665562907E+001 -0.186336249324458E+002  0.619032746225271E+002 -0.513705186817261E+000  0.834898191340684E+000 -0.107536384819057E+002 -0.107720832781454E+001
  0.100000000000000E+001  0.214779708153306E+001  0.186037719625370E+002  0.808346236297986E+002 -0.751409430779211E+000  0.116113185782817E+001 -0.107536384819057E+002 -0.107389854076653E+001
  0.100000000000000E+001  0.214530101924921E+001 -0.443892666225329E+001  0.663750399841179E+002 -0.241705365972767E+000  0.207069311754041E+000 -0.107536384819057E+002 -0.107265050962460E+001
  0.100000000000000E+001  0.214368066914581E+001  0.141143942658551E+002  0.758923566734075E+002 -0.365293593166994E+000  0.187879993020964E+000 -0.107536384819057E+002 -0.107184033457290E+001
  0.100000000000000E+001  0.214340612546835E+001  0.108319625047259E+002  0.499500837852147E+002 -0.209263038967442E+000 -0.346737503287814E+000 -0.107536384819057E+002 -0.107170306273418E+001
  0.100000000000000E+001  0.214208309184023E+001  0.106226087165243E+002  0.883519767895955E+002 -0.408659608669681E-001 -0.355386960988317E+000 -0.107536384819057E+002 -0.107104154592011E+001
  0.100000000000000E+001  0.213124653463411E+001  0.112374421809191E+001  0.961462890922054E+002 -0.328343918109280E-001 -0.381317434402747E+000 -0.107536384819057E+002 -0.106562326731706E+001
  0.100000000000000E+001  0.212993968712629E+001  0.191331857174961E+002  0.536500633886807E+002 -0.447097865121719E-001 -0.974337428812349E+000 -0.107536384819057E+002 -0.106496984356314E+001
  0.100000000000000E+001  0.212923833803649E+001 -0.484548678861655E+001  0.668819749186611E+002 -0.742675007777727E-001 -0.260399141436569E+000 -0.107536384819057E+002 -0.106461916901824E+001
  0.100000000000000E+001  0.212550550256496E+001 -0.184388965071205E+002  0.724571300489258E+002 -0.405689246850307E-001 -0.989730111734227E+000 -0.107536384819057E+002 -0.106275275128248E+001
  0.100000000000000E+001  0.212385379832129E+001 -0.317104761280983E+001  0.767827954579034E+002 -0.258586472017017E+000  0.248031301612576E+000 -0.107536384819057E+002 -0.106192689916064E+001
  0.100000000000000E+001  0.212077765343315E+001  0.851756915032098E-001  0.425805756669547E+002 -0.578136252292227E+000  0.780577158922393E+000 -0.107536384819057E+002 -0.106038882671658E+001
  0.100000000000000E+001  0.208854655078647E+001  0.146534815953779E+002  0.486867660113106E+002 -0.844583080087802E+000  0.116019263173379E+001 -0.107536384819057E+002 -0.104427327539323E+001
  0.100000000000000E+001  0.208220992023978E+001  0.693361276850185E+001  0.786088587409264E+002 -0.969796250080091E-003 -0.113737022501088E+001 -0.107536384819057E+002 -0.104110496011989E+001
  0.100000000000000E+001  0.206861225216170E+001 -0.440631508472072E+001  0.575672957642701E+002 -0.528305940241705E-001 -0.925167281239148E+000 -0.107536384819057E+002 -0.103430612608085E+001
  0.100000000000000E+001  0.206377123171811E+001  0.119490908908775E+002  0.429544854493033E+002 -0.665293549963046E+000  0.107167797116354E+001 -0.107536384819057E+002 -0.103188561585906E+001
  0.100000000000000E+001  0.206330722124590E+001  0.137727599977844E+002  0.657962715177048E+002 -0.829421601494868E+000  0.115533028993826E+001 -0.107536384819057E+002 -0.103165361062295E+001
  0.100000000000000E+001  0.204985953374357E+001  0.116131455038092E+002  0.672495859852993E+002 -0.749370569888545E+000  0.108949163626226E+001 -0.107536384819057E+002 -0.102492976687179E+001
  0.100000000000000E+001  0.204967688428309E+001  0.372862006708695E+001  0.487166285735585E+002 -0.370343361832799E+000  0.516091717443335E+000 -0.107536384819057E+002 -0.102483844214154E+001
  0.100000000000000E+001  0.204437777200305E+001  0.171545757832780E+002  0.536234754869276E+002 -0.252846415972056E+000 -0.170726546688536E+000 -0.107536384819057E+002 -0.102218888600152E+001
  0.100000000000000E+001  0.204210995759018E+001 -0.153181725374417E+002  0.905308180180915E+002 -0.207241689155649E+000  0.979970625714106E-001 -0.107536384819057E+002 -0.102105497879509E+001
  0.100000000000000E+001  0.203207577241509E+001 -0.297121286008728E+001  0.983132499568644E+002 -0.312806168741395E+000  0.359413532806538E-001 -0.107536384819057E+002 -0.101603788620755E+001
  0.100000000000000E+001  0.203100614574886E+001  0.182530174237970E+002  0.831339897642505E+002 -0.886366196647770E-002 -0.475260477262475E+000 -0.107536384819057E+002 -0.101550307287443E+001
  0.100000000000000E+001  0.202315078988539E+001 -0.192610979231452E+002  0.946440053919273E+002 -0.343553323254218E+000  0.138013089887606E+000 -0.107536384819057E+002 -0.101157539494269E+001
  0.100000000000000E+001  0.202077987817143E+001 -0.178040092758918E+002  0.825157983715891E+002 -0.414763305464217E+000  0.358949878122625E+000 -0.107536384819057E+002 -0.101038993908572E+001
  0.100000000000000E+001  0.201530438868621E+001  0.722145721395302E+001  0.986800336176048E+002 -0.442383200235873E+000  0.675732820646835E+000 -0.107536384819057E+002 -0.100765219434311E+001
  0.100000000000000E+001  0.201326818383485E+001  0.784887191955318E+001  0.515838633056176E+002 -0.246197958949869E+000  0.197852743591234E+000 -0.107536384819057E+002 -0.100663409191742E+001
  0.100000000000000E+001  0.200982590328122E+001  0.119184712732424E+002  0.663097335309984E+002 -0.112695255804742E-001 -0.107386900609876E+001 -0.107536384819057E+002 -0.100491295164061E+001
  0.100000000000000E+001  0.200562373256109E+001  0.100986241480743E+002  0.680211099924921E+002 -0.707084594877394E+000  0.103536484743430E+001 -0.107536384819057E+002 -0.100281186628055E+001
  0.100000000000000E+001  0.200525764234042E+001 -0.147411277746587E+001  0.777719652290865E+002 -0.181684852793169E+000  0.209287017880229E-001 -0.107536384819057E+002 -0.100262882117021E+001
  0.100000000000000E+001  0.200321737088580E+001 -0.112443346565547E+002  0.438693662771123E+002 -0.186816985995747E+000 -0.397491029426464E+000 -0.107536384819057E+002 -0.100160868544290E+001
  0.100000000000000E+001  0.199939777916465E+001 -0.114377795350090E+002  0.902678249898570E+002 -0.189833335618703E+000 -0.385588671119158E+000 -0.107536384819057E+002 -0.999698889582327E+000
  0.100000000000000E+001  0.199598794904109E+001  0.154065499748905E+002  0.761190790960538E+002 -0.223852711477734E-001 -0.102508611321417E+001 -0.107536384819057E+002 -0.997993974520544E+000
  0.100000000000000E+001  0.199511444018102E+001  0.141617673019031E+002  0.600369109913486E+002 -0.800678932485722E+000  0.114071556224516E+001 -0.107536384819057E+002 -0.997557220090511E+000
  0.100000000000000E+001  0.199326709027179E+001  0.159709658108094E+002  0.779235194252389E+002 -0.362538557444803E+000  0.489892440476404E+000 -0.107536384819057E+002 -0.996633545135894E+000
  0.100000000000000E+001  0.199049202852794E+001 -0.194448402766427E+002  0.515673004820647E+002 -0.685331442425660E+000  0.109191341377383E+001 -0.107536384819057E+002 -0.995246014263970E+000
  0.100000000000000E+001  0.198891186809250E+001 -0.110613810418314E+002  0.532937842003099E+002 -0.203863527499934E+000 -0.332315877759321E+000 -0.107536384819057E+002 -0.994455934046250E+000
  0.100000000000000E+001  0.198451636434556E+001  0.939448655189179E+001  0.702919934845307E+002 -0.606609953952380E+000  0.855429555667736E+000 -0.107536384819057E+002 -0.992258182172778E+000
  0.100000000000000E+001  0.197842668778080E+001 -0.799191141937133E+001  0.714105717541067E+002 -0.130986920852709E+000 -0.598301105299115E+000 -0.107536384819057E+002 -0.989213343890402E+000
  0.100000000000000E+001  0.197660083211643E+001  0.442402191121592E+001  0.670674960021941E+002 -0.149117288548409E+000 -0.529887417610416E+000 -0.107536384819057E+002 -0.988300416058214E+000
  0.100000000000000E+001  0.196595817207848E+001  0.174697381708512E+002  0.882843028643978E+002 -0.490969815845085E+000  0.772479403496930E+000 -0.107536384819057E+002 -0.982979086039241E+000
  0.100000000000000E+001  0.195870533800214E+001 -0.985747504321780E+001  0.633423973870404E+002 -0.398927876416234E+000  0.571049525846376E+000 -0.107536384819057E+002 -0.979352669001070E+000
  0.100000000000000E+001  0.195817354431684E+001  0.187917999759049E+002  0.695014103312591E+002 -0.800351675138663E+000  0.114185911142898E+001 -0.107536384819057E+002 -0.979086772158422E+000
  0.100000000000000E+001  0.195492359572619E+001  0.290714507700585E+001  0.607735070717918E+002 -0.453021466224424E+000  0.691698261644577E+000 -0.107536384819057E+002 -0.977461797863097E+000
  0.100000000000000E+001  0.195476692590714E+001  0.337604206647708E+000  0.831579857480529E+002 -0.106165191968435E+000 -0.204579006321865E+000 -0.107536384819057E+002 -0.977383462953570E+000
  0.100000000000000E+001  0.195430888126533E+001  0.186366155448390E+002  0.565092990146558E+002 -0.790133556935433E+000  0.113426043370048E+001 -0.107536384819057E+002 -0.977154440632664E+000
  0.100000000000000E+001  0.195189991218070E+001 -0.888861372827947E+001  0.930763058684794E+002 -0.755289018526017E-001 -0.802750243909315E+000 -0.107536384819057E+002 -0.975949956090348E+000
  0.100000000000000E+001  0.194948464927578E+001  0.125557894016819E+002  0.997093413206882E+002 -0.307380514487263E+000  0.346584029517808E+000 -0.107536384819057E+002 -0.974742324637890E+000
  0.100000000000000E+001  0.194690954044150E+001  0.500247232495273E+001  0.639657013588612E+002 -0.139278785997406E+000 -0.558722657785045E+000 -0.107536384819057E+002 -0.973454770220749E+000
  0.100000000000000E+001  0.194475763595025E+001 -0.797123864382399E+001  0.796614077714896E+002 -0.354095107375627E-001 -0.957446549421553E+000 -0.107536384819057E+002 -0.972378817975124E+000
  0.100000000000000E+001  0.192998719173696E+001 -0.269611920774162E+001  0.541448524405838E+002 -0.393269373128869E+000  0.309315166900593E+000 -0.107536384819057E+002 -0.964993595868478E+000
  0.100000000000000E+001  0.192700363116461E+001  0.159376205023773E+002  0.633086226729718E+002 -0.301185521100238E+000  0.181772315276927E-001 -0.107536384819057E+002 -0.963501815582303E+000
  0.100000000000000E+001  0.192311335784089E+001  0.140487101041123E+002  0.560670324540530E+002 -0.352374867186080E+000  0.184431777233157E+000 -0.107536384819057E+002 -0.961556678920443E+000
  0.100000000000000E+001  0.191958370756383E+001 -0.897818973283334E+001  0.637719960980441E+002 -0.184056616012052E-001 -0.101660942542839E+001 -0.107536384819057E+002 -0.959791853781914E+000
  0.100000000000000E+001  0.191739346189553E+001  0.102122056546505E+002  0.635285018972680E+002 -0.273667606416047E+000  0.253678655346140E+000 -0.107536384819057E+002 -0.958696730947762E+000
  0.100000000000000E+001  0.191558864189169E+001 -0.170323460699816E+002  0.532336307812061E+002 -0.552093972764943E+000  0.885084429786974E+000 -0.107536384819057E+002 -0.957794320945846E+000
  0.100000000000000E+001  0.191455417644219E+001  0.187425455304448E+002  0.764867414482002E+002 -0.806001995065739E-001 -0.771955760745547E+000 -0.107536384819057E+002 -0.957277088221094E+000
  0.100000000000000E+001  0.191349270327324E+001  0.105504034863215E+002  0.693874654395163E+002 -0.526429938981907E+000  0.836902926381859E+000 -0.107536384819057E+002 -0.956746351636620E+000
  0.100000000000000E+001  0.190571548240985E+001  0.162396728048181E+002  0.769441790546174E+002 -0.714771817103437E-001 -0.804390579019654E+000 -0.107536384819057E+002 -0.952857741204926E+000
  0.100000000000000E+001  0.190476512843782E+001  0.118208477038100E+002  0.605435237271885E+002 -0.119354933535490E+000 -0.621585239520488E+000 -0.107536384819057E+002 -0.952382564218911E+000
  0.100000000000000E+001  0.190056589591767E+001  0.100856939698605E+002  0.782081202865217E+002 -0.367257373856350E+000  0.235207193273474E+000 -0.107536384819057E+002 -0.950282947958835E+000
  0.100000000000000E+001  0.189356525174511E+001 -0.121238668283942E+002  0.494316622417934E+002 -0.816128675964005E-001 -0.291365885713156E+000 -0.107536384819057E+002 -0.946782625872553E+000
  0.100000000000000E+001  0.189037597304874E+001  0.450632837992049E+001  0.667384354779577E+002 -0.167553448446145E+000 -0.424919073473449E-001 -0.107536384819057E+002 -0.945187986524372E+000
  0.100000000000000E+001  0.188995609638043E+001 -0.985993660872776E+001  0.766398437610716E+002 -0.710983893535899E-002 -0.105145679712340E+001 -0.107536384819057E+002 -0.944978048190214E+000
  0.100000000000000E+001  0.188069735376948E+001 -0.183336606673094E+002  0.511597284544745E+002 -0.103086949998368E+000 -0.675797919203092E+000 -0.107536384819057E+002 -0.940348676884739E+000
  0.100000000000000E+001  0.187908254263601E+001  0.149573982788504E+001  0.585840237716632E+002 -0.553363491036159E+000  0.883680789248727E+000 -0.107536384819057E+002 -0.939541271318004E+000
  0.100000000000000E+001  0.187732842029388E+001 -0.789224198466229E+001  0.932626329670358E+002 -0.392746488504436E+000  0.544846164194172E+000 -0.107536384819057E+002 -0.938664210146941E+000
  0.100000000000000E+001  0.187609501295080E+001  0.111731694784584E+002  0.403317006788484E+002 -0.281303983503441E+000  0.266071715933735E+000 -0.107536384819057E+002 -0.938047506475401E+000
  0.100000000000000E+001  0.187473851317120E+001 -0.212323813975238E+001  0.822866339105597E+002 -0.507560349309453E+000  0.636949430825834E+000 -0.107536384819057E+002 -0.937369256585600E+000
  0.100000000000000E+001  0.187058026824229E+001  0.100323919644974E+002  0.464983159468673E+002 -0.128910634636453E+000 -0.575736645265555E+000 -0.107536384819057E+002 -0.935290134121147E+000
  0.100000000000000E+001  0.186956633255343E+001  0.191985178135607E+002  0.926244088903886E+002 -0.206674069067698E+000 -0.292570308495453E+000 -0.107536384819057E+002 -0.934783166276714E+000
  0.100000000000000E+001  0.186906156541798E+001 -0.783952809242500E+001  0.540381000013066E+002 -0.696638482525138E-001 -0.333294092345635E+000 -0.107536384819057E+002 -0.934530782708988E+000
  0.100000000000000E+001  0.186687700781039E+001 -0.192475836230790E+002  0.641297279509266E+002 -0.516253842158927E+000  0.660035309490427E+000 -0.107536384819057E+002 -0.933438503905195E+000
  0.100000000000000E+001  0.186136642362465E+001 -0.173403251381537E+002  0.586203526413479E+002 -0.566696604188759E-001 -0.847338824902316E+000 -0.107536384819057E+002 -0.930683211812324E+000
  0.100000000000000E+001  0.185805703699646E+001  0.629293119923900E+001  0.588391599238958E+002 -0.556729015213300E+000  0.758854907418922E+000 -0.107536384819057E+002 -0.929028518498229E+000
  0.100000000000000E+001  0.185621129421030E+001  0.119980225591254E+002  0.506059037707731E+002 -0.813190707236600E+000  0.115415993519697E+001 -0.107536384819057E+002 -0.928105647105152E+000
  0.100000000000000E+001  0.185481870012631E+001 -0.110535611259415E+002  0.637609919191439E+002 -0.330724432263619E+000  0.129666915577124E+000 -0.107536384819057E+002 -0.927409350063152E+000
  0.100000000000000E+001  0.185316856533441E+001  0.164750363459957E+002  0.773518873952877E+002 -0.138880830071674E+000 -0.133487371556098E+000 -0.107536384819057E+002 -0.926584282667208E+000
  0.100000000000000E+001  0.185065870435766E+001  0.681484999825255E+000  0.920168622163140E+002 -0.879719467930185E+000  0.117897823329002E+001 -0.107536384819057E+002 -0.925329352178831E+000
  0.100000000000000E+001  0.184862686659854E+001 -0.840533684580095E+000  0.816324530604474E+002 -0.551086675097271E+000  0.876207423806724E+000 -0.107536384819057E+002 -0.924313433299271E+000
  0.100000000000000E+001  0.184665676840617E+001  0.145969966614240E+002  0.635486161343875E+002 -0.729006886552641E+000  0.107588195037142E+001 -0.107536384819057E+002 -0.923328384203087E+000
  0.100000000000000E+001  0.184487286855876E+001  0.843327433244561E+001  0.843273596278917E+002 -0.234017522063432E-001 -0.971329995089084E+000 -0.107536384819057E+002 -0.922436434279382E+000
  0.100000000000000E+001  0.184206646900705E+001  0.731947739469289E+001  0.815773118040165E+002 -0.169793278971959E-001 -0.995566069151946E+000 -0.107536384819057E+002 -0.921033234503525E+000
  0.100000000000000E+001  0.183994729502094E+001 -0.808007204339315E+001  0.947288393604420E+002 -0.229743266033232E+000 -0.203770523869601E+000 -0.107536384819057E+002 -0.919973647510470E+000
  0.100000000000000E+001  0.183902068954076E+001  0.158978369170412E+002  0.505866696481191E+002 -0.125724502719275E+000 -0.175331541345136E+000 -0.107536384819057E+002 -0.919510344770378E+000
  0.100000000000000E+001  0.183889083506127E+001 -0.518384689982897E+001  0.839751116121425E+002 -0.154628758227944E+000 -0.915333268964273E-001 -0.107536384819057E+002 -0.919445417530636E+000
  0.100000000000000E+001  0.183689533316449E+001 -0.620760572642633E+001  0.430776376095262E+002 -0.600892152996212E+000  0.961648336382038E+000 -0.107536384819057E+002 -0.918447666582246E+000
  0.100000000000000E+001  0.183632406245504E+001  0.156227815379174E+002  0.991293081612213E+002 -0.372190455941916E+000  0.488959921573338E+000 -0.107536384819057E+002 -0.918162031227522E+000
  0.100000000000000E+001  0.183597654450554E+001 -0.105071926366216E+002  0.403704796985796E+002 -0.151210241085296E-001 -0.100067987370772E+001 -0.107536384819057E+002 -0.917988272252771E+000
  0.100000000000000E+001  0.183299557399400E+001  0.157207781539510E+002  0.939519653163656E+002 -0.110768874773773E+000 -0.631934286445773E+000 -0.107536384819057E+002 -0.916497786997001E+000
  0.100000000000000E+001  0.183173025489797E+001 -0.935283417722511E+001  0.576491603024793E+002 -0.322094827642385E+000  0.107183544141413E+000 -0.107536384819057E+002 -0.915865127448987E+000
  0.100000000000000E+001  0.183024342335248E+001  0.530051559533228E+001  0.982497595911532E+002 -0.208890543126147E+000 -0.274081294698119E+000 -0.107536384819057E+002 -0.915121711676243E+000
  0.100000000000000E+001  0.181940593734529E+001 -0.119734532878188E+002  0.939027597540683E+002 -0.232907857126007E+000 -0.187301033169724E+000 -0.107536384819057E+002 -0.909702968672645E+000
  0.100000000000000E+001  0.181935726964693E+001 -0.131257625192925E+002  0.842256077544119E+002 -0.174818573373270E+000 -0.385160971648872E-001 -0.107536384819057E+002 -0.909678634823463E+000
  0.100000000000000E+001  0.181854819408146E+001  0.146369105020415E+002  0.452454290525783E+002 -0.837725539902191E+000  0.118525853098487E+001 -0.107536384819057E+002 -0.909274097040730E+000
  0.100000000000000E+001  0.181709045478447E+001 -0.141694446966064E+002  0.803910256961223E+002 -0.104011105867763E-001 -0.528144294681857E+000 -0.107536384819057E+002 -0.908545227392236E+000
  0.100000000000000E+001  0.180741421065737E+001 -0.124713688013446E+002  0.988902607947662E+002 -0.199752023629800E+000 -0.299841578266506E+000 -0.107536384819057E+002 -0.903707105328683E+000
  0.100000000000000E+001  0.180455449579372E+001 -0.180816924329722E+002  0.553959649923204E+002 -0.565697352831007E-001 -0.828114384947435E+000 -0.107536384819057E+002 -0.902277247896859E+000
  0.100000000000000E+001  0.180449821394109E+001  0.113607335632320E+002  0.870193262846625E+002 -0.140604292337923E+000 -0.512133517553831E+000 -0.107536384819057E+002 -0.902249106970547E+000
  0.100000000000000E+001  0.180220582943391E+001 -0.954988807644151E+001  0.750327740940010E+002 -0.868564712035418E+000  0.117055488771813E+001 -0.107536384819057E+002 -0.901102914716957E+000
  0.100000000000000E+001  0.180216170311871E+001  0.155684947837481E+002  0.678359522934079E+002 -0.196752771011346E+000 -0.308913814905366E+000 -0.107536384819057E+002 -0.901080851559355E+000
  0.100000000000000E+001  0.180067831898624E+001  0.726182563038292E+001  0.497166318178746E+002 -0.784723481955438E+000  0.116821308684291E+001 -0.107536384819057E+002 -0.900339159493117E+000
  0.100000000000000E+001  0.179925229284786E+001  0.121104938434078E+002  0.644462643999133E+002 -0.854898562310411E+000  0.117047564384442E+001 -0.107536384819057E+002 -0.899626146423929E+000
  0.100000000000000E+001  0.179584160369460E+001 -0.895417249239284E+000  0.916459601263980E+002 -0.685847377384010E+000  0.101858447961041E+001 -0.107536384819057E+002 -0.897920801847299E+000
  0.100000000000000E+001  0.179167522344918E+001 -0.189764587288977E+002  0.637206623780647E+002 -0.149865459397530E+000 -0.474156287565466E+000 -0.107536384819057E+002 -0.895837611724591E+000
  0.100000000000000E+001  0.179029205821510E+001  0.266714747737282E+001  0.809477795204705E+002 -0.320140395325313E+000  0.350084760085832E+000 -0.107536384819057E+002 -0.895146029107548E+000
  0.100000000000000E+001  0.178952643869780E+001 -0.159844616497472E+002  0.671338615805302E+002 -0.190939370335877E+000 -0.325743979021793E+000 -0.107536384819057E+002 -0.894763219348900E+000
  0.100000000000000E+001  0.178908791603710E+001  0.110590552700646E+002  0.675551708174404E+002 -0.466391523921641E+000  0.542983266162185E+000 -0.107536384819057E+002 -0.894543958018549E+000
  0.100000000000000E+001  0.178571574537950E+001  0.770192880721054E+001  0.613548027116411E+002 -0.649566728463768E+000  0.103091978401760E+001 -0.107536384819057E+002 -0.892857872689751E+000
  0.100000000000000E+001  0.177883317939083E+001 -0.662953111943661E+001  0.423255095370302E+002 -0.363942888026598E-001 -0.460200715804255E+000 -0.107536384819057E+002 -0.889416589695416E+000
  0.100000000000000E+001  0.177774602855906E+001  0.117189679744734E+002  0.882866053994379E+002 -0.843610397891936E-002 -0.546738129023453E+000 -0.107536384819057E+002 -0.888873014279529E+000
  0.100000000000000E+001  0.177514198396644E+001  0.149482906096790E+002  0.800878067264688E+002 -0.516922752954039E+000  0.801246184983357E+000 -0.107536384819057E+002 -0.887570991983220E+000
  0.100000000000000E+001  0.177165929547367E+001  0.107190096654543E+002  0.426223503370843E+002 -0.139796821100863E+000 -0.152281165345725E+000 -0.107536384819057E+002 -0.885829647736835E+000
  0.100000000000000E+001  0.177049997428803E+001 -0.299622702383788E+001  0.991329634596074E+002 -0.349074042390261E+000  0.206619507288133E+000 -0.107536384819057E+002 -0.885249987144017E+000
  0.100000000000000E+001  0.176922711538742E+001  0.167039835000638E+002  0.712533413954160E+002 -0.991240144717187E-003 -0.572690033169755E+000 -0.107536384819057E+002 -0.884613557693707E+000
  0.100000000000000E+001  0.176885918086250E+001  0.697325325958354E+001  0.677812656992708E+002 -0.126894024713803E+000 -0.550779239843377E+000 -0.107536384819057E+002 -0.884429590431252E+000
  0.100000000000000E+001  0.176865887895748E+001  0.149378317013429E+002  0.415702250127943E+002 -0.652170631309215E+000  0.965334085116595E+000 -0.107536384819057E+002 -0.884329439478742E+000
  0.100000000000000E+001  0.176821553264816E+001  0.504099362045410E+001  0.908210030000685E+002 -0.423764359640989E+000  0.429203475445645E+000 -0.107536384819057E+002 -0.884107766324078E+000
  0.100000000000000E+001  0.176584413241335E+001  0.164271544106962E+002  0.597935420015400E+002 -0.227304686039237E+000 -0.191435325469929E+000 -0.107536384819057E+002 -0.882922066206672E+000
  0.100000000000000E+001  0.176567270403465E+001  0.743952321963533E+001  0.851924553403160E+002 -0.384255515479420E+000  0.314714729540510E+000 -0.107536384819057E+002 -0.882836352017325E+000
  0.100000000000000E+001  0.176269826196831E+001  0.152159018596156E+002  0.466786886325045E+002 -0.839885284284185E+000  0.118293246597028E+001 -0.107536384819057E+002 -0.881349130984156E+000
  0.100000000000000E+001  0.176013760572033E+001  0.194683111374529E+002  0.861061055957860E+002 -0.748299237711946E+000  0.110540256848700E+001 -0.107536384819057E+002 -0.880068802860167E+000
  0.100000000000000E+001  0.175854769390548E+001  0.817183329435615E+000  0.570298100054883E+002 -0.199870564709159E+000 -0.284663736609786E+000 -0.107536384819057E+002 -0.879273846952740E+000
  0.100000000000000E+001  0.175558785477350E+001 -0.321051585036670E+000  0.676757206325757E+002 -0.272065817314455E+000  0.215767466293045E+000 -0.107536384819057E+002 -0.877793927386752E+000
  0.100000000000000E+001  0.175387377355261E+001  0.557141394105652E+001  0.402195646685191E+002 -0.188156568217725E+000 -0.324470392809468E+000 -0.107536384819057E+002 -0.876936886776302E+000
  0.100000000000000E+001  0.175299001473713E+001 -0.101498337006993E+002  0.694661903747310E+002 -0.484025579412589E+000  0.596321622383841E+000 -0.107536384819057E+002 -0.876495007368562E+000
  0.100000000000000E+001  0.174779922116912E+001 -0.184087669233711E+002  0.716932050462518E+002 -0.502904740548590E+000  0.645601943637541E+000 -0.107536384819057E+002 -0.873899610584563E+000
  0.100000000000000E+001  0.174750142571094E+001  0.149175760274516E+002  0.470603567813928E+002 -0.834074118706611E+000  0.116882541660720E+001 -0.107536384819057E+002 -0.873750712855468E+000
  0.100000000000000E+001  0.174569461192716E+001  0.131554440572596E+002  0.614663999150581E+002 -0.333690514937997E-001 -0.480365847483297E+000 -0.107536384819057E+002 -0.872847305963578E+000
  0.100000000000000E+001  0.174143826514351E+001  0.529684852687750E+001  0.482528752535909E+002 -0.691926357102486E+000  0.103348799104264E+001 -0.107536384819057E+002 -0.870719132571758E+000
  0.100000000000000E+001  0.173668465609892E+001 -0.185346687136181E+002  0.707484054681141E+002 -0.406794165030122E-001 -0.460916836479063E+000 -0.107536384819057E+002 -0.868342328049460E+000
  0.100000000000000E+001  0.172979681764333E+001 -0.401801241271507E+001  0.650121925412752E+002 -0.321078815713427E+000  0.339109485667148E+000 -0.107536384819057E+002 -0.864898408821666E+000
  0.100000000000000E+001  0.172316937368073E+001  0.930480298419699E+001  0.428754379852982E+002 -0.206714097011810E+000  0.266915706335169E-001 -0.107536384819057E+002 -0.861584686840363E+000
  0.100000000000000E+001  0.171859368136696E+001 -0.347309592953387E+001  0.542101111077073E+002 -0.624243374453909E+000  0.985544361042773E+000 -0.107536384819057E+002 -0.859296840683480E+000
  0.100000000000000E+001  0.171585121410150E+001  0.137814958787432E+002  0.866587421435160E+002 -0.119207021863227E+000 -0.559947832396492E+000 -0.107536384819057E+002 -0.857925607050749E+000
  0.100000000000000E+001  0.171520164030289E+001 -0.568552032100954E+001  0.596606516754727E+002 -0.443419852777409E+000  0.634024824181148E+000 -0.107536384819057E+002 -0.857600820151446E+000
  0.100000000000000E+001  0.170555222095305E+001  0.183860426593595E+001  0.687436062121046E+002 -0.410668211908964E+000  0.406169996188014E+000 -0.107536384819057E+002 -0.852776110476525E+000
  0.100000000000000E+001  0.170429572603676E+001  0.128259015552110E+002  0.601087828236307E+002 -0.825788085480260E+000  0.117680769185822E+001 -0.107536384819057E+002 -0.852147863018379E+000
  0.100000000000000E+001  0.170298753962607E+001  0.820242211063414E+001  0.459969760398875E+002 -0.101992106199000E+000 -0.618469106553664E+000 -0.107536384819057E+002 -0.851493769813034E+000
  0.100000000000000E+001  0.170204967369772E+001 -0.921316112828312E+001  0.803915445742390E+002 -0.734602139895184E-001 -0.724620164944378E+000 -0.107536384819057E+002 -0.851024836848858E+000
  0.100000000000000E+001  0.170043857169885E+001 -0.546812425346885E+001  0.835850604558011E+002 -0.743023714298126E-001 -0.720785653062401E+000 -0.107536384819057E+002 -0.850219285849423E+000
  0.100000000000000E+001  0.169687643634461E+001 -0.168608745765336E+002  0.777046639133332E+002 -0.421574975544048E+000  0.439323710748444E+000 -0.107536384819057E+002 -0.848438218172305E+000
  0.100000000000000E+001  0.169603092341351E+001 -0.129676537064081E+002  0.995007771480164E+002 -0.217580868006788E+000  0.494432480342155E-001 -0.107536384819057E+002 -0.848015461706755E+000
  0.100000000000000E+001  0.169524260408172E+001 -0.240629285446603E+001  0.667343129041104E+002 -0.528373967414586E+000  0.811074250314057E+000 -0.107536384819057E+002 -0.847621302040859E+000
  0.100000000000000E+001  0.169045835732459E+001  0.132550569149970E+002  0.465141963428463E+002 -0.128180537832091E+000 -0.211718629466625E+000 -0.107536384819057E+002 -0.845229178662295E+000
  0.100000000000000E+001  0.168970175900880E+001 -0.167996396579793E+002  0.747100799130169E+002 -0.504473128714366E+000  0.761544664387424E+000 -0.107536384819057E+002 -0.844850879504400E+000
  0.100000000000000E+001  0.168912555014243E+001  0.132917606522164E+002  0.533977369753171E+002 -0.178427751353962E+000 -0.336454224975550E+000 -0.107536384819057E+002 -0.844562775071213E+000
  0.100000000000000E+001  0.168834957749747E+001 -0.110609520307339E+002  0.706359059644379E+002 -0.224554129533893E+000  0.667530139120043E-001 -0.107536384819057E+002 -0.844174788748736E+000
  0.100000000000000E+001  0.168830881008275E+001  0.176751810602834E+002  0.877766869907817E+002 -0.274052119785345E+000  0.203512526602843E+000 -0.107536384819057E+002 -0.844154405041375E+000
  0.100000000000000E+001  0.168670397417656E+001 -0.100449616212735E+002  0.568747590149199E+002 -0.381884929206208E+000  0.482265800928183E+000 -0.107536384819057E+002 -0.843351987088280E+000
  0.100000000000000E+001  0.168649010018205E+001 -0.479805334828914E+001  0.902630925993909E+002 -0.186140127205637E+000 -0.432213724567720E-001 -0.107536384819057E+002 -0.843245050091024E+000
  0.100000000000000E+001  0.168352665596642E+001  0.173654730774648E+002  0.628830464466231E+002 -0.172510733966423E+000 -0.836433947596511E-001 -0.107536384819057E+002 -0.841763327983211E+000
  0.100000000000000E+001  0.168340938865973E+001 -0.978217726123503E+001  0.538499411414438E+002 -0.903136207591040E-001 -0.653793629915364E+000 -0.107536384819057E+002 -0.841704694329867E+000
  0.100000000000000E+001  0.168176652651118E+001 -0.274625481070835E+001  0.740083475828884E+002 -0.385995005128214E+000  0.340946588401843E+000 -0.107536384819057E+002 -0.840883263255590E+000
  0.100000000000000E+001  0.168067333197395E+001  0.174510456522061E+002  0.561802659370270E+002 -0.806298303473672E+000  0.116756425031326E+001 -0.107536384819057E+002 -0.840336665986974E+000
  0.100000000000000E+001  0.168034024800509E+001  0.174612283488925E+002  0.869467088929443E+002 -0.212854126949069E-002 -0.601778283056913E+000 -0.107536384819057E+002 -0.840170124002547E+000
  0.100000000000000E+001  0.167547925773044E+001  0.453536120437628E+001  0.713644389859006E+002 -0.443214253119886E+000  0.624954157860975E+000 -0.107536384819057E+002 -0.837739628865221E+000
  0.100000000000000E+001  0.167249130071236E+001  0.155059472679788E+002  0.994458994069442E+002 -0.777399083860586E-002 -0.587217366554430E+000 -0.107536384819057E+002 -0.836245650356180E+000
  0.100000000000000E+001  0.167235636140675E+001 -0.164391528590089E+002  0.549443895468520E+002 -0.713215636745209E+000  0.107284778796473E+001 -0.107536384819057E+002 -0.836178180703375E+000
  0.100000000000000E+001  0.167142029871769E+001  0.782494818925654E+001  0.517129441274960E+002 -0.790170967788604E+000  0.115883690595290E+001 -0.107536384819057E+002 -0.835710149358845E+000
  0.100000000000000E+001  0.167123631807505E+001 -0.750792147350020E+001  0.422446351069802E+002 -0.556257031174187E+000  0.787821244660809E+000 -0.107536384819057E+002 -0.835618159037527E+000
  0.100000000000000E+001  0.166762319565270E+001 -0.772949592935357E+001  0.630023952034335E+002 -0.451515287019299E+000  0.529396587164419E+000 -0.107536384819057E+002 -0.833811597826351E+000
  0.100000000000000E+001  0.166354845799564E+001 -0.445463370320323E+001  0.615386432623530E+002 -0.220730138161848E+000  0.480758652541642E-001 -0.107536384819057E+002 -0.831774228997819E+000
  0.100000000000000E+001  0.165676647157707E+001 -0.844883411684419E+001  0.613313794674833E+002 -0.867451689714442E-001 -0.655438058504013E+000 -0.107536384819057E+002 -0.828383235788537E+000
  0.100000000000000E+001  0.165602458383622E+001  0.140836611074368E+002  0.492927599745124E+002 -0.156428800754366E+000 -0.401448315253417E+000 -0.107536384819057E+002 -0.828012291918112E+000
  0.100000000000000E+001  0.165548465606260E+001  0.488522443335044E+001  0.747268855207601E+002 -0.281305314598575E+000  0.213303916891440E+000 -0.107536384819057E+002 -0.827742328031300E+000
  0.100000000000000E+001  0.165442695015521E+001 -0.602168244830752E+001  0.998820751333118E+002 -0.247636865080352E+000  0.120523244896004E+000 -0.107536384819057E+002 -0.827213475077603E+000
  0.100000000000000E+001  0.165244805837381E+001 -0.648794357385275E+001  0.459403426715687E+002 -0.214194537701895E+000 -0.198025485172708E+000 -0.107536384819057E+002 -0.826224029186906E+000
  0.100000000000000E+001  0.165015739603879E+001  0.352452645156219E+001  0.666583984705695E+002 -0.528332126550464E+000  0.728505361230225E+000 -0.107536384819057E+002 -0.825078698019395E+000
  0.100000000000000E+001  0.164918322672965E+001 -0.167744813600877E+002  0.549297781004525E+002 -0.710936202379521E+000  0.107462555914452E+001 -0.107536384819057E+002 -0.824591613364826E+000
  0.100000000000000E+001  0.164527315645826E+001 -0.973068210599130E+001  0.840006929232469E+002 -0.654388538636429E+000  0.988495639999561E+000 -0.107536384819057E+002 -0.822636578229129E+000
  0.100000000000000E+001  0.164437188988921E+001 -0.181717670579964E+002  0.888288230013167E+002 -0.193757584389232E+000 -0.265258338018850E+000 -0.107536384819057E+002 -0.822185944944604E+000
  0.100000000000000E+001  0.163276960111956E+001  0.908897312030987E+000  0.506466842185624E+002 -0.634382918816956E-001 -0.430377140934260E+000 -0.107536384819057E+002 -0.816384800559779E+000
  0.100000000000000E+001  0.163196434302312E+001 -0.120621543700700E+002  0.766492149506804E+002 -0.246852859543520E+000 -0.794867701608588E-001 -0.107536384819057E+002 -0.815982171511562E+000
  0.100000000000000E+001  0.163158925883994E+001 -0.151588393278211E+002  0.532465590900713E+002 -0.188963758863736E+000 -0.276505710778468E+000 -0.107536384819057E+002 -0.815794629419970E+000
  0.100000000000000E+001  0.162972656687223E+001  0.173977330633586E+001  0.434459403430503E+002 -0.138947350442535E+000 -0.452469349493484E+000 -0.107536384819057E+002 -0.814863283436116E+000
  0.100000000000000E+001  0.162245593708365E+001  0.153838347089586E+002  0.523543214027509E+002 -0.277289870904426E+000  0.244956139648096E-001 -0.107536384819057E+002 -0.811227968541824E+000
  0.100000000000000E+001  0.162005474710334E+001 -0.112374787622037E+002  0.550768369256563E+002 -0.603264387839314E+000  0.900929995064438E+000 -0.107536384819057E+002 -0.810027373551668E+000
  0.100000000000000E+001  0.161750071784831E+001 -0.177809978348662E+002  0.567469823147875E+002 -0.443375543217276E+000  0.522746067644774E+000 -0.107536384819057E+002 -0.808750358924154E+000
  0.100000000000000E+001  0.161072105076499E+001  0.162436612411887E+002  0.881561193566213E+002 -0.565123874877603E+000  0.861201416205486E+000 -0.107536384819057E+002 -0.805360525382496E+000
  0.100000000000000E+001  0.161018775107830E+001  0.224486159083421E+001  0.925177656521211E+002 -0.369267897472789E+000  0.315274820012394E+000 -0.107536384819057E+002 -0.805093875539149E+000
  0.100000000000000E+001  0.160884745726375E+001  0.143884779275695E+002  0.762768300409611E+002 -0.241311467289692E+000  0.861946971859400E-001 -0.107536384819057E+002 -0.804423728631873E+000
  0.100000000000000E+001  0.160674955315245E+001  0.342012960915000E+001  0.561021741138938E+002 -0.191410813690602E+000 -0.256754656354218E+000 -0.107536384819057E+002 -0.803374776576223E+000
  0.100000000000000E+001  0.160538717080385E+001 -0.169594330512739E+001  0.765122434689936E+002 -0.443377005146744E+000  0.527288712927358E+000 -0.107536384819057E+002 -0.802693585401928E+000
  0.100000000000000E+001  0.160311216677544E+001  0.761883431990633E+001  0.828375320979710E+002 -0.440472850915869E+000  0.597710358932904E+000 -0.107536384819057E+002 -0.801556083387718E+000
  0.100000000000000E+001  0.160254987520303E+001  0.166301431704355E+001  0.401963567903170E+002 -0.617560734670010E+000  0.943140247918333E+000 -0.107536384819057E+002 -0.801274937601514E+000
  0.100000000000000E+001  0.160180176799553E+001 -0.156395358994921E+002  0.703317322342527E+002 -0.244892103692066E+000 -0.729605932095447E-001 -0.107536384819057E+002 -0.800900883997766E+000
  0.100000000000000E+001  0.160153871932253E+001  0.113011201581542E+002  0.631453507268934E+002 -0.447690772579255E+000  0.613706771772405E+000 -0.107536384819057E+002 -0.800769359661264E+000
  0.100000000000000E+001  0.160055426943328E+001 -0.991471629502189E+001  0.941707777689221E+002 -0.526703293574938E+000  0.783186642875926E+000 -0.107536384819057E+002 -0.800277134716641E+000
  0.100000000000000E+001  0.159997200848667E+001  0.338957127339479E+001  0.736163974448571E+002 -0.133962635270276E+000 -0.455884009701334E+000 -0.107536384819057E+002 -0.799986004243337E+000
  0.100000000000000E+001  0.159907482483432E+001 -0.468837460730962E+001  0.777249994966350E+002 -0.942290849901122E-001 -0.350948083072880E+000 -0.107536384819057E+002 -0.799537412417158E+000
  0.100000000000000E+001  0.159518578334900E+001 -0.175470407978518E+002  0.914930461576629E+002 -0.132140012069925E+000 -0.459930156228242E+000 -0.107536384819057E+002 -0.797592891674499E+000
  0.100000000000000E+001  0.159381925167497E+001  0.341316189445188E+001  0.499623836504678E+002 -0.114686260087035E+000 -0.522160634891625E+000 -0.107536384819057E+002 -0.796909625837485E+000
  0.100000000000000E+001  0.159357417366607E+001  0.342632461234432E+001  0.484652200465867E+002 -0.109786285410074E-001 -0.908498968775493E+000 -0.107536384819057E+002 -0.796787086833033E+000
  0.100000000000000E+001  0.159258150201081E+001 -0.141221907554100E+002  0.530561919631224E+002 -0.268208679171880E-001 -0.847592229066713E+000 -0.107536384819057E+002 -0.796290751005406E+000
  0.100000000000000E+001  0.159244143898487E+001 -0.673094145473659E+000  0.626705441963350E+002 -0.641697453445511E-001 -0.446908446607259E+000 -0.107536384819057E+002 -0.796220719492437E+000
  0.100000000000000E+001  0.159212683534803E+001  0.699048162006772E+000  0.836090106622261E+002 -0.408446184157535E+000  0.517764035822078E+000 -0.107536384819057E+002 -0.796063417674014E+000
  0.100000000000000E+001  0.158962980899576E+001  0.134610696087355E+002  0.746308220831785E+002 -0.559651781151404E+000  0.839817349552380E+000 -0.107536384819057E+002 -0.794814904497880E+000
  0.100000000000000E+001  0.158681579091473E+001  0.104491004224885E+002  0.765459838039047E+002 -0.340023776102535E+000  0.237551624603504E+000 -0.107536384819057E+002 -0.793407895457364E+000
  0.100000000000000E+001  0.158676088743230E+001 -0.319606271786601E+000  0.503588857089022E+002 -0.175076636478768E-001 -0.596209409554067E+000 -0.107536384819057E+002 -0.793380443716150E+000
  0.100000000000000E+001  0.158450568365189E+001  0.111173027067909E+002  0.728874013190732E+002 -0.331292072004831E+000  0.211927204679643E+000 -0.107536384819057E+002 -0.792252841825945E+000
  0.100000000000000E+001  0.158293352914922E+001 -0.188196867150507E+002  0.745779893050481E+002 -0.296138625835202E+000  0.102754707498995E+000 -0.107536384819057E+002 -0.791466764574611E+000
  0.100000000000000E+001  0.158214667291129E+001  0.135337949333524E+002  0.602994296745759E+002 -0.419165241843990E+000  0.471197601695795E+000 -0.107536384819057E+002 -0.791073336455645E+000
  0.100000000000000E+001  0.158127482270296E+001 -0.689001457474156E+001  0.839740631041790E+002 -0.250707632193597E+000 -0.436423403658024E-001 -0.107536384819057E+002 -0.790637411351480E+000
  0.100000000000000E+001  0.157972695194355E+001  0.378884424388807E+001  0.406813392555717E+002 -0.201529940341874E+000 -0.208274270673337E+000 -0.107536384819057E+002 -0.789863475971776E+000
  0.100000000000000E+001  0.157930837414699E+001  0.199174302393457E+001  0.775138245425482E+002 -0.517217140336632E-001 -0.745926558054269E+000 -0.107536384819057E+002 -0.789654187073495E+000
  0.100000000000000E+001  0.157778267443854E+001  0.573358657951441E+001  0.625009365780497E+002 -0.599955363412785E-001 -0.467539472906588E+000 -0.107536384819057E+002 -0.788891337219272E+000
  0.100000000000000E+001  0.157670203424204E+001  0.805592142280510E+001  0.911173017996992E+002 -0.461483731271606E-001 -0.765232255704856E+000 -0.107536384819057E+002 -0.788351017121022E+000
  0.100000000000000E+001  0.157616186457599E+001 -0.344913699214930E+001  0.941210197328820E+002 -0.786755333252565E-002 -0.909816025911308E+000 -0.107536384819057E+002 -0.788080932287992E+000
  0.100000000000000E+001  0.157609797453794E+001  0.679068343257005E+001  0.485363727534228E+002 -0.285064605478788E+000  0.709242808709991E-001 -0.107536384819057E+002 -0.788048987268970E+000
  0.100000000000000E+001  0.157543408801577E+001  0.424040290844655E+001  0.462316894730328E+002 -0.524085486791361E+000  0.756824612353758E+000 -0.107536384819057E+002 -0.787717044007884E+000
  0.100000000000000E+001  0.157436172030263E+001  0.161250867970993E+002  0.955145945432506E+002 -0.483612562451398E+000  0.679673382937764E+000 -0.107536384819057E+002 -0.787180860151317E+000
  0.100000000000000E+001  0.157345789052572E+001  0.148361578899552E+002  0.791909620645001E+002 -0.348231233508029E+000  0.269290971460406E+000 -0.107536384819057E+002 -0.786728945262861E+000
  0.100000000000000E+001  0.156975731720627E+001  0.562062690015735E+001  0.746367047756891E+002 -0.419137172034560E+000  0.478159386090605E+000 -0.107536384819057E+002 -0.784878658603138E+000
  0.100000000000000E+001  0.156818179716685E+001  0.181479997694017E+001  0.513805952128322E+002 -0.494588752937336E+000  0.686171207558470E+000 -0.107536384819057E+002 -0.784090898583427E+000
  0.100000000000000E+001  0.156731670417248E+001  0.882891582528593E+001  0.406520359813524E+002 -0.212650868957812E+000 -0.163411871248050E+000 -0.107536384819057E+002 -0.783658352086238E+000
  0.100000000000000E+001  0.156494845372543E+001  0.191901643218189E+002  0.986516320357446E+002 -0.328703507464025E+000  0.303780185044918E+000 -0.107536384819057E+002 -0.782474226862714E+000
  0.100000000000000E+001  0.156367363144892E+001 -0.845790474228382E+001  0.908411132863158E+002 -0.162294115916897E+000 -0.163727910517078E+000 -0.107536384819057E+002 -0.781836815724460E+000
  0.100000000000000E+001  0.156325862300443E+001 -0.129935895968241E+002  0.865032992567902E+002 -0.188913054046083E+000 -0.242254818353324E+000 -0.107536384819057E+002 -0.781629311502214E+000
  0.100000000000000E+001  0.156316896169905E+001  0.245084418741692E+001  0.705788246788916E+002 -0.451923397741127E+000  0.574210316246542E+000 -0.107536384819057E+002 -0.781584480849525E+000
  0.100000000000000E+001  0.156227251461311E+001 -0.142725392655275E+002  0.966342319077488E+002 -0.285076240828809E+000  0.185659961473137E+000 -0.107536384819057E+002 -0.781136257306553E+000
  0.100000000000000E+001  0.156178137668975E+001 -0.211834049051351E+001  0.709568407902567E+002 -0.357163011000996E+000  0.303113913330668E+000 -0.107536384819057E+002 -0.780890688344873E+000
  0.100000000000000E+001  0.156165170815815E+001 -0.275150510680794E+001  0.745424878900770E+002 -0.135395763223140E+000 -0.429148596610769E+000 -0.107536384819057E+002 -0.780825854079076E+000
  0.100000000000000E+001  0.155977220464924E+001  0.279269455579546E+001  0.834237350672112E+002 -0.655433781808021E-001 -0.682226363772401E+000 -0.107536384819057E+002 -0.779886102324619E+000
  0.100000000000000E+001  0.155891426975888E+001 -0.106588543461109E+002  0.746645091611445E+002 -0.443417647651239E+000  0.578842158744044E+000 -0.107536384819057E+002 -0.779457134879440E+000
  0.100000000000000E+001  0.155531539812895E+001  0.400291066850594E+001  0.526761658229711E+002 -0.188325892801039E+000 -0.239343026199085E+000 -0.107536384819057E+002 -0.777657699064475E+000
  0.100000000000000E+001  0.155452942254970E+001 -0.148572469894937E+002  0.818526311425103E+002 -0.193685636248886E+000 -0.220377561182640E+000 -0.107536384819057E+002 -0.777264711274852E+000
  0.100000000000000E+001  0.155389903989770E+001  0.162224694679716E+002  0.967091580956357E+002 -0.460385210165184E-001 -0.525011482188011E+000 -0.107536384819057E+002 -0.776949519948848E+000
  0.100000000000000E+001  0.155130521013904E+001 -0.108220420158790E+002  0.991376709174442E+002 -0.139665427411487E+000 -0.238550220661214E+000 -0.107536384819057E+002 -0.775652605069522E+000
  0.100000000000000E+001  0.154893459829394E+001  0.243509617267257E+001  0.516784787635794E+002 -0.217655441381611E+000 -0.134943182842622E+000 -0.107536384819057E+002 -0.774467299146972E+000
  0.100000000000000E+001  0.154873554692779E+001  0.520088183387163E+001  0.544931226434829E+002 -0.226159943053212E+000  0.132953460416898E-001 -0.107536384819057E+002 -0.774367773463895E+000
  0.100000000000000E+001  0.154781517653518E+001 -0.709217240048907E+001  0.924918396815467E+002 -0.135958220025237E+000 -0.418111996823185E+000 -0.107536384819057E+002 -0.773907588267592E+000
  0.100000000000000E+001  0.154765989098023E+001  0.721632662187304E+000  0.551741444935679E+002 -0.321608677829556E+000  0.274091194515908E+000 -0.107536384819057E+002 -0.773829945490118E+000
  0.100000000000000E+001  0.154693447104750E+001  0.754685808977676E+001  0.533894194778246E+002 -0.407458652179599E+000  0.482968756233460E+000 -0.107536384819057E+002 -0.773467235523748E+000
  0.100000000000000E+001  0.154307449418623E+001  0.641983045953103E+001  0.537069341699561E+002 -0.382619075237587E+000  0.396609297069634E+000 -0.107536384819057E+002 -0.771537247093115E+000
  0.100000000000000E+001  0.154189376103035E+001 -0.150258561592057E+002  0.584688800165316E+002 -0.387562869185164E+000  0.414703370534658E+000 -0.107536384819057E+002 -0.770946880515176E+000
  0.100000000000000E+001  0.154170487538930E+001  0.144080006878378E+002  0.589420842059478E+002 -0.140511552180586E+000 -0.397614892378193E+000 -0.107536384819057E+002 -0.770852437694651E+000
  0.100000000000000E+001  0.154119042492408E+001  0.286107951250929E+001  0.703783629372444E+002 -0.356258521185558E+000  0.356587499043703E+000 -0.107536384819057E+002 -0.770595212462041E+000
  0.100000000000000E+001  0.154049429881939E+001  0.739396452113149E+001  0.990515821438082E+002 -0.287574377915997E+000  0.102013982916597E+000 -0.107536384819057E+002 -0.770247149409694E+000
  0.100000000000000E+001  0.154029397695399E+001  0.155195596007194E+002  0.747431077655009E+002 -0.532337857674019E-001 -0.511217748863652E+000 -0.107536384819057E+002 -0.770146988476996E+000
  0.100000000000000E+001  0.153966229859757E+001  0.114961937111453E+002  0.640536238495360E+002 -0.384058935479701E+000  0.415581975013143E+000 -0.107536384819057E+002 -0.769831149298784E+000
  0.100000000000000E+001  0.153588007937164E+001 -0.888636685112312E+001  0.741694682287691E+002 -0.209754616737541E-001 -0.832267550234408E+000 -0.107536384819057E+002 -0.767940039685818E+000
  0.100000000000000E+001  0.153545917245798E+001  0.167610129742979E+002  0.769656743233850E+002 -0.367028849491136E+000  0.365636015250961E+000 -0.107536384819057E+002 -0.767729586228990E+000
  0.100000000000000E+001  0.153516182419743E+001 -0.146511293211815E+001  0.597315848838349E+002 -0.362018544652376E+000  0.346689986700683E+000 -0.107536384819057E+002 -0.767580912098718E+000
  0.100000000000000E+001  0.153461442299334E+001  0.833068692053730E+001  0.790741532103525E+002 -0.408248462750900E-001 -0.756578357513879E+000 -0.107536384819057E+002 -0.767307211496670E+000
  0.100000000000000E+001  0.153169658959440E+001  0.584037971590701E+001  0.943093638984204E+002 -0.328417461973595E+000  0.275564262525868E+000 -0.107536384819057E+002 -0.765848294797202E+000
  0.100000000000000E+001  0.153116852460277E+001 -0.568379943749683E+001  0.887506231327188E+002 -0.310962302808488E+000  0.186532866789860E+000 -0.107536384819057E+002 -0.765584262301384E+000
  0.100000000000000E+001  0.153021830602492E+001  0.575441922752116E+000  0.656754277319441E+002 -0.320742768924083E+000  0.254365767317852E+000 -0.107536384819057E+002 -0.765109153012462E+000
  0.100000000000000E+001  0.153016968633849E+001  0.152917635704189E+002  0.593535059419024E+002 -0.154056381865338E+000 -0.209795562338235E+000 -0.107536384819057E+002 -0.765084843169245E+000
  0.100000000000000E+001  0.153008818657770E+001 -0.133660259362630E+001  0.545064484649607E+002 -0.333649698310627E+000  0.262546052008863E+000 -0.107536384819057E+002 -0.765044093288852E+000
  0.100000000000000E+001  0.152840774439616E+001 -0.135300256015278E+002  0.517909362166119E+002 -0.327624178394122E+000  0.245938271084154E+000 -0.107536384819057E+002 -0.764203872198078E+000
  0.100000000000000E+001  0.152782990116688E+001  0.890345337102109E+001  0.934763239469643E+002 -0.197703457492306E+000 -0.186795668074748E+000 -0.107536384819057E+002 -0.763914950583438E+000
  0.100000000000000E+001  0.152621553097874E+001 -0.718020614159332E+001  0.735893434549715E+002 -0.898940853830006E-001 -0.568268065655909E+000 -0.107536384819057E+002 -0.763107765489370E+000
  0.100000000000000E+001  0.152493533211072E+001  0.151212934681241E+002  0.966089960586711E+002 -0.246403010103682E+000 -0.187355874064039E-001 -0.107536384819057E+002 -0.762467666055359E+000
  0.100000000000000E+001  0.152472308824218E+001  0.770820652561522E+000  0.984877256202992E+002 -0.298007583431174E+000  0.153353663232295E+000 -0.107536384819057E+002 -0.762361544121090E+000
  0.100000000000000E+001  0.152433163215536E+001 -0.149141525207176E+001  0.665260427122568E+002 -0.104431247504031E-001 -0.658057696866126E+000 -0.107536384819057E+002 -0.762165816077678E+000
  0.100000000000000E+001  0.152431527626194E+001  0.173659235839645E+002  0.544570764217854E+002 -0.316328475193513E+000  0.217989547901505E+000 -0.107536384819057E+002 -0.762157638130973E+000
  0.100000000000000E+001  0.152289044562915E+001  0.158590921531195E+002  0.412183305830171E+002 -0.178820406712591E+000 -0.247768731364325E+000 -0.107536384819057E+002 -0.761445222814576E+000
  0.100000000000000E+001  0.152228544778512E+001  0.429029054640064E+001  0.480446739373754E+002 -0.926246052681432E-001 -0.401951991802837E+000 -0.107536384819057E+002 -0.761142723892559E+000
  0.100000000000000E+001  0.152017651253096E+001 -0.102322926075512E+002  0.925085931411927E+002 -0.274575818510735E+000  0.121647298675780E+000 -0.107536384819057E+002 -0.760088256265480E+000
  0.100000000000000E+001  0.151905184004615E+001  0.685601191185493E+001  0.727875871740371E+002 -0.269258581870998E+000  0.106046042607159E+000 -0.107536384819057E+002 -0.759525920023076E+000
  0.100000000000000E+001  0.151847368801347E+001 -0.145237228501705E+001  0.573425854309545E+002 -0.290817926447568E+000  0.156661231660744E+000 -0.107536384819057E+002 -0.759236844006733E+000
  0.100000000000000E+001  0.151641823071740E+001  0.118667996046347E+002  0.721825960105989E+002 -0.210174438316385E+000 -0.132560669110386E+000 -0.107536384819057E+002 -0.758209115358698E+000
  0.100000000000000E+001  0.151609992298346E+001 -0.708179818750695E+001  0.481254448154896E+002 -0.401078020588763E-001 -0.570537729625345E+000 -0.107536384819057E+002 -0.758049961491730E+000
  0.100000000000000E+001  0.151560607134880E+001 -0.185181540435571E+002  0.650723673383657E+002 -0.248394773854783E-001 -0.800968095907864E+000 -0.107536384819057E+002 -0.757803035674398E+000
  0.100000000000000E+001  0.151531090540796E+001 -0.897577073868276E+001  0.755451243194347E+002 -0.926666982458673E-001 -0.407621017572266E+000 -0.107536384819057E+002 -0.757655452703979E+000
  0.100000000000000E+001  0.151485890388136E+001  0.955828970084129E+001  0.806850843103069E+002 -0.243738948613324E+000  0.321049766690091E-001 -0.107536384819057E+002 -0.757429451940682E+000
  0.100000000000000E+001  0.151448340109712E+001  0.113388576009549E+002  0.729309704822406E+002 -0.192666980825432E+000 -0.191033172567513E+000 -0.107536384819057E+002 -0.757241700548558E+000
  0.100000000000000E+001  0.151326002855703E+001 -0.863275725114446E+001  0.823556530521388E+002 -0.198708534315868E+000 -0.168564233854328E+000 -0.107536384819057E+002 -0.756630014278516E+000
  0.100000000000000E+001  0.151325833406292E+001  0.391907457816993E+001  0.842954183761979E+002 -0.270664755543375E+000  0.895897700609858E-001 -0.107536384819057E+002 -0.756629167031459E+000
  0.100000000000000E+001  0.151266667019095E+001 -0.156949377361129E+002  0.752356408679628E+002 -0.194928195569052E+000 -0.106150502309544E+000 -0.107536384819057E+002 -0.756333335095476E+000
  0.100000000000000E+001  0.151040814012243E+001 -0.345138379438090E-001  0.445494991795837E+002 -0.227444555731876E+000 -0.187872941358629E-001 -0.107536384819057E+002 -0.755204070061215E+000
  0.100000000000000E+001  0.150717303142785E+001 -0.105201390875863E+002  0.979301653185991E+002 -0.234845392440556E+000 -0.695848627085294E-002 -0.107536384819057E+002 -0.753586515713928E+000
  0.100000000000000E+001  0.150643499041389E+001 -0.999980284187193E+001  0.851588767046604E+002 -0.224287583871431E+000 -0.350320944106715E-001 -0.107536384819057E+002 -0.753217495206944E+000
  0.100000000000000E+001  0.150499614763225E+001  0.111386866864421E+002  0.556812661164819E+002 -0.179537139937415E+000 -0.159788670180959E+000 -0.107536384819057E+002 -0.752498073816123E+000
  0.100000000000000E+001  0.150431385963721E+001  0.109792602989887E+002  0.497348215594575E+002 -0.124132695375670E+000 -0.422941203413989E+000 -0.107536384819057E+002 -0.752156929818605E+000
  0.100000000000000E+001  0.150323666704075E+001 -0.144418459159631E+002  0.580162975360865E+002 -0.608036862456469E-001 -0.654299960580599E+000 -0.107536384819057E+002 -0.751618333520373E+000
  0.100000000000000E+001  0.150323304367447E+001 -0.873658285786135E+000  0.571173130117620E+002 -0.208674986407576E+000 -0.117062099984321E+000 -0.107536384819057E+002 -0.751616521837233E+000
  0.100000000000000E+001  0.150302236408126E+001 -0.836601771233829E+001  0.906578066483246E+002 -0.682938654887892E-001 -0.494295138225028E+000 -0.107536384819057E+002 -0.751511182040629E+000
  0.100000000000000E+001  0.150248756456075E+001 -0.155679008272322E+002  0.435296028335423E+002 -0.212418925626727E+000 -0.100848512449912E+000 -0.107536384819057E+002 -0.751243782280374E+000
  0.100000000000000E+001  0.150177843342776E+001  0.111647593392743E+002  0.602829995857238E+002 -0.188012284175569E+000 -0.141215954454666E+000 -0.107536384819057E+002 -0.750889216713878E+000
  0.100000000000000E+001  0.150176980975903E+001 -0.807980719464429E+001  0.917195216057333E+002 -0.293093227544046E-001 -0.617466838463303E+000 -0.107536384819057E+002 -0.750884904879516E+000
  0.100000000000000E+001  0.150144798098826E+001 -0.101001051625276E+002  0.702319325024993E+002 -0.162872357048038E+000 -0.279509635901542E+000 -0.107536384819057E+002 -0.750723990494130E+000
  0.100000000000000E+001  0.150093657951180E+001 -0.140505613256525E+002  0.925655509332107E+002 -0.100136078813431E-001 -0.679440474161809E+000 -0.107536384819057E+002 -0.750468289755902E+000
  0.100000000000000E+001  0.149977169042429E+001 -0.131848269328939E+001  0.789424127680060E+002 -0.158353972971967E-001 -0.662075741765075E+000 -0.107536384819057E+002 -0.749885845212145E+000
  0.100000000000000E+001  0.149568203320721E+001  0.931387242260044E+000  0.941683175593308E+002 -0.131182912440484E+000 -0.312798474651467E+000 -0.107536384819057E+002 -0.747841016603604E+000
  0.100000000000000E+001  0.149306816531890E+001 -0.195447803431732E+001  0.552502960600449E+002 -0.356541133419330E-001 -0.737226474155416E+000 -0.107536384819057E+002 -0.746534082659451E+000
  0.100000000000000E+001  0.149256312576758E+001  0.185873358549784E+001  0.577937271711870E+002 -0.163020103222787E+000 -0.229919401861532E+000 -0.107536384819057E+002 -0.746281562883789E+000
  0.100000000000000E+001  0.149132736689308E+001  0.116282309348802E+002  0.680237249639800E+002 -0.126069181661740E+000 -0.334740852916227E+000 -0.107536384819057E+002 -0.745663683446540E+000
  0.100000000000000E+001  0.149037786802090E+001  0.164486416925485E+002  0.884724856158328E+002 -0.483020719396108E-001 -0.686195840580600E+000 -0.107536384819057E+002 -0.745188934010453E+000
  0.100000000000000E+001  0.148868663071713E+001 -0.733873676054396E+001  0.790777578845579E+002 -0.113644100097310E+000 -0.438939960463563E+000 -0.107536384819057E+002 -0.744343315358564E+000
  0.100000000000000E+001  0.148242140019327E+001  0.968680931981836E+001  0.783640975361012E+002 -0.590854999723733E-002 -0.713061470854563E+000 -0.107536384819057E+002 -0.741210700096636E+000
  0.100000000000000E+001  0.148029513693022E+001 -0.918283991487410E+001  0.410162872056726E+002 -0.933471343006094E-001 -0.451843649897034E+000 -0.107536384819057E+002 -0.740147568465108E+000
  0.100000000000000E+001  0.148025430242223E+001  0.561419866500220E+001  0.988276116367571E+002 -0.586283627028645E-001 -0.553276263337374E+000 -0.107536384819057E+002 -0.740127151211114E+000
  0.100000000000000E+001  0.147843240824425E+001  0.329140138136856E+001  0.690217630660154E+002 -0.512586399765425E-001 -0.656746835574209E+000 -0.107536384819057E+002 -0.739216204122122E+000
  0.100000000000000E+001  0.147805625811148E+001 -0.147722623329300E+002  0.963690649803326E+002 -0.356794204991591E-001 -0.626722328255023E+000 -0.107536384819057E+002 -0.739028129055741E+000
  0.100000000000000E+001  0.147514299244722E+001  0.739317631495066E+001  0.869268692201782E+002 -0.615923516115737E-001 -0.555165338153540E+000 -0.107536384819057E+002 -0.737571496223613E+000
  0.100000000000000E+001  0.147513601040518E+001  0.259418952766936E+000  0.835823525278710E+002 -0.401218586205443E-001 -0.693387477428091E+000 -0.107536384819057E+002 -0.737568005202589E+000
  0.100000000000000E+001  0.147370039418859E+001  0.108014115398299E+002  0.542578356992536E+002 -0.811825772475827E-001 -0.515917465502252E+000 -0.107536384819057E+002 -0.736850197094295E+000
  0.100000000000000E+001  0.147369500467160E+001 -0.109143541241292E+002  0.737880734348350E+002 -0.481061027896881E-001 -0.597832552037960E+000 -0.107536384819057E+002 -0.736847502335798E+000
  0.100000000000000E+001  0.147299755830466E+001  0.973931361559385E+001  0.585449765193313E+002 -0.669538264264524E-001 -0.547041136684896E+000 -0.107536384819057E+002 -0.736498779152329E+000
  0.100000000000000E+001  0.146879246715459E+001 -0.125694046677436E+002  0.695705525239609E+002 -0.537026105083678E-001 -0.601100081243699E+000 -0.107536384819057E+002 -0.734396233577293E+000
  0.100000000000000E+001  0.146520990034602E+001 -0.494012945950177E+001  0.518885618218106E+002 -0.334621395441346E-001 -0.667958668011066E+000 -0.107536384819057E+002 -0.732604950173011E+000
