  0.680224560309327E+001  0.678701088390675E+002 -0.361520961784994E+000  0.400600183205102E+000 -0.107536384819057E+002 -0.715662650306747E+003 -0.715662650306747E+003
 -0.101608502123561E+002  0.681773452493542E+002 -0.360439997176151E+000  0.399673239527321E+000 -0.107536384819057E+002 -0.715667420973737E+003 -0.715667420973737E+003
  0.950513950674701E+001  0.678146258247132E+002 -0.364700761299460E+000  0.401509045406787E+000 -0.107536384819057E+002 -0.715675353909938E+003 -0.715675353909938E+003
 -0.750282723453210E+001  0.678785630459032E+002 -0.360680799605672E+000  0.400323774011945E+000 -0.107536384819057E+002 -0.715666865543641E+003 -0.715666865543641E+003
 -0.486195142237367E+001  0.682174022499826E+002 -0.360409469298840E+000  0.399673053378441E+000 -0.107536384819057E+002 -0.715668695540553E+003 -0.715668695540553E+003
 -0.122485994476848E+002  0.675420436250292E+002 -0.360377494951731E+000  0.399910100250390E+000 -0.107536384819057E+002 -0.715669524113470E+003 -0.715669524113470E+003
 -0.671371840184243E+000  0.674022733186859E+002 -0.361589430479512E+000  0.400356122832665E+000 -0.107536384819057E+002 -0.715673441620558E+003 -0.715673441620559E+003
  0.251307266368431E+001  0.681065029945254E+002 -0.360162326575124E+000  0.399988235575682E+000 -0.107536384819057E+002 -0.715670077238508E+003 -0.715670077238508E+003
  0.958728248310582E+001  0.678049509819295E+002 -0.362505251561692E+000  0.400217480630697E+000 -0.107536384819057E+002 -0.715670618089499E+003 -0.715670618089499E+003
  0.458433071685272E+001  0.678822360101609E+002 -0.359315803685645E+000  0.399023598716085E+000 -0.107536384819057E+002 -0.715670003639876E+003 -0.715670003639877E+003
  0.441196258423443E+001  0.680807050641584E+002 -0.361801637560718E+000  0.399726162290866E+000 -0.107536384819057E+002 -0.715674491159600E+003 -0.715674491159600E+003
  0.481578255347112E+001  0.677228955637090E+002 -0.364644555898181E+000  0.402037303626990E+000 -0.107536384819057E+002 -0.715673544468859E+003 -0.715673544468859E+003
 -0.472010687326350E+000  0.679832537994156E+002 -0.360254034932010E+000  0.399155623396190E+000 -0.107536384819057E+002 -0.715671428242352E+003 -0.715671428242352E+003
  0.894437706956532E+001  0.677524742342123E+002 -0.361135196469766E+000  0.399872023425992E+000 -0.107536384819057E+002 -0.715664046566213E+003 -0.715664046566213E+003
 -0.256373615122226E+001  0.684563129418328E+002 -0.363397033062203E+000  0.401532657000758E+000 -0.107536384819057E+002 -0.715676411488289E+003 -0.715676411488289E+003
 -0.859962181341554E+001  0.684627658640924E+002 -0.363314744978213E+000  0.401140672461588E+000 -0.107536384819057E+002 -0.715673923939016E+003 -0.715673923939016E+003
 -0.953578190361302E+000  0.680207675527571E+002 -0.363330632759234E+000  0.401794201202704E+000 -0.107536384819057E+002 -0.715671375014725E+003 -0.715671375014725E+003
  0.639818537099470E+001  0.674685909236425E+002 -0.361944401863281E+000  0.401002618738824E+000 -0.107536384819057E+002 -0.715675685510666E+003 -0.715675685510666E+003
 -0.662494259008347E+001  0.680922954826843E+002 -0.362212836759663E+000  0.401358356581481E+000 -0.107536384819057E+002 -0.715674397544044E+003 -0.715674397544044E+003
 -0.957007346144169E+001  0.676222874698733E+002 -0.364314502494370E+000  0.401673494672013E+000 -0.107536384819057E+002 -0.715673958857621E+003 -0.715673958857621E+003
  0.501572609683911E+001  0.674240154655534E+002 -0.361424061044691E+000  0.400580266150219E+000 -0.107536384819057E+002 -0.715674297105150E+003 -0.715674297105150E+003
  0.622482812065050E+001  0.682372997342482E+002 -0.362693798961623E+000  0.401339229038590E+000 -0.107536384819057E+002 -0.715670198825945E+003 -0.715670198825945E+003
  0.111863779610454E+002  0.678088757038820E+002 -0.361820763395470E+000  0.400999209619805E+000 -0.107536384819057E+002 -0.715668084429155E+003 -0.715668084429155E+003
  0.116085873080131E+002  0.678395675393138E+002 -0.360883381962055E+000  0.400037161148688E+000 -0.107536384819057E+002 -0.715661928071782E+003 -0.715661928071782E+003
  0.267153998278337E+001  0.675242765743538E+002 -0.363358601276633E+000  0.401495574283528E+000 -0.107536384819057E+002 -0.715673779481024E+003 -0.715673779481024E+003
  0.117116234803352E+002  0.683415223635341E+002 -0.365069416661751E+000  0.401964229360651E+000 -0.107536384819057E+002 -0.715676862679084E+003 -0.715676862679084E+003
 -0.904302663714981E+001  0.683093374758970E+002 -0.363203764192964E+000  0.400612399783634E+000 -0.107536384819057E+002 -0.715674334479511E+003 -0.715674334479511E+003
 -0.758008400866363E+000  0.680519753346898E+002 -0.359981457096489E+000  0.399245372655630E+000 -0.107536384819057E+002 -0.715668925479737E+003 -0.715668925479737E+003
  0.276464686415746E+000  0.680903013945784E+002 -0.364477159771946E+000  0.401965578141647E+000 -0.107536384819057E+002 -0.715669060398349E+003 -0.715669060398349E+003
 -0.885977331784571E+001  0.684340185781099E+002 -0.361527196567616E+000  0.400558516432641E+000 -0.107536384819057E+002 -0.715675202466895E+003 -0.715675202466896E+003
  0.990456117191724E+001  0.679300540281404E+002 -0.364317398736577E+000  0.401367909404723E+000 -0.107536384819057E+002 -0.715670163718947E+003 -0.715670163718947E+003
 -0.131184628695681E+002  0.680658498458774E+002 -0.365029779015113E+000  0.401807451796463E+000 -0.107536384819057E+002 -0.715673282346274E+003 -0.715673282346274E+003
 -0.944894124012478E+001  0.681940407789783E+002 -0.362266377866550E+000  0.400524156348093E+000 -0.107536384819057E+002 -0.715663912042987E+003 -0.715663912042987E+003
  0.114847809669397E+002  0.681052452460544E+002 -0.365432792356771E+000  0.402129210351719E+000 -0.107536384819057E+002 -0.715675437550006E+003 -0.715675437550006E+003
  0.117725500016754E+002  0.674712352709526E+002 -0.362004538703718E+000  0.400627112171856E+000 -0.107536384819057E+002 -0.715670600295704E+003 -0.715670600295704E+003
  0.180996193100034E+001  0.679321682527249E+002 -0.364530920864731E+000  0.402297548718723E+000 -0.107536384819057E+002 -0.715674462418531E+003 -0.715674462418531E+003
 -0.356874850629847E+001  0.680586220124085E+002 -0.362906182792677E+000  0.400887925258796E+000 -0.107536384819057E+002 -0.715662023486089E+003 -0.715662023486089E+003
  0.624856856124444E+001  0.681129880868385E+002 -0.362267469571134E+000  0.400608572365398E+000 -0.107536384819057E+002 -0.715661850552150E+003 -0.715661850552150E+003
  0.781839513872620E+001  0.678152389377363E+002 -0.364293891187857E+000  0.402241748086666E+000 -0.107536384819057E+002 -0.715675902549908E+003 -0.715675902549908E+003
  0.436607484827684E+001  0.682024418781292E+002 -0.361416565097360E+000  0.399895100439500E+000 -0.107536384819057E+002 -0.715667663910923E+003 -0.715667663910923E+003
 -0.571770085858085E+001  0.679941743152552E+002 -0.360267751048579E+000  0.399482027123890E+000 -0.107536384819057E+002 -0.715665532531957E+003 -0.715665532531957E+003
 -0.226699193516348E+001  0.680761604522274E+002 -0.358869407482985E+000  0.398931810342804E+000 -0.107536384819057E+002 -0.715674860426492E+003 -0.715674860426492E+003
  0.310839914955903E+001  0.678346328338384E+002 -0.363523211715491E+000  0.400614349646395E+000 -0.107536384819057E+002 -0.715676873708976E+003 -0.715676873708976E+003
  0.823578027826196E+001  0.677304371179458E+002 -0.361493703469308E+000  0.399595773791354E+000 -0.107536384819057E+002 -0.715675380734833E+003 -0.715675380734833E+003
 -0.137396888705875E+001  0.682052570067501E+002 -0.360149433743881E+000  0.399537419848333E+000 -0.107536384819057E+002 -0.715669670181827E+003 -0.715669670181827E+003
  0.177233951843028E+001  0.680855315140116E+002 -0.361497711734880E+000  0.399991849901793E+000 -0.107536384819057E+002 -0.715664160997262E+003 -0.715664160997262E+003
 -0.891506629959412E+000  0.677471360366156E+002 -0.361196038244344E+000  0.400557803147135E+000 -0.107536384819057E+002 -0.715666191344502E+003 -0.715666191344502E+003
  0.778733139527495E+001  0.682771938351983E+002 -0.365261910020401E+000  0.402149270315640E+000 -0.107536384819057E+002 -0.715676252992327E+003 -0.715676252992328E+003
  0.113263523079482E+002  0.680911387335064E+002 -0.364126340338280E+000  0.402183417794145E+000 -0.107536384819057E+002 -0.715674989012784E+003 -0.715674989012784E+003
 -0.125556143318837E+002  0.683985598419143E+002 -0.361103134232326E+000  0.400016540055519E+000 -0.107536384819057E+002 -0.715672929338613E+003 -0.715672929338613E+003
  0.185306240730831E-001  0.678467893905197E+002 -0.362839302944140E+000  0.400734114841542E+000 -0.107536384819057E+002 -0.715663239765716E+003 -0.715663239765716E+003
 -0.711649018951156E+001  0.681158038559927E+002 -0.365479008306631E+000  0.402304656583477E+000 -0.107536384819057E+002 -0.715675481384477E+003 -0.715675481384477E+003
 -0.170508247186825E+001  0.680407215966353E+002 -0.359188404090849E+000  0.399312766569167E+000 -0.107536384819057E+002 -0.715672181293762E+003 -0.715672181293762E+003
  0.110723188735008E+001  0.676962482452021E+002 -0.361153880339786E+000  0.399608623607007E+000 -0.107536384819057E+002 -0.715670653320899E+003 -0.715670653320899E+003
 -0.569389705104748E+001  0.681373235519900E+002 -0.360220632097436E+000  0.399972498023590E+000 -0.107536384819057E+002 -0.715669776969341E+003 -0.715669776969341E+003
  0.102923629272659E+002  0.675569971048675E+002 -0.363196292955660E+000  0.400737204885875E+000 -0.107536384819057E+002 -0.715675140999611E+003 -0.715675140999612E+003
  0.785458234208479E+001  0.675009253297886E+002 -0.362875351548508E+000  0.401088222548950E+000 -0.107536384819057E+002 -0.715671495692765E+003 -0.715671495692765E+003
  0.575021136579576E+001  0.676125625340844E+002 -0.360517399430403E+000  0.399738146843397E+000 -0.107536384819057E+002 -0.715666814518832E+003 -0.715666814518832E+003
  0.110185022808090E+002  0.680223682023066E+002 -0.362831540696028E+000  0.401477326184208E+000 -0.107536384819057E+002 -0.715668189462375E+003 -0.715668189462375E+003
 -0.134826550664967E+002  0.677321316851995E+002 -0.363875871501780E+000  0.401464221228746E+000 -0.107536384819057E+002 -0.715667861742451E+003 -0.715667861742452E+003
 -0.564588961702254E+001  0.678795829396785E+002 -0.360475193729827E+000  0.399825495992902E+000 -0.107536384819057E+002 -0.715663043024034E+003 -0.715663043024034E+003
 -0.944868283271332E+001  0.681208222371603E+002 -0.360046096530845E+000  0.400050831361678E+000 -0.107536384819057E+002 -0.715673592174233E+003 -0.715673592174233E+003
 -0.107678574847437E+002  0.678265895155370E+002 -0.361202732080751E+000  0.399924993643773E+000 -0.107536384819057E+002 -0.715662769688984E+003 -0.715662769688984E+003
 -0.262227716616734E+001  0.676783206602024E+002 -0.362512659569696E+000  0.401137051007838E+000 -0.107536384819057E+002 -0.715666619438238E+003 -0.715666619438238E+003
 -0.805531178789458E-001  0.679312406992617E+002 -0.360706590485044E+000  0.399877068053184E+000 -0.107536384819057E+002 -0.715662328716495E+003 -0.715662328716495E+003
  0.969593660676455E+001  0.676539647365084E+002 -0.362589793540655E+000  0.401371807784587E+000 -0.107536384819057E+002 -0.715671550124668E+003 -0.715671550124668E+003
 -0.942434988450415E+001  0.677280217733588E+002 -0.363689056949043E+000  0.401439767786473E+000 -0.107536384819057E+002 -0.715666991214164E+003 -0.715666991214164E+003
 -0.990358386592478E+001  0.676222198427250E+002 -0.358797418361748E+000  0.398794112923028E+000 -0.107536384819057E+002 -0.715675807103479E+003 -0.715675807103479E+003
  0.429680838204431E+001  0.677813903570984E+002 -0.362458485456618E+000  0.401414119907587E+000 -0.107536384819057E+002 -0.715671819085422E+003 -0.715671819085423E+003
 -0.213167259338533E+000  0.675118725577190E+002 -0.361346919351336E+000  0.400399653294493E+000 -0.107536384819057E+002 -0.715669056796101E+003 -0.715669056796101E+003
 -0.957253148196097E+001  0.680536421108620E+002 -0.361584161128688E+000  0.400271619506077E+000 -0.107536384819057E+002 -0.715661390689282E+003 -0.715661390689282E+003
 -0.981765785725407E+001  0.679907041233119E+002 -0.363448464838546E+000  0.401448168424001E+000 -0.107536384819057E+002 -0.715663681915332E+003 -0.715663681915332E+003
  0.739760701168166E+001  0.677791833256462E+002 -0.361868594451857E+000  0.399816180494276E+000 -0.107536384819057E+002 -0.715673174419408E+003 -0.715673174419408E+003
  0.711070268389037E+001  0.683775268695233E+002 -0.362686806008902E+000  0.400519157684704E+000 -0.107536384819057E+002 -0.715672465335532E+003 -0.715672465335532E+003
 -0.370657395122427E+001  0.676332682436704E+002 -0.360378435465605E+000  0.399597265165442E+000 -0.107536384819057E+002 -0.715667189300049E+003 -0.715667189300049E+003
  0.127746346015744E+000  0.684518467379189E+002 -0.361944511715916E+000  0.400776132418102E+000 -0.107536384819057E+002 -0.715675372125948E+003 -0.715675372125948E+003
  0.521713015794849E+001  0.677576443822464E+002 -0.364173468794811E+000  0.402099190285804E+000 -0.107536384819057E+002 -0.715674151978597E+003 -0.715674151978597E+003
 -0.204309339589101E+001  0.681314598798326E+002 -0.364553864471692E+000  0.401422224568969E+000 -0.107536384819057E+002 -0.715672969238082E+003 -0.715672969238082E+003
 -0.456099571098861E+000  0.676891290470841E+002 -0.362154276228751E+000  0.400134947893499E+000 -0.107536384819057E+002 -0.715669930299739E+003 -0.715669930299739E+003
 -0.410687224633461E+001  0.681926454940389E+002 -0.364190120532179E+000  0.401580855792339E+000 -0.107536384819057E+002 -0.715668018810097E+003 -0.715668018810097E+003
 -0.856195681706051E+001  0.679569828001093E+002 -0.359786323238489E+000  0.399250118102522E+000 -0.107536384819057E+002 -0.715667570495244E+003 -0.715667570495244E+003
 -0.585024952008396E+001  0.681152300273135E+002 -0.359350063508049E+000  0.399186410569792E+000 -0.107536384819057E+002 -0.715672037385794E+003 -0.715672037385794E+003
 -0.125530878680255E+002  0.683730085028739E+002 -0.361365830074267E+000  0.399949854297584E+000 -0.107536384819057E+002 -0.715672495837702E+003 -0.715672495837702E+003
 -0.351281042725343E+000  0.677146177981090E+002 -0.359280228629401E+000  0.399178991081230E+000 -0.107536384819057E+002 -0.715670102471262E+003 -0.715670102471262E+003
  0.273821802960244E+001  0.681487766290955E+002 -0.363518739654045E+000  0.401554998689448E+000 -0.107536384819057E+002 -0.715666237896654E+003 -0.715666237896654E+003
 -0.223592176275192E+001  0.682077338336020E+002 -0.362568011921605E+000  0.400868690424198E+000 -0.107536384819057E+002 -0.715663898554808E+003 -0.715663898554808E+003
  0.907888795292885E+001  0.680337673666771E+002 -0.361333342122035E+000  0.400916402954341E+000 -0.107536384819057E+002 -0.715674054435993E+003 -0.715674054435993E+003
 -0.307748049765369E+000  0.683517449835309E+002 -0.361040537366385E+000  0.399824665943914E+000 -0.107536384819057E+002 -0.715672198471854E+003 -0.715672198471854E+003
  0.114670288815820E+002  0.684637975130966E+002 -0.362432758590960E+000  0.400845975382262E+000 -0.107536384819057E+002 -0.715673685445755E+003 -0.715673685445755E+003
  0.266046912803476E+001  0.678256116117495E+002 -0.364719806408596E+000  0.401464059973659E+000 -0.107536384819057E+002 -0.715676473799707E+003 -0.715676473799707E+003
  0.165353986134496E+001  0.678584836672334E+002 -0.359555653623541E+000  0.399683650846072E+000 -0.107536384819057E+002 -0.715670293896712E+003 -0.715670293896712E+003
 -0.357184128183357E+001  0.678988652713184E+002 -0.359151870749140E+000  0.399188098551150E+000 -0.107536384819057E+002 -0.715670185557885E+003 -0.715670185557886E+003
  0.109705080540766E+002  0.679111278352812E+002 -0.361456982841289E+000  0.399982575672837E+000 -0.107536384819057E+002 -0.715662892844741E+003 -0.715662892844741E+003
 -0.641409778069421E+001  0.681124323723681E+002 -0.360587115344335E+000  0.399936718447070E+000 -0.107536384819057E+002 -0.715665231671178E+003 -0.715665231671178E+003
 -0.113645080891429E+002  0.677367095480204E+002 -0.362150123393510E+000  0.401149549978426E+000 -0.107536384819057E+002 -0.715668876386379E+003 -0.715668876386379E+003
 -0.101193335340351E+000  0.676949442416993E+002 -0.359962479783122E+000  0.399744100147535E+000 -0.107536384819057E+002 -0.715667610181078E+003 -0.715667610181078E+003
 -0.136563934015228E+002  0.680603643564441E+002 -0.364141610413365E+000  0.402237515286652E+000 -0.107536384819057E+002 -0.715676221639710E+003 -0.715676221639710E+003
 -0.113308352745429E+002  0.675420474199723E+002 -0.361748617362066E+000  0.400520624671764E+000 -0.107536384819057E+002 -0.715667535712853E+003 -0.715667535712853E+003
  0.636123953426911E+001  0.683179694575923E+002 -0.360196656253273E+000  0.399302600677661E+000 -0.107536384819057E+002 -0.715676140962458E+003 -0.715676140962458E+003
 -0.878829541485169E+001  0.676530414426853E+002 -0.359241665228824E+000  0.399568976666036E+000 -0.107536384819057E+002 -0.715674595947092E+003 -0.715674595947092E+003
 -0.427381689229025E+001  0.679005018273709E+002 -0.363371458591726E+000  0.401188919208532E+000 -0.107536384819057E+002 -0.715662920533541E+003 -0.715662920533541E+003
 -0.129172427128908E+002  0.682249188089597E+002 -0.362843063161786E+000  0.401545090867855E+000 -0.107536384819057E+002 -0.715673589385668E+003 -0.715673589385668E+003
 -0.191056442589712E+001  0.684102130948972E+002 -0.363404027409093E+000  0.401418696233343E+000 -0.107536384819057E+002 -0.715672780589416E+003 -0.715672780589416E+003
  0.171265541382979E+001  0.676604849436588E+002 -0.359542381802068E+000  0.399498742958216E+000 -0.107536384819057E+002 -0.715669948586389E+003 -0.715669948586389E+003
 -0.126909121664067E+002  0.679063852666248E+002 -0.365096871004984E+000  0.401884261264214E+000 -0.107536384819057E+002 -0.715674030887123E+003 -0.715674030887123E+003
 -0.987301502934247E+001  0.682250132182133E+002 -0.364577514090443E+000  0.401543114864078E+000 -0.107536384819057E+002 -0.715672611478527E+003 -0.715672611478527E+003
  0.471582904208173E+000  0.678133665616705E+002 -0.363996863787416E+000  0.401150920970607E+000 -0.107536384819057E+002 -0.715671006314574E+003 -0.715671006314574E+003
 -0.784697502756939E+001  0.676317397301004E+002 -0.360421311282196E+000  0.400308300154433E+000 -0.107536384819057E+002 -0.715673159171425E+003 -0.715673159171425E+003
 -0.550840147070015E+001  0.677060515748363E+002 -0.359698611853954E+000  0.399395757255490E+000 -0.107536384819057E+002 -0.715667846256059E+003 -0.715667846256059E+003
  0.312623787957562E+001  0.674636078779440E+002 -0.361488330103633E+000  0.399870443645055E+000 -0.107536384819057E+002 -0.715675894115660E+003 -0.715675894115660E+003
 -0.427352599516132E+001  0.682522302073533E+002 -0.360643013759262E+000  0.399411912768870E+000 -0.107536384819057E+002 -0.715673665839342E+003 -0.715673665839342E+003
 -0.125086469901978E+002  0.679839294046524E+002 -0.362339602776147E+000  0.401329961039298E+000 -0.107536384819057E+002 -0.715670092602089E+003 -0.715670092602089E+003
  0.823176344875240E+001  0.675480106310097E+002 -0.362079424917600E+000  0.400935439767273E+000 -0.107536384819057E+002 -0.715670088683628E+003 -0.715670088683629E+003
  0.854321587873070E+001  0.681025380757106E+002 -0.359103388133300E+000  0.398987531751912E+000 -0.107536384819057E+002 -0.715673877342167E+003 -0.715673877342168E+003
 -0.354656248934551E+001  0.679406796620841E+002 -0.360103730549887E+000  0.399371419735834E+000 -0.107536384819057E+002 -0.715666213595220E+003 -0.715666213595220E+003
  0.219455484733808E+001  0.676881428682159E+002 -0.362871770876510E+000  0.401518019261957E+000 -0.107536384819057E+002 -0.715671578801836E+003 -0.715671578801836E+003
 -0.134290633030329E+002  0.681516510505754E+002 -0.360154201185469E+000  0.399455518980321E+000 -0.107536384819057E+002 -0.715668634992590E+003 -0.715668634992590E+003
 -0.132302707713360E+002  0.683758294994521E+002 -0.361639420826503E+000  0.400157404512694E+000 -0.107536384819057E+002 -0.715671128056631E+003 -0.715671128056631E+003
  0.239029378629669E+001  0.678760160182248E+002 -0.359522346297459E+000  0.399020754833298E+000 -0.107536384819057E+002 -0.715670044354001E+003 -0.715670044354001E+003
 -0.158119999980525E+001  0.681192025846848E+002 -0.360051373578938E+000  0.399622242171053E+000 -0.107536384819057E+002 -0.715667737307780E+003 -0.715667737307780E+003
 -0.119416725176292E+002  0.677235921219184E+002 -0.361015464593649E+000  0.400461802161893E+000 -0.107536384819057E+002 -0.715666713103931E+003 -0.715666713103931E+003
 -0.111308308482062E+002  0.679423792616162E+002 -0.363099954903503E+000  0.401585997886399E+000 -0.107536384819057E+002 -0.715667881110284E+003 -0.715667881110284E+003
  0.838915816111877E+001  0.677895148783561E+002 -0.363136550480800E+000  0.401073125903990E+000 -0.107536384819057E+002 -0.715663476493881E+003 -0.715663476493881E+003
  0.279535126302246E+001  0.679491987771916E+002 -0.362612357789338E+000  0.401031567797057E+000 -0.107536384819057E+002 -0.715661516378873E+003 -0.715661516378873E+003
 -0.588127380048220E+001  0.675708652769826E+002 -0.364152146130591E+000  0.401507421510837E+000 -0.107536384819057E+002 -0.715675329986031E+003 -0.715675329986031E+003
 -0.152977518071705E+001  0.676675115113653E+002 -0.362921270751389E+000  0.401416772484696E+000 -0.107536384819057E+002 -0.715669338217615E+003 -0.715669338217615E+003
  0.982349556876360E+001  0.676670214405240E+002 -0.361925890955895E+000  0.400080897185995E+000 -0.107536384819057E+002 -0.715668846057852E+003 -0.715668846057852E+003
 -0.108987587310652E+002  0.683412719981887E+002 -0.362021999302037E+000  0.401112230876491E+000 -0.107536384819057E+002 -0.715676761480919E+003 -0.715676761480919E+003
  0.197904156435336E+001  0.681630565983689E+002 -0.363900732626307E+000  0.400851173660889E+000 -0.107536384819057E+002 -0.715676457036340E+003 -0.715676457036340E+003
  0.414595065456006E+001  0.676445413558648E+002 -0.359731014218525E+000  0.399757939327090E+000 -0.107536384819057E+002 -0.715671203954266E+003 -0.715671203954266E+003
 -0.763558025110095E+001  0.684072729106818E+002 -0.360500233260943E+000  0.399882433117087E+000 -0.107536384819057E+002 -0.715676200433110E+003 -0.715676200433110E+003
 -0.590134049502494E+001  0.683978861033046E+002 -0.363672436326924E+000  0.401605577470662E+000 -0.107536384819057E+002 -0.715673569000889E+003 -0.715673569000889E+003
 -0.800672396728262E+001  0.681917630362858E+002 -0.360414115014039E+000  0.400291609483724E+000 -0.107536384819057E+002 -0.715675286018057E+003 -0.715675286018057E+003
  0.101508270312012E+002  0.678545354323745E+002 -0.359011476829139E+000  0.398961172353341E+000 -0.107536384819057E+002 -0.715671361670880E+003 -0.715671361670880E+003
 -0.431785095144864E+001  0.676919595592990E+002 -0.361453569206737E+000  0.400995802657327E+000 -0.107536384819057E+002 -0.715675492158937E+003 -0.715675492158937E+003
 -0.247830770732485E+001  0.675624269730462E+002 -0.361714211077210E+000  0.399838681809602E+000 -0.107536384819057E+002 -0.715675750188786E+003 -0.715675750188786E+003
 -0.688235647101978E+001  0.677602116029862E+002 -0.360080811155952E+000  0.399631786125681E+000 -0.107536384819057E+002 -0.715665316208404E+003 -0.715665316208404E+003
