  0.131366353210114E+002  0.678072438232217E+002 -0.415335330220757E+000  0.471127819878626E+000 -0.114467856624657E+002 -0.709029561909649E+003 -0.709029561909649E+003 -0.709097307720376E+003
  0.126621859265649E+001  0.681557678154795E+002 -0.413729074507823E+000  0.468593833692294E+000 -0.114467856624657E+002 -0.709040366584406E+003 -0.709040366584406E+003 -0.709191910124417E+003
  0.129059558932894E+002  0.677175370564503E+002 -0.411355558605649E+000  0.469306783982194E+000 -0.114467856624657E+002 -0.709043617421895E+003 -0.709043617421895E+003 -0.709072660062456E+003
  0.123644351431495E+002  0.680952330701380E+002 -0.414366434398976E+000  0.473000262302696E+000 -0.114467856624657E+002 -0.709043848603104E+003 -0.709043848603104E+003 -0.709095742934338E+003
  0.104243548861247E+002  0.678888031473681E+002 -0.419674912783428E+000  0.481786865413611E+000 -0.114467856624657E+002 -0.709043924609481E+003 -0.709043924609481E+003 -0.709047239402655E+003
  0.698881750440318E+001  0.677468392859715E+002 -0.415990030791240E+000  0.474523912523330E+000 -0.114467856624657E+002 -0.709029537498901E+003 -0.709029537498901E+003 -0.709046911090664E+003
  0.118506554614359E+002  0.679415286601177E+002 -0.415903040588434E+000  0.466668324158242E+000 -0.114467856624657E+002 -0.709040559933876E+003 -0.709040559933876E+003 -0.709053049043762E+003
  0.176527106609872E+002  0.674066918931552E+002 -0.411949018440467E+000  0.470615911791608E+000 -0.114467856624657E+002 -0.709042526682760E+003 -0.709042526682760E+003 -0.709081411321663E+003
  0.839047771437250E+001  0.681270252410737E+002 -0.416992294601846E+000  0.472963064016582E+000 -0.114467856624657E+002 -0.709034775107503E+003 -0.709034775107503E+003 -0.709053943869558E+003
  0.110815453322106E+002  0.671734147057159E+002 -0.419237404836890E+000  0.479848141426213E+000 -0.114467856624657E+002 -0.709038460515161E+003 -0.709038460515161E+003 -0.709084559706630E+003
  0.526425687235048E+001  0.678820900540658E+002 -0.414933554089409E+000  0.466202041785799E+000 -0.114467856624657E+002 -0.709039424925805E+003 -0.709039424925805E+003 -0.709045222938799E+003
  0.145963820093198E+002  0.676674054507755E+002 -0.415153758831099E+000  0.474957067804205E+000 -0.114467856624657E+002 -0.709032572325199E+003 -0.709032572325199E+003 -0.709050243215384E+003
  0.687857263525624E+001  0.679355890618602E+002 -0.422615358397102E+000  0.479924388415192E+000 -0.114467856624657E+002 -0.709042137947245E+003 -0.709042137947245E+003 -0.709116912780036E+003
  0.166349969638820E+002  0.672436267630119E+002 -0.417666961114088E+000  0.480808747004138E+000 -0.114467856624657E+002 -0.709039150703965E+003 -0.709039150703965E+003 -0.709045453903407E+003
  0.182727286079555E+002  0.682547275030635E+002 -0.414824332846270E+000  0.470729789104166E+000 -0.114467856624657E+002 -0.709043057614267E+003 -0.709043057614267E+003 -0.709060846573356E+003
  0.104678076671817E+002  0.676704525344950E+002 -0.415260698596135E+000  0.466776023287037E+000 -0.114467856624657E+002 -0.709041800206124E+003 -0.709041800206124E+003 -0.709044568966695E+003
  0.113088650008560E+002  0.679336899248777E+002 -0.420483993486536E+000  0.480516556106451E+000 -0.114467856624657E+002 -0.709038950653872E+003 -0.709038950653872E+003 -0.709788282465989E+003
  0.126508232936810E+002  0.677742411122220E+002 -0.421270257540072E+000  0.474894190063574E+000 -0.114467856624657E+002 -0.709042404296439E+003 -0.709042404296439E+003 -0.709047522019883E+003
  0.996377057269717E+001  0.674848983163656E+002 -0.412457778125359E+000  0.470926980703802E+000 -0.114467856624657E+002 -0.709039059735693E+003 -0.709039059735693E+003 -0.709106400003156E+003
  0.175644488080604E+002  0.676366541712954E+002 -0.416363720273489E+000  0.479594636865816E+000 -0.114467856624657E+002 -0.709042332723111E+003 -0.709042332723111E+003 -0.709054741309307E+003
  0.130608865583275E+002  0.672826396963844E+002 -0.416757658193291E+000  0.479050675537272E+000 -0.114467856624657E+002 -0.709036843118247E+003 -0.709036843118247E+003 -0.709048249078756E+003
  0.763560340103808E+000  0.676425610667507E+002 -0.416443549806467E+000  0.469317221319252E+000 -0.114467856624657E+002 -0.709036713573846E+003 -0.709036713573846E+003 -0.709055620622469E+003
  0.111636808882598E+002  0.671780802233349E+002 -0.414844089825546E+000  0.474631614794805E+000 -0.114467856624657E+002 -0.709039341713856E+003 -0.709039341713856E+003 -0.709122973882352E+003
  0.109791262743089E+002  0.678444971019261E+002 -0.413115562807159E+000  0.468467901562109E+000 -0.114467856624657E+002 -0.709035302593224E+003 -0.709035302593224E+003 -0.709049157599891E+003
  0.100951646121724E+002  0.670614738256415E+002 -0.416213244916643E+000  0.476295701697719E+000 -0.114467856624657E+002 -0.709042127440366E+003 -0.709042127440366E+003 -0.709051753517646E+003
  0.187981139721947E+002  0.675118851598812E+002 -0.422520688345305E+000  0.480968341745606E+000 -0.114467856624657E+002 -0.709040801297000E+003 -0.709040801297000E+003 -0.709049601192977E+003
  0.251128737883045E+001  0.681791523306728E+002 -0.420563083034858E+000  0.478068894043346E+000 -0.114467856624657E+002 -0.709042803417642E+003 -0.709042803417642E+003 -0.709055513487473E+003
  0.967376851408569E+001  0.673294265244281E+002 -0.419863969612349E+000  0.475531180157955E+000 -0.114467856624657E+002 -0.709042748556205E+003 -0.709042748556205E+003 -0.709044119501762E+003
  0.167667134616804E+002  0.678877015040805E+002 -0.415106440406034E+000  0.475671251167369E+000 -0.114467856624657E+002 -0.709040380636285E+003 -0.709040380636285E+003 -0.709046089863076E+003
  0.122096111688466E+001  0.679181139146792E+002 -0.415966915009605E+000  0.470359849451106E+000 -0.114467856624657E+002 -0.709030866740687E+003 -0.709030866740687E+003 -0.709053676698097E+003
  0.911539347394492E+001  0.674217732071865E+002 -0.420380098581065E+000  0.480163551545859E+000 -0.114467856624657E+002 -0.709034118234044E+003 -0.709034118234044E+003 -0.709047876643647E+003
  0.956446016696583E+001  0.677224146150896E+002 -0.412657159178971E+000  0.468088700656242E+000 -0.114467856624657E+002 -0.709036406916245E+003 -0.709036406916245E+003 -0.709050195539040E+003
  0.142630618601078E+002  0.677932742619914E+002 -0.415635656089405E+000  0.469744274000673E+000 -0.114467856624657E+002 -0.709031224794572E+003 -0.709031224794572E+003 -0.709053767943535E+003
  0.124949528892492E+002  0.675145282122286E+002 -0.416960461389058E+000  0.477266868876778E+000 -0.114467856624657E+002 -0.709030376142146E+003 -0.709030376142146E+003 -0.709046209886619E+003
  0.415324321939803E+001  0.679356651211821E+002 -0.421372906423920E+000  0.478888417888594E+000 -0.114467856624657E+002 -0.709037211688328E+003 -0.709037211688328E+003 -0.709060134074153E+003
  0.174351194474486E+002  0.680120031563333E+002 -0.416216442886583E+000  0.475589281198014E+000 -0.114467856624657E+002 -0.709038414618407E+003 -0.709038414618407E+003 -0.709059387501233E+003
  0.872178272785420E+001  0.676652728291517E+002 -0.416693091806620E+000  0.474342688314904E+000 -0.114467856624657E+002 -0.709027662180631E+003 -0.709027662180631E+003 -0.709132186578242E+003
  0.150916316780975E+002  0.673518207716814E+002 -0.419033610630177E+000  0.473605065597001E+000 -0.114467856624657E+002 -0.709043821407954E+003 -0.709043821407954E+003 -0.709268574165089E+003
  0.760041764297729E+001  0.678779622407191E+002 -0.416734250869914E+000  0.474521119427818E+000 -0.114467856624657E+002 -0.709029876728041E+003 -0.709029876728041E+003 -0.709074106120023E+003
  0.434881570975917E+001  0.680115122894118E+002 -0.420459855538501E+000  0.477816312289669E+000 -0.114467856624657E+002 -0.709036207515757E+003 -0.709036207515757E+003 -0.709058293110587E+003
  0.692120398923091E+001  0.679221915495868E+002 -0.412290227496174E+000  0.468712015445970E+000 -0.114467856624657E+002 -0.709040266338210E+003 -0.709040266338210E+003 -0.709044168484510E+003
  0.157983246937794E+002  0.673821313242344E+002 -0.414500799009953E+000  0.469577113837527E+000 -0.114467856624657E+002 -0.709038864123255E+003 -0.709038864123255E+003 -0.709651457432409E+003
  0.175138185548333E+002  0.675839828193231E+002 -0.414897802979739E+000  0.468787248983209E+000 -0.114467856624657E+002 -0.709035441899472E+003 -0.709035441899472E+003 -0.709059840598072E+003
  0.799821220911932E+001  0.675709836394510E+002 -0.417431946237253E+000  0.476262795888891E+000 -0.114467856624657E+002 -0.709028243656977E+003 -0.709028243656977E+003 -0.709089204209477E+003
  0.153023841921345E+002  0.677627293757532E+002 -0.418521248064400E+000  0.475642171465890E+000 -0.114467856624657E+002 -0.709028425736489E+003 -0.709028425736489E+003 -0.709045259246674E+003
  0.347812978489122E+001  0.672603898479018E+002 -0.419896580881193E+000  0.479501697919859E+000 -0.114467856624657E+002 -0.709037045158621E+003 -0.709037045158621E+003 -0.709077538103836E+003
  0.121420918853308E+002  0.676967934338090E+002 -0.419711225321718E+000  0.475837159943818E+000 -0.114467856624657E+002 -0.709031476477426E+003 -0.709031476477426E+003 -0.709048134004099E+003
  0.117364606306596E+002  0.679439091974085E+002 -0.411435399227432E+000  0.466175192914449E+000 -0.114467856624657E+002 -0.709043485081720E+003 -0.709043485081720E+003 -0.709044254147378E+003
  0.145384441530758E+002  0.678815124890435E+002 -0.414166419509055E+000  0.466466705845931E+000 -0.114467856624657E+002 -0.709037163378148E+003 -0.709037163378148E+003 -0.709072977342813E+003
  0.101701821904974E+002  0.673974802721850E+002 -0.421806976732632E+000  0.484411822075606E+000 -0.114467856624657E+002 -0.709042381805976E+003 -0.709042381805976E+003 -0.709047660138149E+003
  0.110815878633246E+001  0.675810351173768E+002 -0.416486985974819E+000  0.477336994523765E+000 -0.114467856624657E+002 -0.709032130382728E+003 -0.709032130382728E+003 -0.709065912711400E+003
  0.168965305114490E+002  0.678759131925138E+002 -0.417035139144609E+000  0.475357747441770E+000 -0.114467856624657E+002 -0.709030473739253E+003 -0.709030473739253E+003 -0.709053077529101E+003
  0.193406075579798E+002  0.675498746441014E+002 -0.416511135686862E+000  0.474562598413297E+000 -0.114467856624657E+002 -0.709028409757390E+003 -0.709028409757390E+003 -0.709054502654836E+003
  0.590684505644687E+001  0.674126915916272E+002 -0.419336611808360E+000  0.480040091580911E+000 -0.114467856624657E+002 -0.709032787423251E+003 -0.709032787423251E+003 -0.709067014671435E+003
  0.101763903530538E+002  0.680281422918787E+002 -0.421466552885808E+000  0.480290921833810E+000 -0.114467856624657E+002 -0.709041845046309E+003 -0.709041845046309E+003 -0.709051989238876E+003
  0.118385825903732E+002  0.672684648875210E+002 -0.416113455296817E+000  0.477897335594700E+000 -0.114467856624657E+002 -0.709036718616644E+003 -0.709036718616644E+003 -0.709053943869558E+003
  0.165131398949122E+002  0.677933201860576E+002 -0.421166348516616E+000  0.474427202054237E+000 -0.114467856624657E+002 -0.709043072304888E+003 -0.709043072304888E+003 -0.709071061497584E+003
  0.151946865427016E+002  0.673852105523856E+002 -0.417848464523250E+000  0.475887071810773E+000 -0.114467856624657E+002 -0.709031469945552E+003 -0.709031469945552E+003 -0.709059387501233E+003
  0.286111797121485E+001  0.681804532720031E+002 -0.418571836342172E+000  0.474933946015257E+000 -0.114467856624657E+002 -0.709037730155333E+003 -0.709037730155333E+003 -0.709062670010623E+003
  0.507472109608988E+001  0.680571571934761E+002 -0.419137943844933E+000  0.479119164387809E+000 -0.114467856624657E+002 -0.709041644056428E+003 -0.709041644056428E+003 -0.709045029756886E+003
  0.432437848689992E+001  0.680972259437127E+002 -0.416858148260463E+000  0.467112018130571E+000 -0.114467856624657E+002 -0.709043132079181E+003 -0.709043132079181E+003 -0.709073007864553E+003
  0.157461180828246E+002  0.674397936955841E+002 -0.419866479610243E+000  0.482207016597901E+000 -0.114467856624657E+002 -0.709036614244408E+003 -0.709036614244408E+003 -0.709047522019883E+003
  0.125926404849346E+002  0.677613673921295E+002 -0.419552869890837E+000  0.482420739980060E+000 -0.114467856624657E+002 -0.709042849547975E+003 -0.709042849547975E+003 -0.709056269329257E+003
  0.814223519374190E+001  0.676937422589041E+002 -0.416474740808135E+000  0.479626181227654E+000 -0.114467856624657E+002 -0.709043234693722E+003 -0.709043234693722E+003 -0.709044091736557E+003
  0.106790869980524E+002  0.682655323128963E+002 -0.414818459466118E+000  0.468863829064968E+000 -0.114467856624657E+002 -0.709041544600466E+003 -0.709041544600466E+003 -0.709047239402655E+003
  0.104750290023605E+002  0.678311023703801E+002 -0.418796269696726E+000  0.480706407156294E+000 -0.114467856624657E+002 -0.709040137631329E+003 -0.709040137631329E+003 -0.709053214035495E+003
  0.185378531331507E+002  0.674287647196032E+002 -0.417181641067123E+000  0.475248828951596E+000 -0.114467856624657E+002 -0.709030130821747E+003 -0.709030130821747E+003 -0.709045836171127E+003
  0.317258198767382E+001  0.679820092020194E+002 -0.416536519803948E+000  0.473763975627941E+000 -0.114467856624657E+002 -0.709031812047043E+003 -0.709031812047043E+003 -0.709113752414830E+003
  0.176189329041061E+002  0.672428825159105E+002 -0.412705962276773E+000  0.471510052458938E+000 -0.114467856624657E+002 -0.709043425126226E+003 -0.709043425126226E+003 -0.709048249078756E+003
  0.353047593412869E+001  0.672712449318200E+002 -0.420767475312099E+000  0.482082088034247E+000 -0.114467856624657E+002 -0.709039104168010E+003 -0.709039104168010E+003 -0.709047136516347E+003
  0.156332404439394E+002  0.675984197353391E+002 -0.420231076945747E+000  0.481719983668837E+000 -0.114467856624657E+002 -0.709035448558338E+003 -0.709035448558338E+003 -0.709048058247944E+003
  0.508679354731465E+001  0.676526468845023E+002 -0.416496448908528E+000  0.479562819413156E+000 -0.114467856624657E+002 -0.709041667932887E+003 -0.709041667932887E+003 -0.709098745606325E+003
  0.133518546653451E+002  0.683217397595191E+002 -0.415201190893343E+000  0.469572643177295E+000 -0.114467856624657E+002 -0.709043569844386E+003 -0.709043569844386E+003 -0.709060597613160E+003
  0.143812170538648E+002  0.671999788855333E+002 -0.415498389879682E+000  0.473804387542270E+000 -0.114467856624657E+002 -0.709038186599003E+003 -0.709038186599003E+003 -0.709177378428720E+003
  0.106631127270135E+002  0.674804956187683E+002 -0.416829368117340E+000  0.475401099420324E+000 -0.114467856624657E+002 -0.709029119002519E+003 -0.709029119002519E+003 -0.709096490863937E+003
  0.563801439398493E+001  0.672009588773258E+002 -0.417392810385191E+000  0.477959641545364E+000 -0.114467856624657E+002 -0.709036036805563E+003 -0.709036036805563E+003 -0.709051510982434E+003
  0.140994491687116E+002  0.679975660602642E+002 -0.420639108241393E+000  0.480251595498165E+000 -0.114467856624657E+002 -0.709040369064241E+003 -0.709040369064241E+003 -0.709052372609149E+003
  0.836759204338077E+001  0.677033297652510E+002 -0.412044642724311E+000  0.468632128781937E+000 -0.114467856624657E+002 -0.709038751114512E+003 -0.709038751114512E+003 -0.709054502654836E+003
  0.342263169186029E+001  0.678805266285522E+002 -0.412894417701075E+000  0.471016940521119E+000 -0.114467856624657E+002 -0.709039737124898E+003 -0.709039737124898E+003 -0.709202355014176E+003
  0.179547136349363E+001  0.674564477829895E+002 -0.417144531833741E+000  0.470540875250815E+000 -0.114467856624657E+002 -0.709041086548913E+003 -0.709041086548913E+003 -0.709049892343712E+003
  0.248295274707431E+001  0.671339326237474E+002 -0.416980489829697E+000  0.477206847395950E+000 -0.114467856624657E+002 -0.709038483185802E+003 -0.709038483185802E+003 -0.709069970323324E+003
  0.113701126854301E+001  0.680283554815550E+002 -0.414586312155778E+000  0.472396877518476E+000 -0.114467856624657E+002 -0.709037898554797E+003 -0.709037898554797E+003 -0.709053767943535E+003
  0.191975111733143E+002  0.682331601496334E+002 -0.418211526326301E+000  0.470177696569673E+000 -0.114467856624657E+002 -0.709041534305987E+003 -0.709041534305987E+003 -0.709276170576488E+003
  0.140727175666715E+002  0.672705450059832E+002 -0.419307145628222E+000  0.480354952715270E+000 -0.114467856624657E+002 -0.709035768639364E+003 -0.709035768639364E+003 -0.709045259246674E+003
  0.166200031351387E+002  0.677858566830349E+002 -0.417599842449454E+000  0.475201455543708E+000 -0.114467856624657E+002 -0.709028084157899E+003 -0.709028084157899E+003 -0.709049635845875E+003
  0.404743052749345E+001  0.674162732192676E+002 -0.415426439484308E+000  0.469045268687961E+000 -0.114467856624657E+002 -0.709041463073741E+003 -0.709041463073741E+003 -0.709045275873993E+003
  0.982772497376087E+001  0.675237900319632E+002 -0.417931281927487E+000  0.473928934367887E+000 -0.114467856624657E+002 -0.709031241733080E+003 -0.709031241733080E+003 -0.709056396551012E+003
  0.153223593056697E+002  0.673070992347124E+002 -0.417783694637326E+000  0.475352542549462E+000 -0.114467856624657E+002 -0.709034545474828E+003 -0.709034545474828E+003 -0.709053943869558E+003
  0.852364699601864E+001  0.681895657143803E+002 -0.417239168773234E+000  0.471077398615217E+000 -0.114467856624657E+002 -0.709036672281389E+003 -0.709036672281389E+003 -0.709062614512090E+003
  0.703298768228278E+001  0.675299400815412E+002 -0.414406327222927E+000  0.472026384298022E+000 -0.114467856624657E+002 -0.709031782164996E+003 -0.709031782164996E+003 -0.709049544383611E+003
  0.133449689532920E+002  0.674531107501737E+002 -0.413511117331917E+000  0.467193779152863E+000 -0.114467856624657E+002 -0.709042501760738E+003 -0.709042501760738E+003 -0.709048249078756E+003
  0.151016494363487E+002  0.680188374637078E+002 -0.420592174971272E+000  0.476571151254191E+000 -0.114467856624657E+002 -0.709036369505514E+003 -0.709036369505514E+003 -0.709056396551012E+003
  0.938230650480761E+001  0.670781982448918E+002 -0.417030663918170E+000  0.479557011530616E+000 -0.114467856624657E+002 -0.709042246180911E+003 -0.709042246180911E+003 -0.709058814765967E+003
  0.117018964169264E+002  0.681914485327207E+002 -0.417798902310772E+000  0.476427600448926E+000 -0.114467856624657E+002 -0.709043114073731E+003 -0.709043114073731E+003 -0.709050800636950E+003
  0.182388444806489E+002  0.680201983835870E+002 -0.419937760773379E+000  0.472857032327584E+000 -0.114467856624657E+002 -0.709039265950015E+003 -0.709039265950015E+003 -0.709045029756886E+003
  0.167980567941927E+002  0.674463881265328E+002 -0.418385985663809E+000  0.475003108794048E+000 -0.114467856624657E+002 -0.709032499777924E+003 -0.709032499777924E+003 -0.709069730488623E+003
  0.142488359503203E+002  0.676027592397592E+002 -0.413337690480203E+000  0.467706287075006E+000 -0.114467856624657E+002 -0.709036911103539E+003 -0.709036911103539E+003 -0.709065640177967E+003
  0.142568144202793E+002  0.675552495243920E+002 -0.414560259205304E+000  0.476506055393121E+000 -0.114467856624657E+002 -0.709039530724732E+003 -0.709039530724732E+003 -0.709044254147378E+003
  0.793052211411023E+001  0.672920472783561E+002 -0.416514492398044E+000  0.473545180816952E+000 -0.114467856624657E+002 -0.709035754068155E+003 -0.709035754068155E+003 -0.709050804830391E+003
  0.125553767625572E+002  0.677858867126401E+002 -0.421316350517149E+000  0.476332781503420E+000 -0.114467856624657E+002 -0.709038273028126E+003 -0.709038273028126E+003 -0.709045029756886E+003
  0.615971609248373E+001  0.674499163345751E+002 -0.422248159296785E+000  0.483078459992594E+000 -0.114467856624657E+002 -0.709040523045847E+003 -0.709040523045847E+003 -0.709048816759512E+003
  0.181838775110921E+002  0.675063424399549E+002 -0.418218457649635E+000  0.475962076104120E+000 -0.114467856624657E+002 -0.709029386393400E+003 -0.709029386393400E+003 -0.709063660209044E+003
  0.191722191003179E+002  0.678112217506214E+002 -0.422734152227221E+000  0.478733333239520E+000 -0.114467856624657E+002 -0.709042614416264E+003 -0.709042614416264E+003 -0.709046061549055E+003
  0.114575953756811E+002  0.678105405799878E+002 -0.417776607666203E+000  0.471909528998683E+000 -0.114467856624657E+002 -0.709031316945576E+003 -0.709031316945576E+003 -0.709049915905810E+003
  0.138148747234909E+002  0.676619800608501E+002 -0.417020719571983E+000  0.472731482302617E+000 -0.114467856624657E+002 -0.709028896848213E+003 -0.709028896848213E+003 -0.709048398431806E+003
  0.307758431768863E+001  0.680049734115063E+002 -0.417558098335885E+000  0.476148789086040E+000 -0.114467856624657E+002 -0.709034643565803E+003 -0.709034643565803E+003 -0.709058293110587E+003
  0.152914168994485E+002  0.679327069124187E+002 -0.416675024315639E+000  0.469806475901785E+000 -0.114467856624657E+002 -0.709033015437062E+003 -0.709033015437062E+003 -0.709063103786762E+003
  0.460299428551148E+001  0.680515912154033E+002 -0.415697266527428E+000  0.473039776501515E+000 -0.114467856624657E+002 -0.709035295461979E+003 -0.709035295461979E+003 -0.709057336665453E+003
  0.134682562683833E+002  0.673361811564183E+002 -0.412399024608362E+000  0.468465114066840E+000 -0.114467856624657E+002 -0.709043851935281E+003 -0.709043851935281E+003 -0.709077482401218E+003
  0.179327731503826E+002  0.680422697657229E+002 -0.419372464091233E+000  0.472062359887416E+000 -0.114467856624657E+002 -0.709038550713356E+003 -0.709038550713356E+003 -0.709044863989324E+003
  0.166315721208499E+001  0.675604667375172E+002 -0.415648675443468E+000  0.477106212420092E+000 -0.114467856624657E+002 -0.709035104091024E+003 -0.709035104091024E+003 -0.709057581039521E+003
  0.122293080996600E+001  0.681705311826962E+002 -0.417299244010474E+000  0.467669381717569E+000 -0.114467856624657E+002 -0.709043853985323E+003 -0.709043853985323E+003 -0.709067770070417E+003
  0.829116516648127E+001  0.679272292395269E+002 -0.417290707806570E+000  0.478121968882929E+000 -0.114467856624657E+002 -0.709039285412204E+003 -0.709039285412204E+003 -0.709045572837903E+003
  0.149098734948958E+002  0.670819999161650E+002 -0.417367250924801E+000  0.480650732666951E+000 -0.114467856624657E+002 -0.709043410862241E+003 -0.709043410862241E+003 -0.709044147192332E+003
  0.137837676108186E+002  0.676500153942433E+002 -0.416226178583432E+000  0.477598251619423E+000 -0.114467856624657E+002 -0.709034875838450E+003 -0.709034875838450E+003 -0.709044863989324E+003
  0.155470219298874E+002  0.671543703146443E+002 -0.415999969543869E+000  0.477691769116718E+000 -0.114467856624657E+002 -0.709039537623905E+003 -0.709039537623905E+003 -0.709063061527138E+003
  0.150176137095874E+002  0.676661115924585E+002 -0.416561439940078E+000  0.478561749268772E+000 -0.114467856624657E+002 -0.709037047226718E+003 -0.709037047226718E+003 -0.709275910865680E+003
  0.149625516787114E+002  0.672534779551512E+002 -0.414686301544840E+000  0.475591791375903E+000 -0.114467856624657E+002 -0.709038320094536E+003 -0.709038320094536E+003 -0.709048033642512E+003
  0.392119969806553E+001  0.677023374113203E+002 -0.415133270960946E+000  0.470998006091243E+000 -0.114467856624657E+002 -0.709029726293781E+003 -0.709029726293781E+003 -0.709045275873993E+003
  0.114135080349801E+002  0.680886533916426E+002 -0.416307030604254E+000  0.470145659030939E+000 -0.114467856624657E+002 -0.709034017039758E+003 -0.709034017039758E+003 -0.709053943869558E+003
  0.733252238668327E+001  0.681318009719649E+002 -0.415664193126105E+000  0.466684191920433E+000 -0.114467856624657E+002 -0.709040667183668E+003 -0.709040667183668E+003 -0.709047597176268E+003
  0.105973643794654E+002  0.672923642025900E+002 -0.414481013592028E+000  0.476790391750357E+000 -0.114467856624657E+002 -0.709041217882206E+003 -0.709041217882206E+003 -0.709045029756886E+003
  0.694106013657390E+001  0.680406914321185E+002 -0.416449055899234E+000  0.474377937068723E+000 -0.114467856624657E+002 -0.709035101193015E+003 -0.709035101193015E+003 -0.709045572837903E+003
  0.164236695666611E+002  0.674612438587350E+002 -0.416370364992058E+000  0.477917979321912E+000 -0.114467856624657E+002 -0.709033833272312E+003 -0.709033833272312E+003 -0.709044568966695E+003
  0.842294031915504E+001  0.676184571373502E+002 -0.419631298829054E+000  0.478562095659065E+000 -0.114467856624657E+002 -0.709030258026554E+003 -0.709030258026554E+003 -0.709045275873993E+003
 -0.180854551994268E+002  0.680420848716590E+002 -0.416072908172127E+000  0.469562784261552E+000 -0.114467856624657E+002 -0.709033624652024E+003 -0.709033624652024E+003 -0.709075168242489E+003
 -0.138016601031850E+001  0.675197677787689E+002 -0.422742587200768E+000  0.482244015405881E+000 -0.114467856624657E+002 -0.709041242629681E+003 -0.709041242629681E+003 -0.709051787713744E+003
 -0.592360434675118E+001  0.676687521331423E+002 -0.415771477935956E+000  0.470177695413462E+000 -0.114467856624657E+002 -0.709031617616891E+003 -0.709031617616891E+003 -0.709172923778030E+003
 -0.194213001260585E+002  0.681402854954974E+002 -0.420987826185480E+000  0.475792070429028E+000 -0.114467856624657E+002 -0.709041363656449E+003 -0.709041363656449E+003 -0.709083666791103E+003
 -0.137332534159574E+002  0.681267115450283E+002 -0.415203418300167E+000  0.465524413906286E+000 -0.114467856624657E+002 -0.709043105999815E+003 -0.709043105999815E+003 -0.709048510432224E+003
 -0.123589735462469E+002  0.674732468920060E+002 -0.422438966118677E+000  0.482395270814133E+000 -0.114467856624657E+002 -0.709040501598247E+003 -0.709040501598247E+003 -0.709067594094728E+003
 -0.111621127506487E+002  0.677947706335650E+002 -0.420744208134247E+000  0.475439063881668E+000 -0.114467856624657E+002 -0.709036847439264E+003 -0.709036847439264E+003 -0.709132541637072E+003
 -0.192717556017672E+002  0.675926754090085E+002 -0.422715478970048E+000  0.480774370881061E+000 -0.114467856624657E+002 -0.709040968775989E+003 -0.709040968775989E+003 -0.709070371381405E+003
 -0.171630828644318E+002  0.679408326013686E+002 -0.419369164628580E+000  0.471161250033852E+000 -0.114467856624657E+002 -0.709041262760570E+003 -0.709041262760570E+003 -0.709045544164831E+003
 -0.164762222022474E+002  0.681663515964673E+002 -0.417599903871127E+000  0.474707573638798E+000 -0.114467856624657E+002 -0.709037851427014E+003 -0.709037851427014E+003 -0.709047624185187E+003
 -0.759565136075846E+001  0.678709912937980E+002 -0.418459545760180E+000  0.474210370433923E+000 -0.114467856624657E+002 -0.709029722468434E+003 -0.709029722468434E+003 -0.709155277589625E+003
 -0.132811531497277E+002  0.678971635415676E+002 -0.418015151416462E+000  0.472463859733732E+000 -0.114467856624657E+002 -0.709031011989351E+003 -0.709031011989351E+003 -0.709050228897561E+003
 -0.898403274400887E+001  0.673859287864256E+002 -0.415778041878658E+000  0.475483374634287E+000 -0.114467856624657E+002 -0.709032104255520E+003 -0.709032104255520E+003 -0.709402935101044E+003
 -0.194205933806887E+002  0.674417493312470E+002 -0.412662852693697E+000  0.468442047478133E+000 -0.114467856624657E+002 -0.709040066703234E+003 -0.709040066703234E+003 -0.709063211117178E+003
 -0.186331370957202E+002  0.681152127327723E+002 -0.412599384229474E+000  0.466032455912359E+000 -0.114467856624657E+002 -0.709042617978381E+003 -0.709042617978381E+003 -0.709097889881074E+003
 -0.260280962318978E+001  0.676923123430252E+002 -0.423017034423026E+000  0.479690506115503E+000 -0.114467856624657E+002 -0.709043388111846E+003 -0.709043388111846E+003 -0.709083924888912E+003
 -0.239656750976492E+001  0.682244484842324E+002 -0.419602251994874E+000  0.476237889427016E+000 -0.114467856624657E+002 -0.709041407041644E+003 -0.709041407041644E+003 -0.709044092963546E+003
 -0.187757295122159E+002  0.676452194382805E+002 -0.420083196958394E+000  0.475888432592017E+000 -0.114467856624657E+002 -0.709033615932240E+003 -0.709033615932240E+003 -0.709098027038021E+003
 -0.520751612425512E+001  0.678670599140809E+002 -0.417124074250563E+000  0.472096701286984E+000 -0.114467856624657E+002 -0.709029487648866E+003 -0.709029487648866E+003 -0.709046030305292E+003
 -0.156072721079975E+002  0.675641684974680E+002 -0.417592353666083E+000  0.481080874696093E+000 -0.114467856624657E+002 -0.709040655750847E+003 -0.709040655750847E+003 -0.709055731502651E+003
 -0.373506026356067E+001  0.681579832145655E+002 -0.415156606978295E+000  0.467858245198748E+000 -0.114467856624657E+002 -0.709038031671803E+003 -0.709038031671803E+003 -0.709059125423458E+003
 -0.626689876373780E+001  0.677501655805745E+002 -0.422240060288931E+000  0.482252751738313E+000 -0.114467856624657E+002 -0.709039884872102E+003 -0.709039884872102E+003 -0.709045726311703E+003
 -0.140061463320490E+002  0.674508239240226E+002 -0.416319113789952E+000  0.478946475760749E+000 -0.114467856624657E+002 -0.709037317889640E+003 -0.709037317889640E+003 -0.709044801622251E+003
 -0.176705045100104E+002  0.676382005365186E+002 -0.416517544228464E+000  0.467924079887298E+000 -0.114467856624657E+002 -0.709043387912497E+003 -0.709043387912497E+003 -0.709057837482854E+003
 -0.124484580681454E+002  0.676358508456362E+002 -0.421103045072392E+000  0.478912779833137E+000 -0.114467856624657E+002 -0.709034136175745E+003 -0.709034136175745E+003 -0.709044012753544E+003
 -0.808650263264542E+001  0.677479099791191E+002 -0.419986139848428E+000  0.482262996875399E+000 -0.114467856624657E+002 -0.709040346725115E+003 -0.709040346725115E+003 -0.709101504843689E+003
 -0.170815582576791E+002  0.674829613919835E+002 -0.417508014933808E+000  0.477586314938209E+000 -0.114467856624657E+002 -0.709029997630689E+003 -0.709029997630689E+003 -0.709057837482854E+003
 -0.141118725867837E+002  0.674342664149397E+002 -0.418233680172621E+000  0.480165896949302E+000 -0.114467856624657E+002 -0.709033962029880E+003 -0.709033962029880E+003 -0.709050027987797E+003
 -0.111279801475733E+002  0.675531495934296E+002 -0.418501011595735E+000  0.472537749042318E+000 -0.114467856624657E+002 -0.709037032046602E+003 -0.709037032046602E+003 -0.709048243076778E+003
 -0.138341378779462E+002  0.677161068761219E+002 -0.413199516489926E+000  0.466750475256345E+000 -0.114467856624657E+002 -0.709037381634554E+003 -0.709037381634554E+003 -0.709052127899133E+003
 -0.169551488667355E+002  0.677778539392977E+002 -0.419729425693868E+000  0.474894886269191E+000 -0.114467856624657E+002 -0.709032751162149E+003 -0.709032751162149E+003 -0.709055693735134E+003
 -0.462548685160605E+001  0.682984468570047E+002 -0.415837216992049E+000  0.469686656199048E+000 -0.114467856624657E+002 -0.709041349054995E+003 -0.709041349054995E+003 -0.709048510432224E+003
 -0.107048708597493E+002  0.673856139144793E+002 -0.420792058359225E+000  0.477035024912052E+000 -0.114467856624657E+002 -0.709041552390986E+003 -0.709041552390986E+003 -0.709075378418539E+003
 -0.442177813591591E+001  0.674753965412912E+002 -0.422810718595316E+000  0.481094567821190E+000 -0.114467856624657E+002 -0.709043077512099E+003 -0.709043077512099E+003 -0.709052196941963E+003
 -0.182380315382157E+002  0.677894693467976E+002 -0.421551803903820E+000  0.477255334850627E+000 -0.114467856624657E+002 -0.709037753724268E+003 -0.709037753724268E+003 -0.709053355411374E+003
 -0.173105906955426E+002  0.681356461892683E+002 -0.418901330205628E+000  0.473551917771495E+000 -0.114467856624657E+002 -0.709036078241707E+003 -0.709036078241707E+003 -0.709067667045273E+003
 -0.124740263386102E+002  0.676802101389191E+002 -0.416531676827174E+000  0.471586507885462E+000 -0.114467856624657E+002 -0.709029807177006E+003 -0.709029807177006E+003 -0.709051392181752E+003
 -0.651958789615536E+001  0.677844071753102E+002 -0.417116191270049E+000  0.474702396904648E+000 -0.114467856624657E+002 -0.709028062838276E+003 -0.709028062838276E+003 -0.709047624185187E+003
 -0.144344443363183E+002  0.674265291601809E+002 -0.422000567552978E+000  0.484244109146866E+000 -0.114467856624657E+002 -0.709042028120326E+003 -0.709042028120326E+003 -0.709048510432224E+003
 -0.941227163133325E+001  0.674669406586899E+002 -0.414868186478111E+000  0.470592187609578E+000 -0.114467856624657E+002 -0.709033977832479E+003 -0.709033977832479E+003 -0.709114853863885E+003
 -0.151987740193512E+002  0.670895910171401E+002 -0.415459146076111E+000  0.473684482061443E+000 -0.114467856624657E+002 -0.709043546903905E+003 -0.709043546903905E+003 -0.709054574111176E+003
 -0.327753447216613E+001  0.676526009305251E+002 -0.416261034477289E+000  0.473902902644032E+000 -0.114467856624657E+002 -0.709027966864166E+003 -0.709027966864166E+003 -0.709167505669879E+003
 -0.119177621888781E+002  0.676319406230947E+002 -0.418791439425385E+000  0.473180854472298E+000 -0.114467856624657E+002 -0.709034400065796E+003 -0.709034400065796E+003 -0.709057926178569E+003
 -0.604826594110853E+001  0.676648132401431E+002 -0.416975851564745E+000  0.475526435348956E+000 -0.114467856624657E+002 -0.709028048785649E+003 -0.709028048785649E+003 -0.709046030305292E+003
 -0.713073538229850E+001  0.676636311055779E+002 -0.416188566854024E+000  0.469048551595110E+000 -0.114467856624657E+002 -0.709036228373000E+003 -0.709036228373000E+003 -0.709126481741671E+003
 -0.524549771709804E+000  0.677185307729809E+002 -0.416388624432845E+000  0.467995610942672E+000 -0.114467856624657E+002 -0.709040162960912E+003 -0.709040162960912E+003 -0.709051099489118E+003
 -0.144845067834073E+002  0.681147761179249E+002 -0.418277248326805E+000  0.476290050386982E+000 -0.114467856624657E+002 -0.709037673858152E+003 -0.709037673858152E+003 -0.709047624185187E+003
 -0.146840388618944E+002  0.672666277277707E+002 -0.420835469951199E+000  0.479425647765459E+000 -0.114467856624657E+002 -0.709040628395624E+003 -0.709040628395624E+003 -0.709047987815493E+003
 -0.128347765292587E+002  0.680498918858419E+002 -0.420449926490815E+000  0.477642874914139E+000 -0.114467856624657E+002 -0.709037170421428E+003 -0.709037170421428E+003 -0.709064424597349E+003
 -0.183963843023406E+002  0.681852666833509E+002 -0.417511233955440E+000  0.472641583958589E+000 -0.114467856624657E+002 -0.709036362800958E+003 -0.709036362800958E+003 -0.709129094722690E+003
 -0.190827211772789E+002  0.671840949180057E+002 -0.416870262167037E+000  0.474998660331847E+000 -0.114467856624657E+002 -0.709038252254262E+003 -0.709038252254262E+003 -0.709054915003699E+003
 -0.438806990871587E+001  0.677360614218741E+002 -0.419649816823381E+000  0.473743874780217E+000 -0.114467856624657E+002 -0.709035614652782E+003 -0.709035614652782E+003 -0.709067782726402E+003
 -0.137441854740159E+002  0.677481135625015E+002 -0.411239000298505E+000  0.466545181557136E+000 -0.114467856624657E+002 -0.709042499364827E+003 -0.709042499364827E+003 -0.709152491711786E+003
 -0.114836449137012E+002  0.676568504904777E+002 -0.413073940050408E+000  0.467182852037155E+000 -0.114467856624657E+002 -0.709037305137130E+003 -0.709037305137130E+003 -0.709113549683285E+003
 -0.162309705404490E+002  0.675012787421157E+002 -0.412910892083521E+000  0.470727017813497E+000 -0.114467856624657E+002 -0.709036697586963E+003 -0.709036697586963E+003 -0.709044956014288E+003
 -0.105678710960823E+002  0.672766163301092E+002 -0.416352973499973E+000  0.473438299127142E+000 -0.114467856624657E+002 -0.709036304228352E+003 -0.709036304228352E+003 -0.709045726311703E+003
 -0.140856435991245E+002  0.674428893356732E+002 -0.420539403565433E+000  0.477583312543971E+000 -0.114467856624657E+002 -0.709036689781203E+003 -0.709036689781203E+003 -0.709045195625988E+003
 -0.172265994731575E+002  0.677505915317884E+002 -0.412505240501247E+000  0.464695748857139E+000 -0.114467856624657E+002 -0.709042600207584E+003 -0.709042600207584E+003 -0.709060642434801E+003
 -0.259743552519293E+001  0.681304500590148E+002 -0.416471283074225E+000  0.471713364997349E+000 -0.114467856624657E+002 -0.709034685967672E+003 -0.709034685967672E+003 -0.709046859927365E+003
 -0.166744528584814E+002  0.673791249073425E+002 -0.420024720912453E+000  0.482759470915052E+000 -0.114467856624657E+002 -0.709038248285000E+003 -0.709038248285000E+003 -0.709059715251679E+003
 -0.183343275064928E+002  0.678052049189266E+002 -0.413662112193319E+000  0.474491000462031E+000 -0.114467856624657E+002 -0.709043378465920E+003 -0.709043378465920E+003 -0.709087670253205E+003
 -0.599212973756997E+001  0.677716204266513E+002 -0.422880932214464E+000  0.478641523440495E+000 -0.114467856624657E+002 -0.709043923889053E+003 -0.709043923889053E+003 -0.709045610793256E+003
 -0.165029695715524E+002  0.677604323740948E+002 -0.422999440710530E+000  0.479292452642670E+000 -0.114467856624657E+002 -0.709043560040463E+003 -0.709043560040463E+003 -0.709119146860711E+003
 -0.194955856753765E+002  0.673615223635938E+002 -0.415690967420531E+000  0.477686049563165E+000 -0.114467856624657E+002 -0.709036647379673E+003 -0.709036647379673E+003 -0.709131287398489E+003
 -0.931021979538243E+001  0.679298464078567E+002 -0.420689684546058E+000  0.474590417891242E+000 -0.114467856624657E+002 -0.709038540363670E+003 -0.709038540363670E+003 -0.709076338404371E+003
 -0.470238060026955E+001  0.675561653873956E+002 -0.415708765240784E+000  0.467625529576430E+000 -0.114467856624657E+002 -0.709043419860082E+003 -0.709043419860082E+003 -0.709055457344330E+003
 -0.140344686942767E+002  0.679386343893413E+002 -0.411758917483841E+000  0.467064859423179E+000 -0.114467856624657E+002 -0.709042037687660E+003 -0.709042037687660E+003 -0.709046030305292E+003
 -0.784369113106541E+001  0.672861085135819E+002 -0.417472116262904E+000  0.473075581399267E+000 -0.114467856624657E+002 -0.709040261264672E+003 -0.709040261264672E+003 -0.709070779205859E+003
 -0.122454266221862E+002  0.673450509501897E+002 -0.417879161820750E+000  0.476395502170525E+000 -0.114467856624657E+002 -0.709032180146431E+003 -0.709032180146431E+003 -0.709051128981023E+003
 -0.789356255207917E+001  0.675494741055159E+002 -0.415941048769307E+000  0.471218876720839E+000 -0.114467856624657E+002 -0.709031736545829E+003 -0.709031736545829E+003 -0.709048510432224E+003
 -0.668122448496229E+001  0.677056340587835E+002 -0.420059455980921E+000  0.479434417017522E+000 -0.114467856624657E+002 -0.709031836527734E+003 -0.709031836527734E+003 -0.709085100370874E+003
 -0.814061942256900E+001  0.677039417221741E+002 -0.413709415092398E+000  0.472961419655869E+000 -0.114467856624657E+002 -0.709035837365091E+003 -0.709035837365091E+003 -0.709045351846295E+003
 -0.789866374138508E+001  0.671753930389387E+002 -0.414993612263806E+000  0.477364903340573E+000 -0.114467856624657E+002 -0.709042163606935E+003 -0.709042163606935E+003 -0.709044387078271E+003
 -0.106462521729250E+002  0.677092755948645E+002 -0.418086702264814E+000  0.476535433534160E+000 -0.114467856624657E+002 -0.709028242488413E+003 -0.709028242488413E+003 -0.709052332296517E+003
 -0.968465993299857E+001  0.672318798448620E+002 -0.415853841456234E+000  0.479650181592268E+000 -0.114467856624657E+002 -0.709043487586447E+003 -0.709043487586447E+003 -0.709054496734875E+003
 -0.113251881454506E+002  0.673801507819938E+002 -0.417741860805843E+000  0.475546069779518E+000 -0.114467856624657E+002 -0.709031795113288E+003 -0.709031795113288E+003 -0.709050717342756E+003
 -0.128316607200512E+002  0.678827637267435E+002 -0.417353435196273E+000  0.475354037226036E+000 -0.114467856624657E+002 -0.709030009432630E+003 -0.709030009432630E+003 -0.709172138749408E+003
 -0.183394234811488E+002  0.678103426226724E+002 -0.414615921725650E+000  0.474092911384909E+000 -0.114467856624657E+002 -0.709035583962293E+003 -0.709035583962293E+003 -0.709052286880422E+003
 -0.194041434958934E+002  0.678706702645038E+002 -0.421520749955498E+000  0.475258182494201E+000 -0.114467856624657E+002 -0.709042300771646E+003 -0.709042300771646E+003 -0.709048312877680E+003
 -0.111620375390962E+002  0.671194008281016E+002 -0.417573260434881E+000  0.477447538974899E+000 -0.114467856624657E+002 -0.709039240639306E+003 -0.709039240639306E+003 -0.709089259383341E+003
 -0.454673152787464E+001  0.682047533331225E+002 -0.413912995600565E+000  0.467174483387659E+000 -0.114467856624657E+002 -0.709041329039111E+003 -0.709041329039111E+003 -0.709044801622251E+003
 -0.244166456767495E+000  0.677617668754779E+002 -0.419025597943259E+000  0.479353679091278E+000 -0.114467856624657E+002 -0.709032876322673E+003 -0.709032876322673E+003 -0.709206874280218E+003
 -0.132193401192383E+002  0.680321884783917E+002 -0.415534761261268E+000  0.467715738103184E+000 -0.114467856624657E+002 -0.709036361387123E+003 -0.709036361387123E+003 -0.709045448394631E+003
 -0.743579036290810E+001  0.676758245479498E+002 -0.418932060533203E+000  0.475989377694646E+000 -0.114467856624657E+002 -0.709028994043219E+003 -0.709028994043219E+003 -0.709060367976571E+003
 -0.172751232773980E+001  0.682166202078379E+002 -0.415526789282615E+000  0.469843804146222E+000 -0.114467856624657E+002 -0.709038456289935E+003 -0.709038456289935E+003 -0.709083040015047E+003
 -0.205143724148278E+001  0.679011278862335E+002 -0.422216590046838E+000  0.480096729602733E+000 -0.114467856624657E+002 -0.709039917614771E+003 -0.709039917614771E+003 -0.709072337233914E+003
 -0.111768953438688E+001  0.681558571695239E+002 -0.417760893371074E+000  0.471473695019738E+000 -0.114467856624657E+002 -0.709036055526926E+003 -0.709036055526926E+003 -0.709052332296517E+003
 -0.705330021330279E+001  0.683455391353052E+002 -0.415782272202144E+000  0.468950345018001E+000 -0.114467856624657E+002 -0.709043533380079E+003 -0.709043533380079E+003 -0.709049824414689E+003
 -0.115568940958550E+001  0.671066022474514E+002 -0.419002700588709E+000  0.479221817758498E+000 -0.114467856624657E+002 -0.709040923657024E+003 -0.709040923657024E+003 -0.709048332848266E+003
 -0.148027151354807E+002  0.672944737476094E+002 -0.418385488710764E+000  0.477547941406198E+000 -0.114467856624657E+002 -0.709033680349268E+003 -0.709033680349268E+003 -0.709086199140576E+003
 -0.184798227544691E+002  0.679263088820278E+002 -0.413065213906252E+000  0.468287245269604E+000 -0.114467856624657E+002 -0.709036542194413E+003 -0.709036542194413E+003 -0.709044326621363E+003
 -0.156650414108182E+002  0.677440085684730E+002 -0.422443142603328E+000  0.483206884740528E+000 -0.114467856624657E+002 -0.709042101281256E+003 -0.709042101281256E+003 -0.709117159219917E+003
 -0.519842800157054E+001  0.678922494152718E+002 -0.413789888434541E+000  0.467850648563591E+000 -0.114467856624657E+002 -0.709034590756959E+003 -0.709034590756959E+003 -0.709055713417910E+003
 -0.974509137146423E+000  0.676853903224820E+002 -0.411294132289206E+000  0.465671814519371E+000 -0.114467856624657E+002 -0.709043216675378E+003 -0.709043216675378E+003 -0.709053671052317E+003
 -0.906684882264422E+001  0.679037612279866E+002 -0.416021034872869E+000  0.469796308512628E+000 -0.114467856624657E+002 -0.709031665727510E+003 -0.709031665727510E+003 -0.709063816009255E+003
 -0.252812582732301E+001  0.681695825506133E+002 -0.415915677575137E+000  0.473987253702522E+000 -0.114467856624657E+002 -0.709041924736531E+003 -0.709041924736531E+003 -0.709074510481189E+003
 -0.592274906613003E+001  0.673001723236185E+002 -0.414137346564239E+000  0.472869806192413E+000 -0.114467856624657E+002 -0.709037048312667E+003 -0.709037048312667E+003 -0.709138464580465E+003
  0.221749113924325E+000  0.678201830524335E+002 -0.412684553690248E+000  0.465202894710598E+000 -0.114467856624657E+002 -0.709040474357974E+003 -0.709040474357974E+003 -0.709062391031578E+003
 -0.120712022190524E+002  0.672917731733060E+002 -0.412591807264080E+000  0.470319055250526E+000 -0.114467856624657E+002 -0.709042629265181E+003 -0.709042629265181E+003 -0.709077151835672E+003
 -0.104324810831863E+002  0.676163962486247E+002 -0.421830896339752E+000  0.484103226582886E+000 -0.114467856624657E+002 -0.709042151008185E+003 -0.709042151008185E+003 -0.709198020580402E+003
 -0.110705357131361E+002  0.671486603528899E+002 -0.415908907377531E+000  0.475565930658538E+000 -0.114467856624657E+002 -0.709038770823855E+003 -0.709038770823855E+003 -0.709044326621363E+003
 -0.137940768033082E+002  0.675917757047974E+002 -0.411736664122248E+000  0.468886487279558E+000 -0.114467856624657E+002 -0.709040553639073E+003 -0.709040553639073E+003 -0.709091637991068E+003
 -0.784783839250127E+001  0.679909979178987E+002 -0.414055494408988E+000  0.466967333103794E+000 -0.114467856624657E+002 -0.709036543587667E+003 -0.709036543587667E+003 -0.709142845276647E+003
 -0.136121917931638E+002  0.677004549713142E+002 -0.418735227483673E+000  0.473325268703438E+000 -0.114467856624657E+002 -0.709032537752725E+003 -0.709032537752725E+003 -0.709066387372162E+003
 -0.189966836337340E+002  0.677308283194969E+002 -0.415935508127664E+000  0.471758872185479E+000 -0.114467856624657E+002 -0.709028708395681E+003 -0.709028708395681E+003 -0.709084549899829E+003
 -0.880590807240238E+001  0.671459046271185E+002 -0.419673805559768E+000  0.479525973443659E+000 -0.114467856624657E+002 -0.709040729218421E+003 -0.709040729218421E+003 -0.709062506576423E+003
 -0.140704006919722E+002  0.673063503329322E+002 -0.419224975439149E+000  0.481862609991292E+000 -0.114467856624657E+002 -0.709037564806977E+003 -0.709037564806977E+003 -0.709048510432224E+003
 -0.635824585689938E+001  0.673653227090043E+002 -0.417742601070024E+000  0.475510315695188E+000 -0.114467856624657E+002 -0.709032273901140E+003 -0.709032273901140E+003 -0.709056346203712E+003
 -0.810100623458666E+001  0.678725955076960E+002 -0.415600366469524E+000  0.472317904223582E+000 -0.114467856624657E+002 -0.709029962014152E+003 -0.709029962014152E+003 -0.709044511154296E+003
 -0.148299235514022E+002  0.677136090227051E+002 -0.416174454072318E+000  0.469708980589036E+000 -0.114467856624657E+002 -0.709033079977710E+003 -0.709033079977710E+003 -0.709047836520437E+003
 -0.479275031837599E+000  0.675661981665218E+002 -0.416887839633026E+000  0.476255161469572E+000 -0.114467856624657E+002 -0.709028903270023E+003 -0.709028903270023E+003 -0.709057027957836E+003
 -0.230517844516172E+001  0.677687639047802E+002 -0.422105522298772E+000  0.480953110314647E+000 -0.114467856624657E+002 -0.709038156801719E+003 -0.709038156801719E+003 -0.709045726311703E+003
 -0.147372160981026E+002  0.682509331823778E+002 -0.415703018011539E+000  0.468717250161960E+000 -0.114467856624657E+002 -0.709039893230590E+003 -0.709039893230590E+003 -0.709047077559913E+003
 -0.604179560568093E+001  0.682005162024456E+002 -0.419147195168691E+000  0.477075577026431E+000 -0.114467856624657E+002 -0.709042166729797E+003 -0.709042166729797E+003 -0.709156386169087E+003
 -0.109577628625222E+002  0.677932220056260E+002 -0.415992261510703E+000  0.472666818808952E+000 -0.114467856624657E+002 -0.709028506170394E+003 -0.709028506170394E+003 -0.709050228897561E+003
 -0.205857450342119E+001  0.670161187071332E+002 -0.417590543105080E+000  0.478839787271169E+000 -0.114467856624657E+002 -0.709043586124414E+003 -0.709043586124414E+003 -0.709053822318849E+003
 -0.385405520665413E+001  0.681993030133120E+002 -0.418769914102936E+000  0.475684948823644E+000 -0.114467856624657E+002 -0.709039543150742E+003 -0.709039543150742E+003 -0.709085187213136E+003
 -0.114175008970729E+002  0.679629992366763E+002 -0.422357912614804E+000  0.478691455665460E+000 -0.114467856624657E+002 -0.709041719274382E+003 -0.709041719274382E+003 -0.709044956014288E+003
 -0.185056766860605E+002  0.672764360890213E+002 -0.416362593883775E+000  0.479633320522085E+000 -0.114467856624657E+002 -0.709040235171745E+003 -0.709040235171745E+003 -0.709044801622251E+003
 -0.153126551834777E+002  0.680155255754376E+002 -0.417168748490992E+000  0.468685511887090E+000 -0.114467856624657E+002 -0.709038263593760E+003 -0.709038263593760E+003 -0.709044801622251E+003
 -0.119947928768624E+002  0.673356856159038E+002 -0.422443629929965E+000  0.483569444673906E+000 -0.114467856624657E+002 -0.709043385150947E+003 -0.709043385150947E+003 -0.709044511154296E+003
 -0.144980590577756E+002  0.678277700746647E+002 -0.416826934410441E+000  0.469019891379961E+000 -0.114467856624657E+002 -0.709036192265814E+003 -0.709036192265814E+003 -0.709044387078271E+003
 -0.154776049108248E+002  0.680327892326462E+002 -0.420268565251456E+000  0.478001681535883E+000 -0.114467856624657E+002 -0.709036803767978E+003 -0.709036803767978E+003 -0.709044012753544E+003
 -0.191127816070213E+002  0.678570729764402E+002 -0.417373705833042E+000  0.470677023548078E+000 -0.114467856624657E+002 -0.709032865657906E+003 -0.709032865657906E+003 -0.709043923889053E+003
 -0.173704298145292E+001  0.678439535061679E+002 -0.416188014900469E+000  0.470786689381955E+000 -0.114467856624657E+002 -0.709030004654817E+003 -0.709030004654817E+003 -0.709043923889053E+003
