  0.879665203054256E+000  0.141874813866595E+004  0.109223055630833E+002  0.513085896287652E+002 -0.218389560034937E+000 -0.171970958662535E+000 -0.107536384819057E+002 -0.709435640431941E+003
  0.879665203054256E+000  0.140699221429278E+004 -0.178035131851016E+002  0.707180172228717E+002 -0.357734127283245E+000  0.453352148702592E+000 -0.107536384819057E+002 -0.703557678245357E+003
  0.879665203054256E+000  0.140705486873654E+004 -0.180630440170624E+002  0.593365457432416E+002 -0.492928461585842E+000  0.549829359024125E+000 -0.107536384819057E+002 -0.703589005467235E+003
  0.879665203054256E+000  0.140717745517919E+004  0.102262773885674E+002  0.862142491018274E+002 -0.380614885606311E+000  0.524660088334246E+000 -0.107536384819057E+002 -0.703650298688561E+003
  0.879665203054256E+000  0.140729519221748E+004 -0.142569753193756E+002  0.687195232265295E+002 -0.425563952724268E+000  0.340064480327896E+000 -0.107536384819057E+002 -0.703709167207708E+003
  0.879665203054256E+000  0.140742262941578E+004  0.605910667706416E+001  0.410258673355522E+002 -0.395403520115868E+000  0.561882348169277E+000 -0.107536384819057E+002 -0.703772885806859E+003
  0.879665203054256E+000  0.140748160564134E+004  0.465180484858851E+001  0.602988173755315E+002 -0.336938008841170E+000  0.380854100295489E+000 -0.107536384819057E+002 -0.703802373919636E+003
  0.879665203054256E+000  0.141010165177265E+004  0.154152119892321E+002  0.968148799609683E+002 -0.412118442712503E+000  0.257435398905437E+000 -0.107536384819057E+002 -0.705112396985292E+003
  0.879665203054256E+000  0.140982649381438E+004  0.150629085371139E+002  0.540918772630366E+002 -0.363717750613422E+000  0.144237019336542E+000 -0.107536384819057E+002 -0.704974818006158E+003
  0.879665203054256E+000  0.140974340706857E+004 -0.935126852774291E+001  0.822478882491021E+002 -0.352941585948420E+000  0.488768781992577E+000 -0.107536384819057E+002 -0.704933274633251E+003
  0.879665203054256E+000  0.140923342384377E+004  0.933272947952196E+001  0.527148576572518E+002 -0.520860010403807E+000  0.653842440573036E+000 -0.107536384819057E+002 -0.704678283020854E+003
  0.879665203054256E+000  0.140903217894773E+004 -0.148017978509134E+002  0.868776219998855E+002 -0.344819294378970E+000  0.129488514891829E+000 -0.107536384819057E+002 -0.704577660572832E+003
  0.879665203054256E+000  0.140891200403849E+004  0.787474911694879E+001  0.473533030989727E+002 -0.320434981349438E+000  0.343457322718209E+000 -0.107536384819057E+002 -0.704517573118210E+003
  0.879665203054256E+000  0.140867882359007E+004  0.111852378561540E+002  0.980805532953870E+002 -0.317316894587711E+000  0.128923903907056E+000 -0.107536384819057E+002 -0.704400982894003E+003
  0.879665203054256E+000  0.140758705489317E+004  0.178992642057098E+002  0.949015511256894E+002 -0.328318116489894E+000  0.173164519958194E+000 -0.107536384819057E+002 -0.703855098545551E+003
  0.879665203054256E+000  0.140762678575681E+004 -0.686525815414862E+001  0.771180491516787E+002 -0.318073234311376E+000  0.234710984039554E+000 -0.107536384819057E+002 -0.703874963977374E+003
  0.879665203054256E+000  0.140864596327374E+004  0.317187485812068E+001  0.524014632490865E+002 -0.307386756970796E+000  0.220824531148295E+000 -0.107536384819057E+002 -0.704384552735835E+003
  0.879665203054256E+000  0.140775995301062E+004 -0.348357491215378E+000  0.426126149265827E+002 -0.327696636669995E+000  0.164751547221799E+000 -0.107536384819057E+002 -0.703941547604278E+003
  0.879665203054256E+000  0.140851853787972E+004 -0.975816785535549E+001  0.782315423220799E+002 -0.320912132186263E+000  0.133249795193610E+000 -0.107536384819057E+002 -0.704320840038825E+003
  0.879665203054256E+000  0.140845078818433E+004 -0.134662130721525E+002  0.476221236629951E+002 -0.497320956324800E+000  0.538650254456060E+000 -0.107536384819057E+002 -0.704286965191131E+003
  0.879665203054256E+000  0.140829742450060E+004 -0.503648908693178E+001  0.442820128117776E+002 -0.332908610810682E+000  0.386704034682730E+000 -0.107536384819057E+002 -0.704210283349268E+003
  0.879665203054256E+000  0.140691940474510E+004  0.423894144647913E+001  0.653423460684572E+002 -0.386097047778991E+000  0.532008058381010E+000 -0.107536384819057E+002 -0.703459702372551E+003
  0.879665203054256E+000  0.140675633360632E+004 -0.670760568780415E+001  0.933068140413710E+002 -0.331867687125161E+000  0.233235893484157E+000 -0.107536384819057E+002 -0.703378166803159E+003
  0.879665203054256E+000  0.140675064793229E+004  0.122544671981159E+002  0.948208776814204E+002 -0.404184519162970E+000  0.299873513406727E+000 -0.107536384819057E+002 -0.703375323966146E+003
  0.879665203054256E+000  0.140665231911297E+004 -0.181565173292411E+002  0.936407369273104E+002 -0.387478841853765E+000  0.530968070776972E+000 -0.107536384819057E+002 -0.703326159556487E+003
  0.879665203054256E+000  0.140650735017657E+004  0.533653105627887E+001  0.668550059684398E+002 -0.480970873088694E+000  0.520080774133554E+000 -0.107536384819057E+002 -0.703253675088286E+003
  0.879665203054256E+000  0.140649807401188E+004 -0.111131625924305E+002  0.857154173165046E+002 -0.351145286630006E+000  0.221477411882479E+000 -0.107536384819057E+002 -0.703249037005939E+003
  0.879665203054256E+000  0.140644472235441E+004  0.189954253259647E+002  0.847144402191655E+002 -0.486012587921292E+000  0.645110611585078E+000 -0.107536384819057E+002 -0.703222361177206E+003
  0.879665203054256E+000  0.140629918812215E+004  0.313586704917384E+001  0.672749889371672E+002 -0.370627899229570E+000  0.246458233012524E+000 -0.107536384819057E+002 -0.703149594061077E+003
  0.879665203054256E+000  0.140619049570709E+004  0.764802532677684E+001  0.874184147890550E+002 -0.481298356002616E+000  0.528384830128914E+000 -0.107536384819057E+002 -0.703095247853547E+003
  0.879665203054256E+000  0.140617855119938E+004 -0.127743394156172E+002  0.419410012837970E+002 -0.464952221765932E+000  0.473973576508419E+000 -0.107536384819057E+002 -0.703089275599690E+003
  0.879665203054256E+000  0.140611689112708E+004 -0.470087154973866E+001  0.653991708885539E+002 -0.375058635431101E+000  0.487528506487733E+000 -0.107536384819057E+002 -0.703058445563540E+003
  0.879665203054256E+000  0.140601212817396E+004 -0.150788471851405E+002  0.895797159193150E+002 -0.339709211706012E+000  0.283103943401871E+000 -0.107536384819057E+002 -0.703006064086978E+003
  0.879665203054256E+000  0.140599053223804E+004 -0.205090206270453E+001  0.747697593007299E+002 -0.388296244222643E+000  0.521333195246934E+000 -0.107536384819057E+002 -0.702995266119018E+003
  0.879665203054256E+000  0.140595808705688E+004  0.172390581060768E+002  0.711851891922408E+002 -0.343010281434056E+000  0.261206985720328E+000 -0.107536384819057E+002 -0.702979043528438E+003
  0.879665203054256E+000  0.140595790225267E+004 -0.701615901744066E+000  0.528135002011092E+002 -0.343368434928063E+000  0.339687642075984E+000 -0.107536384819057E+002 -0.702978951126337E+003
  0.879665203054256E+000  0.140593156602979E+004  0.347163291513581E+001  0.741293222009837E+002 -0.352331332968741E+000  0.247002934133217E+000 -0.107536384819057E+002 -0.702965783014894E+003
  0.879665203054256E+000  0.140588296418730E+004 -0.910206570848002E+001  0.639667376218636E+002 -0.408166698705942E+000  0.563168363460006E+000 -0.107536384819057E+002 -0.702941482093651E+003
  0.879665203054256E+000  0.140585259992228E+004 -0.170531989956323E+002  0.849287468847469E+002 -0.392571985894367E+000  0.295711652086226E+000 -0.107536384819057E+002 -0.702926299961138E+003
  0.879665203054256E+000  0.140581745893275E+004 -0.132320290783883E+002  0.633363083477127E+002 -0.389616578251784E+000  0.521362334578881E+000 -0.107536384819057E+002 -0.702908729466377E+003
  0.879665203054256E+000  0.140580080932379E+004  0.497391712435232E+001  0.518665717823837E+002 -0.486565304208390E+000  0.629581920051310E+000 -0.107536384819057E+002 -0.702900404661894E+003
  0.879665203054256E+000  0.140577579457313E+004  0.720337127711918E+000  0.481606161093913E+002 -0.452415528215852E+000  0.444334639214166E+000 -0.107536384819057E+002 -0.702887897286564E+003
  0.879665203054256E+000  0.140575309721939E+004 -0.108428728632448E+002  0.431069327795980E+002 -0.347347729555486E+000  0.355595815492162E+000 -0.107536384819057E+002 -0.702876548609696E+003
  0.879665203054256E+000  0.140574945161492E+004  0.845559501707034E+001  0.441488530118809E+002 -0.343251884586892E+000  0.303659522826631E+000 -0.107536384819057E+002 -0.702874725807458E+003
  0.879665203054256E+000  0.140573068146966E+004 -0.768383515202373E+001  0.640739311878016E+002 -0.344189763101503E+000  0.283673982872063E+000 -0.107536384819057E+002 -0.702865340734832E+003
  0.879665203054256E+000  0.140569682102464E+004 -0.638451017363465E+001  0.949474307946867E+002 -0.389861051484688E+000  0.294672509504508E+000 -0.107536384819057E+002 -0.702848410512321E+003
  0.879665203054256E+000  0.140569331558049E+004 -0.104700085242611E+002  0.770495205753664E+002 -0.458740637338620E+000  0.626440362330584E+000 -0.107536384819057E+002 -0.702846657790244E+003
  0.879665203054256E+000  0.140567218974233E+004  0.735624525321106E+001  0.780377251836248E+002 -0.436399443388895E+000  0.401903918543207E+000 -0.107536384819057E+002 -0.702836094871163E+003
  0.879665203054256E+000  0.140566561838984E+004  0.626817037094575E+001  0.621635180865480E+002 -0.371783419386935E+000  0.268066419215058E+000 -0.107536384819057E+002 -0.702832809194922E+003
  0.879665203054256E+000  0.140563087975234E+004  0.969091867597073E+001  0.491170308871042E+002 -0.351911630807917E+000  0.264313266426247E+000 -0.107536384819057E+002 -0.702815439876169E+003
  0.879665203054256E+000  0.140560719913244E+004  0.179826412929824E+002  0.843622714241133E+002 -0.416588564759381E+000  0.353452751427921E+000 -0.107536384819057E+002 -0.702803599566221E+003
  0.879665203054256E+000  0.140555864678651E+004 -0.190251960840122E+002  0.912499598709786E+002 -0.405452237933788E+000  0.552443751451845E+000 -0.107536384819057E+002 -0.702779323393257E+003
  0.879665203054256E+000  0.140553095816076E+004  0.756685332621532E+001  0.586089774943053E+002 -0.393211673881933E+000  0.524677577796298E+000 -0.107536384819057E+002 -0.702765479080379E+003
  0.879665203054256E+000  0.140545852739178E+004 -0.988135894163220E+001  0.675194539436384E+002 -0.488452254022662E+000  0.593324969482351E+000 -0.107536384819057E+002 -0.702729263695888E+003
  0.879665203054256E+000  0.140543226000667E+004  0.117726058758421E+002  0.949851002056688E+002 -0.348071877621683E+000  0.324944340838424E+000 -0.107536384819057E+002 -0.702716130003333E+003
  0.879665203054256E+000  0.140535958693922E+004  0.169865852449868E+002  0.832799768353073E+002 -0.472217133690501E+000  0.625996976105968E+000 -0.107536384819057E+002 -0.702679793469608E+003
  0.879665203054256E+000  0.140535816575587E+004  0.131824782563874E+002  0.647687940750288E+002 -0.348977410652837E+000  0.322540549717417E+000 -0.107536384819057E+002 -0.702679082877934E+003
  0.879665203054256E+000  0.140534750814736E+004 -0.206759873579973E+001  0.969252085931616E+002 -0.363091910814654E+000  0.422925138588397E+000 -0.107536384819057E+002 -0.702673754073679E+003
  0.879665203054256E+000  0.140528495610878E+004 -0.308490299164846E+001  0.412714839647474E+002 -0.447057458673416E+000  0.610420313081378E+000 -0.107536384819057E+002 -0.702642478054389E+003
  0.879665203054256E+000  0.140526270147786E+004 -0.333116041816510E+001  0.822710694968852E+002 -0.423338178141482E+000  0.579742912849229E+000 -0.107536384819057E+002 -0.702631350738928E+003
  0.879665203054256E+000  0.140520764590800E+004  0.128104968238513E+002  0.798983102161854E+002 -0.355058391877119E+000  0.289345304823864E+000 -0.107536384819057E+002 -0.702603822953999E+003
  0.879665203054256E+000  0.140520445038378E+004  0.117525972175895E+002  0.522197189223329E+002 -0.397291912550646E+000  0.321826101668399E+000 -0.107536384819057E+002 -0.702602225191891E+003
  0.879665203054256E+000  0.140510118225403E+004 -0.143771769534230E+002  0.646591831541572E+002 -0.377529195792554E+000  0.470141772097135E+000 -0.107536384819057E+002 -0.702550591127016E+003
  0.879665203054256E+000  0.140509874063730E+004  0.148182472994232E+002  0.759666909720852E+002 -0.368254887140343E+000  0.287058600298785E+000 -0.107536384819057E+002 -0.702549370318651E+003
  0.879665203054256E+000  0.140509631064463E+004 -0.174381660741591E+002  0.917363984203656E+002 -0.352852269718982E+000  0.324074509309368E+000 -0.107536384819057E+002 -0.702548155322314E+003
  0.879665203054256E+000  0.140509607969224E+004  0.391433808564007E+001  0.613890515900159E+002 -0.365131381774352E+000  0.286539467310386E+000 -0.107536384819057E+002 -0.702548039846122E+003
  0.879665203054256E+000  0.140501315845549E+004  0.818808114181865E+001  0.758968072275128E+002 -0.356147661893097E+000  0.304871992498581E+000 -0.107536384819057E+002 -0.702506579227746E+003
  0.879665203054256E+000  0.140500107363611E+004  0.570667107160635E+001  0.854543129937818E+002 -0.363549192809093E+000  0.291980898205873E+000 -0.107536384819057E+002 -0.702500536818057E+003
  0.879665203054256E+000  0.140493865476549E+004  0.114358786762892E+002  0.804069316374058E+002 -0.467204826406681E+000  0.616543786282659E+000 -0.107536384819057E+002 -0.702469327382743E+003
  0.879665203054256E+000  0.140490511723887E+004 -0.162122075801917E+002  0.838182819717673E+002 -0.382571178443831E+000  0.307229470924762E+000 -0.107536384819057E+002 -0.702452558619436E+003
  0.879665203054256E+000  0.140488099294528E+004 -0.509578999543711E+001  0.898859398827181E+002 -0.459993553174745E+000  0.487399370278995E+000 -0.107536384819057E+002 -0.702440496472642E+003
  0.879665203054256E+000  0.140487766083702E+004  0.221538748298350E+000  0.514495679428598E+002 -0.356311050599964E+000  0.336473247317048E+000 -0.107536384819057E+002 -0.702438830418512E+003
  0.879665203054256E+000  0.140486227266816E+004 -0.168099151495535E+002  0.774641762556553E+002 -0.358987740526066E+000  0.372072026169398E+000 -0.107536384819057E+002 -0.702431136334082E+003
  0.879665203054256E+000  0.140485351314396E+004  0.512230363345871E+001  0.528449961720596E+002 -0.401941396058074E+000  0.340467579340299E+000 -0.107536384819057E+002 -0.702426756571978E+003
  0.879665203054256E+000  0.140485196530819E+004  0.137356451559490E+002  0.707205068558990E+002 -0.399945320703490E+000  0.336701738050097E+000 -0.107536384819057E+002 -0.702425982654095E+003
  0.879665203054256E+000  0.140483601230895E+004 -0.124774401486773E+002  0.624087526270629E+002 -0.471342200519682E+000  0.613672428876607E+000 -0.107536384819057E+002 -0.702418006154476E+003
  0.879665203054256E+000  0.140481278543730E+004 -0.179113076027302E+002  0.632554934250151E+002 -0.357464573686479E+000  0.344230978338430E+000 -0.107536384819057E+002 -0.702406392718651E+003
  0.879665203054256E+000  0.140479938125564E+004 -0.144875484292722E+002  0.481799774020482E+002 -0.472397277649460E+000  0.612180123483129E+000 -0.107536384819057E+002 -0.702399690627819E+003
  0.879665203054256E+000  0.140474230039492E+004  0.139439444285392E+001  0.498784919476139E+002 -0.374886043320485E+000  0.306230621853314E+000 -0.107536384819057E+002 -0.702371150197461E+003
  0.879665203054256E+000  0.140473121905327E+004  0.115844158894845E+002  0.536149032988357E+002 -0.373418719378063E+000  0.442818236593913E+000 -0.107536384819057E+002 -0.702365609526634E+003
  0.879665203054256E+000  0.140470002693404E+004 -0.151273563632617E+002  0.491076216859214E+002 -0.423534445394926E+000  0.570138980547943E+000 -0.107536384819057E+002 -0.702350013467018E+003
  0.879665203054256E+000  0.140466783900000E+004 -0.146001420460570E+002  0.424670025692953E+002 -0.477867093146092E+000  0.597958821173571E+000 -0.107536384819057E+002 -0.702333919500001E+003
  0.879665203054256E+000  0.140466620984068E+004 -0.142428606306666E+002  0.692892888620967E+002 -0.455340144013836E+000  0.606091024967517E+000 -0.107536384819057E+002 -0.702333104920341E+003
  0.879665203054256E+000  0.140466446135938E+004  0.104292768095095E+002  0.516363455977463E+002 -0.383088431091257E+000  0.316637072502312E+000 -0.107536384819057E+002 -0.702332230679691E+003
  0.879665203054256E+000  0.140464788440987E+004 -0.803297386110122E+001  0.457345523967141E+002 -0.465978548626070E+000  0.514121965548050E+000 -0.107536384819057E+002 -0.702323942204937E+003
  0.879665203054256E+000  0.140464526820183E+004  0.110460363753434E+002  0.853202215010876E+002 -0.455376054696158E+000  0.605679618641448E+000 -0.107536384819057E+002 -0.702322634100914E+003
  0.879665203054256E+000  0.140464398568938E+004 -0.156163670684046E+002  0.546661313108354E+002 -0.360435847492780E+000  0.335072849915008E+000 -0.107536384819057E+002 -0.702321992844692E+003
  0.879665203054256E+000  0.140463889946416E+004  0.135611393192244E+001  0.961840679518632E+002 -0.371635391863737E+000  0.431372691496370E+000 -0.107536384819057E+002 -0.702319449732080E+003
  0.879665203054256E+000  0.140461826287210E+004  0.219165099698891E+001  0.482105447171560E+002 -0.380806388198483E+000  0.316078760983145E+000 -0.107536384819057E+002 -0.702309131436050E+003
  0.879665203054256E+000  0.140459451844171E+004 -0.445217154963534E+001  0.676492008611952E+002 -0.362640227509685E+000  0.326026449719974E+000 -0.107536384819057E+002 -0.702297259220853E+003
  0.879665203054256E+000  0.140458965960611E+004 -0.120088419134800E+002  0.713372607242313E+002 -0.363644508694695E+000  0.322445627520458E+000 -0.107536384819057E+002 -0.702294829803053E+003
  0.879665203054256E+000  0.140452587256208E+004 -0.960757898367111E+001  0.417630993952822E+002 -0.379107661635755E+000  0.318570715448221E+000 -0.107536384819057E+002 -0.702262936281040E+003
  0.879665203054256E+000  0.140452453788370E+004 -0.712678349648853E+001  0.480776199091279E+002 -0.369324846479362E+000  0.317569998296541E+000 -0.107536384819057E+002 -0.702262268941849E+003
  0.879665203054256E+000  0.140451539794262E+004 -0.874077315209347E+001  0.758639822906838E+002 -0.453366768332916E+000  0.601638406989752E+000 -0.107536384819057E+002 -0.702257698971312E+003
  0.879665203054256E+000  0.140449331703037E+004 -0.332707163911674E+001  0.616339372555978E+002 -0.368962277971154E+000  0.410485878013897E+000 -0.107536384819057E+002 -0.702246658515185E+003
  0.879665203054256E+000  0.140447631081939E+004 -0.785383521073304E+001  0.491779843655906E+002 -0.371896764001555E+000  0.424697807831919E+000 -0.107536384819057E+002 -0.702238155409694E+003
  0.879665203054256E+000  0.140439875387400E+004  0.110348906899322E+002  0.823758146301036E+002 -0.400152628528707E+000  0.350825269709135E+000 -0.107536384819057E+002 -0.702199376937002E+003
  0.879665203054256E+000  0.140439033286273E+004  0.755821277797341E+001  0.764737385818657E+002 -0.364909513075476E+000  0.345926432109184E+000 -0.107536384819057E+002 -0.702195166431367E+003
  0.879665203054256E+000  0.140437711730972E+004  0.654171354790190E+000  0.504927319380348E+002 -0.366410988921295E+000  0.383030102670300E+000 -0.107536384819057E+002 -0.702188558654860E+003
  0.879665203054256E+000  0.140434908826277E+004  0.372406959700520E+000  0.493202274914860E+002 -0.396876657212136E+000  0.346973278334004E+000 -0.107536384819057E+002 -0.702174544131383E+003
  0.879665203054256E+000  0.140433913416788E+004 -0.413573512663201E+001  0.915502258273886E+002 -0.411066466420178E+000  0.373461990143731E+000 -0.107536384819057E+002 -0.702169567083940E+003
  0.879665203054256E+000  0.140433555479161E+004 -0.946797269898241E+001  0.408815996204204E+002 -0.367935222673732E+000  0.335750217605724E+000 -0.107536384819057E+002 -0.702167777395807E+003
  0.879665203054256E+000  0.140432512106048E+004 -0.127888520166053E+002  0.648899924889339E+002 -0.409347006881627E+000  0.370392078565675E+000 -0.107536384819057E+002 -0.702162560530240E+003
  0.879665203054256E+000  0.140432506249193E+004 -0.824358658186162E+001  0.845292203379245E+002 -0.370891715904470E+000  0.410290368323460E+000 -0.107536384819057E+002 -0.702162531245966E+003
  0.879665203054256E+000  0.140429770716687E+004 -0.167425283432405E+002  0.680357594957770E+002 -0.472185712781419E+000  0.591049647602459E+000 -0.107536384819057E+002 -0.702148853583436E+003
  0.879665203054256E+000  0.140426541541517E+004  0.925051613235395E+001  0.571806853856231E+002 -0.380083509914354E+000  0.331396028392305E+000 -0.107536384819057E+002 -0.702132707707584E+003
  0.879665203054256E+000  0.140425465554069E+004 -0.151294186982707E+002  0.731093904301087E+002 -0.427880416820628E+000  0.413708938700257E+000 -0.107536384819057E+002 -0.702127327770344E+003
  0.879665203054256E+000  0.140423661567830E+004 -0.478103648406853E+001  0.678070699539978E+002 -0.459485966800236E+000  0.504490496360519E+000 -0.107536384819057E+002 -0.702118307839148E+003
  0.879665203054256E+000  0.140422003239999E+004 -0.137675065734519E+002  0.578634566406838E+002 -0.472670976346752E+000  0.578850966595671E+000 -0.107536384819057E+002 -0.702110016199993E+003
  0.879665203054256E+000  0.140415847148001E+004  0.349068177723716E+001  0.519086094636451E+002 -0.468110542168959E+000  0.542420435889058E+000 -0.107536384819057E+002 -0.702079235740006E+003
  0.879665203054256E+000  0.140414620680362E+004  0.666044379228795E+001  0.960729875982268E+002 -0.418309485867250E+000  0.394588819964238E+000 -0.107536384819057E+002 -0.702073103401810E+003
  0.879665203054256E+000  0.140414414871857E+004  0.499178940892033E+000  0.824122181586893E+002 -0.442575850998753E+000  0.455160946485115E+000 -0.107536384819057E+002 -0.702072074359283E+003
  0.879665203054256E+000  0.140414023251832E+004  0.239182907276506E+001  0.563531877817091E+002 -0.374923035922284E+000  0.339662203406087E+000 -0.107536384819057E+002 -0.702070116259158E+003
  0.879665203054256E+000  0.140413148186356E+004  0.763880678703968E+001  0.676298266341077E+002 -0.377833249998262E+000  0.338564526842049E+000 -0.107536384819057E+002 -0.702065740931779E+003
  0.879665203054256E+000  0.140412149909139E+004  0.914085744377552E+001  0.920371388719661E+002 -0.369753552313854E+000  0.375303359107747E+000 -0.107536384819057E+002 -0.702060749545693E+003
  0.879665203054256E+000  0.140411576184072E+004 -0.115059092855314E+002  0.669761158693625E+002 -0.466754041968399E+000  0.538087763411045E+000 -0.107536384819057E+002 -0.702057880920358E+003
  0.879665203054256E+000  0.140408923274744E+004 -0.848882300560221E+001  0.748966675873764E+002 -0.470709678157448E+000  0.570474675820295E+000 -0.107536384819057E+002 -0.702044616373722E+003
  0.879665203054256E+000  0.140406319154799E+004  0.900088045681360E+001  0.740884161740802E+002 -0.395826714050936E+000  0.355735211672185E+000 -0.107536384819057E+002 -0.702031595773995E+003
  0.879665203054256E+000  0.140405210138112E+004 -0.719629972676731E+001  0.418997675042027E+002 -0.469379661557631E+000  0.558636520794647E+000 -0.107536384819057E+002 -0.702026050690562E+003
  0.879665203054256E+000  0.140404619959742E+004  0.251994103626665E+001  0.904946035290786E+002 -0.459135553146907E+000  0.591961823093696E+000 -0.107536384819057E+002 -0.702023099798709E+003
  0.879665203054256E+000  0.140403697964549E+004  0.538497486017036E+001  0.730271230981455E+002 -0.444190305994154E+000  0.462899536191995E+000 -0.107536384819057E+002 -0.702018489822745E+003
  0.879665203054256E+000  0.140399156302214E+004  0.159091762839404E+002  0.665744964073114E+002 -0.437250475752743E+000  0.574833411033255E+000 -0.107536384819057E+002 -0.701995781511068E+003
  0.879665203054256E+000  0.140399074761546E+004 -0.164292356145922E+002  0.524756850663878E+002 -0.463655969600187E+000  0.530317692130025E+000 -0.107536384819057E+002 -0.701995373807731E+003
  0.879665203054256E+000  0.140398969767988E+004  0.157607907963358E+002  0.902979878989051E+002 -0.466267068060489E+000  0.585173283305175E+000 -0.107536384819057E+002 -0.701994848839939E+003
  0.879665203054256E+000  0.140397467141342E+004 -0.167668357469559E+002  0.473374792717491E+002 -0.397590541207835E+000  0.497926612764568E+000 -0.107536384819057E+002 -0.701987335706712E+003
  0.879665203054256E+000  0.140397036058002E+004 -0.164379620893150E+002  0.682786340499317E+002 -0.468075327539918E+000  0.556957204501376E+000 -0.107536384819057E+002 -0.701985180290008E+003
  0.879665203054256E+000  0.140396069210768E+004  0.176061905289623E+002  0.938433547162440E+002 -0.372847914904058E+000  0.379782213187600E+000 -0.107536384819057E+002 -0.701980346053839E+003
  0.879665203054256E+000  0.140395682481034E+004 -0.191307885371345E+002  0.831912251269040E+002 -0.375462574004362E+000  0.355210847400381E+000 -0.107536384819057E+002 -0.701978412405169E+003
  0.879665203054256E+000  0.140394053963995E+004 -0.194846210737078E+002  0.630861924581283E+002 -0.388558934473910E+000  0.352740302752594E+000 -0.107536384819057E+002 -0.701970269819973E+003
  0.879665203054256E+000  0.140393898479640E+004  0.796724449044677E+001  0.446748043668032E+002 -0.374992008710504E+000  0.358911409564096E+000 -0.107536384819057E+002 -0.701969492398202E+003
  0.879665203054256E+000  0.140393380669598E+004 -0.149539162719942E+002  0.806077780990620E+002 -0.420800548416316E+000  0.548938472421278E+000 -0.107536384819057E+002 -0.701966903347988E+003
  0.879665203054256E+000  0.140390173781849E+004 -0.464993187145586E+001  0.672816268422069E+002 -0.378169666903032E+000  0.420925587611984E+000 -0.107536384819057E+002 -0.701950868909247E+003
  0.879665203054256E+000  0.140388966100663E+004  0.678916889574559E+001  0.942408271994477E+002 -0.381937702677763E+000  0.353216948632013E+000 -0.107536384819057E+002 -0.701944830503315E+003
  0.879665203054256E+000  0.140388243051060E+004 -0.984579988157373E+001  0.766147264302934E+002 -0.375704637762411E+000  0.364040812481980E+000 -0.107536384819057E+002 -0.701941215255298E+003
  0.879665203054256E+000  0.140388049937412E+004 -0.645077572110785E+001  0.999543955153121E+002 -0.377090913992660E+000  0.412093950981936E+000 -0.107536384819057E+002 -0.701940249687061E+003
  0.879665203054256E+000  0.140388044609688E+004 -0.931435252931477E+001  0.616773133771688E+002 -0.397165981005782E+000  0.364875310330687E+000 -0.107536384819057E+002 -0.701940223048441E+003
  0.879665203054256E+000  0.140385122715915E+004 -0.152861561824236E+002  0.428207084883753E+002 -0.456259986679366E+000  0.585202130989224E+000 -0.107536384819057E+002 -0.701925613579573E+003
  0.879665203054256E+000  0.140384251526743E+004  0.305007538961856E+001  0.726009616048577E+002 -0.444829237883923E+000  0.470920652546750E+000 -0.107536384819057E+002 -0.701921257633716E+003
  0.879665203054256E+000  0.140383347976953E+004 -0.286566910157085E+001  0.990952168651218E+002 -0.464275584567734E+000  0.543076967027305E+000 -0.107536384819057E+002 -0.701916739884764E+003
  0.879665203054256E+000  0.140382934570920E+004 -0.190485482679119E+002  0.911123735578782E+002 -0.376163506125117E+000  0.371069076470871E+000 -0.107536384819057E+002 -0.701914672854598E+003
  0.879665203054256E+000  0.140380900481495E+004 -0.151947839577116E+002  0.874075046847279E+002 -0.417144849736833E+000  0.402741854815646E+000 -0.107536384819057E+002 -0.701904502407473E+003
  0.879665203054256E+000  0.140379741503065E+004 -0.109788701502475E+002  0.970599980482349E+002 -0.393728164288295E+000  0.364356204345152E+000 -0.107536384819057E+002 -0.701898707515327E+003
  0.879665203054256E+000  0.140378385931067E+004 -0.480226975604039E+001  0.886165771278450E+002 -0.383042554867657E+000  0.360228704593646E+000 -0.107536384819057E+002 -0.701891929655336E+003
  0.879665203054256E+000  0.140377234763652E+004  0.981256991940880E+001  0.856323426027952E+002 -0.392169796237570E+000  0.473913994249044E+000 -0.107536384819057E+002 -0.701886173818260E+003
  0.879665203054256E+000  0.140376427835226E+004  0.161838326892573E+002  0.878112788430549E+002 -0.427202154821007E+000  0.426818030126823E+000 -0.107536384819057E+002 -0.701882139176130E+003
  0.879665203054256E+000  0.140374525322765E+004  0.928732569321612E+001  0.470240127746471E+002 -0.411038339271667E+000  0.392765341042033E+000 -0.107536384819057E+002 -0.701872626613826E+003
  0.879665203054256E+000  0.140374274128675E+004  0.806053867873766E+001  0.538497943050705E+002 -0.410229647183517E+000  0.391344095048844E+000 -0.107536384819057E+002 -0.701871370643377E+003
  0.879665203054256E+000  0.140374151843553E+004 -0.148805224870876E+002  0.662974075043264E+002 -0.384443731720384E+000  0.362754490647898E+000 -0.107536384819057E+002 -0.701870759217767E+003
  0.879665203054256E+000  0.140373963078856E+004  0.401139160883963E+001  0.740156610891725E+002 -0.389161992409504E+000  0.461662460239301E+000 -0.107536384819057E+002 -0.701869815394282E+003
  0.879665203054256E+000  0.140372778680327E+004 -0.154293929004358E+002  0.812075004075226E+002 -0.399765934938047E+000  0.495662703162681E+000 -0.107536384819057E+002 -0.701863893401634E+003
  0.879665203054256E+000  0.140371077355742E+004 -0.673706841766131E+001  0.869949985627630E+002 -0.395266838443972E+000  0.481524528131377E+000 -0.107536384819057E+002 -0.701855386778712E+003
  0.879665203054256E+000  0.140370437208842E+004 -0.885968227196408E+001  0.737106407915309E+002 -0.460203636976213E+000  0.530573164049990E+000 -0.107536384819057E+002 -0.701852186044212E+003
  0.879665203054256E+000  0.140369228610046E+004 -0.192431485777807E+002  0.909400984653357E+002 -0.458659799209195E+000  0.578033105441692E+000 -0.107536384819057E+002 -0.701846143050232E+003
  0.879665203054256E+000  0.140367852007551E+004 -0.132135300104717E+002  0.510606142702527E+002 -0.389692899845587E+000  0.460612618027904E+000 -0.107536384819057E+002 -0.701839260037756E+003
  0.879665203054256E+000  0.140363765818998E+004 -0.728187354088568E+001  0.454052216893742E+002 -0.380352684627317E+000  0.382563748076774E+000 -0.107536384819057E+002 -0.701818829094991E+003
  0.879665203054256E+000  0.140360632126033E+004 -0.148683143541792E+001  0.735599564844192E+002 -0.444135121757457E+000  0.477236783530136E+000 -0.107536384819057E+002 -0.701803160630167E+003
  0.879665203054256E+000  0.140359863793850E+004  0.316083736964372E+001  0.528719813288592E+002 -0.435945785205190E+000  0.454448656756650E+000 -0.107536384819057E+002 -0.701799318969250E+003
  0.879665203054256E+000  0.140357938063145E+004 -0.336753485333628E+001  0.481894894909455E+002 -0.409773659681911E+000  0.396777660484431E+000 -0.107536384819057E+002 -0.701789690315723E+003
  0.879665203054256E+000  0.140356437917054E+004  0.143179473068586E+002  0.597124063229146E+002 -0.433744563754913E+000  0.449898447687890E+000 -0.107536384819057E+002 -0.701782189585268E+003
  0.879665203054256E+000  0.140356309032068E+004 -0.636087771327827E+001  0.580928396473954E+002 -0.406961240568614E+000  0.392658123653748E+000 -0.107536384819057E+002 -0.701781545160338E+003
  0.879665203054256E+000  0.140353123126924E+004 -0.347187221683157E+000  0.423758722050594E+002 -0.430141328164118E+000  0.441987944054602E+000 -0.107536384819057E+002 -0.701765615634620E+003
  0.879665203054256E+000  0.140352482125163E+004  0.354566087520659E+000  0.474210054647296E+002 -0.386504004048206E+000  0.436271364400441E+000 -0.107536384819057E+002 -0.701762410625815E+003
  0.879665203054256E+000  0.140351011449099E+004  0.170902407151991E+002  0.680669589913812E+002 -0.406373855000798E+000  0.393988239578492E+000 -0.107536384819057E+002 -0.701755057245493E+003
  0.879665203054256E+000  0.140350522385538E+004  0.654510336037994E+001  0.990691671346588E+002 -0.383006935446620E+000  0.398451885622767E+000 -0.107536384819057E+002 -0.701752611927688E+003
  0.879665203054256E+000  0.140349815105798E+004 -0.168433699387127E+002  0.736077295488482E+002 -0.414895387533204E+000  0.409512314402525E+000 -0.107536384819057E+002 -0.701749075528991E+003
  0.879665203054256E+000  0.140349133066833E+004  0.146483870812653E+002  0.942746476064574E+002 -0.456832809269998E+000  0.528844767494789E+000 -0.107536384819057E+002 -0.701745665334165E+003
  0.879665203054256E+000  0.140348037385941E+004  0.239980296184328E+001  0.748969983389681E+002 -0.440896222483846E+000  0.564456633932300E+000 -0.107536384819057E+002 -0.701740186929703E+003
  0.879665203054256E+000  0.140344739477336E+004 -0.254638962640079E+001  0.527638005172096E+002 -0.415453465663725E+000  0.412636828744740E+000 -0.107536384819057E+002 -0.701723697386682E+003
  0.879665203054256E+000  0.140344238940999E+004  0.158643645394620E+001  0.721126452845237E+002 -0.399875321041618E+000  0.484454025371502E+000 -0.107536384819057E+002 -0.701721194704995E+003
  0.879665203054256E+000  0.140341426105160E+004 -0.181722568507345E+002  0.562841051980859E+002 -0.435182419829445E+000  0.459342521236805E+000 -0.107536384819057E+002 -0.701707130525800E+003
  0.879665203054256E+000  0.140340981298313E+004  0.682808991659918E+000  0.405940637919234E+002 -0.408412967489196E+000  0.506948234956477E+000 -0.107536384819057E+002 -0.701704906491563E+003
  0.879665203054256E+000  0.140339854322188E+004 -0.969605782760829E+001  0.632467172264026E+002 -0.412323172319464E+000  0.515905724159953E+000 -0.107536384819057E+002 -0.701699271610938E+003
  0.879665203054256E+000  0.140337675987929E+004  0.264142576323036E+001  0.962676609157551E+002 -0.447497150362827E+000  0.497826331446354E+000 -0.107536384819057E+002 -0.701688379939646E+003
  0.879665203054256E+000  0.140337251358363E+004 -0.167483115695436E+002  0.522298565139167E+002 -0.450848711838773E+000  0.510336190876054E+000 -0.107536384819057E+002 -0.701686256791814E+003
  0.879665203054256E+000  0.140335559011251E+004  0.115540820492606E+002  0.778240928433358E+002 -0.389510086458058E+000  0.436693520866425E+000 -0.107536384819057E+002 -0.701677795056254E+003
  0.879665203054256E+000  0.140334875308722E+004  0.401283248098239E+001  0.610702396829379E+002 -0.437902909059037E+000  0.469473275874423E+000 -0.107536384819057E+002 -0.701674376543611E+003
  0.879665203054256E+000  0.140333523421735E+004  0.718544018941260E+001  0.563844725291084E+002 -0.444414065519065E+000  0.561683223860526E+000 -0.107536384819057E+002 -0.701667617108673E+003
  0.879665203054256E+000  0.140333054023609E+004 -0.346321976763077E+001  0.888581062964937E+002 -0.404757399882132E+000  0.493886708339630E+000 -0.107536384819057E+002 -0.701665270118043E+003
  0.879665203054256E+000  0.140331603779644E+004 -0.660639726313288E+000  0.482123064765136E+002 -0.452106083261084E+000  0.519427601869127E+000 -0.107536384819057E+002 -0.701658018898219E+003
  0.879665203054256E+000  0.140330566637218E+004  0.125984239134377E+002  0.828379649515964E+002 -0.455066192331766E+000  0.552774812591154E+000 -0.107536384819057E+002 -0.701652833186090E+003
  0.879665203054256E+000  0.140327394035459E+004  0.392619547991623E+001  0.410703557813372E+002 -0.399928022263258E+000  0.398305300902173E+000 -0.107536384819057E+002 -0.701636970177293E+003
  0.879665203054256E+000  0.140326197206415E+004 -0.543156413635322E+001  0.526940353066698E+002 -0.402761845659222E+000  0.484619359764695E+000 -0.107536384819057E+002 -0.701630986032076E+003
  0.879665203054256E+000  0.140325910098851E+004  0.120883551083010E+002  0.461215028760573E+002 -0.403584034107488E+000  0.402678714138986E+000 -0.107536384819057E+002 -0.701629550494254E+003
  0.879665203054256E+000  0.140325790742692E+004 -0.139115150297414E+002  0.459175823702832E+002 -0.392222165040842E+000  0.400137921532918E+000 -0.107536384819057E+002 -0.701628953713458E+003
  0.879665203054256E+000  0.140324918045383E+004 -0.935263893703214E+001  0.709777868627734E+002 -0.452519685664596E+000  0.554401275293377E+000 -0.107536384819057E+002 -0.701624590226915E+003
  0.879665203054256E+000  0.140324275567615E+004 -0.125709645336566E+002  0.993447196000387E+002 -0.392167869083598E+000  0.402228447624574E+000 -0.107536384819057E+002 -0.701621377838077E+003
  0.879665203054256E+000  0.140323351749778E+004  0.698093310062682E+001  0.808656989299086E+002 -0.402418819820899E+000  0.403006316739366E+000 -0.107536384819057E+002 -0.701616758748889E+003
  0.879665203054256E+000  0.140320762301330E+004 -0.116403807762742E+002  0.738299415005683E+002 -0.424109488956207E+000  0.532527053026072E+000 -0.107536384819057E+002 -0.701603811506648E+003
  0.879665203054256E+000  0.140319895459898E+004 -0.623252339049834E+001  0.988386034287929E+002 -0.450429629874424E+000  0.553249240780343E+000 -0.107536384819057E+002 -0.701599477299489E+003
  0.879665203054256E+000  0.140318552181870E+004  0.519653164053451E+001  0.644880397053424E+002 -0.435364018769672E+000  0.469810445485694E+000 -0.107536384819057E+002 -0.701592760909349E+003
  0.879665203054256E+000  0.140316368116438E+004  0.124887896728004E+002  0.838339645672457E+002 -0.404915569348774E+000  0.409901786350694E+000 -0.107536384819057E+002 -0.701581840582192E+003
  0.879665203054256E+000  0.140315377302468E+004  0.143711394092051E+002  0.964005332073402E+002 -0.431922406617847E+000  0.462152533827284E+000 -0.107536384819057E+002 -0.701576886512339E+003
  0.879665203054256E+000  0.140313478469476E+004 -0.147976724792944E+002  0.557264098647806E+002 -0.450632096989611E+000  0.532166153567351E+000 -0.107536384819057E+002 -0.701567392347381E+003
  0.879665203054256E+000  0.140313209668547E+004  0.341384388129027E+001  0.754239789022446E+002 -0.449969477701682E+000  0.546376481297410E+000 -0.107536384819057E+002 -0.701566048342735E+003
  0.879665203054256E+000  0.140312871821225E+004  0.132985212970126E+002  0.921002042403407E+002 -0.412732700114484E+000  0.505599160516306E+000 -0.107536384819057E+002 -0.701564359106123E+003
  0.879665203054256E+000  0.140312450632080E+004 -0.157972336963146E+001  0.891832535889590E+002 -0.406034069867553E+000  0.413613182551780E+000 -0.107536384819057E+002 -0.701562253160402E+003
  0.879665203054256E+000  0.140311680423655E+004 -0.716761385832542E+001  0.553832059699350E+002 -0.402422024068696E+000  0.474820139385502E+000 -0.107536384819057E+002 -0.701558402118273E+003
  0.879665203054256E+000  0.140309629635373E+004 -0.153277450031660E+002  0.722006897860084E+002 -0.444811536749916E+000  0.549056883013770E+000 -0.107536384819057E+002 -0.701548148176866E+003
  0.879665203054256E+000  0.140309341903560E+004 -0.190379665351890E+002  0.781031158311867E+002 -0.441796460601028E+000  0.494351769134088E+000 -0.107536384819057E+002 -0.701546709517802E+003
  0.879665203054256E+000  0.140306737650491E+004 -0.183540905707391E+002  0.470127861130951E+002 -0.402377277273890E+000  0.414971609287557E+000 -0.107536384819057E+002 -0.701533688252457E+003
  0.879665203054256E+000  0.140306316798925E+004 -0.763246149691124E+001  0.899868771121629E+002 -0.448585790312381E+000  0.529956228851571E+000 -0.107536384819057E+002 -0.701531583994627E+003
  0.879665203054256E+000  0.140305470010638E+004  0.438572470614031E+001  0.933821778310018E+002 -0.399526484545421E+000  0.416434945419803E+000 -0.107536384819057E+002 -0.701527350053191E+003
  0.879665203054256E+000  0.140304796288908E+004 -0.244193955893540E+001  0.816054432208745E+002 -0.427838318446250E+000  0.531789778157577E+000 -0.107536384819057E+002 -0.701523981444538E+003
  0.879665203054256E+000  0.140304687467963E+004 -0.681193791092615E+001  0.604229542040885E+002 -0.396432849013043E+000  0.432018159160991E+000 -0.107536384819057E+002 -0.701523437339813E+003
  0.879665203054256E+000  0.140304448036104E+004 -0.569581542142405E+001  0.921219563695869E+002 -0.418796842737743E+000  0.437982239504182E+000 -0.107536384819057E+002 -0.701522240180522E+003
  0.879665203054256E+000  0.140301692659594E+004 -0.635336812935075E+001  0.851306138085904E+002 -0.422448374358066E+000  0.521148435793566E+000 -0.107536384819057E+002 -0.701508463297971E+003
  0.879665203054256E+000  0.140301018841565E+004  0.132374654995412E+002  0.975666415670032E+002 -0.407122758999777E+000  0.422757069662437E+000 -0.107536384819057E+002 -0.701505094207823E+003
  0.879665203054256E+000  0.140299408340454E+004  0.170747683828933E+002  0.835173831744422E+002 -0.429433537795314E+000  0.464271365795115E+000 -0.107536384819057E+002 -0.701497041702271E+003
  0.879665203054256E+000  0.140295501614665E+004 -0.140955394606957E+002  0.954588729777871E+002 -0.422875585379301E+000  0.451417293263978E+000 -0.107536384819057E+002 -0.701477508073323E+003
  0.879665203054256E+000  0.140292679186072E+004 -0.118991132254497E+002  0.715953934707125E+002 -0.442479541413275E+000  0.534239311088514E+000 -0.107536384819057E+002 -0.701463395930361E+003
  0.879665203054256E+000  0.140289736011624E+004  0.140317904240882E+002  0.903278527871364E+002 -0.412649843938077E+000  0.491730883542382E+000 -0.107536384819057E+002 -0.701448680058122E+003
  0.879665203054256E+000  0.140288799845427E+004  0.999234118141191E+001  0.871169233770071E+002 -0.406219955228821E+000  0.468902787917123E+000 -0.107536384819057E+002 -0.701443999227136E+003
  0.879665203054256E+000  0.140288755206764E+004  0.284253747972852E+001  0.528854169599660E+002 -0.433573015777748E+000  0.482570717861941E+000 -0.107536384819057E+002 -0.701443776033819E+003
  0.879665203054256E+000  0.140286089802533E+004  0.726814246609352E+001  0.443255291476545E+002 -0.408600665909460E+000  0.437766958692746E+000 -0.107536384819057E+002 -0.701430449012667E+003
  0.879665203054256E+000  0.140286070112884E+004 -0.288874063088991E+001  0.925828081938573E+002 -0.408867981153905E+000  0.476318642326521E+000 -0.107536384819057E+002 -0.701430350564420E+003
  0.879665203054256E+000  0.140284940969758E+004 -0.953464426895137E+001  0.724314974342324E+002 -0.413943706324021E+000  0.443419092528623E+000 -0.107536384819057E+002 -0.701424704848789E+003
  0.879665203054256E+000  0.140284603730589E+004 -0.312084589981535E+001  0.558203322797063E+002 -0.433187662435169E+000  0.526369504390644E+000 -0.107536384819057E+002 -0.701423018652946E+003
  0.879665203054256E+000  0.140284061673284E+004  0.596472994423192E+001  0.789715040524493E+002 -0.414052773687999E+000  0.491099572732031E+000 -0.107536384819057E+002 -0.701420308366418E+003
  0.879665203054256E+000  0.140283916785568E+004  0.837897554175089E+001  0.700098466469841E+002 -0.411879011278211E+000  0.484451026375837E+000 -0.107536384819057E+002 -0.701419583927840E+003
  0.879665203054256E+000  0.140281891276687E+004 -0.159155722243987E+001  0.766770817506764E+002 -0.419037335598862E+000  0.453734029900190E+000 -0.107536384819057E+002 -0.701409456383437E+003
  0.879665203054256E+000  0.140281729258969E+004 -0.348329708503558E+001  0.470804270537351E+002 -0.414753946530348E+000  0.490978234088752E+000 -0.107536384819057E+002 -0.701408646294847E+003
  0.879665203054256E+000  0.140280735040845E+004 -0.180092061294822E+002  0.927446515848345E+002 -0.435664619181700E+000  0.497568778106727E+000 -0.107536384819057E+002 -0.701403675204227E+003
  0.879665203054256E+000  0.140280001865455E+004 -0.162417597112970E+002  0.574038671500709E+002 -0.412023728907003E+000  0.480645320994193E+000 -0.107536384819057E+002 -0.701400009327277E+003
  0.879665203054256E+000  0.140276771190763E+004  0.430948462544517E+000  0.911659157375775E+002 -0.427300858464640E+000  0.475874835429212E+000 -0.107536384819057E+002 -0.701383855953813E+003
  0.879665203054256E+000  0.140276181893051E+004  0.350787617931410E+001  0.833319730473305E+002 -0.415970902381595E+000  0.455106202723030E+000 -0.107536384819057E+002 -0.701380909465253E+003
  0.879665203054256E+000  0.140276124887308E+004 -0.127480196768187E+002  0.741435144044135E+002 -0.435776505041677E+000  0.510626301928324E+000 -0.107536384819057E+002 -0.701380624436541E+003
  0.879665203054256E+000  0.140273649533093E+004  0.672270700091353E+001  0.503366405233780E+002 -0.430047905781595E+000  0.512260145935778E+000 -0.107536384819057E+002 -0.701368247665465E+003
  0.879665203054256E+000  0.140268428608775E+004  0.250371783077307E+001  0.438401944319056E+002 -0.417366180917091E+000  0.474548301707502E+000 -0.107536384819057E+002 -0.701342143043876E+003
  0.879665203054256E+000  0.140266988102347E+004  0.741871406180081E+001  0.628498096072943E+002 -0.424863328330412E+000  0.492358921143278E+000 -0.107536384819057E+002 -0.701334940511733E+003
