 -0.192990222334630E+002  0.716478495569664E+002 -0.462840917081047E+000  0.507111231989406E+000  0.388543903572042E+000 -0.296444015682045E+002 -0.209935982710631E+002 -0.739843443319707E+003 -0.739843443319707E+003
 -0.192383505803556E+002  0.735093785465326E+002 -0.444365274357833E+000  0.497989992614699E+000  0.192030101245791E+000 -0.235781333976805E+002 -0.209935982710631E+002 -0.739456137247865E+003 -0.739456137247865E+003
 -0.192616918112331E+002  0.730308916781374E+002 -0.479219312850620E+000  0.518253279525071E+000  0.257801343646477E+000 -0.233898330865917E+002 -0.209935982710631E+002 -0.739730819756514E+003 -0.739730819756514E+003
 -0.192340657859612E+002  0.737664038600335E+002 -0.441343898455250E+000  0.474551127265382E+000  0.254316934720194E+000 -0.240068518712568E+002 -0.209935982710631E+002 -0.739779142474761E+003 -0.739779142474761E+003
 -0.192424096603646E+002  0.733973392893347E+002 -0.455972393709080E+000  0.481063108986433E+000  0.393086344784109E+000 -0.281427521384394E+002 -0.209935982710631E+002 -0.739995864888236E+003 -0.739995864888236E+003
 -0.192867671951541E+002  0.721012622832968E+002 -0.459928358606549E+000  0.508124407648642E+000  0.218296167348939E+000 -0.235326530601142E+002 -0.209935982710631E+002 -0.740121296940525E+003 -0.740121296940525E+003
 -0.192982315652028E+002  0.717183842136687E+002 -0.457905522580690E+000  0.508543394631191E+000  0.352392748533617E+000 -0.290756883948467E+002 -0.209935982710631E+002 -0.739932877893147E+003 -0.739932877893147E+003
 -0.192953200552030E+002  0.717502665390903E+002 -0.468112858091572E+000  0.510711396776319E+000  0.390740975642103E+000 -0.293549433115677E+002 -0.209935982710631E+002 -0.740166489520655E+003 -0.740166489520655E+003
 -0.192616082985172E+002  0.727927829941588E+002 -0.455650199755495E+000  0.500301436975774E+000  0.286887079289571E+000 -0.259820854873803E+002 -0.209935982710631E+002 -0.738990831656643E+003 -0.738990831656643E+003
 -0.192793702615242E+002  0.724266317802430E+002 -0.477647263797683E+000  0.513651795858339E+000  0.261520292368061E+000 -0.232956021705088E+002 -0.209935982710631E+002 -0.739464088806841E+003 -0.739464088806841E+003
 -0.192541544580222E+002  0.733165009257306E+002 -0.476242885836943E+000  0.497014804813848E+000  0.476541129364847E+000 -0.301908369255936E+002 -0.209935982710631E+002 -0.739853499127267E+003 -0.739853499127267E+003
 -0.192956929089561E+002  0.717505111724476E+002 -0.452260802172090E+000  0.501835138282544E+000  0.260749392485508E+000 -0.255961289351036E+002 -0.209935982710631E+002 -0.740114463257641E+003 -0.740114463257641E+003
 -0.192881600681125E+002  0.721723368823196E+002 -0.481731471465644E+000  0.520774597022699E+000  0.346701007216140E+000 -0.267334007730248E+002 -0.209935982710631E+002 -0.740017992697022E+003 -0.740017992697022E+003
 -0.192765674452112E+002  0.724233176947704E+002 -0.467576958344125E+000  0.496903355307659E+000  0.318519734187518E+000 -0.252500270249184E+002 -0.209935982710631E+002 -0.739619332158681E+003 -0.739619332158681E+003
 -0.193066235768651E+002  0.714438584500482E+002 -0.456594021945240E+000  0.499159756999350E+000  0.278229215445819E+000 -0.254005665560519E+002 -0.209935982710631E+002 -0.740087918358735E+003 -0.740087918358735E+003
 -0.192472203789659E+002  0.732651148946666E+002 -0.442840903364258E+000  0.450679423715905E+000  0.379435754983874E+000 -0.263224424009641E+002 -0.209935982710631E+002 -0.740018770504682E+003 -0.740018770504682E+003
 -0.192580414666061E+002  0.731699849458831E+002 -0.482416640904311E+000  0.532526675354539E+000  0.253148147404332E+000 -0.241726755188197E+002 -0.209935982710631E+002 -0.739531199787990E+003 -0.739531199787990E+003
 -0.192859996439323E+002  0.720954376545178E+002 -0.460519129287408E+000  0.503905940323658E+000  0.352550167938091E+000 -0.282340783949195E+002 -0.209935982710631E+002 -0.740101572706229E+003 -0.740101572706229E+003
 -0.192981539848621E+002  0.716882575676986E+002 -0.461420168555954E+000  0.508930717127031E+000  0.304520831547805E+000 -0.267545349877047E+002 -0.209935982710631E+002 -0.739743410088737E+003 -0.739743410088737E+003
 -0.192624589649729E+002  0.728148073780736E+002 -0.447922692834886E+000  0.471410105317680E+000  0.348952524424362E+000 -0.265242010980834E+002 -0.209935982710631E+002 -0.738865594615764E+003 -0.738865594615764E+003
 -0.192555084078807E+002  0.730488753134615E+002 -0.448428240895428E+000  0.464582394725728E+000  0.299537825686301E+000 -0.238706465768572E+002 -0.209935982710631E+002 -0.739628506664864E+003 -0.739628506664864E+003
 -0.192981288555580E+002  0.717862072113032E+002 -0.466230741457172E+000  0.505210440317352E+000  0.312548425499713E+000 -0.260253370577969E+002 -0.209935982710631E+002 -0.739776982306158E+003 -0.739776982306158E+003
 -0.192302649288481E+002  0.738783125923096E+002 -0.460039022080130E+000  0.493654014211740E+000  0.285713993086915E+000 -0.246748918181016E+002 -0.209935982710631E+002 -0.739748149024503E+003 -0.739748149024503E+003
 -0.192748973388913E+002  0.725070414550827E+002 -0.462237076192637E+000  0.499572047977287E+000  0.408249807141488E+000 -0.297290980707864E+002 -0.209935982710631E+002 -0.739059915512736E+003 -0.739059915512736E+003
 -0.192500574531864E+002  0.733298648147207E+002 -0.477648456653984E+000  0.500568969777469E+000  0.293763181793636E+000 -0.232692039192800E+002 -0.209935982710631E+002 -0.740192274858386E+003 -0.740192274858386E+003
 -0.192225684872357E+002  0.742169667542279E+002 -0.445260868993088E+000  0.465572833852645E+000  0.370587555448225E+000 -0.271322445921137E+002 -0.209935982710631E+002 -0.739909497835481E+003 -0.739909497835481E+003
 -0.192643027622001E+002  0.727888120959490E+002 -0.453296581891753E+000  0.484570605939427E+000  0.246229770046398E+000 -0.231401068495111E+002 -0.209935982710631E+002 -0.739296245579453E+003 -0.739296245579453E+003
 -0.192224127137674E+002  0.742012330546228E+002 -0.460535999231822E+000  0.482428746012991E+000  0.314148386459792E+000 -0.246038580228719E+002 -0.209935982710631E+002 -0.740268639541639E+003 -0.740268639541639E+003
 -0.192902763082114E+002  0.720584328703459E+002 -0.486907709198752E+000  0.528385950705244E+000  0.309655358504614E+000 -0.253037280493641E+002 -0.209935982710631E+002 -0.740183886237455E+003 -0.740183886237455E+003
 -0.193021324004689E+002  0.716311061891269E+002 -0.468450191585355E+000  0.503597690730913E+000  0.303852599819308E+000 -0.252230909790000E+002 -0.209935982710631E+002 -0.740254486158892E+003 -0.740254486158892E+003
 -0.192264261265390E+002  0.739949039919996E+002 -0.463214365740528E+000  0.500110638350899E+000  0.366875935471839E+000 -0.280392430210496E+002 -0.209935982710631E+002 -0.740013080820252E+003 -0.740013080820252E+003
 -0.192649606272300E+002  0.726994140990359E+002 -0.448605316481502E+000  0.487274314042374E+000  0.210786258627095E+000 -0.226584587200113E+002 -0.209935982710631E+002 -0.739762156317404E+003 -0.739762156317404E+003
 -0.192905265781200E+002  0.719096643460038E+002 -0.462874604003160E+000  0.513036242107506E+000  0.375488905308245E+000 -0.297462432954904E+002 -0.209935982710631E+002 -0.739811716946857E+003 -0.739811716946857E+003
 -0.192361219501749E+002  0.736009784573448E+002 -0.445170807938073E+000  0.481160097053142E+000  0.211478445965469E+000 -0.225075798267018E+002 -0.209935982710631E+002 -0.739407003609824E+003 -0.739407003609824E+003
 -0.192754491156658E+002  0.722378683531223E+002 -0.448731162200342E+000  0.506820578498174E+000  0.317078342718332E+000 -0.287879879818476E+002 -0.209935982710631E+002 -0.739996482596974E+003 -0.739996482596974E+003
 -0.192653596778575E+002  0.728480422651552E+002 -0.455307115953562E+000  0.506290339182927E+000  0.231763902837159E+000 -0.244956516417703E+002 -0.209935982710631E+002 -0.739134868230021E+003 -0.739134868230021E+003
 -0.192785903695398E+002  0.724295129870627E+002 -0.487795832744750E+000  0.521948651235582E+000  0.364210921922947E+000 -0.266560360710067E+002 -0.209935982710631E+002 -0.740102836288653E+003 -0.740102836288653E+003
 -0.192709905149594E+002  0.727860107243985E+002 -0.461619510004920E+000  0.506525259970672E+000  0.242913190519161E+000 -0.240831578046170E+002 -0.209935982710631E+002 -0.739970579747309E+003 -0.739970579747309E+003
 -0.192487859263946E+002  0.732694091299980E+002 -0.454760289517107E+000  0.485213577459857E+000  0.232300628456244E+000 -0.224725025833302E+002 -0.209935982710631E+002 -0.740070167158819E+003 -0.740070167158819E+003
 -0.192657578124856E+002  0.727507775573442E+002 -0.468222132873712E+000  0.518309373710607E+000  0.216420952054420E+000 -0.233318119385287E+002 -0.209935982710631E+002 -0.739099954045336E+003 -0.739099954045336E+003
 -0.192549530684475E+002  0.729711243668206E+002 -0.445330296347043E+000  0.492925136542252E+000  0.271022544664234E+000 -0.260193215066938E+002 -0.209935982710631E+002 -0.739407764307607E+003 -0.739407764307607E+003
 -0.192614970204290E+002  0.728971545531996E+002 -0.463499907416889E+000  0.512177511561078E+000  0.251735375337972E+000 -0.247559287745288E+002 -0.209935982710631E+002 -0.740174716509067E+003 -0.740174716509067E+003
 -0.192297982222195E+002  0.739403813211388E+002 -0.461030588628291E+000  0.500565975994829E+000  0.375717863114716E+000 -0.287270370718769E+002 -0.209935982710631E+002 -0.740012300675741E+003 -0.740012300675741E+003
 -0.192632550508232E+002  0.728961479405003E+002 -0.447766376499003E+000  0.485445155700464E+000  0.262459594849631E+000 -0.245907486264324E+002 -0.209935982710631E+002 -0.739215835527100E+003 -0.739215835527100E+003
 -0.192279338234722E+002  0.740649800213043E+002 -0.446240664479350E+000  0.469276337686030E+000  0.287655950993056E+000 -0.241510948074290E+002 -0.209935982710631E+002 -0.739890917036329E+003 -0.739890917036329E+003
 -0.192869900114897E+002  0.721734865488869E+002 -0.487206805435633E+000  0.527885342903643E+000  0.306880243236904E+000 -0.251025496932508E+002 -0.209935982710631E+002 -0.740132579295691E+003 -0.740132579295691E+003
 -0.192405571905857E+002  0.734924107364475E+002 -0.446391729859593E+000  0.474925104648066E+000  0.177102449823749E+000 -0.203997904278316E+002 -0.209935982710631E+002 -0.740250419469394E+003 -0.740250419469394E+003
 -0.192266867407952E+002  0.740925098119042E+002 -0.446077056860099E+000  0.470125291177784E+000  0.272051970128203E+000 -0.236443412824005E+002 -0.209935982710631E+002 -0.739713749278546E+003 -0.739713749278546E+003
 -0.192602320281746E+002  0.729429210447644E+002 -0.442477315820600E+000  0.478516450194540E+000  0.279920550662240E+000 -0.252645374588352E+002 -0.209935982710631E+002 -0.738892030728563E+003 -0.738892030728563E+003
 -0.192461162867099E+002  0.732347915288763E+002 -0.449009219772479E+000  0.477103724369953E+000  0.309087660733510E+000 -0.254005701359556E+002 -0.209935982710631E+002 -0.739509618601668E+003 -0.739509618601668E+003
 -0.192534159558822E+002  0.731892733955815E+002 -0.453683659589087E+000  0.496724953435543E+000  0.195805041293326E+000 -0.223520795048551E+002 -0.209935982710631E+002 -0.739872840778516E+003 -0.739872840778516E+003
 -0.192262270179348E+002  0.740454922299706E+002 -0.454646345760852E+000  0.490279562172554E+000  0.262114214356529E+000 -0.241436132834380E+002 -0.209935982710631E+002 -0.739381152045701E+003 -0.739381152045701E+003
 -0.192400422344882E+002  0.735401378068384E+002 -0.447582464348086E+000  0.498640128026099E+000  0.168891073267829E+000 -0.223188470675625E+002 -0.209935982710631E+002 -0.739627716659227E+003 -0.739627716659227E+003
 -0.192766660730305E+002  0.724540021393099E+002 -0.460611814743104E+000  0.512637434686446E+000  0.286881214723593E+000 -0.265602783086292E+002 -0.209935982710631E+002 -0.739354187435035E+003 -0.739354187435035E+003
 -0.192626734826892E+002  0.729938774005715E+002 -0.475382454593634E+000  0.510205718986771E+000  0.259322208771593E+000 -0.231854400056489E+002 -0.209935982710631E+002 -0.739144223902785E+003 -0.739144223902785E+003
 -0.192603522626536E+002  0.730623829211702E+002 -0.463157756342452E+000  0.495417645187194E+000  0.309776484587232E+000 -0.253613219087047E+002 -0.209935982710631E+002 -0.739075588949654E+003 -0.739075588949654E+003
 -0.192871021487899E+002  0.720463397994848E+002 -0.456687439023084E+000  0.485170295968107E+000  0.420315546489320E+000 -0.295129237054478E+002 -0.209935982710631E+002 -0.739375989108195E+003 -0.739375989108195E+003
 -0.192402076669737E+002  0.735538362524574E+002 -0.471426978263719E+000  0.517614594131949E+000  0.203249593665973E+000 -0.222988342885349E+002 -0.209935982710631E+002 -0.739945939600969E+003 -0.739945939600969E+003
 -0.192882337867502E+002  0.719796938762702E+002 -0.469927534522085E+000  0.521844014828635E+000  0.347808228186310E+000 -0.285680579632994E+002 -0.209935982710631E+002 -0.739928181544435E+003 -0.739928181544435E+003
 -0.192316992868302E+002  0.739458238433227E+002 -0.447142330587141E+000  0.465045322240573E+000  0.321976624195258E+000 -0.249514623125098E+002 -0.209935982710631E+002 -0.739983169115564E+003 -0.739983169115564E+003
 -0.192304793100937E+002  0.740171290743332E+002 -0.449708463542231E+000  0.471533795521837E+000  0.211483008806269E+000 -0.209696245121665E+002 -0.209935982710631E+002 -0.740281360713563E+003 -0.740281360713563E+003
 -0.192668330496346E+002  0.725334587733029E+002 -0.448644819260672E+000  0.496734870630354E+000  0.348651134915173E+000 -0.289901763687747E+002 -0.209935982710631E+002 -0.739400957613346E+003 -0.739400957613346E+003
 -0.192527206559504E+002  0.730836246428648E+002 -0.453604313384866E+000  0.478586821572993E+000  0.318950796587998E+000 -0.253223698052591E+002 -0.209935982710631E+002 -0.739304832506240E+003 -0.739304832506240E+003
 -0.192497930303895E+002  0.734991455834718E+002 -0.465320650783916E+000  0.513449781375551E+000  0.188352434811677E+000 -0.221518557137901E+002 -0.209935982710631E+002 -0.739761294314246E+003 -0.739761294314246E+003
 -0.192754377678774E+002  0.725938988954445E+002 -0.478967805993523E+000  0.533662136395971E+000  0.264895586066388E+000 -0.252430932619068E+002 -0.209935982710631E+002 -0.739874744785502E+003 -0.739874744785502E+003
 -0.192414909442723E+002  0.736761379401111E+002 -0.455990712993960E+000  0.485277007387150E+000  0.218940836463375E+000 -0.217930905807767E+002 -0.209935982710631E+002 -0.739890795339191E+003 -0.739890795339191E+003
 -0.192413866541509E+002  0.735371251563850E+002 -0.446507905698349E+000  0.490053938388780E+000  0.171354225608127E+000 -0.216795675150506E+002 -0.209935982710631E+002 -0.739493876935290E+003 -0.739493876935290E+003
 -0.192787871628516E+002  0.722517436907260E+002 -0.452751604246191E+000  0.485305393684268E+000  0.331309512136116E+000 -0.265934876557458E+002 -0.209935982710631E+002 -0.739230373407036E+003 -0.739230373407036E+003
 -0.192626774731727E+002  0.730107844486001E+002 -0.463213292695724E+000  0.512123614689298E+000  0.230463368995558E+000 -0.239480206390122E+002 -0.209935982710631E+002 -0.739309489414899E+003 -0.739309489414899E+003
 -0.192465396374210E+002  0.733790498508178E+002 -0.442686902912927E+000  0.479064078920926E+000  0.258516143510320E+000 -0.244617584217612E+002 -0.209935982710631E+002 -0.739159869868543E+003 -0.739159869868543E+003
 -0.192855292965658E+002  0.719961715209787E+002 -0.456527731863929E+000  0.499356508792822E+000  0.383455973241681E+000 -0.295273533111427E+002 -0.209935982710631E+002 -0.739553312346646E+003 -0.739553312346646E+003
 -0.192712188577808E+002  0.725217610986429E+002 -0.441215639101652E+000  0.484334768395829E+000  0.208494254737587E+000 -0.232502597549972E+002 -0.209935982710631E+002 -0.740115940845325E+003 -0.740115940845325E+003
 -0.192569081129854E+002  0.731776504272017E+002 -0.472803927016830E+000  0.510574652783003E+000  0.229749518565598E+000 -0.224359047900793E+002 -0.209935982710631E+002 -0.739374191524856E+003 -0.739374191524856E+003
 -0.192838032165045E+002  0.722704001094394E+002 -0.487029476709272E+000  0.530855993327963E+000  0.328363364763774E+000 -0.262574000074090E+002 -0.209935982710631E+002 -0.740136942968286E+003 -0.740136942968286E+003
 -0.192367952270707E+002  0.738262974291866E+002 -0.448796094666877E+000  0.486981106040916E+000  0.266923034800072E+000 -0.247841210801640E+002 -0.209935982710631E+002 -0.739908553950146E+003 -0.739908553950146E+003
 -0.192380827248890E+002  0.735793968650989E+002 -0.442840700192201E+000  0.483719087616463E+000  0.125681746287270E+000 -0.197414034681009E+002 -0.209935982710631E+002 -0.739862271842489E+003 -0.739862271842489E+003
 -0.192430328733430E+002  0.735898961810286E+002 -0.448348832658329E+000  0.466035051304353E+000  0.341382105297228E+000 -0.256498044354742E+002 -0.209935982710631E+002 -0.740071142933473E+003 -0.740071142933473E+003
 -0.192495666513865E+002  0.734661026104952E+002 -0.485810312724891E+000  0.526453039207104E+000  0.315448943198916E+000 -0.255043939531621E+002 -0.209935982710631E+002 -0.740279477399593E+003 -0.740279477399593E+003
 -0.192233825845831E+002  0.741246706687405E+002 -0.445600750790184E+000  0.485003380593541E+000  0.183860649479385E+000 -0.217738364777376E+002 -0.209935982710631E+002 -0.740035856263620E+003 -0.740035856263620E+003
 -0.192186156819235E+002  0.743589446981504E+002 -0.463183738463545E+000  0.485921270628944E+000  0.294686090807829E+000 -0.238333643535388E+002 -0.209935982710631E+002 -0.740252741763023E+003 -0.740252741763023E+003
 -0.192402363198161E+002  0.734541319298744E+002 -0.442892232261166E+000  0.481012512128470E+000  0.166990654401559E+000 -0.210649029350284E+002 -0.209935982710631E+002 -0.739150921573993E+003 -0.739150921573993E+003
 -0.192704210982103E+002  0.725642115588919E+002 -0.450637125266488E+000  0.481389673784541E+000  0.411925505309469E+000 -0.296310519646917E+002 -0.209935982710631E+002 -0.740031844742817E+003 -0.740031844742817E+003
 -0.192608143427055E+002  0.727984295971327E+002 -0.443544282897536E+000  0.493837200276176E+000  0.176296938283102E+000 -0.226602134897460E+002 -0.209935982710631E+002 -0.739952036695951E+003 -0.739952036695951E+003
 -0.192540293591000E+002  0.732189819262065E+002 -0.448875217969954E+000  0.485996269048615E+000  0.282574924583230E+000 -0.252915654416284E+002 -0.209935982710631E+002 -0.740288060703905E+003 -0.740288060703905E+003
 -0.192624724203783E+002  0.728060206901394E+002 -0.451093973673564E+000  0.471757637457488E+000  0.454781116386570E+000 -0.302558364774632E+002 -0.209935982710631E+002 -0.738957493014867E+003 -0.738957493014867E+003
 -0.192336132407552E+002  0.736958498496310E+002 -0.444855519528718E+000  0.478132440968430E+000  0.232574892614991E+000 -0.230746974851437E+002 -0.209935982710631E+002 -0.739745759769578E+003 -0.739745759769578E+003
 -0.192564867570252E+002  0.730785095838536E+002 -0.461161752906925E+000  0.509228885875647E+000  0.360607889841575E+000 -0.290180171438269E+002 -0.209935982710631E+002 -0.739468716847678E+003 -0.739468716847678E+003
 -0.192862895174567E+002  0.721450080157932E+002 -0.453250630007063E+000  0.480264874828542E+000  0.384016365571057E+000 -0.280667115643242E+002 -0.209935982710631E+002 -0.739504046179140E+003 -0.739504046179140E+003
 -0.192625285505114E+002  0.726621278313780E+002 -0.444574644970473E+000  0.481480580199698E+000  0.248745383291379E+000 -0.240770367585165E+002 -0.209935982710631E+002 -0.739326131148261E+003 -0.739326131148261E+003
 -0.192284787834282E+002  0.740339217979694E+002 -0.439721599003664E+000  0.459159527014861E+000  0.284596388081908E+000 -0.238616145009462E+002 -0.209935982710631E+002 -0.739983437584359E+003 -0.739983437584359E+003
 -0.192680273524708E+002  0.726803117828362E+002 -0.461055459002671E+000  0.485124525927676E+000  0.410998972128951E+000 -0.285690739062932E+002 -0.209935982710631E+002 -0.740148447912751E+003 -0.740148447912751E+003
 -0.193043556912850E+002  0.714454752418920E+002 -0.465032531248533E+000  0.509698816398625E+000  0.307945332044852E+000 -0.264644322108586E+002 -0.209935982710631E+002 -0.740079615105278E+003 -0.740079615105278E+003
 -0.192356508198694E+002  0.737295544261374E+002 -0.444778523894659E+000  0.500169966679318E+000  0.143221247762966E+000 -0.218435739898213E+002 -0.209935982710631E+002 -0.739391866467589E+003 -0.739391866467589E+003
 -0.192301623563404E+002  0.737806527465861E+002 -0.440700908966186E+000  0.477923408606639E+000  0.110813745127302E+000 -0.188531416078896E+002 -0.209935982710631E+002 -0.740090168892697E+003 -0.740090168892697E+003
 -0.192957372043355E+002  0.717978448016925E+002 -0.472064182170463E+000  0.520337866534421E+000  0.373157832383725E+000 -0.290921930237769E+002 -0.209935982710631E+002 -0.740050274781167E+003 -0.740050274781167E+003
