 -0.192429240983210E+002  0.734729302584471E+002 -0.452136062409173E+000  0.552187486409035E+000 -0.107536384819057E+002 -0.735008340303406E+003 -0.735008340303407E+003 -0.735031063491636E+003
 -0.192386103689307E+002  0.735776941811987E+002 -0.445150110594501E+000  0.547142750264844E+000 -0.107536384819057E+002 -0.735025944276302E+003 -0.735025944276302E+003 -0.735033029422112E+003
 -0.192406140570861E+002  0.735947164506606E+002 -0.449421515232655E+000  0.554329273677494E+000 -0.107536384819057E+002 -0.735027761316905E+003 -0.735027761316905E+003 -0.735072293727378E+003
 -0.192439550657371E+002  0.734590746072762E+002 -0.455420166729894E+000  0.558610743490794E+000 -0.107536384819057E+002 -0.734990075629378E+003 -0.734990075629378E+003 -0.735366317532702E+003
 -0.192407998999114E+002  0.736120345529212E+002 -0.459080782491023E+000  0.564667849543837E+000 -0.107536384819057E+002 -0.735002556153189E+003 -0.735002556153189E+003 -0.735029925371143E+003
 -0.192482116210992E+002  0.732949152865285E+002 -0.445363665150749E+000  0.551608555257136E+000 -0.107536384819057E+002 -0.735017528481296E+003 -0.735017528481296E+003 -0.735166486132620E+003
 -0.192447257783437E+002  0.733936479059094E+002 -0.442760465307385E+000  0.545612524813553E+000 -0.107536384819057E+002 -0.735019986734660E+003 -0.735019986734660E+003 -0.735033330619784E+003
 -0.192410971582310E+002  0.735737476281217E+002 -0.456635719505405E+000  0.565929503674333E+000 -0.107536384819057E+002 -0.735003256299181E+003 -0.735003256299181E+003 -0.735069236429961E+003
 -0.192487831285569E+002  0.733318359975428E+002 -0.458356531714510E+000  0.563280453384460E+000 -0.107536384819057E+002 -0.734997978416650E+003 -0.734997978416650E+003 -0.735048642913024E+003
 -0.192466409684652E+002  0.734355583800179E+002 -0.458311168883803E+000  0.562003072220679E+000 -0.107536384819057E+002 -0.735015382928021E+003 -0.735015382928021E+003 -0.735053690226582E+003
 -0.192410648621950E+002  0.735864100037101E+002 -0.451107300664945E+000  0.551779547500647E+000 -0.107536384819057E+002 -0.735018902519366E+003 -0.735018902519366E+003 -0.735095878389707E+003
 -0.192530942194384E+002  0.731739148061491E+002 -0.456039494874203E+000  0.558000125933892E+000 -0.107536384819057E+002 -0.735024911739602E+003 -0.735024911739602E+003 -0.735046142673589E+003
 -0.192405423841496E+002  0.735389812776785E+002 -0.449458247875459E+000  0.555990721845104E+000 -0.107536384819057E+002 -0.734986815995091E+003 -0.734986815995091E+003 -0.735062920750874E+003
 -0.192428738310467E+002  0.735285189245213E+002 -0.454067184858789E+000  0.557913334875949E+000 -0.107536384819057E+002 -0.734984662350617E+003 -0.734984662350617E+003 -0.735032344537523E+003
 -0.192533198001195E+002  0.731338815905704E+002 -0.451420360083577E+000  0.555305373103717E+000 -0.107536384819057E+002 -0.735015785429097E+003 -0.735015785429097E+003 -0.735055256986628E+003
 -0.192434121792256E+002  0.734583095313742E+002 -0.454310600200448E+000  0.562877491957040E+000 -0.107536384819057E+002 -0.735005102374348E+003 -0.735005102374348E+003 -0.735030412483811E+003
 -0.192382185405622E+002  0.736390056870298E+002 -0.445639197591874E+000  0.551153422944139E+000 -0.107536384819057E+002 -0.735028575719725E+003 -0.735028575719725E+003 -0.735105832598985E+003
 -0.192420838439078E+002  0.735249357476020E+002 -0.449368875320072E+000  0.554726082735320E+000 -0.107536384819057E+002 -0.734986747544768E+003 -0.734986747544768E+003 -0.735071387153096E+003
 -0.192407934378429E+002  0.735586696646422E+002 -0.448962676891115E+000  0.549299711279721E+000 -0.107536384819057E+002 -0.734996611772744E+003 -0.734996611772744E+003 -0.735045456248464E+003
 -0.192442369591336E+002  0.734449854374288E+002 -0.448428864110244E+000  0.547725827634976E+000 -0.107536384819057E+002 -0.735003293773048E+003 -0.735003293773048E+003 -0.735030446740376E+003
 -0.192396396113575E+002  0.736588565192142E+002 -0.458404174621350E+000  0.562872881485026E+000 -0.107536384819057E+002 -0.735009147526345E+003 -0.735009147526345E+003 -0.735122121069898E+003
 -0.192396494927938E+002  0.735475493912543E+002 -0.444260540956053E+000  0.554097284067042E+000 -0.107536384819057E+002 -0.735022420836980E+003 -0.735022420836980E+003 -0.735030049271438E+003
 -0.192509104235880E+002  0.732417315801255E+002 -0.457247260974402E+000  0.565885622183629E+000 -0.107536384819057E+002 -0.735020510525100E+003 -0.735020510525100E+003 -0.735120211943077E+003
 -0.192353662939740E+002  0.737670898877189E+002 -0.456212068297688E+000  0.559758193319642E+000 -0.107536384819057E+002 -0.735028476623623E+003 -0.735028476623623E+003 -0.735291762748493E+003
 -0.192451504667600E+002  0.734024539673066E+002 -0.451135194369737E+000  0.561672954861072E+000 -0.107536384819057E+002 -0.734994413539584E+003 -0.734994413539584E+003 -0.735042588455204E+003
 -0.192458547545810E+002  0.733764165276449E+002 -0.450664107765388E+000  0.553053123352512E+000 -0.107536384819057E+002 -0.734978349968755E+003 -0.734978349968755E+003 -0.735048464334481E+003
 -0.192376366677241E+002  0.736879973960253E+002 -0.455387601030795E+000  0.556009296613375E+000 -0.107536384819057E+002 -0.735017951087535E+003 -0.735017951087535E+003 -0.735029676441423E+003
 -0.192412494880519E+002  0.735491564791111E+002 -0.449202941468734E+000  0.559845767675537E+000 -0.107536384819057E+002 -0.735021031501330E+003 -0.735021031501330E+003 -0.735042742278611E+003
 -0.192494289005872E+002  0.733042562498689E+002 -0.453080619000211E+000  0.552466332083673E+000 -0.107536384819057E+002 -0.735017623161263E+003 -0.735017623161263E+003 -0.735050227977135E+003
 -0.192468583464132E+002  0.733500625580450E+002 -0.449635040894294E+000  0.556677777496077E+000 -0.107536384819057E+002 -0.734979463236048E+003 -0.734979463236049E+003 -0.735030278564384E+003
 -0.192401403493227E+002  0.736495395152247E+002 -0.457572695033474E+000  0.563503763309633E+000 -0.107536384819057E+002 -0.735022520878361E+003 -0.735022520878361E+003 -0.735040799575643E+003
 -0.192471536237003E+002  0.733412045105577E+002 -0.450151532490437E+000  0.558114679306908E+000 -0.107536384819057E+002 -0.734982925391495E+003 -0.734982925391495E+003 -0.735051748860273E+003
 -0.192433624429924E+002  0.735055073613939E+002 -0.455152107457672E+000  0.559639676943402E+000 -0.107536384819057E+002 -0.734975216070894E+003 -0.734975216070894E+003 -0.735051941647533E+003
 -0.192461505479063E+002  0.734246173933321E+002 -0.460095887931414E+000  0.569722892392609E+000 -0.107536384819057E+002 -0.735024396374023E+003 -0.735024396374023E+003 -0.735043926744927E+003
 -0.192379220424485E+002  0.736276490557206E+002 -0.447492802053963E+000  0.549815520810030E+000 -0.107536384819057E+002 -0.735005932635082E+003 -0.735005932635082E+003 -0.735052064608353E+003
 -0.192397570188908E+002  0.736406493677933E+002 -0.454666285673238E+000  0.563569432404036E+000 -0.107536384819057E+002 -0.735024693578895E+003 -0.735024693578895E+003 -0.735032402186583E+003
 -0.192462921584783E+002  0.734068085803498E+002 -0.454660304220540E+000  0.565137603885111E+000 -0.107536384819057E+002 -0.735012068494794E+003 -0.735012068494794E+003 -0.735044807861958E+003
 -0.192490527325594E+002  0.733408730189753E+002 -0.457245051993155E+000  0.557166042014106E+000 -0.107536384819057E+002 -0.735021239008815E+003 -0.735021239008815E+003 -0.735067609635476E+003
 -0.192458521947960E+002  0.733774165191846E+002 -0.454753988074343E+000  0.565396250464827E+000 -0.107536384819057E+002 -0.735021944353589E+003 -0.735021944353589E+003 -0.735030231978507E+003
 -0.192522935381161E+002  0.731312580584001E+002 -0.445569068442744E+000  0.552378736523112E+000 -0.107536384819057E+002 -0.735028475355931E+003 -0.735028475355931E+003 -0.735398402814815E+003
 -0.192416894305543E+002  0.735588412761234E+002 -0.451822166455780E+000  0.550416093577903E+000 -0.107536384819057E+002 -0.735013738555120E+003 -0.735013738555120E+003 -0.735040335344413E+003
 -0.192459840345620E+002  0.733576205877626E+002 -0.447264874848739E+000  0.547715502325411E+000 -0.107536384819057E+002 -0.734996915309306E+003 -0.734996915309306E+003 -0.735029407153061E+003
 -0.192491723280269E+002  0.732631895655226E+002 -0.448990119267996E+000  0.559067625255029E+000 -0.107536384819057E+002 -0.735009168575767E+003 -0.735009168575767E+003 -0.735032757293416E+003
 -0.192462829418882E+002  0.733375069829011E+002 -0.448918784197592E+000  0.552752931292217E+000 -0.107536384819057E+002 -0.734991138685212E+003 -0.734991138685212E+003 -0.735049204651734E+003
 -0.192403795850805E+002  0.736244354990729E+002 -0.453496741811986E+000  0.555543748409555E+000 -0.107536384819057E+002 -0.735018229437379E+003 -0.735018229437379E+003 -0.735037214630415E+003
 -0.192389883932153E+002  0.736508418497390E+002 -0.455649185835493E+000  0.555884164241491E+000 -0.107536384819057E+002 -0.735009496663862E+003 -0.735009496663862E+003 -0.735056277169093E+003
 -0.192419059767269E+002  0.734939391066348E+002 -0.453204764778580E+000  0.560407351533787E+000 -0.107536384819057E+002 -0.735018658019268E+003 -0.735018658019268E+003 -0.735088787801236E+003
 -0.192446577322667E+002  0.734546967588727E+002 -0.457852680749405E+000  0.568092951653387E+000 -0.107536384819057E+002 -0.735013976695760E+003 -0.735013976695760E+003 -0.735069589218267E+003
 -0.192451577784374E+002  0.734803019928175E+002 -0.457602791667599E+000  0.560054413474847E+000 -0.107536384819057E+002 -0.735008232987098E+003 -0.735008232987098E+003 -0.735030303247109E+003
 -0.192507470910107E+002  0.732357142195037E+002 -0.456207771004488E+000  0.561790415875528E+000 -0.107536384819057E+002 -0.735008828298401E+003 -0.735008828298401E+003 -0.735176951593701E+003
 -0.192425514114492E+002  0.734660037112130E+002 -0.448254378425344E+000  0.561236787305929E+000 -0.107536384819057E+002 -0.735027830808276E+003 -0.735027830808276E+003 -0.735064017182674E+003
 -0.192431880177816E+002  0.734420887408863E+002 -0.448822039602062E+000  0.549798732923303E+000 -0.107536384819057E+002 -0.735005635620941E+003 -0.735005635620941E+003 -0.735080776420242E+003
 -0.192413227443684E+002  0.735373216967363E+002 -0.448701786586014E+000  0.557056226140967E+000 -0.107536384819057E+002 -0.734993333116453E+003 -0.734993333116453E+003 -0.735357313843679E+003
 -0.192484053338838E+002  0.732710070041917E+002 -0.447533397483886E+000  0.551948697097283E+000 -0.107536384819057E+002 -0.734989167644321E+003 -0.734989167644321E+003 -0.735051744460292E+003
 -0.192395384438292E+002  0.736122821600964E+002 -0.450478416776505E+000  0.555833656262957E+000 -0.107536384819057E+002 -0.734988100147914E+003 -0.734988100147914E+003 -0.735045508837539E+003
 -0.192522878350246E+002  0.731761101288723E+002 -0.454387379163959E+000  0.557401680208760E+000 -0.107536384819057E+002 -0.735017310850337E+003 -0.735017310850337E+003 -0.735036374042668E+003
 -0.192422473501023E+002  0.735311448938265E+002 -0.450930679412523E+000  0.552208816498368E+000 -0.107536384819057E+002 -0.734990988537709E+003 -0.734990988537709E+003 -0.735037813429596E+003
 -0.192494300973442E+002  0.732164612384503E+002 -0.444534105381201E+000  0.551921199776930E+000 -0.107536384819057E+002 -0.735015536749487E+003 -0.735015536749487E+003 -0.735054751359948E+003
 -0.192460222041328E+002  0.734106458860244E+002 -0.459534690555938E+000  0.566320561949985E+000 -0.107536384819057E+002 -0.735015270841067E+003 -0.735015270841067E+003 -0.735034895824234E+003
 -0.192471003183548E+002  0.733475116882945E+002 -0.454931950700540E+000  0.563230096578168E+000 -0.107536384819057E+002 -0.734995723564748E+003 -0.734995723564748E+003 -0.735040204026727E+003
 -0.192478360562256E+002  0.733554300366879E+002 -0.451931244419980E+000  0.556819074179322E+000 -0.107536384819057E+002 -0.735002088734439E+003 -0.735002088734439E+003 -0.735559845268537E+003
 -0.192509273551468E+002  0.732299370298901E+002 -0.454442154053706E+000  0.559910548182920E+000 -0.107536384819057E+002 -0.734996409789545E+003 -0.734996409789545E+003 -0.735033659579337E+003
 -0.192382930809025E+002  0.736731026259661E+002 -0.450272728076055E+000  0.551660386493838E+000 -0.107536384819057E+002 -0.735027401311612E+003 -0.735027401311612E+003 -0.735299064534756E+003
 -0.192495121184255E+002  0.733016626056043E+002 -0.455314021942981E+000  0.563479576749554E+000 -0.107536384819057E+002 -0.735005423166550E+003 -0.735005423166550E+003 -0.735103782164469E+003
 -0.192431049142913E+002  0.735382041239691E+002 -0.456599624592112E+000  0.554708102410798E+000 -0.107536384819057E+002 -0.735023464221226E+003 -0.735023464221226E+003 -0.735129482624776E+003
 -0.192463120182679E+002  0.733475162846358E+002 -0.447084800279778E+000  0.559289928787786E+000 -0.107536384819057E+002 -0.735026241497048E+003 -0.735026241497048E+003 -0.735294564040696E+003
 -0.192492149007511E+002  0.732331576817740E+002 -0.449502513560460E+000  0.552431778004546E+000 -0.107536384819057E+002 -0.735021549435998E+003 -0.735021549435998E+003 -0.735046474264549E+003
 -0.192487004212160E+002  0.733241052751819E+002 -0.457009164309129E+000  0.567931269426005E+000 -0.107536384819057E+002 -0.735024390717339E+003 -0.735024390717339E+003 -0.735034614624002E+003
 -0.192386213114152E+002  0.735847133384019E+002 -0.444408835542605E+000  0.547861307230461E+000 -0.107536384819057E+002 -0.735012977693031E+003 -0.735012977693031E+003 -0.735048207360961E+003
 -0.192375983794400E+002  0.736312677983555E+002 -0.450059155451813E+000  0.557145973585812E+000 -0.107536384819057E+002 -0.735018382551951E+003 -0.735018382551951E+003 -0.735276402058372E+003
 -0.192415589482688E+002  0.735759567786655E+002 -0.453838474871277E+000  0.559391760964669E+000 -0.107536384819057E+002 -0.734996512897407E+003 -0.734996512897407E+003 -0.735084136637877E+003
 -0.192506966432865E+002  0.732716238126300E+002 -0.458655511365359E+000  0.560313184228127E+000 -0.107536384819057E+002 -0.735018859909355E+003 -0.735018859909355E+003 -0.735116753602541E+003
 -0.192477711248539E+002  0.733678308745620E+002 -0.455899661683594E+000  0.560433222400336E+000 -0.107536384819057E+002 -0.734988236684516E+003 -0.734988236684516E+003 -0.735058890352260E+003
 -0.192446565123641E+002  0.734299760892831E+002 -0.446455929915587E+000  0.551776154471321E+000 -0.107536384819057E+002 -0.735012193318366E+003 -0.735012193318366E+003 -0.735074115206267E+003
 -0.192506166706972E+002  0.732507249606376E+002 -0.455776134124889E+000  0.562671802383067E+000 -0.107536384819057E+002 -0.735000534511604E+003 -0.735000534511604E+003 -0.735070164826189E+003
 -0.192484357685013E+002  0.733022146577553E+002 -0.449913184641264E+000  0.560562058499364E+000 -0.107536384819057E+002 -0.735015289480031E+003 -0.735015289480031E+003 -0.735172449496557E+003
 -0.192423066187683E+002  0.734999210379440E+002 -0.455685719811126E+000  0.563611276562806E+000 -0.107536384819057E+002 -0.735017560394573E+003 -0.735017560394573E+003 -0.735038079954492E+003
 -0.192426365961802E+002  0.734488713007344E+002 -0.442921203734752E+000  0.543787221562305E+000 -0.107536384819057E+002 -0.735019256242194E+003 -0.735019256242194E+003 -0.735053230803862E+003
 -0.192472644740413E+002  0.733509183121655E+002 -0.454161132402243E+000  0.562432885215517E+000 -0.107536384819057E+002 -0.734985106572937E+003 -0.734985106572937E+003 -0.735041883987928E+003
 -0.192438104938463E+002  0.734796704190529E+002 -0.449193979347084E+000  0.547560565436445E+000 -0.107536384819057E+002 -0.735027817943491E+003 -0.735027817943491E+003 -0.735070422675863E+003
 -0.192414167695578E+002  0.735683726993786E+002 -0.453963885052752E+000  0.561007662568555E+000 -0.107536384819057E+002 -0.734986034318662E+003 -0.734986034318662E+003 -0.735046510083890E+003
 -0.192435533147610E+002  0.735069802858340E+002 -0.452640042961894E+000  0.559025775559637E+000 -0.107536384819057E+002 -0.735005594714775E+003 -0.735005594714775E+003 -0.735053164442241E+003
 -0.192404557377792E+002  0.735690504069739E+002 -0.446342696810045E+000  0.547774482240490E+000 -0.107536384819057E+002 -0.735017342255929E+003 -0.735017342255929E+003 -0.735037644957795E+003
 -0.192450753285157E+002  0.733632870627679E+002 -0.441671059701455E+000  0.547561255282946E+000 -0.107536384819057E+002 -0.735020314449776E+003 -0.735020314449776E+003 -0.735037273067323E+003
 -0.192449259828089E+002  0.734732059508583E+002 -0.455955575535383E+000  0.559585612540054E+000 -0.107536384819057E+002 -0.734992293960696E+003 -0.734992293960696E+003 -0.735037973028731E+003
 -0.192454841383204E+002  0.734459532083070E+002 -0.455167753658914E+000  0.554711282183722E+000 -0.107536384819057E+002 -0.735002180732771E+003 -0.735002180732771E+003 -0.735071110085696E+003
 -0.192417207873778E+002  0.735739079905314E+002 -0.454529917065131E+000  0.557792093857604E+000 -0.107536384819057E+002 -0.734993493294544E+003 -0.734993493294545E+003 -0.735049507187856E+003
 -0.192421301863698E+002  0.735813137896286E+002 -0.456495421115462E+000  0.559906074798919E+000 -0.107536384819057E+002 -0.735014762975791E+003 -0.735014762975791E+003 -0.735073853616623E+003
 -0.192443831247694E+002  0.734004655556572E+002 -0.448344509371444E+000  0.552693827549532E+000 -0.107536384819057E+002 -0.734985603952495E+003 -0.734985603952495E+003 -0.735069897633981E+003
 -0.192414370271420E+002  0.735172787882310E+002 -0.450742720546073E+000  0.560229332142207E+000 -0.107536384819057E+002 -0.734993273108064E+003 -0.734993273108064E+003 -0.735124018926474E+003
 -0.192400266202414E+002  0.735759064704877E+002 -0.451801734607780E+000  0.560068668311168E+000 -0.107536384819057E+002 -0.734989119911656E+003 -0.734989119911656E+003 -0.735031037259592E+003
 -0.192414126275404E+002  0.735367335649956E+002 -0.447609626033472E+000  0.554376745077327E+000 -0.107536384819057E+002 -0.734998773658365E+003 -0.734998773658365E+003 -0.735369785853931E+003
 -0.192389685822711E+002  0.735806693089118E+002 -0.446096445149234E+000  0.553324888670383E+000 -0.107536384819057E+002 -0.735001760209963E+003 -0.735001760209963E+003 -0.735065830317710E+003
 -0.192495897867140E+002  0.732899128123549E+002 -0.457620468501461E+000  0.560036423382871E+000 -0.107536384819057E+002 -0.735009216728263E+003 -0.735009216728263E+003 -0.735065810260931E+003
 -0.192467596084030E+002  0.733574448400018E+002 -0.453645475338714E+000  0.554448163368370E+000 -0.107536384819057E+002 -0.734998100734679E+003 -0.734998100734679E+003 -0.735031692026865E+003
 -0.192504281797408E+002  0.731908902238255E+002 -0.448512168608745E+000  0.551898028566137E+000 -0.107536384819057E+002 -0.735021025772395E+003 -0.735021025772395E+003 -0.735064518164625E+003
 -0.192489684141952E+002  0.733346045211891E+002 -0.457252357699979E+000  0.558665118266129E+000 -0.107536384819057E+002 -0.735004639251597E+003 -0.735004639251597E+003 -0.735041967646237E+003
 -0.192477517717967E+002  0.733608517536006E+002 -0.459543009718130E+000  0.563089167680902E+000 -0.107536384819057E+002 -0.735011257479788E+003 -0.735011257479788E+003 -0.735030520960491E+003
 -0.192433864308321E+002  0.734043661426921E+002 -0.442290496747439E+000  0.551632459930040E+000 -0.107536384819057E+002 -0.735025475194508E+003 -0.735025475194508E+003 -0.735065519101600E+003
 -0.192375930801391E+002  0.737260097153521E+002 -0.456887432243398E+000  0.562105748668974E+000 -0.107536384819057E+002 -0.735023624993500E+003 -0.735023624993500E+003 -0.735029289889093E+003
