  0.669502902824914E+002  0.330393661631746E+000 -0.340119738166216E+001 -0.708827036614640E+003 -0.708827036614640E+003 -0.708828361426748E+003
  0.671016341505096E+002  0.330719446749582E+000 -0.340119738166216E+001 -0.708826201819236E+003 -0.708826201819236E+003 -0.708828196701506E+003
  0.671908089271507E+002  0.330117024123282E+000 -0.340119738166216E+001 -0.708826290192158E+003 -0.708826290192158E+003 -0.708829909129007E+003
  0.671546784192108E+002  0.329598919313593E+000 -0.340119738166216E+001 -0.708826832277821E+003 -0.708826832277821E+003 -0.708828620253044E+003
  0.670957220254453E+002  0.330933505731866E+000 -0.340119738166216E+001 -0.708826561567488E+003 -0.708826561567488E+003 -0.708832185409698E+003
  0.669616763182933E+002  0.330620784199141E+000 -0.340119738166216E+001 -0.708826814090811E+003 -0.708826814090811E+003 -0.708827785872672E+003
  0.672616285813170E+002  0.330242005050434E+000 -0.340119738166216E+001 -0.708827107409143E+003 -0.708827107409143E+003 -0.708849720197723E+003
  0.672566750581127E+002  0.329799028555719E+000 -0.340119738166216E+001 -0.708827118799777E+003 -0.708827118799777E+003 -0.708836832071401E+003
  0.669626893170823E+002  0.331168751638450E+000 -0.340119738166216E+001 -0.708827430658176E+003 -0.708827430658176E+003 -0.708830510911369E+003
  0.669736803787400E+002  0.330074122148612E+000 -0.340119738166216E+001 -0.708827102219139E+003 -0.708827102219139E+003 -0.708829998621076E+003
  0.670816749547560E+002  0.329986424427539E+000 -0.340119738166216E+001 -0.708826234945059E+003 -0.708826234945059E+003 -0.708829223741777E+003
  0.669777992918932E+002  0.330834193689029E+000 -0.340119738166216E+001 -0.708826766465201E+003 -0.708826766465201E+003 -0.708827553615467E+003
  0.672077571537111E+002  0.329619180741313E+000 -0.340119738166216E+001 -0.708826955324531E+003 -0.708826955324531E+003 -0.708837234538404E+003
  0.671355112105935E+002  0.330681340601083E+000 -0.340119738166216E+001 -0.708826278452410E+003 -0.708826278452410E+003 -0.708836749282285E+003
  0.671920326489276E+002  0.329825852707140E+000 -0.340119738166216E+001 -0.708826526319867E+003 -0.708826526319867E+003 -0.708827893821710E+003
  0.671623761713626E+002  0.329923909404011E+000 -0.340119738166216E+001 -0.708826274640292E+003 -0.708826274640292E+003 -0.708829314139637E+003
  0.671951962389487E+002  0.329666033228137E+000 -0.340119738166216E+001 -0.708826797929347E+003 -0.708826797929347E+003 -0.708830783158538E+003
  0.671141407891279E+002  0.330154773825543E+000 -0.340119738166216E+001 -0.708825994880448E+003 -0.708825994880448E+003 -0.708827964502600E+003
  0.671245879661896E+002  0.329643618907125E+000 -0.340119738166216E+001 -0.708826751500722E+003 -0.708826751500722E+003 -0.708828878076891E+003
  0.672721127478921E+002  0.330033548521159E+000 -0.340119738166216E+001 -0.708827200918270E+003 -0.708827200918270E+003 -0.708829013577321E+003
  0.670817817409815E+002  0.331174338747093E+000 -0.340119738166216E+001 -0.708827125023737E+003 -0.708827125023737E+003 -0.708827441592312E+003
  0.671654644090511E+002  0.329852856265315E+000 -0.340119738166216E+001 -0.708826374090193E+003 -0.708826374090193E+003 -0.708829752470398E+003
  0.672464517901477E+002  0.329712715707721E+000 -0.340119738166216E+001 -0.708827109129310E+003 -0.708827109129310E+003 -0.708828298725430E+003
  0.671337333357514E+002  0.329903683098335E+000 -0.340119738166216E+001 -0.708826248524310E+003 -0.708826248524310E+003 -0.708827443099151E+003
  0.670020090929945E+002  0.330644488131942E+000 -0.340119738166216E+001 -0.708826415475079E+003 -0.708826415475079E+003 -0.708829020274249E+003
  0.670107279365852E+002  0.330888949383243E+000 -0.340119738166216E+001 -0.708826589728901E+003 -0.708826589728901E+003 -0.708828235875296E+003
  0.671066847166547E+002  0.329673203667206E+000 -0.340119738166216E+001 -0.708826734050314E+003 -0.708826734050314E+003 -0.708829992827372E+003
  0.670346243350440E+002  0.330319542317818E+000 -0.340119738166216E+001 -0.708826176450491E+003 -0.708826176450491E+003 -0.708829118488279E+003
  0.671483395821395E+002  0.330937676542794E+000 -0.340119738166216E+001 -0.708826870305816E+003 -0.708826870305816E+003 -0.708846009631474E+003
  0.671160386077562E+002  0.330729831620885E+000 -0.340119738166216E+001 -0.708826260853457E+003 -0.708826260853457E+003 -0.708830116196588E+003
  0.671653368811938E+002  0.330088455220160E+000 -0.340119738166216E+001 -0.708826149551292E+003 -0.708826149551292E+003 -0.708828178847250E+003
  0.670479692749180E+002  0.331063850316782E+000 -0.340119738166216E+001 -0.708826796245981E+003 -0.708826796245981E+003 -0.708828101587772E+003
  0.670571835550399E+002  0.329816341202514E+000 -0.340119738166216E+001 -0.708826690137619E+003 -0.708826690137619E+003 -0.708844339288371E+003
  0.671511895460686E+002  0.329961472314633E+000 -0.340119738166216E+001 -0.708826201123910E+003 -0.708826201123910E+003 -0.708827446994588E+003
  0.670549011010863E+002  0.329805522845297E+000 -0.340119738166216E+001 -0.708826732247625E+003 -0.708826732247625E+003 -0.708827960118234E+003
  0.672003398287456E+002  0.329884490790667E+000 -0.340119738166216E+001 -0.708826508507897E+003 -0.708826508507897E+003 -0.708829133361283E+003
  0.671836464317712E+002  0.329575998390176E+000 -0.340119738166216E+001 -0.708826938646141E+003 -0.708826938646141E+003 -0.708828104386139E+003
  0.672758587093236E+002  0.330355779669715E+000 -0.340119738166216E+001 -0.708827439820358E+003 -0.708827439820358E+003 -0.708827510163792E+003
  0.671272906769304E+002  0.329788488353726E+000 -0.340119738166216E+001 -0.708826438345405E+003 -0.708826438345405E+003 -0.708882651729715E+003
  0.672092607548903E+002  0.330257320716348E+000 -0.340119738166216E+001 -0.708826458331734E+003 -0.708826458331734E+003 -0.708827853922312E+003
  0.669504108240705E+002  0.330907629031611E+000 -0.340119738166216E+001 -0.708827127570278E+003 -0.708827127570278E+003 -0.708828999666644E+003
  0.672597096724936E+002  0.330343939151664E+000 -0.340119738166216E+001 -0.708827162527766E+003 -0.708827162527766E+003 -0.708828839230163E+003
  0.670428741700724E+002  0.331103691708207E+000 -0.340119738166216E+001 -0.708826895095516E+003 -0.708826895095516E+003 -0.709531458891505E+003
  0.671057262925278E+002  0.330877354429157E+000 -0.340119738166216E+001 -0.708826480153794E+003 -0.708826480153794E+003 -0.708950689154653E+003
  0.669852026990127E+002  0.329867506032834E+000 -0.340119738166216E+001 -0.708827373701257E+003 -0.708827373701257E+003 -0.708827868892000E+003
  0.670853111439418E+002  0.330395834865712E+000 -0.340119738166216E+001 -0.708825954125467E+003 -0.708825954125467E+003 -0.708827746980776E+003
  0.669650767061619E+002  0.330442343126431E+000 -0.340119738166216E+001 -0.708826802259798E+003 -0.708826802259798E+003 -0.708832962561523E+003
  0.671923592041325E+002  0.329551083941121E+000 -0.340119738166216E+001 -0.708827026699447E+003 -0.708827026699447E+003 -0.708827507581429E+003
  0.672593281669546E+002  0.329731450876512E+000 -0.340119738166216E+001 -0.708827225316457E+003 -0.708827225316457E+003 -0.708827596189751E+003
  0.669790045835917E+002  0.330521272011255E+000 -0.340119738166216E+001 -0.708826611801841E+003 -0.708826611801841E+003 -0.708830035348351E+003
  0.671656826018011E+002  0.329523641868448E+000 -0.340119738166216E+001 -0.708827027689881E+003 -0.708827027689881E+003 -0.708828027061704E+003
  0.670521319899213E+002  0.331071172043023E+000 -0.340119738166216E+001 -0.708826810899185E+003 -0.708826810899185E+003 -0.708829635711903E+003
  0.670544089971972E+002  0.329645220157336E+000 -0.340119738166216E+001 -0.708827144814109E+003 -0.708827144814109E+003 -0.708827744020301E+003
  0.672334387435731E+002  0.329753750933996E+000 -0.340119738166216E+001 -0.708826927281591E+003 -0.708826927281591E+003 -0.708828446431639E+003
  0.671455047933769E+002  0.329564755102329E+000 -0.340119738166216E+001 -0.708826917573262E+003 -0.708826917573262E+003 -0.708838896509429E+003
  0.671229179631032E+002  0.329688790475248E+000 -0.340119738166216E+001 -0.708826649936574E+003 -0.708826649936574E+003 -0.708827750713119E+003
  0.670128203444591E+002  0.330651269462913E+000 -0.340119738166216E+001 -0.708826338574949E+003 -0.708826338574949E+003 -0.708832883630391E+003
  0.672110131504314E+002  0.330007433431543E+000 -0.340119738166216E+001 -0.708826493808861E+003 -0.708826493808861E+003 -0.708827630967724E+003
  0.672179418767271E+002  0.330835060401963E+000 -0.340119738166216E+001 -0.708827407142386E+003 -0.708827407142386E+003 -0.708827922120762E+003
  0.670690494781502E+002  0.331084390757754E+000 -0.340119738166216E+001 -0.708826851748061E+003 -0.708826851748061E+003 -0.708828139481765E+003
  0.670355806339221E+002  0.330042478108003E+000 -0.340119738166216E+001 -0.708826446887021E+003 -0.708826446887021E+003 -0.708827808604186E+003
  0.669857856213152E+002  0.330902605437266E+000 -0.340119738166216E+001 -0.708826777954736E+003 -0.708826777954736E+003 -0.708827829500929E+003
  0.670961528082486E+002  0.330763444869122E+000 -0.340119738166216E+001 -0.708826253558509E+003 -0.708826253558509E+003 -0.708876039617823E+003
  0.670995421061315E+002  0.329916071903137E+000 -0.340119738166216E+001 -0.708826275153055E+003 -0.708826275153055E+003 -0.708828326007450E+003
  0.669992180286832E+002  0.330779636936876E+000 -0.340119738166216E+001 -0.708826534348475E+003 -0.708826534348475E+003 -0.708827832055558E+003
  0.671485149462324E+002  0.329702603845982E+000 -0.340119738166216E+001 -0.708826600078806E+003 -0.708826600078806E+003 -0.708829099985341E+003
  0.671446691952683E+002  0.330587337265145E+000 -0.340119738166216E+001 -0.708826205734618E+003 -0.708826205734618E+003 -0.708827616264700E+003
  0.670690417406890E+002  0.330327477056094E+000 -0.340119738166216E+001 -0.708825997784168E+003 -0.708825997784168E+003 -0.708830882624869E+003
  0.670169318271023E+002  0.330712643555563E+000 -0.340119738166216E+001 -0.708826354854430E+003 -0.708826354854430E+003 -0.708829451779772E+003
  0.669707176118196E+002  0.331020710987947E+000 -0.340119738166216E+001 -0.708827079683533E+003 -0.708827079683533E+003 -0.708827684350145E+003
  0.671017099498295E+002  0.331167492704526E+000 -0.340119738166216E+001 -0.708827188002485E+003 -0.708827188002485E+003 -0.708909360059866E+003
  0.669804496520653E+002  0.331038331379359E+000 -0.340119738166216E+001 -0.708827030291989E+003 -0.708827030291989E+003 -0.708833885648973E+003
  0.669922177983897E+002  0.331091071404580E+000 -0.340119738166216E+001 -0.708827049969042E+003 -0.708827049969042E+003 -0.708827675067276E+003
  0.670205688028347E+002  0.330711780461057E+000 -0.340119738166216E+001 -0.708826332637326E+003 -0.708826332637326E+003 -0.708828067670248E+003
  0.670133017499531E+002  0.330430251013608E+000 -0.340119738166216E+001 -0.708826296742421E+003 -0.708826296742421E+003 -0.708829074074945E+003
  0.670651127484436E+002  0.330312052425168E+000 -0.340119738166216E+001 -0.708826016557645E+003 -0.708826016557645E+003 -0.708828123835474E+003
  0.672186482407965E+002  0.330793940152414E+000 -0.340119738166216E+001 -0.708827315895329E+003 -0.708827315895329E+003 -0.708827491210837E+003
  0.672381361328991E+002  0.329949512974572E+000 -0.340119738166216E+001 -0.708826790088589E+003 -0.708826790088589E+003 -0.708829625080233E+003
  0.670303062756050E+002  0.331180437152797E+000 -0.340119738166216E+001 -0.708827106217883E+003 -0.708827106217883E+003 -0.708830981604659E+003
  0.670556753429039E+002  0.330885788844718E+000 -0.340119738166216E+001 -0.708826432447131E+003 -0.708826432447131E+003 -0.708827567369691E+003
  0.670684203631512E+002  0.329691374661504E+000 -0.340119738166216E+001 -0.708826903437859E+003 -0.708826903437859E+003 -0.708827454043522E+003
  0.670149749979521E+002  0.330613656993006E+000 -0.340119738166216E+001 -0.708826304336283E+003 -0.708826304336283E+003 -0.708828099463731E+003
  0.669830308076727E+002  0.330654357747683E+000 -0.340119738166216E+001 -0.708826588817699E+003 -0.708826588817699E+003 -0.708828349531928E+003
  0.672259381951223E+002  0.330551466879150E+000 -0.340119738166216E+001 -0.708826938404982E+003 -0.708826938404982E+003 -0.708832541482682E+003
  0.671206535190188E+002  0.331203657280402E+000 -0.340119738166216E+001 -0.708827419005545E+003 -0.708827419005545E+003 -0.708828351271859E+003
  0.671522848830760E+002  0.330618117869653E+000 -0.340119738166216E+001 -0.708826291430011E+003 -0.708826291430011E+003 -0.708827489578896E+003
  0.671900322223764E+002  0.329394500783838E+000 -0.340119738166216E+001 -0.708827428051225E+003 -0.708827428051225E+003 -0.708827622207797E+003
  0.670147248725633E+002  0.330988415428862E+000 -0.340119738166216E+001 -0.708826730848825E+003 -0.708826730848825E+003 -0.708867436774018E+003
  0.671346691259222E+002  0.329649743840395E+000 -0.340119738166216E+001 -0.708826719853116E+003 -0.708826719853116E+003 -0.708828628586001E+003
  0.672313083289790E+002  0.330350368107889E+000 -0.340119738166216E+001 -0.708826766658755E+003 -0.708826766658755E+003 -0.708828756990484E+003
  0.672241461170246E+002  0.330724914905316E+000 -0.340119738166216E+001 -0.708827237161782E+003 -0.708827237161782E+003 -0.708833970362171E+003
  0.670636525621301E+002  0.330746395782281E+000 -0.340119738166216E+001 -0.708826217603098E+003 -0.708826217603098E+003 -0.708828436895523E+003
  0.671600888050426E+002  0.329435538460946E+000 -0.340119738166216E+001 -0.708827268598297E+003 -0.708827268598297E+003 -0.708835853599674E+003
  0.672164672463029E+002  0.330389662996178E+000 -0.340119738166216E+001 -0.708826620691261E+003 -0.708826620691261E+003 -0.708828410844688E+003
  0.670254734564391E+002  0.329765070245715E+000 -0.340119738166216E+001 -0.708827113690632E+003 -0.708827113690632E+003 -0.708837265793684E+003
  0.672551489638217E+002  0.330120221602641E+000 -0.340119738166216E+001 -0.708826964692958E+003 -0.708826964692958E+003 -0.708829313330364E+003
  0.670884348801677E+002  0.330514470804125E+000 -0.340119738166216E+001 -0.708825990034541E+003 -0.708825990034541E+003 -0.708828812107297E+003
  0.670067166741543E+002  0.329750188861235E+000 -0.340119738166216E+001 -0.708827382035819E+003 -0.708827382035819E+003 -0.708827791798684E+003
  0.670489832371188E+002  0.330189724251810E+000 -0.340119738166216E+001 -0.708826172504925E+003 -0.708826172504925E+003 -0.708828052526115E+003
  0.669763233067199E+002  0.330434178496796E+000 -0.340119738166216E+001 -0.708826666764247E+003 -0.708826666764247E+003 -0.708827440283947E+003
