  0.179307543288220E+002  0.672818395413045E+002 -0.413173611684635E+000  0.471729722615212E+000 -0.114467856624657E+002 -0.709040520356100E+003 -0.709040520356100E+003
  0.164622804286553E+002  0.683166751216764E+002 -0.421105055131367E+000  0.475996595032190E+000 -0.114467856624657E+002 -0.709048175747182E+003 -0.709048175747182E+003
  0.182723139786497E+002  0.675369091046696E+002 -0.421453202466504E+000  0.482336885626546E+000 -0.114467856624657E+002 -0.709037154572071E+003 -0.709037154572071E+003
  0.186093479561517E+002  0.674927849463783E+002 -0.422069200306568E+000  0.483041524183347E+000 -0.114467856624657E+002 -0.709039623881878E+003 -0.709039623881878E+003
  0.164932235086077E+002  0.677391318963506E+002 -0.418515108239513E+000  0.480818506560886E+000 -0.114467856624657E+002 -0.709038934864421E+003 -0.709038934864421E+003
  0.162766644718178E+002  0.679759679310838E+002 -0.420273957513139E+000  0.482214074828887E+000 -0.114467856624657E+002 -0.709047745883878E+003 -0.709047745883878E+003
  0.194572663478720E+002  0.674336341740630E+002 -0.418690709692359E+000  0.478209146043800E+000 -0.114467856624657E+002 -0.709030722689889E+003 -0.709030722689889E+003
  0.163450063488713E+002  0.674011759956028E+002 -0.415845503658689E+000  0.469337801497120E+000 -0.114467856624657E+002 -0.709042494988889E+003 -0.709042494988889E+003
  0.150197954681329E+002  0.679829099788055E+002 -0.421326292143016E+000  0.472962540474792E+000 -0.114467856624657E+002 -0.709049003537933E+003 -0.709049003537933E+003
  0.165898459849635E+002  0.672257238615095E+002 -0.416166060277034E+000  0.475526920072767E+000 -0.114467856624657E+002 -0.709035706886877E+003 -0.709035706886877E+003
  0.186953847973133E+002  0.673844569570171E+002 -0.415151867125429E+000  0.478594022040680E+000 -0.114467856624657E+002 -0.709042828309110E+003 -0.709042828309110E+003
  0.151684021234866E+002  0.681151659523211E+002 -0.419375200271920E+000  0.469451182619347E+000 -0.114467856624657E+002 -0.709048801080412E+003 -0.709048801080412E+003
  0.184880741248644E+002  0.677009424077617E+002 -0.410906007811473E+000  0.465282329252510E+000 -0.114467856624657E+002 -0.709044940728578E+003 -0.709044940728578E+003
  0.166348784699184E+002  0.676836900383735E+002 -0.413864934438561E+000  0.476215653090202E+000 -0.114467856624657E+002 -0.709046074419767E+003 -0.709046074419767E+003
  0.157868742433824E+002  0.674152514923984E+002 -0.417767988514000E+000  0.476342945515272E+000 -0.114467856624657E+002 -0.709030329792361E+003 -0.709030329792361E+003
  0.163147109415919E+002  0.671638888066549E+002 -0.413374881370308E+000  0.475003967194201E+000 -0.114467856624657E+002 -0.709045888796223E+003 -0.709045888796223E+003
  0.156233977680911E+002  0.675244244318591E+002 -0.418734985344188E+000  0.478468085388466E+000 -0.114467856624657E+002 -0.709029916241321E+003 -0.709029916241321E+003
  0.154060547304472E+002  0.671504846602734E+002 -0.415520386613010E+000  0.478957594822269E+000 -0.114467856624657E+002 -0.709044373169359E+003 -0.709044373169359E+003
  0.160220076739295E+002  0.674490943499269E+002 -0.413385459287398E+000  0.471650960923070E+000 -0.114467856624657E+002 -0.709035916134721E+003 -0.709035916134721E+003
  0.143721821833258E+002  0.681820237691819E+002 -0.419606366470784E+000  0.474382931097583E+000 -0.114467856624657E+002 -0.709038783744945E+003 -0.709038783744945E+003
  0.153108783498433E+002  0.675198871740315E+002 -0.417963092590229E+000  0.478342815168679E+000 -0.114467856624657E+002 -0.709030297327398E+003 -0.709030297327398E+003
  0.176200882840081E+002  0.678568853288269E+002 -0.419069669276163E+000  0.474569569476325E+000 -0.114467856624657E+002 -0.709030817026253E+003 -0.709030817026253E+003
  0.152198899310172E+002  0.675158232572196E+002 -0.411298080430476E+000  0.466854416293229E+000 -0.114467856624657E+002 -0.709044162878029E+003 -0.709044162878029E+003
  0.168266036251952E+002  0.676921272615952E+002 -0.418091772103342E+000  0.479488418001170E+000 -0.114467856624657E+002 -0.709034267154445E+003 -0.709034267154445E+003
  0.173593319113990E+002  0.673554567995139E+002 -0.419161088380177E+000  0.478097494998772E+000 -0.114467856624657E+002 -0.709033122697195E+003 -0.709033122697195E+003
  0.154544072621004E+002  0.678134617183445E+002 -0.412072448176165E+000  0.470926842350758E+000 -0.114467856624657E+002 -0.709043661262515E+003 -0.709043661262515E+003
  0.182845271872133E+002  0.676500584379912E+002 -0.413715509106912E+000  0.475525094804965E+000 -0.114467856624657E+002 -0.709043374068026E+003 -0.709043374068026E+003
  0.167176634602645E+002  0.680676526823399E+002 -0.414314538409454E+000  0.470055448077405E+000 -0.114467856624657E+002 -0.709036458982774E+003 -0.709036458982774E+003
  0.185093035762218E+002  0.678165952986474E+002 -0.413826925745780E+000  0.465721164753687E+000 -0.114467856624657E+002 -0.709039403356739E+003 -0.709039403356739E+003
  0.161897343224705E+002  0.673238467343572E+002 -0.417211668417669E+000  0.482235693998928E+000 -0.114467856624657E+002 -0.709046293181093E+003 -0.709046293181093E+003
  0.148845338252829E+002  0.678112875146231E+002 -0.414211195519621E+000  0.473520966480661E+000 -0.114467856624657E+002 -0.709036325755761E+003 -0.709036325755761E+003
  0.174095498265903E+002  0.684206662816933E+002 -0.416150451259943E+000  0.469925816217289E+000 -0.114467856624657E+002 -0.709047018135837E+003 -0.709047018135837E+003
  0.187649333797195E+002  0.672430979335748E+002 -0.420391108574975E+000  0.476874065443290E+000 -0.114467856624657E+002 -0.709045617842993E+003 -0.709045617842993E+003
  0.147985393222968E+002  0.676880938754176E+002 -0.422944757432122E+000  0.485391231177283E+000 -0.114467856624657E+002 -0.709048056638186E+003 -0.709048056638186E+003
  0.142442523438132E+002  0.677275371329353E+002 -0.417009312557423E+000  0.478421681030100E+000 -0.114467856624657E+002 -0.709035560979315E+003 -0.709035560979315E+003
  0.150964158966613E+002  0.681241877210112E+002 -0.413109378388349E+000  0.470839476566754E+000 -0.114467856624657E+002 -0.709046725201286E+003 -0.709046725201286E+003
  0.170477326565861E+002  0.675565954449000E+002 -0.423609850476660E+000  0.482859724402972E+000 -0.114467856624657E+002 -0.709045269510923E+003 -0.709045269510923E+003
  0.182900684784826E+002  0.679368578803725E+002 -0.416434253835609E+000  0.473631973015229E+000 -0.114467856624657E+002 -0.709030687391861E+003 -0.709030687391861E+003
  0.162466568659622E+002  0.680002755478146E+002 -0.419757159133587E+000  0.475977132257709E+000 -0.114467856624657E+002 -0.709033764127007E+003 -0.709033764127007E+003
  0.192933060513729E+002  0.673711201056511E+002 -0.415593110102584E+000  0.476628217196077E+000 -0.114467856624657E+002 -0.709034479399158E+003 -0.709034479399158E+003
  0.185819609947781E+002  0.673012504297282E+002 -0.412682482407173E+000  0.468353393602605E+000 -0.114467856624657E+002 -0.709045028001535E+003 -0.709045028001535E+003
  0.188536868139049E+002  0.675889399096124E+002 -0.411296317846308E+000  0.463822864571137E+000 -0.114467856624657E+002 -0.709049127242195E+003 -0.709049127242195E+003
  0.186366824611664E+002  0.678335347358498E+002 -0.412862504007075E+000  0.472486633099184E+000 -0.114467856624657E+002 -0.709042920448696E+003 -0.709042920448696E+003
  0.169408531446603E+002  0.676586068799564E+002 -0.414219540034207E+000  0.473421136696873E+000 -0.114467856624657E+002 -0.709033607460606E+003 -0.709033607460606E+003
  0.181398411113352E+002  0.674510386594700E+002 -0.414491277572674E+000  0.471532563938996E+000 -0.114467856624657E+002 -0.709033186746522E+003 -0.709033186746522E+003
  0.192168523631514E+002  0.674829536971233E+002 -0.418734901779592E+000  0.476563161439397E+000 -0.114467856624657E+002 -0.709030360183452E+003 -0.709030360183452E+003
  0.181464976306315E+002  0.681201219946034E+002 -0.415817114980412E+000  0.475991943925548E+000 -0.114467856624657E+002 -0.709047741394938E+003 -0.709047741394938E+003
  0.164369487855362E+002  0.678131077271454E+002 -0.420152721366088E+000  0.478980538549083E+000 -0.114467856624657E+002 -0.709032669657036E+003 -0.709032669657036E+003
  0.164337927514089E+002  0.676557236004268E+002 -0.419637859332310E+000  0.481009678818982E+000 -0.114467856624657E+002 -0.709034737954696E+003 -0.709034737954696E+003
  0.188512507166078E+002  0.679474815900776E+002 -0.415497689304894E+000  0.477011119426500E+000 -0.114467856624657E+002 -0.709046258720384E+003 -0.709046258720384E+003
  0.186664297764088E+002  0.678860138348361E+002 -0.420758437690027E+000  0.476581541672983E+000 -0.114467856624657E+002 -0.709034966426942E+003 -0.709034966426942E+003
  0.177059642249778E+002  0.676933308769987E+002 -0.422755881768428E+000  0.477702550827669E+000 -0.114467856624657E+002 -0.709046249868519E+003 -0.709046249868519E+003
  0.183813784022161E+002  0.681872132092966E+002 -0.419714550701731E+000  0.472946213187261E+000 -0.114467856624657E+002 -0.709040839266005E+003 -0.709040839266005E+003
