0.110000000000 2.916952848619 0.138000000000
0.240000000000 5.504396529799 0.305000000000
0.320000000000 6.739453446843 0.110000000000
0.380000000000 7.519270543304 0.122000000000
0.440000000000 8.189143441591 0.770000000000
0.510000000000 8.846970394647 0.279000000000
0.540000000000 9.091722632379 0.410000000000
0.600000000000 9.519856512153 0.650000000000
0.697000000000 10.054223901586 0.520000000000
0.730000000000 10.195339775153 0.730000000000
0.810000000000 10.459031038762 0.430000000000
0.850000000000 10.551632835251 0.540000000000
0.874000000000 10.595274362490 0.740000000000
1.000000000000 10.686369407006 1.032000000000
1.480000000000 9.191337643568 0.320000000000
2.000000000000 4.586456574141 0.562000000000
2.350000000000 -0.447832451587 0.540000000000
2.400000000000 -1.319025346860 0.340000000000
