 -0.192249184837452E+002  0.678829901430141E+002 -0.446351345377736E+000  0.525526078005878E+000 -0.526272657014246E+000 -0.167451030290137E+002 -0.158496757168563E+001 -0.158496757168563E+001 -0.190755619994705E+001
 -0.192559307500204E+002  0.673017191734117E+002 -0.498479130106499E+000  0.614838366152771E+000 -0.566278311717667E+000 -0.167451030290137E+002 -0.148112162363212E+001 -0.148112162363212E+001 -0.235767825915101E+001
 -0.192427641019193E+002  0.673765671652819E+002 -0.440090213355973E+000  0.466552856854253E+000 -0.435544452706054E+000 -0.167451030290137E+002 -0.165331713407423E+001 -0.165331713407422E+001 -0.228027108648006E+001
 -0.192458500038152E+002  0.672341333983200E+002 -0.432100482763787E+000  0.492643228960389E+000 -0.502198095322939E+000 -0.167451030290137E+002 -0.136742471081088E+001 -0.136742471081088E+001 -0.189658043134320E+001
 -0.192390437074998E+002  0.675939701576462E+002 -0.466773931978998E+000  0.598754547672673E+000 -0.616145497716261E+000 -0.167451030290137E+002 -0.101661965010217E+001 -0.101661965010217E+001 -0.189635275109468E+001
 -0.192575933400696E+002  0.669373846842665E+002 -0.449382605087913E+000  0.505665266075377E+000 -0.493594540953751E+000 -0.167451030290137E+002 -0.131654365250569E+001 -0.131654365250569E+001 -0.270144188143524E+001
 -0.192323258202798E+002  0.676711708249424E+002 -0.453717565882963E+000  0.516815163285006E+000 -0.492552334115373E+000 -0.167451030290137E+002 -0.171195402882537E+001 -0.171195402882537E+001 -0.198450948030066E+001
 -0.192809879622898E+002  0.661800041564699E+002 -0.456011359216660E+000  0.595694475153557E+000 -0.650519997958668E+000 -0.167451030290137E+002 -0.160768365820729E+001 -0.160768365820729E+001 -0.186190413710866E+001
 -0.192491591344401E+002  0.672311177247070E+002 -0.471790683019402E+000  0.573107799198327E+000 -0.564354180722177E+000 -0.167451030290137E+002 -0.144044044613830E+001 -0.144044044613830E+001 -0.256605046306887E+001
 -0.192651066052928E+002  0.668788129193253E+002 -0.502255751266291E+000  0.632127149439565E+000 -0.596952069850360E+000 -0.167451030290137E+002 -0.168549892095775E+001 -0.168549892095775E+001 -0.191292129121708E+001
 -0.192300714899274E+002  0.677391583849540E+002 -0.454934563000067E+000  0.569409297660302E+000 -0.575611844566197E+000 -0.167451030290137E+002 -0.151300870211675E+001 -0.151300870211675E+001 -0.203581646561167E+001
 -0.192670969482802E+002  0.666726370189697E+002 -0.464747791946604E+000  0.560666435566572E+000 -0.561141451086229E+000 -0.167451030290137E+002 -0.145202513308667E+001 -0.145202513308667E+001 -0.260209843571326E+001
 -0.192394591501104E+002  0.675870210044390E+002 -0.463130275312972E+000  0.534904562881692E+000 -0.531398649691766E+000 -0.167451030290137E+002 -0.165981037950830E+001 -0.165981037950830E+001 -0.183694274215325E+001
 -0.192570113248278E+002  0.668068894369701E+002 -0.455269070427858E+000  0.626812293480878E+000 -0.748262732797372E+000 -0.167451030290137E+002 -0.166817652392910E+001 -0.166817652392910E+001 -0.180754056209177E+001
 -0.192584756674908E+002  0.669250101125065E+002 -0.462175637445956E+000  0.534568134232218E+000 -0.503470623551465E+000 -0.167451030290137E+002 -0.144096575384716E+001 -0.144096575384716E+001 -0.173738051188231E+001
 -0.192662157243112E+002  0.668251864545140E+002 -0.498240528134600E+000  0.626269671533485E+000 -0.599440772149961E+000 -0.167451030290137E+002 -0.168105673162319E+001 -0.168105673162319E+001 -0.173958789688464E+001
 -0.192652551682019E+002  0.665755343194178E+002 -0.424429356784189E+000  0.486086094124058E+000 -0.521354343575524E+000 -0.167451030290137E+002 -0.170730245226326E+001 -0.170730245226326E+001 -0.174232114382110E+001
 -0.192573844145067E+002  0.668068304617661E+002 -0.421392514687381E+000  0.468180008292560E+000 -0.515477835584647E+000 -0.167451030290137E+002 -0.171919667886894E+001 -0.171919667886894E+001 -0.236092699816830E+001
 -0.192497243105777E+002  0.672304751142313E+002 -0.455586206514312E+000  0.553734309469522E+000 -0.564402071143832E+000 -0.167451030290137E+002 -0.101301598277581E+001 -0.101301598277581E+001 -0.180383124130362E+001
 -0.192475387099461E+002  0.670735559730651E+002 -0.441528542877332E+000  0.582867583078921E+000 -0.676051532010248E+000 -0.167451030290137E+002 -0.156334333304030E+001 -0.156334333304030E+001 -0.223761738109168E+001
 -0.192571792281348E+002  0.670967650008984E+002 -0.466575913416397E+000  0.611791360576310E+000 -0.659820163921481E+000 -0.167451030290137E+002 -0.114699755344237E+001 -0.114699755344237E+001 -0.204136680384772E+001
 -0.192627462632136E+002  0.667807294520253E+002 -0.445945054153608E+000  0.478632786188735E+000 -0.479352076869944E+000 -0.167451030290137E+002 -0.157476793543584E+001 -0.157476793543584E+001 -0.176971781550902E+001
 -0.192435615301342E+002  0.672776074007217E+002 -0.446005382866170E+000  0.499882783000780E+000 -0.492573184952548E+000 -0.167451030290137E+002 -0.166230527731967E+001 -0.166230527731966E+001 -0.188346699885851E+001
 -0.192561684626704E+002  0.670857727914442E+002 -0.463198000535279E+000  0.517538762369478E+000 -0.474146736736017E+000 -0.167451030290137E+002 -0.140719722925765E+001 -0.140719722925765E+001 -0.198960178775949E+001
 -0.192637146100214E+002  0.669681651367155E+002 -0.465317542041525E+000  0.572317168478859E+000 -0.567601661230654E+000 -0.167451030290137E+002 -0.172967802484700E+001 -0.172967802484700E+001 -0.184754830995308E+001
 -0.192480444329147E+002  0.672092541496597E+002 -0.455258351574651E+000  0.585951437746795E+000 -0.658978641643131E+000 -0.167451030290137E+002 -0.165062725709996E+001 -0.165062725709996E+001 -0.188329614101591E+001
 -0.192559853669070E+002  0.669309466354771E+002 -0.462019139157701E+000  0.594373944867950E+000 -0.615493116465331E+000 -0.167451030290137E+002 -0.160001135559500E+001 -0.160001135559500E+001 -0.178381069866986E+001
 -0.192300186613112E+002  0.677214721519184E+002 -0.435222932863713E+000  0.532183123725433E+000 -0.563463369746430E+000 -0.167451030290137E+002 -0.146231866929475E+001 -0.146231866929475E+001 -0.270352967910003E+001
 -0.192494944122514E+002  0.672201964232770E+002 -0.455555531474745E+000  0.493138158277480E+000 -0.472973801035380E+000 -0.167451030290137E+002 -0.152728813675940E+001 -0.152728813675940E+001 -0.271919064584550E+001
 -0.192506105294453E+002  0.670866096851198E+002 -0.463204031693674E+000  0.565575962088882E+000 -0.552600242840128E+000 -0.167451030290137E+002 -0.168321636195690E+001 -0.168321636195691E+001 -0.198357084123460E+001
 -0.192274575962648E+002  0.678247540847102E+002 -0.452861356335854E+000  0.625969144271238E+000 -0.754898558467190E+000 -0.167451030290137E+002 -0.153955440768659E+001 -0.153955440768659E+001 -0.190134400513814E+001
 -0.192652058814571E+002  0.667408134098758E+002 -0.462864891818269E+000  0.620664167920157E+000 -0.705167397132726E+000 -0.167451030290137E+002 -0.984045292903888E+000 -0.984045292903890E+000 -0.176441373167260E+001
 -0.192482457239292E+002  0.672130977709949E+002 -0.435703702570759E+000  0.474920514472343E+000 -0.461105497718094E+000 -0.167451030290137E+002 -0.148881684877873E+001 -0.148881684877873E+001 -0.185595873542771E+001
 -0.192611423414641E+002  0.667856356614491E+002 -0.458037158197717E+000  0.580711743559254E+000 -0.627767053045218E+000 -0.167451030290137E+002 -0.136462041561642E+001 -0.136462041561641E+001 -0.226574664994550E+001
 -0.192580444543583E+002  0.668092684378145E+002 -0.459614096937838E+000  0.631836387326736E+000 -0.746862733628845E+000 -0.167451030290137E+002 -0.160337803653556E+001 -0.160337803653556E+001 -0.189601508217958E+001
 -0.192596161114473E+002  0.670368147671204E+002 -0.469717878704228E+000  0.524845926138163E+000 -0.463674443711497E+000 -0.167451030290137E+002 -0.158820383501862E+001 -0.158820383501862E+001 -0.196731160013289E+001
 -0.192219564998182E+002  0.679799612295865E+002 -0.446285302506273E+000  0.588127180133469E+000 -0.654541499399329E+000 -0.167451030290137E+002 -0.167860250895299E+001 -0.167860250895299E+001 -0.182614232096494E+001
 -0.192792991836151E+002  0.662994957734260E+002 -0.450120529213220E+000  0.563037405831164E+000 -0.590139975360643E+000 -0.167451030290137E+002 -0.160361770562482E+001 -0.160361770562482E+001 -0.221759535550459E+001
 -0.192382167998212E+002  0.676842385790529E+002 -0.462579928562890E+000  0.540180203608717E+000 -0.504773988262471E+000 -0.167451030290137E+002 -0.131567596923539E+001 -0.131567596923539E+001 -0.257764450352019E+001
 -0.192459029007669E+002  0.672417685688075E+002 -0.460076752400068E+000  0.577534383607553E+000 -0.615923592818362E+000 -0.167451030290137E+002 -0.154718357815486E+001 -0.154718357815486E+001 -0.191684644328560E+001
 -0.192542280979557E+002  0.672262882935926E+002 -0.463706179940518E+000  0.511097285283181E+000 -0.452449296132855E+000 -0.167451030290137E+002 -0.169923044203790E+001 -0.169923044203790E+001 -0.192352431101390E+001
 -0.192808706175761E+002  0.662875243317989E+002 -0.465324454115632E+000  0.558981568321592E+000 -0.537010296652113E+000 -0.167451030290137E+002 -0.166209265890634E+001 -0.166209265890634E+001 -0.181534158448148E+001
 -0.192722860304428E+002  0.666468643083060E+002 -0.467702369912176E+000  0.590198837917557E+000 -0.604383191616407E+000 -0.167451030290137E+002 -0.135434903457107E+001 -0.135434903457107E+001 -0.176361666878595E+001
 -0.192499939344667E+002  0.671621829706719E+002 -0.463335870519834E+000  0.621154586884057E+000 -0.688400258508779E+000 -0.167451030290137E+002 -0.162628713655190E+001 -0.162628713655190E+001 -0.177672153883290E+001
 -0.192685688297332E+002  0.668414546265939E+002 -0.487905505650597E+000  0.610750728201456E+000 -0.590163197200056E+000 -0.167451030290137E+002 -0.124687236839145E+001 -0.124687236839145E+001 -0.219935658882394E+001
 -0.192484369873211E+002  0.673039144946463E+002 -0.457462304703488E+000  0.549922683694419E+000 -0.558515521443937E+000 -0.167451030290137E+002 -0.118007559152580E+001 -0.118007559152580E+001 -0.201218027970795E+001
 -0.192789809478160E+002  0.663142790366893E+002 -0.452166874002625E+000  0.566563953645055E+000 -0.594152057366529E+000 -0.167451030290137E+002 -0.153450025180051E+001 -0.153450025180051E+001 -0.191541182074008E+001
 -0.192283826843977E+002  0.679363110991877E+002 -0.479035324629304E+000  0.619884955782339E+000 -0.637131165934093E+000 -0.167451030290137E+002 -0.120323810768113E+001 -0.120323810768113E+001 -0.231890108897705E+001
 -0.192193911624384E+002  0.681288450585340E+002 -0.462198089481956E+000  0.601111681627231E+000 -0.648835683498064E+000 -0.167451030290137E+002 -0.138119554731408E+001 -0.138119554731408E+001 -0.187771829191775E+001
 -0.192738085282822E+002  0.665868683602176E+002 -0.475925194866744E+000  0.611208214480893E+000 -0.621160904850228E+000 -0.167451030290137E+002 -0.133392477015716E+001 -0.133392477015716E+001 -0.184805824206959E+001
 -0.192614712284245E+002  0.669177468430181E+002 -0.454893635719405E+000  0.552572744533542E+000 -0.577189922850195E+000 -0.167451030290137E+002 -0.153649742978418E+001 -0.153649742978418E+001 -0.187649902085785E+001
 -0.192789148114030E+002  0.664549709683975E+002 -0.477131020637090E+000  0.626740258711123E+000 -0.672998263865523E+000 -0.167451030290137E+002 -0.134068752323974E+001 -0.134068752323974E+001 -0.183561620534641E+001
 -0.192537541819543E+002  0.670843001919973E+002 -0.453283443104642E+000  0.574580435031862E+000 -0.623432234913139E+000 -0.167451030290137E+002 -0.112113513506412E+001 -0.112113513506412E+001 -0.175453652010397E+001
 -0.192313530309754E+002  0.676623392116262E+002 -0.447750339470878E+000  0.617928260753223E+000 -0.749560236861683E+000 -0.167451030290137E+002 -0.152712967455087E+001 -0.152712967455087E+001 -0.195513699341303E+001
 -0.192185025723375E+002  0.680904430940717E+002 -0.439144988492368E+000  0.552095324395598E+000 -0.594505415470110E+000 -0.167451030290137E+002 -0.173180709870225E+001 -0.173180709870224E+001 -0.177494449881767E+001
 -0.192567033078872E+002  0.669307046606683E+002 -0.460194077299303E+000  0.561577624601327E+000 -0.543239798212241E+000 -0.167451030290137E+002 -0.150676714696938E+001 -0.150676714696938E+001 -0.173687771955211E+001
 -0.192791170314396E+002  0.663923351582417E+002 -0.481215654756985E+000  0.600822084398281E+000 -0.592204516150503E+000 -0.167451030290137E+002 -0.154747970615065E+001 -0.154747970615065E+001 -0.226522514453069E+001
 -0.192273933086981E+002  0.678385882495003E+002 -0.438750625575774E+000  0.495934554170564E+000 -0.490891725758033E+000 -0.167451030290137E+002 -0.154520639400136E+001 -0.154520639400136E+001 -0.176846974871759E+001
 -0.192419713163883E+002  0.674443461132456E+002 -0.454999255079449E+000  0.487684337415832E+000 -0.462364342478708E+000 -0.167451030290137E+002 -0.161143453072542E+001 -0.161143453072541E+001 -0.213310285476047E+001
 -0.192399970749442E+002  0.674929099122878E+002 -0.461416203699925E+000  0.559779096371996E+000 -0.566614199469512E+000 -0.167451030290137E+002 -0.124822176789595E+001 -0.124822176789595E+001 -0.199444732101179E+001
 -0.192146447212029E+002  0.682992955656971E+002 -0.458723760939005E+000  0.565663916222334E+000 -0.561483988134782E+000 -0.167451030290137E+002 -0.169270266139886E+001 -0.169270266139886E+001 -0.179493751106915E+001
 -0.192423756462382E+002  0.673247622352654E+002 -0.431470298180080E+000  0.511172320476344E+000 -0.518147662045010E+000 -0.167451030290137E+002 -0.152995864409224E+001 -0.152995864409224E+001 -0.185200769847352E+001
 -0.192474856480865E+002  0.671187174218430E+002 -0.449418390943850E+000  0.583219742854572E+000 -0.652137791759316E+000 -0.167451030290137E+002 -0.138656233012533E+001 -0.138656233012533E+001 -0.248306797032832E+001
 -0.192621362071999E+002  0.668041136701349E+002 -0.443279246071236E+000  0.455266776615764E+000 -0.470019975391793E+000 -0.167451030290137E+002 -0.172081836702719E+001 -0.172081836702719E+001 -0.213663714322558E+001
 -0.192337791883964E+002  0.677448588402290E+002 -0.443002580639106E+000  0.501364559611696E+000 -0.486814989051766E+000 -0.167451030290137E+002 -0.160666161941995E+001 -0.160666161941995E+001 -0.179154240787362E+001
 -0.192439809800845E+002  0.674786632664931E+002 -0.465228847592925E+000  0.543563074369430E+000 -0.490702620888754E+000 -0.167451030290137E+002 -0.136452210084110E+001 -0.136452210084110E+001 -0.190858335365839E+001
 -0.192769245047934E+002  0.665119233135541E+002 -0.472485702789350E+000  0.572879984991781E+000 -0.540201198639849E+000 -0.167451030290137E+002 -0.156742469884111E+001 -0.156742469884111E+001 -0.304701685190089E+001
 -0.192745891688253E+002  0.665434684974393E+002 -0.463716538085948E+000  0.555039409628989E+000 -0.556843408062591E+000 -0.167451030290137E+002 -0.172372522068545E+001 -0.172372522068544E+001 -0.282272679891535E+001
 -0.192616861096877E+002  0.668940062991941E+002 -0.472540886468796E+000  0.578314080851531E+000 -0.563551091977956E+000 -0.167451030290137E+002 -0.110560016577568E+001 -0.110560016577568E+001 -0.186079394328629E+001
 -0.192578018235176E+002  0.671499852561718E+002 -0.470331022396816E+000  0.529007150283222E+000 -0.484242518577886E+000 -0.167451030290137E+002 -0.172147158452395E+001 -0.172147158452395E+001 -0.253215106881445E+001
 -0.192721733933646E+002  0.667477737023481E+002 -0.490691084883021E+000  0.608013812794530E+000 -0.581632342236816E+000 -0.167451030290137E+002 -0.164754927933919E+001 -0.164754927933920E+001 -0.183676195502200E+001
 -0.192405190876468E+002  0.675539601938595E+002 -0.458790944053732E+000  0.498933945293928E+000 -0.444584201973939E+000 -0.167451030290137E+002 -0.159511594263323E+001 -0.159511594263322E+001 -0.209242202823071E+001
 -0.192570257793252E+002  0.671405738290079E+002 -0.481517698102398E+000  0.572973818256241E+000 -0.541551831608018E+000 -0.167451030290137E+002 -0.167613588184207E+001 -0.167613588184207E+001 -0.174889014655950E+001
 -0.192502398650777E+002  0.671800228052346E+002 -0.448852611452354E+000  0.575208611725275E+000 -0.601771866960945E+000 -0.167451030290137E+002 -0.158289393750936E+001 -0.158289393750936E+001 -0.210834510699831E+001
 -0.192528453905537E+002  0.668997395574080E+002 -0.427431865194828E+000  0.537305748592045E+000 -0.589797726748913E+000 -0.167451030290137E+002 -0.166713475354791E+001 -0.166713475354791E+001 -0.189279744861496E+001
 -0.192420000934296E+002  0.673604330916169E+002 -0.457223577413877E+000  0.616558160489307E+000 -0.710130413234040E+000 -0.167451030290137E+002 -0.107007453281810E+001 -0.107007453281810E+001 -0.180975237181595E+001
 -0.192454335977113E+002  0.675384163214145E+002 -0.475390065695670E+000  0.568914090441126E+000 -0.520494843284780E+000 -0.167451030290137E+002 -0.135188775628007E+001 -0.135188775628007E+001 -0.241398612493233E+001
 -0.192426456701489E+002  0.673082493086525E+002 -0.424023545754320E+000  0.509117607796266E+000 -0.566626096147331E+000 -0.167451030290137E+002 -0.172507109311642E+001 -0.172507109311642E+001 -0.182020044380712E+001
 -0.192589679980878E+002  0.669846375581122E+002 -0.453374477350359E+000  0.544355232585698E+000 -0.521954705613510E+000 -0.167451030290137E+002 -0.150752082489302E+001 -0.150752082489302E+001 -0.220127449339288E+001
 -0.192524256974419E+002  0.671886943069803E+002 -0.465225375164800E+000  0.558192070059206E+000 -0.538615801956155E+000 -0.167451030290137E+002 -0.100426043378009E+001 -0.100426043378009E+001 -0.195050211236997E+001
 -0.192483092741849E+002  0.671064988319719E+002 -0.437400212605579E+000  0.527325237277230E+000 -0.583435967371997E+000 -0.167451030290137E+002 -0.166712894613492E+001 -0.166712894613492E+001 -0.285352819953689E+001
 -0.192295729226368E+002  0.677501052043187E+002 -0.449307413108691E+000  0.527445906219842E+000 -0.509660377675601E+000 -0.167451030290137E+002 -0.157033134163590E+001 -0.157033134163590E+001 -0.181415637261628E+001
 -0.192810967107886E+002  0.664344648290605E+002 -0.477804919968088E+000  0.596248188660589E+000 -0.590481911103097E+000 -0.167451030290137E+002 -0.172646045650646E+001 -0.172646045650646E+001 -0.208957142977500E+001
 -0.192485104953385E+002  0.672163051945776E+002 -0.458429933612833E+000  0.587356112350468E+000 -0.622597819838731E+000 -0.167451030290137E+002 -0.858186604144713E+000 -0.858186604144713E+000 -0.187325551087613E+001
 -0.192422543888356E+002  0.673366062242307E+002 -0.442758794044683E+000  0.501152015852460E+000 -0.475067668809118E+000 -0.167451030290137E+002 -0.161899412059793E+001 -0.161899412059793E+001 -0.223408474657720E+001
 -0.192325749127568E+002  0.676694954753501E+002 -0.454760531526598E+000  0.547527428343297E+000 -0.538365300130650E+000 -0.167451030290137E+002 -0.138845969327999E+001 -0.138845969327999E+001 -0.196015572393723E+001
 -0.192630897936803E+002  0.668328547171803E+002 -0.453369932644003E+000  0.559731071000220E+000 -0.563865676711004E+000 -0.167451030290137E+002 -0.126627227253149E+001 -0.126627227253149E+001 -0.227641127758790E+001
 -0.192545462217450E+002  0.670610817163185E+002 -0.441413953872545E+000  0.446581809402955E+000 -0.467247616050599E+000 -0.167451030290137E+002 -0.166823331656997E+001 -0.166823331656997E+001 -0.271194577835116E+001
 -0.192619582160152E+002  0.668197709578356E+002 -0.455305386222274E+000  0.547806032600139E+000 -0.552681441163529E+000 -0.167451030290137E+002 -0.113003970154938E+001 -0.113003970154939E+001 -0.197653780051203E+001
 -0.192393523974268E+002  0.676364370792099E+002 -0.470411784525835E+000  0.546961380216677E+000 -0.477701726275754E+000 -0.167451030290137E+002 -0.162295308548640E+001 -0.162295308548640E+001 -0.250354188384315E+001
 -0.192544029712612E+002  0.671625534377574E+002 -0.476328735758590E+000  0.550015152775220E+000 -0.498526047148161E+000 -0.167451030290137E+002 -0.150097428743554E+001 -0.150097428743554E+001 -0.203119654784416E+001
 -0.192428790720401E+002  0.673013329973217E+002 -0.446975459238771E+000  0.521590887429612E+000 -0.501837372230568E+000 -0.167451030290137E+002 -0.162391141629119E+001 -0.162391141629119E+001 -0.180839357925880E+001
 -0.192360402908248E+002  0.674755939814334E+002 -0.446457935112074E+000  0.566960340524878E+000 -0.620834731591472E+000 -0.167451030290137E+002 -0.146556744235814E+001 -0.146556744235814E+001 -0.209314291947889E+001
 -0.192712079554251E+002  0.666884631127894E+002 -0.470044169360632E+000  0.611467560309745E+000 -0.654799822144483E+000 -0.167451030290137E+002 -0.133088651809861E+001 -0.133088651809861E+001 -0.179243754920264E+001
 -0.192475790393417E+002  0.673354352653841E+002 -0.477327603143793E+000  0.592710324926502E+000 -0.560337296929532E+000 -0.167451030290137E+002 -0.138786743316827E+001 -0.138786743316827E+001 -0.180224659745934E+001
 -0.192431075554817E+002  0.672983761977471E+002 -0.425182024678750E+000  0.464262231843819E+000 -0.498252313287324E+000 -0.167451030290137E+002 -0.157207005136978E+001 -0.157207005136978E+001 -0.201369910569345E+001
 -0.192281428589729E+002  0.679047180244829E+002 -0.455919125097301E+000  0.593870435141348E+000 -0.645979706662985E+000 -0.167451030290137E+002 -0.126474888673788E+001 -0.126474888673788E+001 -0.190934770846423E+001
 -0.192380400628912E+002  0.674990002063097E+002 -0.432813818932934E+000  0.441980982795410E+000 -0.456948395026018E+000 -0.167451030290137E+002 -0.160582885590927E+001 -0.160582885590927E+001 -0.191119939558676E+001
 -0.192488827963057E+002  0.671592144645601E+002 -0.444414929102728E+000  0.552359413166510E+000 -0.598836489094296E+000 -0.167451030290137E+002 -0.117607008716773E+001 -0.117607008716773E+001 -0.204054752321057E+001
 -0.192451696299333E+002  0.673489538987028E+002 -0.465197549014971E+000  0.616219941796261E+000 -0.689769518470200E+000 -0.167451030290137E+002 -0.881591702035971E+000 -0.881591702035973E+000 -0.188934716999933E+001
 -0.192333265159206E+002  0.677233169926994E+002 -0.455765637112171E+000  0.495944715250118E+000 -0.447245124564162E+000 -0.167451030290137E+002 -0.172336588965027E+001 -0.172336588965027E+001 -0.214017261627095E+001
 -0.192649115523013E+002  0.668588268046198E+002 -0.474491737006447E+000  0.616101032469071E+000 -0.663882218068650E+000 -0.167451030290137E+002 -0.129099970594794E+001 -0.129099970594794E+001 -0.211219475766497E+001
 -0.192351669073481E+002  0.676332523337424E+002 -0.446447304995525E+000  0.492688323578802E+000 -0.512613048938036E+000 -0.167451030290137E+002 -0.172396155159075E+001 -0.172396155159075E+001 -0.182575340375266E+001
 -0.192496903725920E+002  0.673070107978133E+002 -0.455681943255239E+000  0.528236745922490E+000 -0.531253100028309E+000 -0.167451030290137E+002 -0.154993481069087E+001 -0.154993481069087E+001 -0.208502385198706E+001
 -0.192430266301033E+002  0.677185523548695E+002 -0.487743009891270E+000  0.598749917853198E+000 -0.550819324441704E+000 -0.167451030290137E+002 -0.169758189384369E+001 -0.169758189384369E+001 -0.183411169577774E+001
 -0.192595214344055E+002  0.667742460227855E+002 -0.425713287065510E+000  0.438124212046509E+000 -0.466135821842542E+000 -0.167451030290137E+002 -0.170307027331371E+001 -0.170307027331371E+001 -0.233232763206524E+001
 -0.192779746338175E+002  0.663664149858916E+002 -0.468809392513913E+000  0.583084921312267E+000 -0.596544160081820E+000 -0.167451030290137E+002 -0.157840285952182E+001 -0.157840285952182E+001 -0.181113632468324E+001
 -0.192354385024562E+002  0.675611622126275E+002 -0.424022324125269E+000  0.430348037705578E+000 -0.459727069580737E+000 -0.167451030290137E+002 -0.173189574172052E+001 -0.173189574172052E+001 -0.213374790793247E+001
 -0.192494839304217E+002  0.675220448353762E+002 -0.497651755759834E+000  0.624718575747343E+000 -0.596453255308347E+000 -0.167451030290137E+002 -0.145696650851885E+001 -0.145696650851885E+001 -0.200978181125483E+001
 -0.192598784481088E+002  0.668197027180939E+002 -0.438262455899404E+000  0.566710884230620E+000 -0.619247036586927E+000 -0.167451030290137E+002 -0.165383307958174E+001 -0.165383307958173E+001 -0.246967158366596E+001
 -0.192609331556343E+002  0.668675075969458E+002 -0.473916059781015E+000  0.609414076482608E+000 -0.623314079880586E+000 -0.167451030290137E+002 -0.120150163360336E+001 -0.120150163360336E+001 -0.297413953586980E+001
 -0.192658353821922E+002  0.667571570176523E+002 -0.451130490221621E+000  0.561364061492826E+000 -0.597679178059835E+000 -0.167451030290137E+002 -0.145818899003215E+001 -0.145818899003215E+001 -0.177120532380289E+001
 -0.192806065843615E+002  0.664790615039566E+002 -0.482986999762447E+000  0.608456681102229E+000 -0.597475264401481E+000 -0.167451030290137E+002 -0.168119323880731E+001 -0.168119323880731E+001 -0.223177030625772E+001
 -0.192487713137664E+002  0.672447161636571E+002 -0.451270597966650E+000  0.517203133360875E+000 -0.475860579296622E+000 -0.167451030290137E+002 -0.146939133411365E+001 -0.146939133411365E+001 -0.183331227518168E+001
 -0.192822001074247E+002  0.663779331336274E+002 -0.491570361118391E+000  0.613252103785085E+000 -0.582036523030894E+000 -0.167451030290137E+002 -0.168409751877296E+001 -0.168409751877297E+001 -0.198084655928321E+001
 -0.192393383937768E+002  0.677281394453289E+002 -0.492636768404749E+000  0.614365456231043E+000 -0.592804372682920E+000 -0.167451030290137E+002 -0.148932718270544E+001 -0.148932718270544E+001 -0.180066481117425E+001
 -0.192733769061121E+002  0.664704063197524E+002 -0.453958746550123E+000  0.539313641199568E+000 -0.529921155473573E+000 -0.167451030290137E+002 -0.143837100153360E+001 -0.143837100153360E+001 -0.181836071022537E+001
 -0.192483577840408E+002  0.670962353503878E+002 -0.437669359540010E+000  0.502584182196033E+000 -0.493664940935048E+000 -0.167451030290137E+002 -0.164375010204118E+001 -0.164375010204118E+001 -0.275305210861903E+001
 -0.192266015691426E+002  0.678517853597105E+002 -0.456424783655679E+000  0.567382801676020E+000 -0.568932081332136E+000 -0.167451030290137E+002 -0.155679409440857E+001 -0.155679409440857E+001 -0.179218424735799E+001
 -0.192498867527531E+002  0.671050347062582E+002 -0.438074974126628E+000  0.536688572181916E+000 -0.553518277944519E+000 -0.167451030290137E+002 -0.134345001485159E+001 -0.134345001485159E+001 -0.233315597059667E+001
 -0.192490639798999E+002  0.672439201118948E+002 -0.454506090103740E+000  0.585949898853267E+000 -0.609894059994275E+000 -0.167451030290137E+002 -0.167796845703545E+001 -0.167796845703545E+001 -0.177770162611794E+001
 -0.192476806464143E+002  0.672575009670471E+002 -0.442163670830501E+000  0.538101455314568E+000 -0.534038599737315E+000 -0.167451030290137E+002 -0.164736675415869E+001 -0.164736675415869E+001 -0.176821286063296E+001
 -0.192515732066360E+002  0.671177904724199E+002 -0.454198833645197E+000  0.562544514682941E+000 -0.569217594726297E+000 -0.167451030290137E+002 -0.102434834759690E+001 -0.102434834759690E+001 -0.197625403446251E+001
 -0.192463165975867E+002  0.671679365125718E+002 -0.433339172880304E+000  0.493054783389331E+000 -0.526723809725922E+000 -0.167451030290137E+002 -0.153000226037666E+001 -0.153000226037665E+001 -0.192190390521804E+001
 -0.192607561597310E+002  0.668396124883178E+002 -0.468458101139187E+000  0.583581672363136E+000 -0.577435348029965E+000 -0.167451030290137E+002 -0.129415660751769E+001 -0.129415660751769E+001 -0.217153070562815E+001
 -0.192511834216966E+002  0.671684119881154E+002 -0.438570133070847E+000  0.491736745865786E+000 -0.511263421235171E+000 -0.167451030290137E+002 -0.154441014909626E+001 -0.154441014909626E+001 -0.174975759959946E+001
 -0.192440539126179E+002  0.672779478145290E+002 -0.430082261569354E+000  0.547503537290662E+000 -0.619531822241441E+000 -0.167451030290137E+002 -0.158315661102871E+001 -0.158315661102871E+001 -0.187318834634060E+001
 -0.192564047993300E+002  0.669084964590249E+002 -0.461485617830848E+000  0.622149487597030E+000 -0.726911117891376E+000 -0.167451030290137E+002 -0.139940368539657E+001 -0.139940368539657E+001 -0.179700839514813E+001
 -0.192616140457947E+002  0.669473230991660E+002 -0.453757830596176E+000  0.507941312062862E+000 -0.472011663384279E+000 -0.167451030290137E+002 -0.164784226181172E+001 -0.164784226181171E+001 -0.207682922537870E+001
 -0.192486207868919E+002  0.672677994867495E+002 -0.461898883854228E+000  0.568419583729508E+000 -0.573551112315144E+000 -0.167451030290137E+002 -0.907129381887869E+000 -0.907129381887870E+000 -0.203462760902133E+001
 -0.192583910869706E+002  0.669408362638706E+002 -0.468249973639580E+000  0.611676371818321E+000 -0.642190773836532E+000 -0.167451030290137E+002 -0.147699202517632E+001 -0.147699202517632E+001 -0.282112218478239E+001
 -0.192822635773710E+002  0.663260765405328E+002 -0.468921433180506E+000  0.586924787814688E+000 -0.583910368837977E+000 -0.167451030290137E+002 -0.165200001372400E+001 -0.165200001372400E+001 -0.177284624074253E+001
 -0.192560640490060E+002  0.670607416922457E+002 -0.449340180023836E+000  0.456238670284751E+000 -0.449761739892935E+000 -0.167451030290137E+002 -0.169242776017487E+001 -0.169242776017487E+001 -0.218889986760694E+001
 -0.192325760542961E+002  0.677902972503512E+002 -0.455237611167343E+000  0.539300254254995E+000 -0.533475535743605E+000 -0.167451030290137E+002 -0.126237990354840E+001 -0.126237990354840E+001 -0.201003720374668E+001
 -0.192695298121002E+002  0.669158790382655E+002 -0.502647797716576E+000  0.641007676994157E+000 -0.625456422360315E+000 -0.167451030290137E+002 -0.155664472507908E+001 -0.155664472507908E+001 -0.213294811606347E+001
 -0.192420375799529E+002  0.674701175929841E+002 -0.445844135482977E+000  0.478932430667642E+000 -0.490773752189384E+000 -0.167451030290137E+002 -0.159808937188901E+001 -0.159808937188901E+001 -0.208324680357554E+001
 -0.192661526953648E+002  0.667933890194586E+002 -0.469322594315317E+000  0.592398069359684E+000 -0.582700922083362E+000 -0.167451030290137E+002 -0.156990911409525E+001 -0.156990911409525E+001 -0.335829526556874E+001
 -0.192376872293074E+002  0.673700814014852E+002 -0.421479018729356E+000  0.501989663953115E+000 -0.547441707673784E+000 -0.167451030290137E+002 -0.170757474855621E+001 -0.170757474855621E+001 -0.249605388775599E+001
 -0.192310165232142E+002  0.677418672392081E+002 -0.471893071057778E+000  0.622672735690157E+000 -0.680669638224387E+000 -0.167451030290137E+002 -0.130119030325086E+001 -0.130119030325086E+001 -0.185636886959974E+001
 -0.192610776088696E+002  0.668126260593651E+002 -0.447379061071394E+000  0.535872362938095E+000 -0.520702205989735E+000 -0.167451030290137E+002 -0.149011061783034E+001 -0.149011061783034E+001 -0.186401273795932E+001
 -0.192277460197509E+002  0.679301626336449E+002 -0.464290316937255E+000  0.539713844549103E+000 -0.506973965226607E+000 -0.167451030290137E+002 -0.147543382799536E+001 -0.147543382799536E+001 -0.268881843680252E+001
 -0.192605467361223E+002  0.670357396987984E+002 -0.480895416108482E+000  0.630339621721250E+000 -0.663040344000279E+000 -0.167451030290137E+002 -0.108452458252258E+001 -0.108452458252258E+001 -0.197189045395556E+001
 -0.192527128115371E+002  0.671369853768895E+002 -0.438818202717740E+000  0.450590378415034E+000 -0.446014418104895E+000 -0.167451030290137E+002 -0.164008860797638E+001 -0.164008860797638E+001 -0.179363368534239E+001
 -0.192494397669096E+002  0.673891101510176E+002 -0.475479576976923E+000  0.535304184098704E+000 -0.471717541822471E+000 -0.167451030290137E+002 -0.158035461281477E+001 -0.158035461281477E+001 -0.174087177704090E+001
 -0.192507225071388E+002  0.671734099400934E+002 -0.453514443154496E+000  0.488209448711309E+000 -0.483528632654810E+000 -0.167451030290137E+002 -0.160871402809920E+001 -0.160871402809920E+001 -0.198917073371699E+001
 -0.192367336334054E+002  0.676568025210850E+002 -0.476262617798192E+000  0.579585558544968E+000 -0.561754394652908E+000 -0.167451030290137E+002 -0.145556102666882E+001 -0.145556102666882E+001 -0.181988312676715E+001
 -0.192452510324104E+002  0.672081685544783E+002 -0.435308654947465E+000  0.513739913596378E+000 -0.520064877495969E+000 -0.167451030290137E+002 -0.142387460242924E+001 -0.142387460242924E+001 -0.215951459854663E+001
 -0.192359222760340E+002  0.676158491234018E+002 -0.453276351894606E+000  0.526990827554801E+000 -0.498860499929989E+000 -0.167451030290137E+002 -0.133217202793616E+001 -0.133217202793616E+001 -0.173673365170281E+001
 -0.192555412063468E+002  0.670252735822178E+002 -0.471051209852178E+000  0.582969945061452E+000 -0.598117350438883E+000 -0.167451030290137E+002 -0.167843014190402E+001 -0.167843014190402E+001 -0.214546470368144E+001
 -0.192317199051424E+002  0.679972009473754E+002 -0.489327869427837E+000  0.614458199930128E+000 -0.595492589346989E+000 -0.167451030290137E+002 -0.130375541995477E+001 -0.130375541995477E+001 -0.173228193932034E+001
