  0.592688430641109E+001  0.673929713512708E+002 -0.416678137495642E+000  0.480119802389653E+000 -0.114467856624657E+002 -0.709039820656507E+003 -0.709039820656507E+003
  0.749314904374916E+001  0.678503154357391E+002 -0.412066611400048E+000  0.463677298836586E+000 -0.114467856624657E+002 -0.709044807855561E+003 -0.709044807855561E+003
  0.366840094505266E+001  0.671734368440657E+002 -0.414692481701724E+000  0.477937647841017E+000 -0.114467856624657E+002 -0.709045362079622E+003 -0.709045362079622E+003
  0.652425429672799E+001  0.682214217860931E+002 -0.416065653823107E+000  0.471564081032508E+000 -0.114467856624657E+002 -0.709038737941983E+003 -0.709038737941983E+003
  0.356433964865601E+001  0.674186605115753E+002 -0.416295337417266E+000  0.478853415372673E+000 -0.114467856624657E+002 -0.709037078023676E+003 -0.709037078023676E+003
  0.500867226521160E+001  0.677299658112057E+002 -0.411377104288771E+000  0.467270924015764E+000 -0.114467856624657E+002 -0.709041732709471E+003 -0.709041732709471E+003
  0.320428915597306E+001  0.678435704934967E+002 -0.422714875854178E+000  0.483812946140913E+000 -0.114467856624657E+002 -0.709046357181359E+003 -0.709046357181359E+003
  0.511490960641817E+001  0.675450086879158E+002 -0.412507347801453E+000  0.466693936081989E+000 -0.114467856624657E+002 -0.709041084975216E+003 -0.709041084975216E+003
  0.624615265419888E+001  0.680874631901586E+002 -0.420482010847721E+000  0.474340821683118E+000 -0.114467856624657E+002 -0.709039705766790E+003 -0.709039705766790E+003
  0.586640147115541E+001  0.682300747435200E+002 -0.413624055627673E+000  0.464003287176959E+000 -0.114467856624657E+002 -0.709047063811088E+003 -0.709047063811088E+003
  0.607809824132447E+001  0.677786683284319E+002 -0.419915521641914E+000  0.481259270830090E+000 -0.114467856624657E+002 -0.709037485898792E+003 -0.709037485898792E+003
  0.321637686814205E+001  0.677074218387300E+002 -0.415315026004907E+000  0.473839720285220E+000 -0.114467856624657E+002 -0.709030211396336E+003 -0.709030211396336E+003
  0.668179655490911E+001  0.680255499155777E+002 -0.418034873027451E+000  0.471533725707012E+000 -0.114467856624657E+002 -0.709033973570211E+003 -0.709033973570211E+003
  0.710496153724479E+001  0.679000665929085E+002 -0.422672282447412E+000  0.477808040688005E+000 -0.114467856624657E+002 -0.709044144903067E+003 -0.709044144903067E+003
  0.557678806878610E+001  0.674275012921155E+002 -0.422218581391087E+000  0.479644371682935E+000 -0.114467856624657E+002 -0.709042937530581E+003 -0.709042937530581E+003
  0.501168520810963E+001  0.674915180967531E+002 -0.414868738232389E+000  0.473459664883872E+000 -0.114467856624657E+002 -0.709031449246361E+003 -0.709031449246361E+003
  0.492791544800551E+001  0.674163912285159E+002 -0.422576192160602E+000  0.479826188246189E+000 -0.114467856624657E+002 -0.709045418633759E+003 -0.709045418633759E+003
  0.539365566320523E+001  0.679738697748384E+002 -0.413694568622232E+000  0.468667942889488E+000 -0.114467856624657E+002 -0.709035405949570E+003 -0.709035405949570E+003
  0.361897223224544E+001  0.673779531013101E+002 -0.419665957673828E+000  0.477532033332341E+000 -0.114467856624657E+002 -0.709034654763830E+003 -0.709034654763830E+003
  0.628095804034815E+001  0.684025554552513E+002 -0.415977667852573E+000  0.467613428132179E+000 -0.114467856624657E+002 -0.709047046513689E+003 -0.709047046513689E+003
  0.382093501084243E+001  0.675863284458809E+002 -0.415337750576510E+000  0.470817999138491E+000 -0.114467856624657E+002 -0.709031152569315E+003 -0.709031152569315E+003
  0.373111795652308E+001  0.678771432988416E+002 -0.415937532240117E+000  0.474850456773463E+000 -0.114467856624657E+002 -0.709032886855447E+003 -0.709032886855447E+003
  0.450704060295887E+001  0.676376890602152E+002 -0.413891070435219E+000  0.466472884154484E+000 -0.114467856624657E+002 -0.709039956793991E+003 -0.709039956793991E+003
  0.570176135328597E+001  0.673099790999163E+002 -0.411664793278721E+000  0.470310863017503E+000 -0.114467856624657E+002 -0.709045911884632E+003 -0.709045911884632E+003
  0.571905394223043E+001  0.676960483092122E+002 -0.423654506398629E+000  0.483140716542221E+000 -0.114467856624657E+002 -0.709045269633959E+003 -0.709045269633959E+003
  0.386577691134216E+001  0.678563492688231E+002 -0.413281087500749E+000  0.469879517853332E+000 -0.114467856624657E+002 -0.709035317792010E+003 -0.709035317792010E+003
  0.342024239535562E+001  0.671453032670296E+002 -0.416535477106122E+000  0.479545180574643E+000 -0.114467856624657E+002 -0.709041649386358E+003 -0.709041649386358E+003
  0.455990304546334E+001  0.681712298000999E+002 -0.417209250166208E+000  0.469444662811281E+000 -0.114467856624657E+002 -0.709038407201767E+003 -0.709038407201767E+003
  0.326926183005180E+001  0.672187523938321E+002 -0.420769902631803E+000  0.482641098676982E+000 -0.114467856624657E+002 -0.709040991241053E+003 -0.709040991241053E+003
  0.408014465649738E+001  0.680376002790019E+002 -0.413349869952336E+000  0.465548763143637E+000 -0.114467856624657E+002 -0.709040114968316E+003 -0.709040114968316E+003
  0.466768966803633E+001  0.675631158789508E+002 -0.415903937807930E+000  0.473608703413243E+000 -0.114467856624657E+002 -0.709028814582569E+003 -0.709028814582569E+003
  0.355898600824170E+001  0.680488403328305E+002 -0.413492731254141E+000  0.464671875185946E+000 -0.114467856624657E+002 -0.709042252864887E+003 -0.709042252864887E+003
