  0.283465212863906E+000  0.670908321819874E+002 -0.414127000475665E+000  0.471652007889456E+000 -0.114467856624657E+002 -0.709047081708224E+003 -0.709047081708224E+003
  0.253897348305586E+001  0.674493065169648E+002 -0.418850120504599E+000  0.482785875631611E+000 -0.114467856624657E+002 -0.709041229444536E+003 -0.709041229444536E+003
 -0.226217759148776E+001  0.671438852173602E+002 -0.415340355454368E+000  0.479012508091214E+000 -0.114467856624657E+002 -0.709045653679302E+003 -0.709045653679302E+003
  0.214830021416411E+001  0.681213000400039E+002 -0.415985346218735E+000  0.466283311831527E+000 -0.114467856624657E+002 -0.709042837489960E+003 -0.709042837489960E+003
 -0.255788494079357E+001  0.679636630491059E+002 -0.422122273715165E+000  0.475300458012384E+000 -0.114467856624657E+002 -0.709046856863177E+003 -0.709046856863177E+003
 -0.461946811043196E+001  0.681301522257416E+002 -0.414697330207335E+000  0.465902365152068E+000 -0.114467856624657E+002 -0.709041018615778E+003 -0.709041018615778E+003
 -0.116317027073381E+001  0.670746826766605E+002 -0.419173910973077E+000  0.481089669804675E+000 -0.114467856624657E+002 -0.709042547460872E+003 -0.709042547460872E+003
 -0.357953821213140E+000  0.682463905525649E+002 -0.416866591123609E+000  0.471435544411132E+000 -0.114467856624657E+002 -0.709038586901721E+003 -0.709038586901721E+003
 -0.587149636827069E+001  0.672025666037290E+002 -0.420109413039770E+000  0.478570860972571E+000 -0.114467856624657E+002 -0.709041293874008E+003 -0.709041293874008E+003
 -0.111503284203091E+002  0.676963840091907E+002 -0.413102646525657E+000  0.465638890137128E+000 -0.114467856624657E+002 -0.709040664205182E+003 -0.709040664205182E+003
 -0.335404385960604E+001  0.676478414106436E+002 -0.414122848021355E+000  0.475773056599831E+000 -0.114467856624657E+002 -0.709041176358133E+003 -0.709041176358133E+003
 -0.155271860781190E+001  0.680742800823837E+002 -0.420659685400731E+000  0.472661149434872E+000 -0.114467856624657E+002 -0.709045080856763E+003 -0.709045080856763E+003
 -0.593594946269385E+001  0.680940673184748E+002 -0.418638839227507E+000  0.468594834962084E+000 -0.114467856624657E+002 -0.709047256636189E+003 -0.709047256636189E+003
 -0.435558953889682E+001  0.678722761064404E+002 -0.416963489707158E+000  0.479831676977796E+000 -0.114467856624657E+002 -0.709047477315319E+003 -0.709047477315319E+003
  0.244445650155095E+001  0.680072703263458E+002 -0.411416364393382E+000  0.466176743082190E+000 -0.114467856624657E+002 -0.709044900229440E+003 -0.709044900229440E+003
 -0.448240909316353E+001  0.672616889856589E+002 -0.414879157496982E+000  0.478631598685412E+000 -0.114467856624657E+002 -0.709045334525081E+003 -0.709045334525081E+003
 -0.542872243502639E+001  0.677140986089961E+002 -0.419502660997527E+000  0.472730627270521E+000 -0.114467856624657E+002 -0.709038566356911E+003 -0.709038566356911E+003
  0.492067495152924E-001  0.676278860109549E+002 -0.415047966467823E+000  0.474414369261736E+000 -0.114467856624657E+002 -0.709031565964403E+003 -0.709031565964403E+003
 -0.400396648366265E+001  0.681048581902423E+002 -0.419466575786943E+000  0.473923144962656E+000 -0.114467856624657E+002 -0.709036490137316E+003 -0.709036490137316E+003
 -0.492343416320853E+001  0.682131052490863E+002 -0.413655451516205E+000  0.464905925900124E+000 -0.114467856624657E+002 -0.709044603523485E+003 -0.709044603523485E+003
  0.720141533736825E+000  0.670443148789073E+002 -0.419823632720812E+000  0.483131187468402E+000 -0.114467856624657E+002 -0.709046367998279E+003 -0.709046367998279E+003
 -0.669107309487792E+001  0.672309874586809E+002 -0.420695290632916E+000  0.482930157785873E+000 -0.114467856624657E+002 -0.709040937787150E+003 -0.709040937787150E+003
 -0.399243081944601E+001  0.674276953310217E+002 -0.412255120847622E+000  0.472014536771852E+000 -0.114467856624657E+002 -0.709042205396252E+003 -0.709042205396252E+003
 -0.764702491834091E+001  0.677023923101163E+002 -0.421809060316828E+000  0.480962939405694E+000 -0.114467856624657E+002 -0.709036706859938E+003 -0.709036706859938E+003
  0.280467949229383E+001  0.682490186959001E+002 -0.416866311871356E+000  0.475773159476137E+000 -0.114467856624657E+002 -0.709048075082721E+003 -0.709048075082721E+003
  0.110593186018182E+001  0.677753437963508E+002 -0.411531696764841E+000  0.469778777702617E+000 -0.114467856624657E+002 -0.709044089988584E+003 -0.709044089988584E+003
 -0.101912538854981E+002  0.683865404949007E+002 -0.418919394670790E+000  0.474999843603868E+000 -0.114467856624657E+002 -0.709048083130853E+003 -0.709048083130853E+003
 -0.103606767320506E+002  0.673343357500984E+002 -0.413164867631392E+000  0.473045722764544E+000 -0.114467856624657E+002 -0.709039969666352E+003 -0.709039969666352E+003
 -0.666698585154579E+001  0.679711897534403E+002 -0.421798894962384E+000  0.479106839645861E+000 -0.114467856624657E+002 -0.709039440908729E+003 -0.709039440908729E+003
 -0.117334384214388E+002  0.677625949690091E+002 -0.422174246921246E+000  0.484208048611063E+000 -0.114467856624657E+002 -0.709045286011564E+003 -0.709045286011564E+003
  0.197922198594495E+001  0.679890112707974E+002 -0.418303112255044E+000  0.474550543329966E+000 -0.114467856624657E+002 -0.709031265725380E+003 -0.709031265725380E+003
 -0.745726882555685E+001  0.674347501909229E+002 -0.421486725810706E+000  0.485707952335790E+000 -0.114467856624657E+002 -0.709046703685524E+003 -0.709046703685524E+003
 -0.627107016706159E+001  0.673329517503205E+002 -0.414187136181376E+000  0.475029115301384E+000 -0.114467856624657E+002 -0.709038039103887E+003 -0.709038039103887E+003
 -0.689209123354729E+000  0.673976656670082E+002 -0.413601027755194E+000  0.474753086766456E+000 -0.114467856624657E+002 -0.709039918262196E+003 -0.709039918262196E+003
  0.316364463620598E+000  0.675217442191721E+002 -0.412602284431928E+000  0.472989654450498E+000 -0.114467856624657E+002 -0.709041638891759E+003 -0.709041638891759E+003
 -0.387407054936003E+001  0.678492370714104E+002 -0.416653722067667E+000  0.479597043783937E+000 -0.114467856624657E+002 -0.709047365607526E+003 -0.709047365607526E+003
 -0.363850495661820E+001  0.672802021525623E+002 -0.417861497040866E+000  0.474836894653617E+000 -0.114467856624657E+002 -0.709036902998675E+003 -0.709036902998675E+003
 -0.402873656079574E+001  0.683592099992702E+002 -0.416749468876015E+000  0.469657656954254E+000 -0.114467856624657E+002 -0.709043673381404E+003 -0.709043673381404E+003
 -0.728947839217673E+001  0.673003947017018E+002 -0.417685788105422E+000  0.473197668173757E+000 -0.114467856624657E+002 -0.709040128059968E+003 -0.709040128059968E+003
 -0.374299762501494E+001  0.680615636175805E+002 -0.414437984715062E+000  0.474347199874959E+000 -0.114467856624657E+002 -0.709047074018835E+003 -0.709047074018835E+003
 -0.118767696627900E+001  0.676812704522286E+002 -0.418653028076399E+000  0.475823461528012E+000 -0.114467856624657E+002 -0.709028502210656E+003 -0.709028502210656E+003
 -0.629199109139076E+001  0.676326674991723E+002 -0.413369443502622E+000  0.464817045635916E+000 -0.114467856624657E+002 -0.709045589517578E+003 -0.709045589517578E+003
 -0.688467015015549E+001  0.679607843621187E+002 -0.412761317103164E+000  0.468847966744815E+000 -0.114467856624657E+002 -0.709038849460927E+003 -0.709038849460927E+003
  0.497046168699267E+000  0.672526879775866E+002 -0.419268125563216E+000  0.483174078858809E+000 -0.114467856624657E+002 -0.709041984634450E+003 -0.709041984634450E+003
 -0.103998614109833E+002  0.680228268509122E+002 -0.412968589064909E+000  0.467569020711904E+000 -0.114467856624657E+002 -0.709038758259649E+003 -0.709038758259649E+003
  0.350609884082651E-001  0.678599549149628E+002 -0.415298774526883E+000  0.470221930887574E+000 -0.114467856624657E+002 -0.709030527655639E+003 -0.709030527655639E+003
 -0.103034393467581E+002  0.674755012358703E+002 -0.422420409966299E+000  0.480651397044510E+000 -0.114467856624657E+002 -0.709041264469318E+003 -0.709041264469318E+003
 -0.563371244165245E+001  0.675384915949186E+002 -0.415857610883318E+000  0.476284097473493E+000 -0.114467856624657E+002 -0.709031835649565E+003 -0.709031835649565E+003
 -0.795763964611218E+001  0.672797238585188E+002 -0.413001553584391E+000  0.472372154447354E+000 -0.114467856624657E+002 -0.709041370594422E+003 -0.709041370594422E+003
 -0.651821724074234E+001  0.677985690591609E+002 -0.413940941395057E+000  0.467495595215138E+000 -0.114467856624657E+002 -0.709034889124755E+003 -0.709034889124755E+003
 -0.251168130558003E+001  0.673872263016653E+002 -0.418968010261949E+000  0.481780769914799E+000 -0.114467856624657E+002 -0.709037052440248E+003 -0.709037052440248E+003
 -0.302957984915991E+001  0.682934006222193E+002 -0.416141229684700E+000  0.473128768488168E+000 -0.114467856624657E+002 -0.709045127780182E+003 -0.709045127780182E+003
  0.378697913406942E+000  0.680183558895994E+002 -0.420260053464868E+000  0.474201847384327E+000 -0.114467856624657E+002 -0.709037752580592E+003 -0.709037752580592E+003
 -0.984616037394414E+001  0.671376954494533E+002 -0.418635690535825E+000  0.475880004652063E+000 -0.114467856624657E+002 -0.709044184093118E+003 -0.709044184093118E+003
  0.529141765376551E-002  0.681441703359905E+002 -0.418936895707941E+000  0.470181546812606E+000 -0.114467856624657E+002 -0.709043192726412E+003 -0.709043192726412E+003
 -0.601639691313899E+001  0.674824922909766E+002 -0.415293399964807E+000  0.472374748631299E+000 -0.114467856624657E+002 -0.709031061544703E+003 -0.709031061544703E+003
 -0.643720092166714E+001  0.678945610035860E+002 -0.412312735239357E+000  0.463336657396521E+000 -0.114467856624657E+002 -0.709045577776940E+003 -0.709045577776940E+003
 -0.687565327373390E+001  0.683461602359242E+002 -0.416642304680112E+000  0.466912350965084E+000 -0.114467856624657E+002 -0.709047652876796E+003 -0.709047652876796E+003
  0.236584688060059E+001  0.675468868615120E+002 -0.416267331020489E+000  0.477372778274580E+000 -0.114467856624657E+002 -0.709032907530333E+003 -0.709032907530333E+003
 -0.107183416443673E+002  0.675458975368482E+002 -0.413139146402153E+000  0.465880120437340E+000 -0.114467856624657E+002 -0.709043567747579E+003 -0.709043567747579E+003
 -0.580082571355999E+001  0.678391045806622E+002 -0.421460273780420E+000  0.478248216039018E+000 -0.114467856624657E+002 -0.709036194327039E+003 -0.709036194327039E+003
 -0.982159559638660E+000  0.672856881667524E+002 -0.413694210817982E+000  0.473392407078411E+000 -0.114467856624657E+002 -0.709039041318805E+003 -0.709039041318805E+003
 -0.118372413482973E+002  0.672728683676574E+002 -0.415588289210067E+000  0.474926054281328E+000 -0.114467856624657E+002 -0.709034870890424E+003 -0.709034870890424E+003
 -0.445367624724668E+001  0.681001604711446E+002 -0.422075295802882E+000  0.475566672766970E+000 -0.114467856624657E+002 -0.709047031645648E+003 -0.709047031645648E+003
 -0.818269256136390E+001  0.676253185248793E+002 -0.411368286971032E+000  0.469923540615778E+000 -0.114467856624657E+002 -0.709043918434172E+003 -0.709043918434172E+003
  0.137824188871171E+001  0.677852814107546E+002 -0.412559782161031E+000  0.467803743376809E+000 -0.114467856624657E+002 -0.709036923213146E+003 -0.709036923213146E+003
  0.241775868770212E+000  0.672845226550276E+002 -0.415909528970820E+000  0.469418549469220E+000 -0.114467856624657E+002 -0.709048255596872E+003 -0.709048255596872E+003
 -0.161213150093367E+000  0.673003571267619E+002 -0.421485905820843E+000  0.481122223517183E+000 -0.114467856624657E+002 -0.709040523429467E+003 -0.709040523429467E+003
 -0.870983646606763E+001  0.677702989643229E+002 -0.415436150236222E+000  0.468691249501862E+000 -0.114467856624657E+002 -0.709033541557394E+003 -0.709033541557394E+003
 -0.168129602294214E+001  0.674743103714799E+002 -0.423370706939056E+000  0.481467879728030E+000 -0.114467856624657E+002 -0.709046313830861E+003 -0.709046313830861E+003
 -0.448337786996726E+001  0.675882536003968E+002 -0.414097979367371E+000  0.470227379573339E+000 -0.114467856624657E+002 -0.709032494429219E+003 -0.709032494429219E+003
  0.221210285246788E+001  0.680019992625282E+002 -0.417549204196429E+000  0.474546155473336E+000 -0.114467856624657E+002 -0.709031710363929E+003 -0.709031710363929E+003
  0.652391329774019E+000  0.674715715330818E+002 -0.419498491000437E+000  0.479180448597880E+000 -0.114467856624657E+002 -0.709031431802341E+003 -0.709031431802341E+003
  0.780932207668336E+000  0.678621134594410E+002 -0.411196438559484E+000  0.466846724343023E+000 -0.114467856624657E+002 -0.709043647691190E+003 -0.709043647691190E+003
 -0.791241721116695E+001  0.674546437587891E+002 -0.421185204775417E+000  0.479978869212596E+000 -0.114467856624657E+002 -0.709036147729779E+003 -0.709036147729779E+003
  0.569151127544128E+000  0.675911047453334E+002 -0.419275782847889E+000  0.474068437458747E+000 -0.114467856624657E+002 -0.709035135314865E+003 -0.709035135314865E+003
  0.197208782174813E+001  0.672019967383662E+002 -0.413652173611928E+000  0.476522945124600E+000 -0.114467856624657E+002 -0.709047066599791E+003 -0.709047066599791E+003
  0.478591299990637E+000  0.677954452685355E+002 -0.417061137791116E+000  0.468258165641348E+000 -0.114467856624657E+002 -0.709040956828696E+003 -0.709040956828696E+003
 -0.629043288567524E+001  0.676246144208116E+002 -0.420412454175620E+000  0.483662264485183E+000 -0.114467856624657E+002 -0.709042360658096E+003 -0.709042360658096E+003
 -0.628462297988768E+001  0.677155599235412E+002 -0.416339367502698E+000  0.478121008848159E+000 -0.114467856624657E+002 -0.709037588891547E+003 -0.709037588891547E+003
 -0.888478982335574E+001  0.678130557554412E+002 -0.413706370068319E+000  0.468920646453856E+000 -0.114467856624657E+002 -0.709033322460409E+003 -0.709033322460409E+003
 -0.396545852461685E+001  0.676314879067996E+002 -0.414885808583825E+000  0.476462494405613E+000 -0.114467856624657E+002 -0.709038223803725E+003 -0.709038223803725E+003
 -0.106334205104644E+002  0.672495061560727E+002 -0.412653783929818E+000  0.471164351041743E+000 -0.114467856624657E+002 -0.709043442492922E+003 -0.709043442492922E+003
