  0.100000000000000E+001  0.124158824649908E+002 -0.173594905374181E+002  0.815796931929511E+002 -0.479679964206269E+000  0.150348446504995E+001  0.167792940524174E+002 -0.167451030290137E+002 -0.620794123249542E+001
  0.100000000000000E+001  0.133214174139892E+002 -0.901247807945677E+001  0.901660732066606E+002 -0.121854915265574E+001  0.696302140639243E+001  0.625476663750284E+002 -0.167451030290137E+002 -0.666070870699462E+001
  0.100000000000000E+001  0.487692312070870E+001 -0.187383977790443E+002  0.556430999281136E+002 -0.481828419789352E-001  0.971037266468379E+000  0.390631980053699E+002 -0.167451030290137E+002 -0.243846156035435E+001
  0.100000000000000E+001  0.103292115220166E+002  0.726202313444101E+001  0.665960282838277E+002 -0.458844022090813E+000  0.526103834574748E+000  0.239508278089099E+002 -0.167451030290137E+002 -0.516460576100828E+001
  0.100000000000000E+001  0.952876289920384E+001 -0.124362577912818E+002  0.679104854954897E+002 -0.349231056280408E+000 -0.240011609967273E+001 -0.794387142258754E+002 -0.167451030290137E+002 -0.476438144960192E+001
  0.100000000000000E+001  0.938418760888141E+001  0.283393593828814E+001  0.656252057172863E+002 -0.811181787095255E+000  0.660930164789317E+001  0.621309017060302E+002 -0.167451030290137E+002 -0.469209380444071E+001
  0.100000000000000E+001  0.880290441011442E+001 -0.973070507029394E+001  0.513965534227628E+002 -0.316033910674608E+000  0.353660559183508E+001  0.439577128333782E+002 -0.167451030290137E+002 -0.440145220505721E+001
  0.100000000000000E+001  0.877457840560621E+001  0.820085606141665E+001  0.638008212134875E+002 -0.662881473047370E+000  0.597749943737191E+001  0.605637957312235E+002 -0.167451030290137E+002 -0.438728920280310E+001
  0.100000000000000E+001  0.489641681906162E+001  0.139073521775669E+002  0.737044458257327E+002 -0.163136828621304E+000 -0.235018437913072E+001 -0.449362636915215E+002 -0.167451030290137E+002 -0.244820840953081E+001
  0.100000000000000E+001  0.841673524857527E+001  0.343332929363262E+001  0.734598867881789E+002 -0.263413512396656E+000  0.117203856014513E+001  0.988210516575129E+002 -0.167451030290137E+002 -0.420836762428763E+001
  0.100000000000000E+001  0.492365540083421E+001  0.114899301865370E+002  0.777786244111987E+002 -0.123349675544482E+001  0.373193183373181E+001  0.124891892246124E+002 -0.167451030290137E+002 -0.246182770041711E+001
  0.100000000000000E+001  0.818094193310233E+001  0.148695218945225E+002  0.760241980535766E+002 -0.574691317474020E+000  0.265264641459590E+001  0.681876301030826E+002 -0.167451030290137E+002 -0.409047096655116E+001
  0.100000000000000E+001  0.798959852128468E+001 -0.923590873606610E+000  0.720780405768449E+002 -0.473612887533383E+000  0.239599165519246E+000 -0.869065380605487E+002 -0.167451030290137E+002 -0.399479926064234E+001
  0.100000000000000E+001  0.783329492738969E+001 -0.464538249670337E+001  0.593883996785444E+002 -0.254765747579007E-001 -0.192136891547303E-001 -0.681316766118236E+002 -0.167451030290137E+002 -0.391664746369484E+001
  0.100000000000000E+001  0.492640697143531E+001  0.685077396629999E+001  0.597718611918709E+002 -0.315153648712292E+000  0.144013128321415E+001  0.703007307026257E+002 -0.167451030290137E+002 -0.246320348571766E+001
  0.100000000000000E+001  0.498145616180899E+001 -0.219576304744431E+001  0.572049425126587E+002 -0.762656633843153E-001 -0.311953351845836E+001 -0.864382967620353E+002 -0.167451030290137E+002 -0.249072808090450E+001
  0.100000000000000E+001  0.747602717548678E+001  0.147182986043733E+002  0.796468953243091E+002 -0.802676298000107E+000  0.546174382181154E+001  0.655712293235009E+002 -0.167451030290137E+002 -0.373801358774339E+001
  0.100000000000000E+001  0.734077027004315E+001  0.130512203398516E+002  0.594250799849280E+002 -0.143961351796040E+000 -0.187039284878030E+001  0.940391959434621E+002 -0.167451030290137E+002 -0.367038513502158E+001
  0.100000000000000E+001  0.498823537506521E+001  0.728292455046412E+001  0.560842878979987E+002 -0.173379994033975E+000 -0.328618192075092E+000  0.347533381671203E+002 -0.167451030290137E+002 -0.249411768753261E+001
  0.100000000000000E+001  0.717409762307594E+001  0.163188048022830E+002  0.688453430805120E+002 -0.215980839619669E+000 -0.978692210144727E+000 -0.517581385230254E+001 -0.167451030290137E+002 -0.358704881153797E+001
  0.100000000000000E+001  0.513528683634526E+001  0.160019036223113E+002  0.552400780746833E+002 -0.243195527191536E+000  0.311489625171577E+001  0.413564750924942E+002 -0.167451030290137E+002 -0.256764341817263E+001
  0.100000000000000E+001  0.696151957993352E+001 -0.183387911985990E+001  0.688561033342294E+002 -0.169040012858697E+000 -0.377836132679739E+000 -0.489182314854873E+002 -0.167451030290137E+002 -0.348075978996676E+001
  0.100000000000000E+001  0.680803647657336E+001  0.102061977410493E+002  0.524098174241784E+002 -0.594668292626555E-003  0.651613444036787E+000 -0.227749878869334E+002 -0.167451030290137E+002 -0.340401823828668E+001
  0.100000000000000E+001  0.669840966725445E+001 -0.665051965709354E+001  0.735562622045741E+002 -0.320643329059294E+000  0.163029368205639E+001  0.453307110761743E+002 -0.167451030290137E+002 -0.334920483362722E+001
  0.100000000000000E+001  0.517442053336253E+001  0.164282743240949E+002  0.648527026325825E+002 -0.548842736469448E-001 -0.120039397001268E+001 -0.365320245830559E+002 -0.167451030290137E+002 -0.258721026668126E+001
  0.100000000000000E+001  0.669384481666209E+001  0.184553095450907E+002  0.608665202258523E+002 -0.790528006248237E-002 -0.100616068976771E+001 -0.489735284042253E+002 -0.167451030290137E+002 -0.334692240833105E+001
  0.100000000000000E+001  0.664586328241407E+001  0.364708596706617E+000  0.648744852323172E+002 -0.926301534612768E-001 -0.954541246024551E+000 -0.826492740226062E+002 -0.167451030290137E+002 -0.332293164120703E+001
  0.100000000000000E+001  0.656120809636731E+001  0.132106937812463E+001  0.593290025250107E+002 -0.303675478797450E+000 -0.563888647938100E-001 -0.425801667075881E+002 -0.167451030290137E+002 -0.328060404818365E+001
  0.100000000000000E+001  0.648111429399691E+001 -0.673452381582138E+001  0.748917403857789E+002 -0.557715003831344E+000  0.482914432652396E+001  0.886960872082266E+002 -0.167451030290137E+002 -0.324055714699846E+001
  0.100000000000000E+001  0.629881253545292E+001 -0.127061239953434E+001  0.750893335538217E+002 -0.299465095892995E+000 -0.234529077215405E+001 -0.605307631543856E+002 -0.167451030290137E+002 -0.314940626772646E+001
  0.100000000000000E+001  0.520346458590231E+001  0.462974122860223E+001  0.757643227845551E+002 -0.463908959059365E+000  0.244895308725027E+001  0.895273563028417E+002 -0.167451030290137E+002 -0.260173229295115E+001
  0.100000000000000E+001  0.521027291493464E+001  0.194433466832318E+002  0.642086461871122E+002 -0.562875475797902E+000  0.261611121491727E+001  0.937035694075522E+001 -0.167451030290137E+002 -0.260513645746732E+001
  0.100000000000000E+001  0.521199550843396E+001  0.165060560321963E+002  0.641148064445479E+002 -0.105617411336062E+000 -0.722291934425551E+000 -0.818094507076600E+002 -0.167451030290137E+002 -0.260599775421698E+001
  0.100000000000000E+001  0.538121811561839E+001 -0.690971148429140E+001  0.691518012279424E+002 -0.449950650849708E+000 -0.201695093564055E+001  0.715108459625475E+002 -0.167451030290137E+002 -0.269060905780919E+001
  0.100000000000000E+001  0.541236149022769E+001  0.127178860464543E+002  0.707236396228438E+002 -0.119826739955346E+001  0.395935618905998E+001  0.135540282637556E+002 -0.167451030290137E+002 -0.270618074511384E+001
  0.100000000000000E+001  0.589389691794300E+001 -0.579266136782527E+001  0.706368340724780E+002 -0.449341873179092E+000  0.101786599610876E+001  0.664845042060644E+002 -0.167451030290137E+002 -0.294694845897150E+001
  0.100000000000000E+001  0.589381831458820E+001  0.144085094556124E+002  0.726086473353505E+002 -0.466524580631729E+000  0.126681634667337E+001  0.543719873764737E+002 -0.167451030290137E+002 -0.294690915729410E+001
  0.100000000000000E+001  0.584944885642621E+001 -0.397916586012228E+001  0.712879263622262E+002 -0.844148546273876E+000  0.570841323383455E+001  0.824153118916904E+002 -0.167451030290137E+002 -0.292472442821310E+001
  0.100000000000000E+001  0.578941822515766E+001 -0.100551920953168E+002  0.675913182516683E+002 -0.171981413279880E+000  0.678622157077571E+000 -0.513476703963881E+002 -0.167451030290137E+002 -0.289470911257883E+001
  0.100000000000000E+001  0.578761583660567E+001 -0.496562939567163E+001  0.572485605897277E+002 -0.178119670598985E+000 -0.195637333036924E+001 -0.896341204165580E+002 -0.167451030290137E+002 -0.289380791830283E+001
  0.100000000000000E+001  0.564015097498597E+001  0.153999480932710E+002  0.706186194510729E+002 -0.121407088978069E+001  0.395983943307046E+001  0.143707574197864E+002 -0.167451030290137E+002 -0.282007548749298E+001
  0.100000000000000E+001  0.575112069262384E+001  0.121562544403261E+002  0.591994680422229E+002 -0.732402375038577E-001  0.142467988596075E+001  0.582509545542641E+002 -0.167451030290137E+002 -0.287556034631192E+001
  0.100000000000000E+001  0.569085023446225E+001 -0.988825023916931E+000  0.550814370820272E+002 -0.478596744124953E+000  0.392692933491341E+001  0.334396414705602E+002 -0.167451030290137E+002 -0.284542511723112E+001
  0.100000000000000E+001  0.571679364180081E+001 -0.157819419311116E+002  0.644130110797081E+002 -0.129827323891766E+001  0.860385659802222E+001  0.718774399802854E+002 -0.167451030290137E+002 -0.285839682090041E+001
  0.100000000000000E+001  0.482859073550357E+001 -0.465518821143528E+001  0.681621996985679E+002 -0.119032062656344E+001  0.786726487514725E+001  0.655125668632943E+002 -0.167451030290137E+002 -0.241429536775179E+001
  0.100000000000000E+001  0.480104595882079E+001  0.729034296205921E+001  0.662583520215451E+002 -0.768928551206025E-001 -0.141613936670263E+001 -0.434322776855711E+002 -0.167451030290137E+002 -0.240052297941040E+001
  0.100000000000000E+001  0.473014694854992E+001  0.111548833672505E+002  0.679933183691996E+002 -0.119181015406800E+001  0.425043411962693E+001  0.167832908143068E+002 -0.167451030290137E+002 -0.236507347427496E+001
  0.100000000000000E+001  0.455437652240830E+001 -0.718229617332359E+000  0.732898258043778E+002 -0.282463914152642E+000 -0.849487873307625E+000 -0.642590342032922E+002 -0.167451030290137E+002 -0.227718826120415E+001
  0.100000000000000E+001  0.454701025597259E+001  0.157532570878657E+002  0.752507266994017E+002 -0.566394225960539E+000  0.314582538375401E+001  0.596938752979152E+002 -0.167451030290137E+002 -0.227350512798630E+001
  0.100000000000000E+001  0.452595730675902E+001 -0.191890621755285E+002  0.631630724348500E+002 -0.120500185794361E+001  0.965889750165594E+001  0.998820496379275E+002 -0.167451030290137E+002 -0.226297865337951E+001
  0.100000000000000E+001  0.451709036517290E+001 -0.538604688197128E+001  0.596542616091309E+002 -0.614422525114328E+000  0.623167296509721E+001  0.750427236664027E+002 -0.167451030290137E+002 -0.225854518258645E+001
  0.100000000000000E+001  0.451316428786168E+001 -0.108058727184561E+001  0.574724492301434E+002 -0.111006302627553E+000 -0.193832964060842E+001 -0.480379485610740E+002 -0.167451030290137E+002 -0.225658214393084E+001
  0.100000000000000E+001  0.447384432826895E+001 -0.475353414556773E+001  0.720335339825802E+002 -0.735150208562081E+000  0.294815701278051E+001  0.224394426709004E+002 -0.167451030290137E+002 -0.223692216413447E+001
  0.100000000000000E+001  0.446109235471187E+001  0.145436427289104E+002  0.768599174680904E+002 -0.122593879714738E+001  0.392991342839719E+001  0.145251607275562E+002 -0.167451030290137E+002 -0.223054617735593E+001
  0.100000000000000E+001  0.444107839286596E+001  0.116434254786953E+002  0.613657426798786E+002 -0.380724598370468E+000  0.166124172387120E+001  0.314580292261825E+002 -0.167451030290137E+002 -0.222053919643298E+001
  0.100000000000000E+001  0.442034928170773E+001 -0.421399874684131E+001  0.548313308884818E+002 -0.131667885191358E+000  0.378368808589105E+000  0.378959258933811E+002 -0.167451030290137E+002 -0.221017464085386E+001
  0.100000000000000E+001  0.439072077075229E+001 -0.102625854966272E+002  0.639991874804640E+002 -0.334231465673342E+000 -0.945513608841997E+000 -0.872622383654639E+002 -0.167451030290137E+002 -0.219536038537615E+001
  0.100000000000000E+001  0.438715406972583E+001 -0.828420129352846E+000  0.560202289363717E+002 -0.190733709491969E+000  0.889714552014599E+000  0.428751062507432E+002 -0.167451030290137E+002 -0.219357703486292E+001
  0.100000000000000E+001  0.437782814118486E+001  0.630306555972271E+001  0.591749596599704E+002 -0.109694721330432E+000 -0.338021979654583E+001 -0.981611307907355E+002 -0.167451030290137E+002 -0.218891407059243E+001
  0.100000000000000E+001  0.434411384200563E+001 -0.188757633993110E+002  0.544905680393523E+002 -0.960799463850905E-001 -0.415943508509040E+000  0.743253242180668E+002 -0.167451030290137E+002 -0.217205692100281E+001
  0.100000000000000E+001  0.427985329478403E+001 -0.100500616428403E+002  0.546204953458574E+002 -0.104257098898456E+000  0.494883400990920E+000  0.731927479281096E+002 -0.167451030290137E+002 -0.213992664739202E+001
  0.100000000000000E+001  0.416221190878669E+001 -0.150248957392182E+002  0.578523986576530E+002 -0.926345542261198E-001 -0.888263316914948E+000  0.909534108018481E+002 -0.167451030290137E+002 -0.208110595439335E+001
  0.100000000000000E+001  0.411153573571715E+001  0.961886760746041E+001  0.603308116634434E+002 -0.288223779158710E+000  0.117813768767780E+001  0.860226194142328E+000 -0.167451030290137E+002 -0.205576786785858E+001
  0.100000000000000E+001  0.406638747295725E+001  0.908400174514418E+001  0.701752539486937E+002 -0.257734114124971E+000 -0.598409294156591E+000  0.961805712771291E+002 -0.167451030290137E+002 -0.203319373647863E+001
  0.100000000000000E+001  0.399080628349004E+001  0.217032944102304E+001  0.733444350744472E+002 -0.226785308966814E+000 -0.256392393100253E+001 -0.886636146396972E+002 -0.167451030290137E+002 -0.199540314174502E+001
  0.100000000000000E+001  0.397819673486183E+001 -0.190597636114861E+002  0.649104916178051E+002 -0.361676701482851E+000 -0.476859927029665E-001 -0.833297024235142E+002 -0.167451030290137E+002 -0.198909836743092E+001
  0.100000000000000E+001  0.396112267817354E+001 -0.135562903229935E+002  0.619712688933222E+002 -0.115006928430879E+000 -0.272136392261864E-001  0.772411616678901E+002 -0.167451030290137E+002 -0.198056133908677E+001
  0.100000000000000E+001  0.395468996726355E+001  0.249334369136529E+001  0.599413153180821E+002 -0.304874671623141E+000 -0.103024265443458E+001  0.455903326520835E+002 -0.167451030290137E+002 -0.197734498363177E+001
  0.100000000000000E+001  0.394045503211967E+001  0.150661104831743E+002  0.670105247123517E+002 -0.375095153990000E+000 -0.213105758167259E+001  0.803099267642711E+002 -0.167451030290137E+002 -0.197022751605983E+001
  0.100000000000000E+001  0.390689722906713E+001 -0.133047654201234E+002  0.628656399983902E+002 -0.569607285711380E-001 -0.152953933283651E+001 -0.686040821059541E+002 -0.167451030290137E+002 -0.195344861453357E+001
  0.100000000000000E+001  0.383521504993030E+001  0.176529794539678E+002  0.604898307638745E+002 -0.671297787352875E+000  0.685236486543546E+001  0.869814703147427E+002 -0.167451030290137E+002 -0.191760752496515E+001
  0.100000000000000E+001  0.381549718093034E+001  0.138900963691565E+002  0.556372524024334E+002 -0.753466027199408E-001  0.299610168105335E+000  0.831338705230256E+002 -0.167451030290137E+002 -0.190774859046517E+001
  0.100000000000000E+001  0.380711260746162E+001  0.123928475284191E+002  0.724946793900499E+002 -0.554223009661572E+000  0.363747192868452E+001  0.920914486518688E+002 -0.167451030290137E+002 -0.190355630373081E+001
  0.100000000000000E+001  0.380474930488234E+001 -0.151609135333189E+002  0.743964632992845E+002 -0.514391796489659E+000  0.356152004190112E+001  0.746047147861873E+002 -0.167451030290137E+002 -0.190237465244117E+001
  0.100000000000000E+001  0.376342470394817E+001  0.118133385810439E+002  0.664047243024787E+002 -0.527319700193283E+000  0.309680884755269E+001  0.592466525120576E+002 -0.167451030290137E+002 -0.188171235197409E+001
  0.100000000000000E+001  0.372922781378641E+001  0.160209836860298E+002  0.684871381980825E+002 -0.663478634474981E-001 -0.285796299626728E+001 -0.775418977645630E+002 -0.167451030290137E+002 -0.186461390689320E+001
  0.100000000000000E+001  0.368325869113229E+001  0.756318296847813E+001  0.675447612423695E+002 -0.492603951427221E+000  0.504170217113378E+001  0.853317700025440E+002 -0.167451030290137E+002 -0.184162934556615E+001
  0.100000000000000E+001  0.365522755781016E+001  0.748735722610891E+001  0.709511220667768E+002 -0.826036532627294E+000  0.605694431117992E+001  0.611001031993674E+002 -0.167451030290137E+002 -0.182761377890508E+001
  0.100000000000000E+001  0.356914626888857E+001 -0.427346171902388E+001  0.735434189096384E+002 -0.366672108314957E+000  0.184096930818228E+000  0.676584315250948E+002 -0.167451030290137E+002 -0.178457313444428E+001
  0.100000000000000E+001  0.354582480593911E+001  0.155493627448568E+002  0.638777275316284E+002 -0.346503053051485E+000 -0.345119175998612E-001  0.572983842094312E+002 -0.167451030290137E+002 -0.177291240296955E+001
  0.100000000000000E+001  0.348199299511126E+001 -0.196814483991221E+001  0.642288158423233E+002 -0.126650963103322E+001  0.880411481310079E+001  0.800236985332668E+002 -0.167451030290137E+002 -0.174099649755563E+001
  0.100000000000000E+001  0.347769732752225E+001  0.472587719579621E+001  0.710401924908774E+002 -0.224934381310223E+000 -0.163904425962423E+001 -0.952075192757660E+002 -0.167451030290137E+002 -0.173884866376113E+001
  0.100000000000000E+001  0.346147460765398E+001  0.385872327686039E+001  0.602851576258057E+002 -0.210976597593938E+000  0.211422370899933E+001  0.297432734480639E+002 -0.167451030290137E+002 -0.173073730382699E+001
  0.100000000000000E+001  0.345456882400747E+001  0.165028468704535E+002  0.603444360212503E+002 -0.202587729386970E+000 -0.157263248797984E+001  0.796314142684840E+002 -0.167451030290137E+002 -0.172728441200373E+001
  0.100000000000000E+001  0.343148272800750E+001 -0.175725892710959E+002  0.557008847213742E+002 -0.625510118696428E-001 -0.890594428092488E+000 -0.626343496573991E+002 -0.167451030290137E+002 -0.171574136400375E+001
  0.100000000000000E+001  0.340933185850418E+001 -0.185640694033725E+002  0.682059744624977E+002 -0.427545515321030E+000  0.204891049006768E+001  0.930779477857504E+002 -0.167451030290137E+002 -0.170466592925209E+001
  0.100000000000000E+001  0.340173987041887E+001 -0.369599892862586E+001  0.689639384419595E+002 -0.116773979373322E+001  0.525497511577172E+001  0.272541540981413E+002 -0.167451030290137E+002 -0.170086993520944E+001
  0.100000000000000E+001  0.339871957304845E+001 -0.430664262924903E+000  0.608190644507211E+002 -0.627956193239189E+000  0.540096894174094E+001  0.555737232416836E+002 -0.167451030290137E+002 -0.169935978652423E+001
  0.100000000000000E+001  0.338160536829569E+001 -0.172805756777725E+002  0.735827427204762E+002 -0.470123666587145E+000  0.341069184761430E+001  0.927947235864228E+002 -0.167451030290137E+002 -0.169080268414785E+001
  0.100000000000000E+001  0.334629784663125E+001  0.161686789020107E+002  0.696574841235707E+002 -0.323533306254016E+000  0.284775141697457E+001  0.978040050499605E+002 -0.167451030290137E+002 -0.167314892331562E+001
  0.100000000000000E+001  0.332439149791734E+001  0.433072274282550E+001  0.664998439138784E+002 -0.143318236873141E+000 -0.926908945776843E+000 -0.452093382582848E+002 -0.167451030290137E+002 -0.166219574895867E+001
  0.100000000000000E+001  0.330063909822305E+001  0.764402161448110E+001  0.572151235130608E+002 -0.216781371885382E+000  0.142350098084441E+001  0.557818326231950E+002 -0.167451030290137E+002 -0.165031954911152E+001
  0.100000000000000E+001  0.328746959876675E+001 -0.151017670225274E+001  0.733997072740133E+002 -0.455760524606612E+000  0.300158142281783E+001  0.768056709611236E+002 -0.167451030290137E+002 -0.164373479938337E+001
  0.100000000000000E+001  0.327772906916832E+001 -0.928441708903544E+001  0.742986640668273E+002 -0.770512529575143E+000  0.660512529816638E+001  0.992107958944590E+002 -0.167451030290137E+002 -0.163886453458416E+001
  0.100000000000000E+001  0.326603594691571E+001 -0.273888406862143E+001  0.684937499846917E+002 -0.178948136369359E+000 -0.340255922838126E+001 -0.775481234630601E+002 -0.167451030290137E+002 -0.163301797345785E+001
  0.100000000000000E+001  0.319075079285679E+001  0.187579110702717E+002  0.621525273543674E+002 -0.250148685563091E+000 -0.154257059233915E+001  0.965465970078489E+002 -0.167451030290137E+002 -0.159537539642839E+001
  0.100000000000000E+001  0.314080214009994E+001  0.425090682622946E+001  0.702466763968969E+002 -0.281774736700718E+000 -0.127166589175660E+001 -0.272564801772239E+002 -0.167451030290137E+002 -0.157040107004997E+001
  0.100000000000000E+001  0.312945511007558E+001 -0.920759287669339E+001  0.562678847474013E+002 -0.179058836581036E+000  0.223369061140169E+001  0.728612466828475E+002 -0.167451030290137E+002 -0.156472755503779E+001
  0.100000000000000E+001  0.311825995247604E+001 -0.189727479864722E+002  0.721840707583534E+002 -0.736296671431347E+000  0.474237647613477E+001  0.670314926398690E+002 -0.167451030290137E+002 -0.155912997623802E+001
  0.100000000000000E+001  0.311764841153754E+001  0.185868126438944E+001  0.633625934743454E+002 -0.163423916159828E+000  0.951990759698731E+000  0.188796000807933E+002 -0.167451030290137E+002 -0.155882420576877E+001
  0.100000000000000E+001  0.309575250573120E+001 -0.152518121824529E+002  0.658290940956003E+002 -0.216317909222716E+000 -0.274628543919665E+001 -0.769880468141770E+002 -0.167451030290137E+002 -0.154787625286560E+001
  0.100000000000000E+001  0.308408010701555E+001  0.156558421473855E+002  0.616962260244720E+002 -0.301859435087002E+000  0.645063576396126E+000  0.565421590212541E+002 -0.167451030290137E+002 -0.154204005350777E+001
  0.100000000000000E+001  0.308356889477512E+001  0.155562320967221E+002  0.697011148936260E+002 -0.116508395661476E+001  0.430158951271198E+001  0.183140706937494E+002 -0.167451030290137E+002 -0.154178444738756E+001
  0.100000000000000E+001  0.307071776518833E+001  0.191013502522384E+002  0.696883736214587E+002 -0.377794037396938E+000 -0.174470939939884E+000 -0.294512881780602E+002 -0.167451030290137E+002 -0.153535888259416E+001
  0.100000000000000E+001  0.305990970868862E+001  0.481308670082891E+001  0.572004880027185E+002 -0.184183912842341E+000  0.197394192916814E+000  0.512768045102538E+002 -0.167451030290137E+002 -0.152995485434431E+001
  0.100000000000000E+001  0.300948247112903E+001  0.110548323780928E+002  0.692895428843946E+002 -0.108352589689795E+001  0.349039641601089E+001  0.113054923002539E+002 -0.167451030290137E+002 -0.150474123556452E+001
  0.100000000000000E+001  0.300707569099564E+001 -0.181745542804883E+002  0.720731922491755E+002 -0.344412274037212E+000 -0.572834093548789E+000 -0.290346563301233E+002 -0.167451030290137E+002 -0.150353784549782E+001
  0.100000000000000E+001  0.299928214725747E+001  0.146597120159751E+001  0.708205860776616E+002 -0.245369313988219E+000 -0.985355227021200E+000 -0.602534433035846E+002 -0.167451030290137E+002 -0.149964107362874E+001
  0.100000000000000E+001  0.296228303750403E+001 -0.796176609644289E+001  0.628662186589016E+002 -0.111820672905167E+001  0.779414418985908E+001  0.725901556273049E+002 -0.167451030290137E+002 -0.148114151875201E+001
  0.100000000000000E+001  0.292570722715126E+001 -0.173855840713111E+002  0.575229391673966E+002 -0.387396904459901E+000  0.376527310557956E+001  0.576697241171715E+002 -0.167451030290137E+002 -0.146285361357563E+001
  0.100000000000000E+001  0.291592300935292E+001 -0.637084566792366E+001  0.598580140559199E+002 -0.339353531725941E+000  0.200107285880397E+001  0.378464212473700E+002 -0.167451030290137E+002 -0.145796150467646E+001
  0.100000000000000E+001  0.289708823827031E+001 -0.932361923805998E+001  0.676781162988456E+002 -0.127673410332727E+001  0.679647001171850E+001  0.482099326136198E+002 -0.167451030290137E+002 -0.144854411913516E+001
  0.100000000000000E+001  0.289397514059635E+001 -0.548184072110942E-001  0.665079159116918E+002 -0.413712978702909E+000 -0.175365425341678E+001  0.680632159039610E+002 -0.167451030290137E+002 -0.144698757029817E+001
  0.100000000000000E+001  0.286762623490502E+001 -0.555624371677456E+001  0.644877309483079E+002 -0.163204212821016E+000 -0.335937800376708E+001 -0.890973979868950E+002 -0.167451030290137E+002 -0.143381311745251E+001
  0.100000000000000E+001  0.286709951736154E+001  0.143305205394988E+001  0.704085568791025E+002 -0.276928792273659E+000 -0.884028764083773E-001  0.706260050904964E+002 -0.167451030290137E+002 -0.143354975868077E+001
  0.100000000000000E+001  0.282189649666722E+001 -0.103865346912049E+002  0.750839058913906E+002 -0.697227004092618E+000  0.369337631875671E+001  0.379782588673312E+002 -0.167451030290137E+002 -0.141094824833361E+001
  0.100000000000000E+001  0.280532643606765E+001  0.765714294262573E+001  0.591340807347831E+002 -0.216513739992903E+000 -0.707407637755818E+000 -0.681459650033494E+002 -0.167451030290137E+002 -0.140266321803383E+001
  0.100000000000000E+001  0.277546629664737E+001 -0.570532468838573E+001  0.672963370419052E+002 -0.130057401857167E+001  0.702121265672972E+001  0.494841384805840E+002 -0.167451030290137E+002 -0.138773314832368E+001
  0.100000000000000E+001  0.277276780094627E+001  0.312755557749250E+001  0.611450239028635E+002 -0.139379184210567E+000  0.114926588847441E+001  0.398571588118006E+002 -0.167451030290137E+002 -0.138638390047313E+001
  0.100000000000000E+001  0.276193894529869E+001 -0.532764808448123E+001  0.674433987074179E+002 -0.124917386504497E+001  0.645339662393605E+001  0.415244793548186E+002 -0.167451030290137E+002 -0.138096947264935E+001
  0.100000000000000E+001  0.275178524209975E+001  0.149871637888024E+002  0.612036485392263E+002 -0.296717047365955E+000 -0.514700727416997E+000  0.760746657493304E+002 -0.167451030290137E+002 -0.137589262104987E+001
  0.100000000000000E+001  0.275061529702202E+001  0.173332562409801E+002  0.716456141131643E+002 -0.240376563272432E+000 -0.251145634522639E+001 -0.797958242893006E+002 -0.167451030290137E+002 -0.137530764851101E+001
  0.100000000000000E+001  0.274585443501058E+001 -0.167940226282019E+002  0.586649925115694E+002 -0.864996555750910E-001 -0.584433170357634E+000 -0.833896979008369E+002 -0.167451030290137E+002 -0.137292721750529E+001
  0.100000000000000E+001  0.272292047789259E+001  0.791149830163897E+001  0.661397511164626E+002 -0.597782810872638E-002 -0.192949122492623E+001 -0.284360564652216E+002 -0.167451030290137E+002 -0.136146023894629E+001
  0.100000000000000E+001  0.271119451716513E+001 -0.183201632754545E+002  0.589359591931513E+002 -0.230726253763532E+000  0.607228800478799E+000  0.512758085568699E+002 -0.167451030290137E+002 -0.135559725858256E+001
  0.100000000000000E+001  0.271045983310559E+001  0.242885231691464E+001  0.704661994687287E+002 -0.813735171558397E+000  0.617428063350181E+001  0.939839310961100E+002 -0.167451030290137E+002 -0.135522991655279E+001
  0.100000000000000E+001  0.267425190237393E+001 -0.403879879394025E+001  0.683084978905373E+002 -0.400519226801698E+000 -0.112137028368274E+001  0.755495301245354E+002 -0.167451030290137E+002 -0.133712595118697E+001
  0.100000000000000E+001  0.265503574175762E+001  0.375865491310322E+001  0.631883189049815E+002 -0.319842916468705E+000  0.764221007002311E+000  0.874590538124605E+002 -0.167451030290137E+002 -0.132751787087881E+001
  0.100000000000000E+001  0.264036960102968E+001  0.155649930869725E+002  0.658249037462004E+002 -0.118246630917016E+001  0.707865899212800E+001  0.578761665350637E+002 -0.167451030290137E+002 -0.132018480051484E+001
  0.100000000000000E+001  0.258651800032735E+001 -0.392813216340274E+001  0.613543308129410E+002 -0.363285131261837E+000  0.303881565341750E+001  0.327691858469463E+002 -0.167451030290137E+002 -0.129325900016367E+001
  0.100000000000000E+001  0.257980025803363E+001 -0.450835506859341E+001  0.638731191205486E+002 -0.903800237755275E+000  0.567637552024905E+001  0.424345751505901E+002 -0.167451030290137E+002 -0.128990012901682E+001
  0.100000000000000E+001  0.255168863027462E+001 -0.107676247857391E+002  0.656631225909033E+002 -0.427865362965218E-002 -0.552955633091889E+000 -0.252822895581154E+001 -0.167451030290137E+002 -0.127584431513731E+001
  0.100000000000000E+001  0.254772321283851E+001 -0.183238457627695E+002  0.715615899563975E+002 -0.313883627817590E+000 -0.115716804714896E+000 -0.582824112274735E+002 -0.167451030290137E+002 -0.127386160641925E+001
  0.100000000000000E+001  0.253475617808755E+001 -0.188853820264630E+002  0.647747166751703E+002 -0.176090750114737E+000  0.216478741917214E-003  0.903248487828961E+002 -0.167451030290137E+002 -0.126737808904377E+001
  0.100000000000000E+001  0.253344108097855E+001 -0.166681525234627E+002  0.659518327376456E+002 -0.199349479647659E+000 -0.321642790417968E+000  0.961459122555116E+002 -0.167451030290137E+002 -0.126672054048927E+001
  0.100000000000000E+001  0.251907366012571E+001 -0.164639457164489E+002  0.681235861343165E+002 -0.365306085709092E+000 -0.933435666577864E-001 -0.526591921203122E+002 -0.167451030290137E+002 -0.125953683006286E+001
  0.100000000000000E+001  0.251854552545603E+001 -0.990313130607188E+001  0.596382807108353E+002 -0.198790761538756E+000 -0.911033128693447E+000 -0.430452142768743E+002 -0.167451030290137E+002 -0.125927276272801E+001
  0.100000000000000E+001  0.251276027718048E+001 -0.176690651089387E+002  0.581365572343787E+002 -0.266895130249214E+000  0.268829653362971E+001  0.906026566158712E+002 -0.167451030290137E+002 -0.125638013859024E+001
  0.100000000000000E+001  0.250130244675834E+001 -0.485259855483314E+000  0.657013473274091E+002 -0.211082199775606E+000 -0.641687781682034E+000  0.683998654305983E+002 -0.167451030290137E+002 -0.125065122337917E+001
  0.100000000000000E+001  0.250051542055163E+001 -0.187617656145597E+001  0.661889116334336E+002 -0.171837535266045E+000 -0.105218834542854E+001 -0.940573218577120E+001 -0.167451030290137E+002 -0.125025771027581E+001
  0.100000000000000E+001  0.247419742636038E+001 -0.438174588237474E+001  0.599770125486187E+002 -0.206394958866718E+000  0.179975343541527E+001  0.252789836355781E+002 -0.167451030290137E+002 -0.123709871318019E+001
  0.100000000000000E+001  0.245089551043740E+001 -0.168439704650516E+002  0.744243995714551E+002 -0.745936662378342E+000  0.343759417156838E+001  0.281286068852953E+002 -0.167451030290137E+002 -0.122544775521870E+001
  0.100000000000000E+001  0.244284260711832E+001 -0.169896489836132E+002  0.572267175882528E+002 -0.148651473710756E+000 -0.420304426519959E+000  0.664606227035264E+002 -0.167451030290137E+002 -0.122142130355916E+001
  0.100000000000000E+001  0.243992899190509E+001 -0.686434187580442E+001  0.677819353590110E+002 -0.269363172975388E+000  0.206228340642193E+001  0.847779078831342E+002 -0.167451030290137E+002 -0.121996449595254E+001
  0.100000000000000E+001  0.242704880969606E+001  0.163272508600051E+002  0.689990871685787E+002 -0.671826036170411E+000  0.627579607037071E+001  0.920962343227979E+002 -0.167451030290137E+002 -0.121352440484803E+001
  0.100000000000000E+001  0.242275385235151E+001 -0.357433343771315E+001  0.700027694879777E+002 -0.109981653937722E+001  0.552165719808774E+001  0.391355561612983E+002 -0.167451030290137E+002 -0.121137692617575E+001
  0.100000000000000E+001  0.239005437703796E+001 -0.557207803669455E+001  0.626919996191413E+002 -0.761246187772488E+000  0.554368507179250E+001  0.632948720803884E+002 -0.167451030290137E+002 -0.119502718851898E+001
  0.100000000000000E+001  0.238010198560190E+001 -0.121190345108467E+001  0.717040789398132E+002 -0.393934425623955E+000  0.191764942119152E+001  0.423464515370229E+002 -0.167451030290137E+002 -0.119005099280095E+001
  0.100000000000000E+001  0.238004278931531E+001 -0.889636697539302E+001  0.707051378563594E+002 -0.123699628846303E+001  0.567731721607405E+001  0.340725171815163E+002 -0.167451030290137E+002 -0.119002139465766E+001
  0.100000000000000E+001  0.236024312708361E+001  0.107524651436239E+002  0.724034872774480E+002 -0.515555427851454E+000  0.405391750081684E+001  0.956076561275019E+002 -0.167451030290137E+002 -0.118012156354181E+001
  0.100000000000000E+001  0.235345844925773E+001  0.604389719080564E+001  0.593958896147809E+002 -0.248589785318927E+000 -0.517709786763364E+000  0.477827534324461E+002 -0.167451030290137E+002 -0.117672922462887E+001
  0.100000000000000E+001  0.235006095766983E+001  0.566805204827998E+001  0.572617591428696E+002 -0.397620099243705E-001 -0.245510021574604E+001 -0.815012513392627E+002 -0.167451030290137E+002 -0.117503047883491E+001
  0.100000000000000E+001  0.232463294725724E+001  0.373922112682675E+001  0.586720850451942E+002 -0.392959546659332E+000  0.276746428771449E+001  0.290751805528024E+002 -0.167451030290137E+002 -0.116231647362862E+001
  0.100000000000000E+001  0.232179833593748E+001  0.157952302465186E+002  0.583879902739772E+002 -0.204657577399689E+000  0.868950823521963E-002  0.281503824090507E+002 -0.167451030290137E+002 -0.116089916796874E+001
  0.100000000000000E+001  0.231930883457746E+001 -0.336946017077589E+001  0.633402839564610E+002 -0.908965358393194E+000  0.519292066022618E+001  0.347334707411650E+002 -0.167451030290137E+002 -0.115965441728873E+001
  0.100000000000000E+001  0.230190131499680E+001  0.926053921315332E+001  0.757425915412216E+002 -0.101041889556672E+001  0.540866721642512E+001  0.459289301560999E+002 -0.167451030290137E+002 -0.115095065749840E+001
  0.100000000000000E+001  0.229777276914989E+001  0.139786842291167E+002  0.602018547965636E+002 -0.167827319632998E+000  0.190996422566343E+001  0.645835767346765E+002 -0.167451030290137E+002 -0.114888638457494E+001
  0.100000000000000E+001  0.229454942690803E+001  0.514254582674574E+001  0.727206207268268E+002 -0.754422675848738E+000  0.497577221835233E+001  0.503808538169079E+002 -0.167451030290137E+002 -0.114727471345402E+001
  0.100000000000000E+001  0.227857086544677E+001  0.619672143647047E+001  0.686998620939641E+002 -0.246334468144619E+000 -0.633606571142487E-002 -0.662541861390091E+002 -0.167451030290137E+002 -0.113928543272338E+001
  0.100000000000000E+001  0.227852590108921E+001  0.139711673771016E+001  0.780014937491992E+002 -0.118895356294537E+001  0.579698078037087E+001  0.408167525602405E+002 -0.167451030290137E+002 -0.113926295054461E+001
  0.100000000000000E+001  0.227786032013257E+001  0.783233312682260E+001  0.679345688606471E+002 -0.776514524212317E-001 -0.208169545130747E+001 -0.395821395883182E+002 -0.167451030290137E+002 -0.113893016006629E+001
  0.100000000000000E+001  0.227669637680442E+001  0.657864980035124E+001  0.592825838627575E+002 -0.203127377652544E+000 -0.355410388339481E+000 -0.265298557757470E+002 -0.167451030290137E+002 -0.113834818840221E+001
  0.100000000000000E+001  0.227621065018835E+001  0.806190636786624E+001  0.705701799955216E+002 -0.345363586496263E+000  0.149361918591124E+001  0.284337734815072E+002 -0.167451030290137E+002 -0.113810532509417E+001
  0.100000000000000E+001  0.223938135476379E+001 -0.254888022261699E+001  0.672214816368745E+002 -0.415818171528023E+000  0.141479043516516E+001  0.232208446430433E+002 -0.167451030290137E+002 -0.111969067738189E+001
  0.100000000000000E+001  0.223800978180738E+001  0.110832413847811E+002  0.674569060531110E+002 -0.235958761857748E+000  0.117465467933027E+001  0.782414951422903E+002 -0.167451030290137E+002 -0.111900489090369E+001
  0.100000000000000E+001  0.218797445232655E+001 -0.353084623264998E+001  0.788866101950257E+002 -0.117975915579945E+001  0.666905088235501E+001  0.568459800273611E+002 -0.167451030290137E+002 -0.109398722616328E+001
  0.100000000000000E+001  0.218634850122702E+001  0.118652460906750E+002  0.681634500523980E+002 -0.125925742863463E+000 -0.355810464692837E+001 -0.739044523135831E+002 -0.167451030290137E+002 -0.109317425061351E+001
  0.100000000000000E+001  0.218288004378242E+001 -0.555485497372337E+001  0.636995945662018E+002 -0.653090492680080E-001 -0.198258708500237E+001 -0.673475871309348E+002 -0.167451030290137E+002 -0.109144002189121E+001
  0.100000000000000E+001  0.217177402949292E+001 -0.113083973708624E+001  0.713078470506098E+002 -0.137074522727476E+001  0.912664264265666E+001  0.821854631190386E+002 -0.167451030290137E+002 -0.108588701474646E+001
  0.100000000000000E+001  0.216556301457439E+001 -0.157907087904283E+002  0.662853969174071E+002 -0.335921172285643E+000 -0.281020029726751E+000 -0.425705051222143E+002 -0.167451030290137E+002 -0.108278150728720E+001
  0.100000000000000E+001  0.216102894675712E+001 -0.110059138387676E+002  0.659600318373213E+002 -0.561863169173808E+000  0.313658366366062E+001  0.396378839818575E+002 -0.167451030290137E+002 -0.108051447337856E+001
  0.100000000000000E+001  0.215557030908135E+001  0.108961492090743E+002  0.622880244905549E+002 -0.162560374163930E+000  0.104188910121187E+001  0.354710158961157E+002 -0.167451030290137E+002 -0.107778515454067E+001
  0.100000000000000E+001  0.215461135297172E+001  0.187254746384130E+002  0.671966063827572E+002 -0.355997446074237E+000  0.540427280652427E+000  0.724352923773634E+002 -0.167451030290137E+002 -0.107730567648586E+001
  0.100000000000000E+001  0.215168974402291E+001 -0.104416404261534E+002  0.665525302063072E+002 -0.123608337933374E+001  0.772532178072280E+001  0.629793972998889E+002 -0.167451030290137E+002 -0.107584487201145E+001
  0.100000000000000E+001  0.214763942742293E+001  0.108106068866747E+002  0.615675537828411E+002 -0.768443400655124E+000  0.574248109580005E+001  0.541796511056065E+002 -0.167451030290137E+002 -0.107381971371147E+001
  0.100000000000000E+001  0.211871900960564E+001  0.190477228101134E+002  0.652665535107349E+002 -0.317216480673270E+000 -0.185663202941023E+001  0.888818139120282E+002 -0.167451030290137E+002 -0.105935950480282E+001
  0.100000000000000E+001  0.209487907661531E+001 -0.652691723049912E+001  0.585167950622590E+002 -0.910925881920599E-001 -0.247397343761610E+001 -0.898371224267883E+002 -0.167451030290137E+002 -0.104743953830766E+001
  0.100000000000000E+001  0.203462931280651E+001  0.892309696027818E+001  0.720362661609597E+002 -0.567747088658779E+000  0.180913581427049E+001  0.575656550576029E+001 -0.167451030290137E+002 -0.101731465640325E+001
  0.100000000000000E+001  0.202663576584203E+001  0.521662181688234E+001  0.659879675943322E+002 -0.558899909478427E+000  0.459874437827358E+001  0.991432611442458E+002 -0.167451030290137E+002 -0.101331788292102E+001
  0.100000000000000E+001  0.201980130609980E+001 -0.118938910769936E+002  0.705496613980587E+002 -0.258139403034614E+000 -0.191251926771651E+001 -0.707901291522057E+002 -0.167451030290137E+002 -0.100990065304990E+001
  0.100000000000000E+001  0.200971320292469E+001  0.990453590177595E+001  0.686710771917709E+002 -0.205239107095315E+000 -0.988401785724175E+000 -0.417733429603745E+002 -0.167451030290137E+002 -0.100485660146234E+001
  0.100000000000000E+001  0.197330200721682E+001  0.184991906453458E+002  0.593692959418776E+002 -0.240968696915290E+000  0.119950031662540E+001  0.364457282107095E+002 -0.167451030290137E+002 -0.986651003608407E+000
  0.100000000000000E+001  0.196910370737900E+001  0.302893075544949E+001  0.688371440243039E+002 -0.866442091463693E-002 -0.364774152234945E+001 -0.583974615027437E+002 -0.167451030290137E+002 -0.984551853689500E+000
  0.100000000000000E+001  0.196781475610128E+001 -0.566624135847489E+001  0.587774059795662E+002 -0.149473287578398E+000 -0.137687182412134E+001 -0.757095359097719E+002 -0.167451030290137E+002 -0.983907378050643E+000
  0.100000000000000E+001  0.196034245602120E+001  0.150120994977132E+001  0.618400415940156E+002 -0.353194691196725E+000  0.140354494745669E+001  0.157178773818454E+002 -0.167451030290137E+002 -0.980171228010601E+000
  0.100000000000000E+001  0.195367789246073E+001  0.126372291749978E+002  0.705833790660312E+002 -0.352283019649428E+000  0.170173691227648E+001  0.499014764059895E+002 -0.167451030290137E+002 -0.976838946230367E+000
  0.100000000000000E+001  0.194076579180887E+001 -0.288723301622593E+001  0.707981977099024E+002 -0.325452742664080E+000  0.240962776423233E+000 -0.166059904367379E+002 -0.167451030290137E+002 -0.970382895904436E+000
  0.100000000000000E+001  0.193309758660214E+001  0.482632045228523E+001  0.608274056717050E+002 -0.218405800855620E+000 -0.190793418896826E+000 -0.854279230218989E+001 -0.167451030290137E+002 -0.966548793301072E+000
  0.100000000000000E+001  0.192001243953663E+001  0.101576130889199E+002  0.659017920296931E+002 -0.464956201990412E+000  0.285264194867353E+001  0.588423373512962E+002 -0.167451030290137E+002 -0.960006219768314E+000
  0.100000000000000E+001  0.187142203434415E+001  0.118285276057019E+002  0.611231634739177E+002 -0.281487316140827E+000 -0.827308116943005E+000  0.456008334253588E+002 -0.167451030290137E+002 -0.935711017172076E+000
  0.100000000000000E+001  0.183554438875391E+001 -0.582949877063726E+000  0.643849191471029E+002 -0.204388853784626E+000 -0.885713852995238E+000  0.984578198267608E+002 -0.167451030290137E+002 -0.917772194376954E+000
  0.100000000000000E+001  0.183207350603731E+001 -0.206557024425701E+001  0.643783693218185E+002 -0.154082438776497E+000 -0.674101809643087E+000 -0.490504192038272E+002 -0.167451030290137E+002 -0.916036753018657E+000
  0.100000000000000E+001  0.182656329883283E+001  0.101564564456775E+001  0.642551635742534E+002 -0.131323016627807E+000 -0.355242914155779E+001 -0.951613025376379E+002 -0.167451030290137E+002 -0.913281649416416E+000
  0.100000000000000E+001  0.179944802883514E+001 -0.103405134270691E+002  0.589474009119957E+002 -0.304480998443256E+000  0.283312559978302E+001  0.548443998180708E+002 -0.167451030290137E+002 -0.899724014417569E+000
  0.100000000000000E+001  0.179239854085998E+001  0.887334662878441E+001  0.645764641397936E+002 -0.492880427298053E+000  0.488709625825308E+001  0.762739052406264E+002 -0.167451030290137E+002 -0.896199270429993E+000
  0.100000000000000E+001  0.178718327319631E+001  0.182539306601364E+002  0.653557606004566E+002 -0.357276931074850E+000 -0.170132951224214E+001  0.798370808889911E+002 -0.167451030290137E+002 -0.893591636598156E+000
  0.100000000000000E+001  0.178059158124957E+001  0.189524109197970E+002  0.597181904901462E+002 -0.220431508973115E+000  0.530779441882174E+000 -0.698475434551259E+002 -0.167451030290137E+002 -0.890295790624787E+000
  0.100000000000000E+001  0.177985549700168E+001  0.563609800856244E+001  0.608414285361899E+002 -0.534346056020210E-001 -0.214960624886532E+001 -0.914582515398317E+002 -0.167451030290137E+002 -0.889927748500838E+000
  0.100000000000000E+001  0.177911349563433E+001 -0.595540419913813E+001  0.644544502170477E+002 -0.850910676216452E-001 -0.158346604913217E+001 -0.447923254757110E+002 -0.167451030290137E+002 -0.889556747817162E+000
  0.100000000000000E+001  0.177504307041760E+001 -0.181654786071730E+002  0.587009717551580E+002 -0.152628046920102E+000 -0.373236076317927E+000  0.880128254935348E+002 -0.167451030290137E+002 -0.887521535208796E+000
  0.100000000000000E+001  0.176370755752172E+001  0.871680395588231E+001  0.651259578938331E+002 -0.258874761997435E+000 -0.182661340879385E+001 -0.866117856093227E+002 -0.167451030290137E+002 -0.881853778760859E+000
  0.100000000000000E+001  0.175382627656671E+001  0.167389147803655E+002  0.595204812665300E+002 -0.186282042979742E+000 -0.111811359856365E+001 -0.990333839592990E+002 -0.167451030290137E+002 -0.876913138283353E+000
  0.100000000000000E+001  0.174919888927273E+001  0.930542149772558E+001  0.624597881768906E+002 -0.186844041101527E+000 -0.135215118347479E+001 -0.328214788125167E+002 -0.167451030290137E+002 -0.874599444636366E+000
  0.100000000000000E+001  0.174413240018969E+001 -0.104381712499358E+002  0.680242373180942E+002 -0.465122425371893E-001 -0.464054216152824E+001 -0.952369225217807E+002 -0.167451030290137E+002 -0.872066200094846E+000
  0.100000000000000E+001  0.174309282435947E+001  0.163237498229349E+002  0.636696556960227E+002 -0.104355829662117E+000 -0.857817777045453E+000 -0.255198733699318E+002 -0.167451030290137E+002 -0.871546412179734E+000
  0.100000000000000E+001  0.174115319738038E+001 -0.100338452617658E+002  0.674576469501258E+002 -0.368473442886378E+000  0.119806989533440E+001  0.435678179639111E+002 -0.167451030290137E+002 -0.870576598690190E+000
  0.100000000000000E+001  0.173643857103009E+001 -0.775259253313956E+001  0.649084121235955E+002 -0.391533071791433E+000  0.159416668596426E+001  0.260930471187399E+002 -0.167451030290137E+002 -0.868219285515043E+000
  0.100000000000000E+001  0.172835080904783E+001 -0.158870546745187E+002  0.693052448863817E+002 -0.136832797326318E+001  0.808902728969265E+001  0.646197921666327E+002 -0.167451030290137E+002 -0.864175404523916E+000
  0.100000000000000E+001  0.171487687556315E+001 -0.247281780224290E+001  0.633591794024961E+002 -0.220883731473410E+000 -0.117046683164669E+001 -0.334255617222026E+002 -0.167451030290137E+002 -0.857438437781576E+000
  0.100000000000000E+001  0.170424180561687E+001  0.511382192546657E+001  0.606256571738546E+002 -0.376194011932232E+000  0.272493086848917E+001  0.466286186920820E+002 -0.167451030290137E+002 -0.852120902808435E+000
  0.100000000000000E+001  0.168962632489466E+001  0.899530997525934E+001  0.717598688844558E+002 -0.669473211729951E+000  0.515384973781716E+001  0.717735960736997E+002 -0.167451030290137E+002 -0.844813162447331E+000
  0.100000000000000E+001  0.168026342128417E+001 -0.655492517522073E+001  0.659532875211604E+002 -0.157396834719810E+000 -0.480708311130115E+000 -0.149410299642469E+002 -0.167451030290137E+002 -0.840131710642087E+000
  0.100000000000000E+001  0.165770784655025E+001 -0.861478548884464E+001  0.768468179614932E+002 -0.124681999685407E+001  0.664419808997569E+001  0.476188602249370E+002 -0.167451030290137E+002 -0.828853923275123E+000
  0.100000000000000E+001  0.165071170376325E+001  0.282690742518358E+000  0.667410401652067E+002 -0.191956275673266E+000 -0.119131395056952E+001 -0.901960439496843E+002 -0.167451030290137E+002 -0.825355851881624E+000
  0.100000000000000E+001  0.163508949211330E+001  0.523364785278456E+001  0.783283441922296E+002 -0.123377797836990E+001  0.553027282284189E+001  0.325865152964651E+002 -0.167451030290137E+002 -0.817544746056651E+000
  0.100000000000000E+001  0.163318146395564E+001  0.193079205152617E+002  0.694624717202014E+002 -0.249682127574523E+000 -0.109259342239606E+001 -0.626775318677742E+002 -0.167451030290137E+002 -0.816590731977823E+000
  0.100000000000000E+001  0.162676157550721E+001 -0.118546564118295E+002  0.746312718874096E+002 -0.153154470969892E+001  0.876019681551260E+001  0.695511228814496E+002 -0.167451030290137E+002 -0.813380787753605E+000
  0.100000000000000E+001  0.162273386191491E+001  0.145608210075475E+002  0.597784813550716E+002 -0.399500829354455E+000  0.420013765897966E+001  0.865953073191236E+002 -0.167451030290137E+002 -0.811366930957453E+000
  0.100000000000000E+001  0.161360618222953E+001 -0.486512989059786E+001  0.643601005088748E+002 -0.977183650673387E+000  0.721389427321409E+001  0.771597903891112E+002 -0.167451030290137E+002 -0.806803091114765E+000
  0.100000000000000E+001  0.160213357723333E+001 -0.116121906001682E+002  0.590519811045214E+002 -0.678458368036594E-003 -0.275974071726920E+001 -0.861966183987131E+002 -0.167451030290137E+002 -0.801066788616664E+000
  0.100000000000000E+001  0.159689941610393E+001 -0.132858219635059E+002  0.670402516230863E+002 -0.109692980502340E+000 -0.236275526234678E+001 -0.684246801536579E+002 -0.167451030290137E+002 -0.798449708051966E+000
  0.100000000000000E+001  0.159115633806034E+001 -0.112352227504568E+001  0.593832038605526E+002 -0.209375599343310E+000 -0.254328208360455E+000  0.551997806556346E+002 -0.167451030290137E+002 -0.795578169030168E+000
  0.100000000000000E+001  0.159065305463806E+001  0.118310309456372E+001  0.604464042594305E+002 -0.302974926566880E+000  0.335884171851570E+001  0.696165223251857E+002 -0.167451030290137E+002 -0.795326527319031E+000
  0.100000000000000E+001  0.158834001937699E+001 -0.978531541431379E+001  0.622825772417012E+002 -0.128897249848041E-001 -0.309045962098094E+001 -0.984866429550285E+002 -0.167451030290137E+002 -0.794170009688492E+000
  0.100000000000000E+001  0.158758569365956E+001  0.539482301446246E+001  0.743783910529311E+002 -0.104251843886611E+001  0.823288925242316E+001  0.994856536109745E+002 -0.167451030290137E+002 -0.793792846829780E+000
  0.100000000000000E+001  0.158112550875288E+001  0.580743221539499E+001  0.649278955085052E+002 -0.910782993537772E+000  0.723746900353070E+001  0.899117469803949E+002 -0.167451030290137E+002 -0.790562754376437E+000
  0.100000000000000E+001  0.157020980211675E+001  0.530850621730221E+001  0.660144506540685E+002 -0.169048011030571E+000 -0.170198269936881E+001 -0.278100723721446E+002 -0.167451030290137E+002 -0.785104901058376E+000
  0.100000000000000E+001  0.155752654982256E+001 -0.129371679322435E+002  0.696638122546393E+002 -0.575556806466306E+000  0.298637060346924E+001  0.357026643999176E+002 -0.167451030290137E+002 -0.778763274911282E+000
  0.100000000000000E+001  0.154854492260275E+001 -0.458994984476366E+001  0.611456106842280E+002 -0.424015044487293E+000  0.271206753676377E+001  0.212394076702160E+002 -0.167451030290137E+002 -0.774272461301375E+000
  0.100000000000000E+001  0.153791692351732E+001  0.149087425731006E+002  0.615600739195023E+002 -0.260106184345313E+000  0.242123607853177E+000 -0.705952057172413E+002 -0.167451030290137E+002 -0.768958461758658E+000
  0.100000000000000E+001  0.153679025201432E+001  0.141300299792760E+002  0.629748997583104E+002 -0.355566590317102E-001 -0.343926501066285E+001 -0.603766296140790E+002 -0.167451030290137E+002 -0.768395126007159E+000
  0.100000000000000E+001  0.152906224935699E+001 -0.123216962939938E+002  0.689061161997982E+002 -0.191985837713931E+000 -0.200260554358671E+001 -0.447760325021385E+002 -0.167451030290137E+002 -0.764531124678496E+000
  0.100000000000000E+001  0.151589989890648E+001 -0.488008259693131E+001  0.715217680073740E+002 -0.551809906586615E+000  0.306520960394628E+001  0.379351587312706E+002 -0.167451030290137E+002 -0.757949949453241E+000
  0.100000000000000E+001  0.150279212816024E+001 -0.287412440062477E+001  0.670460810812060E+002 -0.259661411771175E+000 -0.887450947456555E+000 -0.223944561281243E+002 -0.167451030290137E+002 -0.751396064080119E+000
  0.100000000000000E+001  0.150239386358560E+001  0.119657495228437E+002  0.695764617604209E+002 -0.371018842760119E+000  0.173542846112456E+001  0.786693783055704E+002 -0.167451030290137E+002 -0.751196931792801E+000
  0.100000000000000E+001  0.148165942149075E+001  0.176451559660413E+001  0.599335176732894E+002 -0.225155372788173E+000  0.984735381504382E+000  0.450560542335501E+002 -0.167451030290137E+002 -0.740829710745373E+000
  0.100000000000000E+001  0.146903624167535E+001 -0.144344088548261E+002  0.756581723474911E+002 -0.882385483737705E+000  0.375977706813743E+001  0.219486128517088E+002 -0.167451030290137E+002 -0.734518120837678E+000
  0.100000000000000E+001  0.146483224713142E+001 -0.491544579585955E+001  0.628792386220959E+002 -0.341398521453385E+000  0.135823239792941E+001  0.202497142412435E+002 -0.167451030290137E+002 -0.732416123565710E+000
  0.100000000000000E+001  0.146217770105841E+001  0.714236651367927E+001  0.656975712625323E+002 -0.525972841936158E+000  0.555724966576031E+001  0.991281511035184E+002 -0.167451030290137E+002 -0.731088850529204E+000
  0.100000000000000E+001  0.145912185554740E+001 -0.593536339674479E+000  0.672537452223027E+002 -0.115236213117343E+001  0.643973683582368E+001  0.477955365671521E+002 -0.167451030290137E+002 -0.729560927773700E+000
  0.100000000000000E+001  0.140186467962597E+001  0.491653727017843E+001  0.601033934976313E+002 -0.204410664183465E+000 -0.629880842011344E+000  0.632306957213130E+002 -0.167451030290137E+002 -0.700932339812988E+000
  0.100000000000000E+001  0.139906293121415E+001 -0.121484439907005E+002  0.682090623989197E+002 -0.290902463945604E+000 -0.966797741842777E+000 -0.443150843062223E+002 -0.167451030290137E+002 -0.699531465607071E+000
  0.100000000000000E+001  0.139468891547113E+001 -0.658354239284758E+001  0.605540865865517E+002 -0.370564692766739E+000  0.222081727888571E+001  0.171397748882660E+002 -0.167451030290137E+002 -0.697344457735564E+000
  0.100000000000000E+001  0.139350108568142E+001  0.229339254883589E+001  0.710353659609269E+002 -0.814436482600681E+000  0.648558227919588E+001  0.981303628140638E+002 -0.167451030290137E+002 -0.696750542840712E+000
  0.100000000000000E+001  0.139138523715889E+001  0.735785108876716E+000  0.658773736048324E+002 -0.213330447579687E+000  0.152735191584908E+000 -0.169637246462283E+002 -0.167451030290137E+002 -0.695692618579442E+000
  0.100000000000000E+001  0.138128700680980E+001 -0.773208070263474E+001  0.754161867271165E+002 -0.103965086861292E+001  0.463217299226766E+001  0.287242314889454E+002 -0.167451030290137E+002 -0.690643503404900E+000
  0.100000000000000E+001  0.137598694007666E+001  0.697352131774684E+001  0.688144192129395E+002 -0.384744707620196E+000  0.166598537855273E+001  0.480501484556955E+002 -0.167451030290137E+002 -0.687993470038330E+000
  0.100000000000000E+001  0.137356684151352E+001 -0.135226169074938E+002  0.671883073264468E+002 -0.540285537446596E-001 -0.375651595587997E+001 -0.996953259472078E+002 -0.167451030290137E+002 -0.686783420756759E+000
  0.100000000000000E+001  0.137105532700279E+001  0.166087877680089E+001  0.689740523646574E+002 -0.396562665521503E+000  0.336764900387430E+001  0.929960204384758E+002 -0.167451030290137E+002 -0.685527663501397E+000
  0.100000000000000E+001  0.136294377026586E+001  0.162414413420348E+002  0.620139571617270E+002 -0.245027726101301E+000 -0.146132977950266E+001  0.978287357807666E+002 -0.167451030290137E+002 -0.681471885132932E+000
  0.100000000000000E+001  0.136173919982124E+001  0.174492315408981E+002  0.651759830724207E+002 -0.313981268673023E+000 -0.446860220984391E-003 -0.960688093978875E+002 -0.167451030290137E+002 -0.680869599910618E+000
  0.100000000000000E+001  0.135919568414069E+001  0.125413759084844E+002  0.645356855614920E+002 -0.197608733220191E+000  0.671423125334494E+000  0.739745904158469E+002 -0.167451030290137E+002 -0.679597842070347E+000
  0.100000000000000E+001  0.135755552575937E+001  0.345037644743253E+001  0.618768655433769E+002 -0.269030012401971E+000  0.558937218037370E+000  0.682420243400152E+001 -0.167451030290137E+002 -0.678777762879684E+000
  0.100000000000000E+001  0.134201013775436E+001  0.171631751777800E+002  0.673330760545844E+002 -0.356583539051980E-001 -0.226924104514709E+001 -0.256307807334184E+002 -0.167451030290137E+002 -0.671005068877184E+000
  0.100000000000000E+001  0.133970507766026E+001 -0.390862361070773E+001  0.652232597222542E+002 -0.897676010324204E+000  0.763352628250770E+001  0.888796612506234E+002 -0.167451030290137E+002 -0.669852538830132E+000
  0.100000000000000E+001  0.132737676575848E+001  0.134713555351970E+002  0.664301507565994E+002 -0.305802346374215E+000  0.125795977822476E+001  0.100092652144633E+002 -0.167451030290137E+002 -0.663688382879239E+000
  0.100000000000000E+001  0.132673592255092E+001 -0.166099909068719E+002  0.653259700649676E+002 -0.210808534821047E+000  0.115122517931354E+000  0.442253141774779E+002 -0.167451030290137E+002 -0.663367961275463E+000
  0.100000000000000E+001  0.132179941677459E+001  0.891404467715951E+001  0.626549993570741E+002 -0.150660319426022E+000 -0.860668424904967E+000 -0.900770457158724E+002 -0.167451030290137E+002 -0.660899708387294E+000
  0.100000000000000E+001  0.132115534176304E+001  0.388651630892033E+001  0.611835246482198E+002 -0.222253001267062E+000 -0.496500225465951E+000 -0.406991527491588E+002 -0.167451030290137E+002 -0.660577670881520E+000
  0.100000000000000E+001  0.131323932796824E+001  0.576474405237471E+001  0.588972817557183E+002 -0.379347239497752E-002 -0.548649194371650E+000 -0.441438478460225E+001 -0.167451030290137E+002 -0.656619663984122E+000
  0.100000000000000E+001  0.129987070663528E+001 -0.976138066780489E+001  0.654841730479342E+002 -0.182842286521803E+000 -0.225776402152419E+001 -0.584347674133006E+002 -0.167451030290137E+002 -0.649935353317641E+000
  0.100000000000000E+001  0.129164469378296E+001 -0.461581128054457E+001  0.605563968201372E+002 -0.231116913059981E+000 -0.277364997414782E+000  0.883943800000420E+002 -0.167451030290137E+002 -0.645822346891477E+000
  0.100000000000000E+001  0.128192457973827E+001 -0.217746802561615E+001  0.652760281771415E+002 -0.107196256902165E+001  0.847260475339167E+001  0.913990299779896E+002 -0.167451030290137E+002 -0.640962289869134E+000
  0.100000000000000E+001  0.126084719649581E+001 -0.871768518202663E+001  0.602826895262925E+002 -0.338103775058305E+000  0.351798676595905E+001  0.881668971043697E+002 -0.167451030290137E+002 -0.630423598247905E+000
  0.100000000000000E+001  0.125719198533425E+001 -0.396191693360443E+001  0.668773845750229E+002 -0.792470947331592E+000  0.497589596336715E+001  0.509070751318029E+002 -0.167451030290137E+002 -0.628595992667123E+000
  0.100000000000000E+001  0.125016647006172E+001  0.475121545544678E+001  0.602088742934791E+002 -0.619984141773455E-001 -0.268239691940318E+000 -0.152514681311628E+001 -0.167451030290137E+002 -0.625083235030860E+000
  0.100000000000000E+001  0.123530304923094E+001 -0.167259158230825E+002  0.697155536315437E+002 -0.434606822988537E+000  0.298685862037469E+001  0.742615958431018E+002 -0.167451030290137E+002 -0.617651524615468E+000
  0.100000000000000E+001  0.122222618187116E+001 -0.143798239068474E+002  0.702557635262384E+002 -0.124119750467560E+001  0.719517734829975E+001  0.585964998106321E+002 -0.167451030290137E+002 -0.611113090935578E+000
  0.100000000000000E+001  0.120828273787328E+001 -0.394134312034651E+001  0.684918189249125E+002 -0.250153164675083E+000 -0.183556325720284E+000 -0.939630655837257E+001 -0.167451030290137E+002 -0.604141368936640E+000
  0.100000000000000E+001  0.120657780089265E+001  0.175911605712273E+002  0.673648691128367E+002 -0.331798351436010E+000  0.727881461520163E+000  0.856106950366446E+002 -0.167451030290137E+002 -0.603288900446326E+000
  0.100000000000000E+001  0.120238012912392E+001  0.775534328192798E+001  0.649486589128666E+002 -0.535503174595252E+000  0.431050320155410E+001  0.519405963315393E+002 -0.167451030290137E+002 -0.601190064561962E+000
  0.100000000000000E+001  0.120224563789002E+001 -0.403366829527577E+001  0.759247139580577E+002 -0.117781068685271E+001  0.844032293641288E+001  0.956871438906809E+002 -0.167451030290137E+002 -0.601122818945009E+000
  0.100000000000000E+001  0.117529792434588E+001  0.479693039553078E+001  0.597987602192808E+002 -0.124515728013186E+000 -0.138955494294786E+001 -0.612799783132403E+002 -0.167451030290137E+002 -0.587648962172938E+000
  0.100000000000000E+001  0.116962913406624E+001  0.215157248625581E+001  0.623541601502080E+002 -0.273104141295343E+000  0.109143166559548E+001  0.876568076869110E+002 -0.167451030290137E+002 -0.584814567033120E+000
  0.100000000000000E+001  0.116205243087969E+001  0.156961399263710E+001  0.641345124864437E+002 -0.232021580527090E+000  0.144600193995896E+001  0.391985812148156E+002 -0.167451030290137E+002 -0.581026215439846E+000
  0.100000000000000E+001  0.114868823388994E+001  0.157574408991159E+001  0.637965312740369E+002 -0.161548258065365E+000 -0.201770426459582E+001 -0.492572950860756E+002 -0.167451030290137E+002 -0.574344116944971E+000
  0.100000000000000E+001  0.114513508341207E+001 -0.130061647700654E+002  0.707307284644339E+002 -0.782077479707264E+000  0.491291369061986E+001  0.549746517267981E+002 -0.167451030290137E+002 -0.572567541706036E+000
  0.100000000000000E+001  0.114286201050373E+001 -0.114305266160168E+002  0.752343865801878E+002 -0.115971774727050E+001  0.488362864850710E+001  0.265135167053801E+002 -0.167451030290137E+002 -0.571431005251867E+000
  0.100000000000000E+001  0.113218683227923E+001  0.444786691161568E+001  0.656150773678657E+002 -0.217379497871093E+000  0.650878952386911E+000 -0.557359236691327E+002 -0.167451030290137E+002 -0.566093416139617E+000
  0.100000000000000E+001  0.112704797804997E+001  0.938981420309464E+000  0.633499213424179E+002 -0.505810329540445E+000  0.440554333487009E+001  0.581495445240217E+002 -0.167451030290137E+002 -0.563523989024982E+000
  0.100000000000000E+001  0.112483788667952E+001  0.107703368253043E+002  0.632443391598755E+002 -0.121110238755965E+000 -0.981825020900654E+000 -0.341291907607911E+002 -0.167451030290137E+002 -0.562418943339762E+000
  0.100000000000000E+001  0.112474523060870E+001  0.151769989381292E+002  0.658950595435546E+002 -0.300801246230762E+000 -0.478450930520220E+000 -0.557803625729165E+002 -0.167451030290137E+002 -0.562372615304351E+000
  0.100000000000000E+001  0.110808646587589E+001  0.407928205549855E+001  0.610769393712436E+002 -0.138080885609065E+000 -0.900652375047796E+000 -0.693142585558798E+002 -0.167451030290137E+002 -0.554043232937948E+000
  0.100000000000000E+001  0.110181096307477E+001 -0.619179461447078E+001  0.612306918267911E+002 -0.457458905417896E-001 -0.326208866687764E+001 -0.755566360446123E+002 -0.167451030290137E+002 -0.550905481537386E+000
  0.100000000000000E+001  0.109460054075736E+001  0.134164515720933E+002  0.655350554124012E+002 -0.253176304352371E+000  0.146172335322572E+001  0.439593212251168E+002 -0.167451030290137E+002 -0.547300270378679E+000
  0.100000000000000E+001  0.107659066702841E+001  0.720293480580200E+001  0.670052369267145E+002 -0.698381151410426E+000  0.468019659437253E+001  0.569237496743407E+002 -0.167451030290137E+002 -0.538295333514207E+000
  0.100000000000000E+001  0.107094954879057E+001  0.120975388230700E+002  0.687263543645851E+002 -0.471915157291665E+000  0.299576498885990E+001  0.594116194742186E+002 -0.167451030290137E+002 -0.535474774395282E+000
  0.100000000000000E+001  0.106012596169168E+001 -0.103116404742028E+002  0.677269118599995E+002 -0.343088448658759E+000 -0.781457751472672E+000  0.874611172841902E+002 -0.167451030290137E+002 -0.530062980845841E+000
  0.100000000000000E+001  0.105173829744339E+001 -0.429900874101257E+000  0.635281239167165E+002 -0.452572192663103E-001 -0.330367050448627E+001 -0.608705249371299E+002 -0.167451030290137E+002 -0.525869148721691E+000
  0.100000000000000E+001  0.103797316922494E+001 -0.110184807204053E+002  0.754866529687061E+002 -0.115418957489237E+001  0.487007193482578E+001  0.263774905574123E+002 -0.167451030290137E+002 -0.518986584612472E+000
  0.100000000000000E+001  0.103705756642002E+001 -0.709096358648665E+000  0.655202342340450E+002 -0.180013415367623E+000 -0.962238133534161E+000 -0.517823005437144E+002 -0.167451030290137E+002 -0.518528783210013E+000
  0.100000000000000E+001  0.102304570241156E+001 -0.183906651461335E+002  0.690910341183161E+002 -0.728515672790456E+000  0.583070221842374E+001  0.912818252025536E+002 -0.167451030290137E+002 -0.511522851205779E+000
  0.100000000000000E+001  0.101942364237216E+001 -0.148239086808129E+002  0.675460808877116E+002 -0.102190256350973E+001  0.747309500110728E+001  0.836646952167902E+002 -0.167451030290137E+002 -0.509711821186081E+000
  0.100000000000000E+001  0.101362059155838E+001  0.551319004107217E+001  0.675463467695781E+002 -0.316545522956950E+000 -0.328905960594064E-001 -0.355650987073575E+002 -0.167451030290137E+002 -0.506810295779190E+000
  0.100000000000000E+001  0.100678055911580E+001  0.176852788373335E+002  0.644343956669297E+002 -0.299950110164408E+000  0.720035367293628E+000  0.370831865161898E+002 -0.167451030290137E+002 -0.503390279557902E+000
  0.100000000000000E+001  0.100448947679087E+001  0.169532489582238E+002  0.604648364033216E+002 -0.152649674947390E+000 -0.527167618668088E+000 -0.374996148164133E+002 -0.167451030290137E+002 -0.502244738395436E+000
  0.100000000000000E+001  0.995372191505048E+000 -0.169446002951940E+001  0.650040919176305E+002 -0.990252728248000E+000  0.701107732369123E+001  0.677332951215460E+002 -0.167451030290137E+002 -0.497686095752524E+000
  0.100000000000000E+001  0.991721407036160E+000  0.291771179989565E+001  0.649130284830955E+002 -0.308344389321640E+000  0.860539358620818E+000  0.458358936936905E+002 -0.167451030290137E+002 -0.495860703518079E+000
  0.100000000000000E+001  0.988893458264698E+000 -0.116409386296165E+002  0.658227666989608E+002 -0.296191164170950E+000  0.192307513964368E+001  0.419026186660213E+002 -0.167451030290137E+002 -0.494446729132348E+000
  0.100000000000000E+001  0.965737990398424E+000 -0.813008318175523E+000  0.630818832875829E+002 -0.772727261872969E+000  0.695875849685443E+001  0.930436283467617E+002 -0.167451030290137E+002 -0.482868995199211E+000
  0.100000000000000E+001  0.956441420988703E+000  0.817709794653806E+001  0.622634123101094E+002 -0.246686449271539E+000  0.244172161751011E+001  0.831465429109543E+002 -0.167451030290137E+002 -0.478220710494351E+000
  0.100000000000000E+001  0.953992095627868E+000 -0.123105699089219E+002  0.606356688501619E+002 -0.197817035018322E+000 -0.988843258410306E-001 -0.999531726862853E+002 -0.167451030290137E+002 -0.476996047813934E+000
  0.100000000000000E+001  0.940909165835187E+000  0.120984347625166E+002  0.623224764904706E+002 -0.464940056718258E+000  0.506153019628969E+001  0.951094155886404E+002 -0.167451030290137E+002 -0.470454582917592E+000
  0.100000000000000E+001  0.914568697028258E+000 -0.106685270681591E+002  0.684601077605914E+002 -0.111966475703904E+001  0.658917549820164E+001  0.504200151836403E+002 -0.167451030290137E+002 -0.457284348514129E+000
  0.100000000000000E+001  0.911979394928046E+000  0.550832134375145E+000  0.688913600311154E+002 -0.459698816591343E+000  0.378869565963804E+001  0.872339588485209E+002 -0.167451030290137E+002 -0.455989697464025E+000
  0.100000000000000E+001  0.891131620933812E+000  0.929218493853734E+001  0.668009492669269E+002 -0.277493029013504E+000  0.120510575287516E+001  0.333885681738713E+002 -0.167451030290137E+002 -0.445565810466905E+000
  0.100000000000000E+001  0.867755026653228E+000 -0.315299659090003E+001  0.618321008386984E+002 -0.256861179423899E+000  0.140445749554884E+001  0.794267762584164E+002 -0.167451030290137E+002 -0.433877513326615E+000
  0.100000000000000E+001  0.853867380207419E+000  0.850380490429677E+001  0.671386434241543E+002 -0.282763665307705E+000 -0.107155542424364E+001 -0.863940010903448E+002 -0.167451030290137E+002 -0.426933690103708E+000
  0.100000000000000E+001  0.851856285367901E+000 -0.104054571559567E+002  0.684338596933861E+002 -0.386074112042200E+000  0.215861184857859E+001  0.427015229900460E+002 -0.167451030290137E+002 -0.425928142683950E+000
  0.100000000000000E+001  0.845569996205718E+000 -0.769815006559845E+001  0.708078217997248E+002 -0.861501624351347E+000  0.621625503225378E+001  0.667352223656592E+002 -0.167451030290137E+002 -0.422784998102861E+000
  0.100000000000000E+001  0.842309827856987E+000 -0.183176573781011E+002  0.644229282269568E+002 -0.607785134972009E+000  0.420502527092218E+001  0.510532030861505E+002 -0.167451030290137E+002 -0.421154913928493E+000
  0.100000000000000E+001  0.835092645820069E+000  0.182657772632821E+001  0.658594232164594E+002 -0.292817354958388E+000  0.166981333498144E+001  0.342768023917937E+002 -0.167451030290137E+002 -0.417546322910034E+000
  0.100000000000000E+001  0.834958385495071E+000  0.133879890088459E+002  0.666765590814144E+002 -0.119928666887216E+000 -0.297885170376588E+001 -0.949381111232464E+002 -0.167451030290137E+002 -0.417479192747534E+000
  0.100000000000000E+001  0.830914231743947E+000  0.121740143208512E+002  0.614411839705454E+002 -0.186182437761590E+000  0.373487557678047E+000 -0.437333117626839E+002 -0.167451030290137E+002 -0.415457115871972E+000
  0.100000000000000E+001  0.826499434008532E+000  0.918739183836712E+001  0.620294836775215E+002 -0.186778593413491E+000  0.389008940292811E+000 -0.354469916428972E+002 -0.167451030290137E+002 -0.413249717004267E+000
  0.100000000000000E+001  0.820307251942545E+000 -0.178880467493318E+002  0.616890411098514E+002 -0.180672583928832E+000 -0.284474143410002E+000 -0.977479507850440E+002 -0.167451030290137E+002 -0.410153625971271E+000
  0.100000000000000E+001  0.817148843418074E+000  0.276406241568024E+001  0.659145538958525E+002 -0.235341379396298E+000  0.588118970140306E+000 -0.730491719217594E+002 -0.167451030290137E+002 -0.408574421709038E+000
  0.100000000000000E+001  0.810097146939839E+000  0.125908739420498E+001  0.629858020975532E+002 -0.606779733149958E+000  0.495696004653663E+001  0.662748169364502E+002 -0.167451030290137E+002 -0.405048573469918E+000
  0.100000000000000E+001  0.781447420800951E+000  0.383493609330903E+001  0.623996798302850E+002 -0.184740643801261E+000 -0.132890573060816E+001 -0.517667303712778E+002 -0.167451030290137E+002 -0.390723710400476E+000
  0.100000000000000E+001  0.780686665686972E+000 -0.911896713767729E+001  0.626867257603916E+002 -0.872819089795080E-001 -0.325856809046840E+001 -0.886128751151489E+002 -0.167451030290137E+002 -0.390343332843486E+000
  0.100000000000000E+001  0.776621224141969E+000 -0.550575774025440E+001  0.614700104496931E+002 -0.206450744866983E+000  0.753003959669973E+000  0.122073320150937E+002 -0.167451030290137E+002 -0.388310612070986E+000
  0.100000000000000E+001  0.775497537430653E+000 -0.148109137674667E+002  0.634494071227664E+002 -0.352214821126605E+000  0.328304234514348E+001  0.669141735287972E+002 -0.167451030290137E+002 -0.387748768715326E+000
  0.100000000000000E+001  0.764276388939003E+000 -0.188103176598746E+002  0.664800976997073E+002 -0.542548706587430E+000  0.421639027663673E+001  0.543056892697844E+002 -0.167451030290137E+002 -0.382138194469500E+000
  0.100000000000000E+001  0.756061823979877E+000 -0.293595801112954E+000  0.670676628057388E+002 -0.271480509048633E+000  0.795725331288164E+000  0.435446474466462E+002 -0.167451030290137E+002 -0.378030911989938E+000
  0.100000000000000E+001  0.746441718859600E+000  0.116058491215299E+002  0.636649781171860E+002 -0.707200367338159E+000  0.490897648750783E+001  0.472248251388683E+002 -0.167451030290137E+002 -0.373220859429802E+000
  0.100000000000000E+001  0.741874177571177E+000  0.168047080552336E+002  0.719540487214788E+002 -0.701422781928508E+000  0.285729712873886E+001  0.165993867040986E+002 -0.167451030290137E+002 -0.370937088785588E+000
  0.100000000000000E+001  0.734909312184186E+000 -0.110398526101190E+002  0.620513448758541E+002 -0.329420146243808E+000  0.280731944324431E+001  0.749672134998462E+002 -0.167451030290137E+002 -0.367454656092092E+000
  0.100000000000000E+001  0.731418250637688E+000  0.173799243502145E+002  0.624045941473535E+002 -0.251106069377791E+000 -0.151080210662402E+000  0.654179054690603E+002 -0.167451030290137E+002 -0.365709125318843E+000
  0.100000000000000E+001  0.725365497763534E+000  0.151981011243597E+002  0.632028313505813E+002 -0.269338839993397E+000  0.921074929251693E+000  0.700241224140438E+002 -0.167451030290137E+002 -0.362682748881768E+000
  0.100000000000000E+001  0.706907177294546E+000  0.137477366448687E+002  0.668274987620623E+002 -0.277453604541863E+000  0.134041251183893E+001  0.830795801347908E+002 -0.167451030290137E+002 -0.353453588647274E+000
  0.100000000000000E+001  0.706151823955942E+000 -0.643585143475129E+001  0.618125011613009E+002 -0.282317188476969E+000  0.258756078144738E+001  0.745840094856740E+002 -0.167451030290137E+002 -0.353075911977973E+000
  0.100000000000000E+001  0.705854685230804E+000  0.370021373997481E+001  0.672875040198247E+002 -0.357091108235130E+000  0.229146757794475E+001  0.889755786140799E+002 -0.167451030290137E+002 -0.352927342615403E+000
  0.100000000000000E+001  0.703877525612093E+000  0.153697785003008E+001  0.617281231304951E+002 -0.369015090930123E-001 -0.207536447951065E+001 -0.443265612368679E+002 -0.167451030290137E+002 -0.351938762806046E+000
  0.100000000000000E+001  0.693002122889602E+000  0.275122766275904E+001  0.632904262679797E+002 -0.213955597904206E+000 -0.668284740517301E+000 -0.243518514018067E+002 -0.167451030290137E+002 -0.346501061444800E+000
  0.100000000000000E+001  0.687592549816003E+000 -0.190578679346471E+002  0.662846489255948E+002 -0.534230568121998E+000  0.423666423300626E+001  0.779147503887564E+002 -0.167451030290137E+002 -0.343796274908000E+000
  0.100000000000000E+001  0.686307200299403E+000 -0.148270976424385E+002  0.640891334966032E+002 -0.249065343575972E+000 -0.561815058586184E+000 -0.364713958986291E+002 -0.167451030290137E+002 -0.343153600149702E+000
  0.100000000000000E+001  0.669356033165755E+000 -0.588317130951706E+001  0.650966010760350E+002 -0.307986613915525E+000  0.225254653530711E+001  0.534264194756474E+002 -0.167451030290137E+002 -0.334678016582879E+000
  0.100000000000000E+001  0.637956452734727E+000 -0.241821061495091E+001  0.639234440183220E+002 -0.278482277174166E+000 -0.418844316750508E-001  0.284407506397801E+002 -0.167451030290137E+002 -0.318978226367364E+000
  0.100000000000000E+001  0.635699811610422E+000  0.159574232101628E+002  0.669481885783430E+002 -0.106695423217112E+001  0.744343628658234E+001  0.738843419322778E+002 -0.167451030290137E+002 -0.317849905805210E+000
  0.100000000000000E+001  0.629917519830244E+000 -0.463278164540185E+001  0.618523175543956E+002 -0.226976855667523E+000  0.997805916691338E+000  0.377648792024034E+002 -0.167451030290137E+002 -0.314958759915123E+000
  0.100000000000000E+001  0.626966449207210E+000  0.591664004512797E+000  0.638117015641310E+002 -0.117425329574289E+000 -0.176406754244852E+001 -0.563396222631906E+002 -0.167451030290137E+002 -0.313483224603606E+000
  0.100000000000000E+001  0.621886802460850E+000 -0.111780535663325E+001  0.686949822688275E+002 -0.577592755166311E+000  0.373976777226142E+001  0.502283420196414E+002 -0.167451030290137E+002 -0.310943401230424E+000
  0.100000000000000E+001  0.621364617188732E+000  0.152891262966918E+002  0.650391934949823E+002 -0.254389308213077E+000  0.125439825852342E+001  0.411553912979219E+002 -0.167451030290137E+002 -0.310682308594367E+000
  0.100000000000000E+001  0.611768918757953E+000 -0.151114515641508E+002  0.653027575341007E+002 -0.326326386293715E+000  0.279127660728509E+001  0.777661586629304E+002 -0.167451030290137E+002 -0.305884459378977E+000
  0.100000000000000E+001  0.600855659357173E+000 -0.110243101450116E+002  0.644941279400875E+002 -0.124132101309359E+000 -0.122744666784739E+001 -0.168990046868270E+002 -0.167451030290137E+002 -0.300427829678585E+000
  0.100000000000000E+001  0.589258620278315E+000 -0.222391392801324E+001  0.652545588199992E+002 -0.534131556634655E+000  0.470692069823664E+001  0.915063586340112E+002 -0.167451030290137E+002 -0.294629310139157E+000
  0.100000000000000E+001  0.586037082003614E+000 -0.634247517982036E+000  0.679158624669779E+002 -0.739138729333114E+000  0.539722027112493E+001  0.581400633973811E+002 -0.167451030290137E+002 -0.293018541001806E+000
  0.100000000000000E+001  0.581665138630747E+000  0.186923917302725E+002  0.644125735664213E+002 -0.275951038072288E+000  0.360906260279645E+000 -0.481848408257548E+002 -0.167451030290137E+002 -0.290832569315372E+000
  0.100000000000000E+001  0.578099880721965E+000  0.194623026477562E+002  0.667330750439442E+002 -0.348589562453449E+000  0.279395837386553E+001  0.891051308053688E+002 -0.167451030290137E+002 -0.289049940360981E+000
  0.100000000000000E+001  0.574988458529631E+000  0.145868624093753E+002  0.674098461036897E+002 -0.589174657017516E+000  0.229176540540902E+001  0.131160560497310E+002 -0.167451030290137E+002 -0.287494229264817E+000
  0.100000000000000E+001  0.574745161232897E+000 -0.138159328359456E+002  0.621836122173963E+002 -0.242345684113537E+000  0.168427754691208E+001  0.739981218419074E+002 -0.167451030290137E+002 -0.287372580616449E+000
  0.100000000000000E+001  0.571987966746946E+000 -0.407134237586202E+001  0.653619296545449E+002 -0.769020054524224E+000  0.390311957826506E+001  0.237131189278496E+002 -0.167451030290137E+002 -0.285993983373474E+000
  0.100000000000000E+001  0.558342768271963E+000 -0.923378848917571E+001  0.632477020175090E+002 -0.282533727807237E-001 -0.323473632152508E+001 -0.624827598838098E+002 -0.167451030290137E+002 -0.279171384135981E+000
  0.100000000000000E+001  0.554019102984405E+000 -0.960885557830052E+001  0.640923816101446E+002 -0.219994484431370E+000  0.350942807955022E+000 -0.430093515911307E+002 -0.167451030290137E+002 -0.277009551492204E+000
  0.100000000000000E+001  0.547808763291165E+000  0.121574899874112E+002  0.626456336058168E+002 -0.300074304380299E+000  0.211418636036697E+001  0.576253778490808E+002 -0.167451030290137E+002 -0.273904381645583E+000
  0.100000000000000E+001  0.543255729953962E+000  0.607020165349981E+001  0.663498058799948E+002 -0.396269966091635E+000  0.199111013256869E+001  0.189210987053093E+002 -0.167451030290137E+002 -0.271627864976983E+000
  0.100000000000000E+001  0.538609008590164E+000 -0.740005202405221E+000  0.672562559778876E+002 -0.531766574857025E+000  0.228763816838815E+001  0.172535207700469E+002 -0.167451030290137E+002 -0.269304504295083E+000
  0.100000000000000E+001  0.533601652110470E+000  0.113411702427654E+002  0.665063014063547E+002 -0.305136932712108E+000  0.139682218362309E+001  0.348256747289511E+002 -0.167451030290137E+002 -0.266800826055234E+000
  0.100000000000000E+001  0.507040299362728E+000 -0.110526344939029E+002  0.630108629930757E+002 -0.133057290180905E+000 -0.964275099488940E+000 -0.252673156952631E+002 -0.167451030290137E+002 -0.253520149681365E+000
  0.100000000000000E+001  0.502362549162093E+000 -0.145114520429198E+002  0.648908581843324E+002 -0.768812090340486E+000  0.487983009950616E+001  0.425460888971764E+002 -0.167451030290137E+002 -0.251181274581047E+000
  0.100000000000000E+001  0.497934213338965E+000 -0.194650450943405E+002  0.645008472347839E+002 -0.285456249512058E+000 -0.500478942655221E+000  0.555731207106501E+002 -0.167451030290137E+002 -0.248967106669483E+000
  0.100000000000000E+001  0.480020274523476E+000 -0.996425590781256E+001  0.648497705443348E+002 -0.280600563373847E+000 -0.216368334464232E+000  0.726002764401681E+002 -0.167451030290137E+002 -0.240010137261739E+000
  0.100000000000000E+001  0.476742331390945E+000 -0.129639116632460E+002  0.662846235883334E+002 -0.525873333326745E+000  0.274347272079160E+001  0.197869406902215E+002 -0.167451030290137E+002 -0.238371165695472E+000
  0.100000000000000E+001  0.476356372850418E+000 -0.701132197411479E+001  0.628539250626279E+002 -0.296300863318832E-001 -0.254741598738227E+001 -0.504097152374654E+002 -0.167451030290137E+002 -0.238178186425208E+000
  0.100000000000000E+001  0.473668219804004E+000  0.856992823257479E+001  0.631448750172785E+002 -0.165649583930548E+000 -0.210037792142927E+001 -0.920438175869569E+002 -0.167451030290137E+002 -0.236834109902001E+000
  0.100000000000000E+001  0.472226837568499E+000 -0.117706733395239E+002  0.652730929355288E+002 -0.816976086182621E+000  0.552354073186402E+001  0.529630884170315E+002 -0.167451030290137E+002 -0.236113418784251E+000
  0.100000000000000E+001  0.470066670353098E+000 -0.415272814145863E+001  0.646791887167436E+002 -0.272254875409278E+000  0.442805309633634E+000  0.549431454448944E+002 -0.167451030290137E+002 -0.235033335176548E+000
  0.100000000000000E+001  0.469930205498116E+000 -0.154799582509392E+002  0.677164124569005E+002 -0.476075361387451E+000  0.294928054117414E+001  0.397946332701639E+002 -0.167451030290137E+002 -0.234965102749059E+000
  0.100000000000000E+001  0.464699196819694E+000 -0.107797858347060E+002  0.644607737552573E+002 -0.268798537007758E+000  0.199660655600434E+001  0.902572329870750E+002 -0.167451030290137E+002 -0.232349598409846E+000
  0.100000000000000E+001  0.460906687361479E+000 -0.620462865338165E+001  0.654529854850117E+002 -0.196546659718989E+000 -0.469782155248978E+000 -0.121572153980498E+002 -0.167451030290137E+002 -0.230453343680741E+000
  0.100000000000000E+001  0.455618807877030E+000  0.106785734501402E+002  0.653010305092744E+002 -0.288855920617638E+000 -0.325171766877958E+000  0.467263797671573E+002 -0.167451030290137E+002 -0.227809403938515E+000
  0.100000000000000E+001  0.441300493570992E+000 -0.943645002625564E+001  0.653924553172016E+002 -0.228998319974096E+000 -0.640970491206055E+000 -0.581094899028174E+002 -0.167451030290137E+002 -0.220650246785494E+000
  0.100000000000000E+001  0.428506404485020E+000  0.400106479555575E+001  0.632879234378330E+002 -0.265382764403774E-001 -0.266817603917235E+001 -0.486013823238522E+002 -0.167451030290137E+002 -0.214253202242511E+000
  0.100000000000000E+001  0.411875707017032E+000 -0.155396648963064E+002  0.659479546177125E+002 -0.318438310685797E+000  0.162039298477208E+001  0.398484921857118E+002 -0.167451030290137E+002 -0.205937853508516E+000
  0.100000000000000E+001  0.402151619361561E+000 -0.130543506337276E+002  0.650169774564732E+002 -0.268958223545533E+000  0.402219232621235E+000  0.211149365202962E+002 -0.167451030290137E+002 -0.201075809680779E+000
  0.100000000000000E+001  0.398305012425766E+000  0.392688090085366E+001  0.637754988410540E+002 -0.214970180271406E+000 -0.551986998556096E+000 -0.672599245437467E+002 -0.167451030290137E+002 -0.199152506212883E+000
  0.100000000000000E+001  0.391941556368401E+000  0.511533671533327E+001  0.645376246418530E+002 -0.297474693857176E+000  0.177968947575824E+001  0.736076716004603E+002 -0.167451030290137E+002 -0.195970778184200E+000
  0.100000000000000E+001  0.391246299755501E+000  0.754379750999268E+001  0.643200136239603E+002 -0.382605095868737E+000  0.252762883941721E+001  0.354617769269884E+002 -0.167451030290137E+002 -0.195623149877749E+000
  0.100000000000000E+001  0.387540602782558E+000 -0.121560721141265E+002  0.738082073260579E+002 -0.121139361712251E+001  0.888064928351112E+001  0.960611012207260E+002 -0.167451030290137E+002 -0.193770301391278E+000
  0.100000000000000E+001  0.379583338951974E+000  0.789981700145134E+001  0.637643655176363E+002 -0.328298680830857E+000  0.259545663321147E+001  0.691940504943557E+002 -0.167451030290137E+002 -0.189791669475986E+000
  0.100000000000000E+001  0.371513123919641E+000  0.839324597432014E+000  0.651855048666587E+002 -0.274673766853418E+000  0.116965671896514E+001  0.718935164570552E+002 -0.167451030290137E+002 -0.185756561959820E+000
  0.100000000000000E+001  0.358636325295087E+000  0.421891080044218E+001  0.640352961300405E+002 -0.244582784990434E+000  0.463605500695961E+000  0.315968129306110E+002 -0.167451030290137E+002 -0.179318162647545E+000
  0.100000000000000E+001  0.341945341672442E+000 -0.136126867872160E+002  0.691784259541409E+002 -0.934511041302518E+000  0.785677890153964E+001  0.993671157678907E+002 -0.167451030290137E+002 -0.170972670836221E+000
  0.100000000000000E+001  0.339375821049217E+000  0.116811564299943E+002  0.678049097676422E+002 -0.729713419092567E+000  0.443865883478341E+001  0.434183334929614E+002 -0.167451030290137E+002 -0.169687910524609E+000
  0.100000000000000E+001  0.333068754511558E+000  0.113044471219328E+002  0.662490603440081E+002 -0.515847663674921E+000  0.454916515875655E+001  0.806731246005309E+002 -0.167451030290137E+002 -0.166534377255780E+000
  0.100000000000000E+001  0.324662721912276E+000 -0.223995458072190E+001  0.702564180653092E+002 -0.983276022580066E+000  0.719734335201305E+001  0.765714012394255E+002 -0.167451030290137E+002 -0.162331360956139E+000
  0.100000000000000E+001  0.310529693584847E+000 -0.924363777777866E+001  0.653396697964377E+002 -0.455945811099670E+000  0.431718390990998E+001  0.959847536652412E+002 -0.167451030290137E+002 -0.155264846792422E+000
  0.100000000000000E+001  0.309418977364579E+000 -0.361524884476436E+001  0.663166647895397E+002 -0.608984165191073E+000  0.522859553393425E+001  0.857823456707206E+002 -0.167451030290137E+002 -0.154709488682291E+000
  0.100000000000000E+001  0.296556657090811E+000 -0.105226930029160E+002  0.691020173438979E+002 -0.581912661031042E+000  0.219303167435385E+001  0.102264471919286E+002 -0.167451030290137E+002 -0.148278328545406E+000
  0.100000000000000E+001  0.294693285414290E+000  0.695784711379878E+001  0.684284118080292E+002 -0.914663445939854E+000  0.777567824624977E+001  0.992803500229313E+002 -0.167451030290137E+002 -0.147346642707147E+000
  0.100000000000000E+001  0.280323566189466E+000  0.345275778191625E+001  0.667595623227823E+002 -0.693694487149203E+000  0.608328625783288E+001  0.872674206883394E+002 -0.167451030290137E+002 -0.140161783094734E+000
  0.100000000000000E+001  0.219019313366303E+000 -0.583037967715946E+000  0.660525430426298E+002 -0.670402422944285E+000  0.354703662835232E+001  0.244997485166133E+002 -0.167451030290137E+002 -0.109509656683152E+000
  0.100000000000000E+001  0.195577382339010E+000 -0.381078847066989E+001  0.695722755835422E+002 -0.979128203629526E+000  0.655172694081523E+001  0.659537616426593E+002 -0.167451030290137E+002 -0.977886911695069E-001
  0.100000000000000E+001  0.154644306544157E+000  0.117430765900564E+002  0.677232865567188E+002 -0.717924095193597E+000  0.522816248771081E+001  0.606804294397658E+002 -0.167451030290137E+002 -0.773221532720770E-001
  0.100000000000000E+001  0.139748174412638E+000 -0.142026021247987E+002  0.695408021110757E+002 -0.105253781497727E+001  0.666018012501883E+001  0.602610400471327E+002 -0.167451030290137E+002 -0.698740872063174E-001
  0.100000000000000E+001  0.130611053638873E+000  0.117937364069509E+001  0.687775986251583E+002 -0.876857913276768E+000  0.686861395220490E+001  0.857327655743516E+002 -0.167451030290137E+002 -0.653055268194359E-001
  0.100000000000000E+001  0.746328653441140E-001  0.179760692039250E+002  0.682773887458074E+002 -0.879536051553922E+000  0.694870191462068E+001  0.845324924672163E+002 -0.167451030290137E+002 -0.373164326720553E-001
