 -0.183571277412642E+002  0.674557135981457E+002 -0.628496876266446E+000  0.239342969294306E+001  0.106174105289522E+002 -0.167451030290137E+002 -0.451403462015574E+001 -0.451403462015574E+001
 -0.184967605966546E+002  0.684336692253789E+002 -0.612369059738870E+000  0.245872908519620E+001  0.129873483156141E+002 -0.167451030290137E+002 -0.456030174151974E+001 -0.456030174151974E+001
 -0.171038964071965E+002  0.690066523200408E+002 -0.594336359621716E+000  0.214926092793316E+001  0.994489274165934E+001 -0.167451030290137E+002 -0.456358162261103E+001 -0.456358162261103E+001
 -0.186207087879700E+002  0.683443761848195E+002 -0.628757778853815E+000  0.252615019351893E+001  0.127000636856329E+002 -0.167451030290137E+002 -0.453118517616384E+001 -0.453118517616384E+001
 -0.135175774155184E+002  0.672796638774154E+002 -0.646814590359292E+000  0.264569035405317E+001  0.133581243580285E+002 -0.167451030290137E+002 -0.455493926854312E+001 -0.455493926854312E+001
 -0.157538954473786E+002  0.681428484507145E+002 -0.606105988730276E+000  0.237388106442513E+001  0.119651795072334E+002 -0.167451030290137E+002 -0.456475344470698E+001 -0.456475344470698E+001
 -0.184221898841996E+002  0.682628692678198E+002 -0.614182162254822E+000  0.233710559218667E+001  0.111844191576306E+002 -0.167451030290137E+002 -0.449923066575418E+001 -0.449923066575418E+001
 -0.143890833939506E+002  0.680845088981172E+002 -0.641943109125737E+000  0.287578146671777E+001  0.179131810872461E+002 -0.167451030290137E+002 -0.454976297363853E+001 -0.454976297363853E+001
 -0.134000421161438E+002  0.679615701705114E+002 -0.656952648696863E+000  0.293601577618118E+001  0.177420161011311E+002 -0.167451030290137E+002 -0.454879832377485E+001 -0.454879832377485E+001
 -0.168656277477299E+002  0.681613728900533E+002 -0.640708394698287E+000  0.264434511611060E+001  0.136520054271896E+002 -0.167451030290137E+002 -0.454612458810506E+001 -0.454612458810506E+001
 -0.175911801003705E+002  0.685603348597307E+002 -0.637682661909650E+000  0.277236367166418E+001  0.168135747281245E+002 -0.167451030290137E+002 -0.453807663431335E+001 -0.453807663431336E+001
