  0.555293302824081E-001  0.934766086610331E+001 -0.154143345955336E+002  0.733677341202428E+002 -0.737827733511322E+000  0.453790209959996E+001  0.419896092500155E+002 -0.167451030290137E+002 -0.620192362197632E+001
  0.555293302824081E-001  0.121353711134230E+002 -0.489968309017246E+001  0.653582801585307E+002 -0.570310192226605E+000  0.486954705731185E+001  0.988422337343845E+002 -0.167451030290137E+002 -0.759577874563619E+001
  0.555293302824081E-001  0.164454200740003E+002 -0.435037735456813E+001  0.675259149883279E+002 -0.323211016037285E+000 -0.113202726989465E+001 -0.867579972388321E+002 -0.167451030290137E+002 -0.975080322592481E+001
  0.555293302824081E-001  0.227550164725561E+002  0.174492315408981E+002  0.651759830724207E+002 -0.313981268673023E+000 -0.446860220984391E-003 -0.960688093978875E+002 -0.167451030290137E+002 -0.129056014252027E+002
  0.555293302824081E-001  0.215808958913283E+002 -0.147609918630126E+002  0.689462981981522E+002 -0.291160000053585E+000 -0.209079081570454E+001 -0.420385970999210E+002 -0.167451030290137E+002 -0.123185411345888E+002
  0.555293302824081E-001  0.936899556681070E+001  0.275501471995467E+001  0.742011923283430E+002 -0.714338483773519E+000  0.601041137404654E+001  0.964054548738879E+002 -0.167451030290137E+002 -0.621259097233002E+001
  0.555293302824081E-001  0.206342965706755E+002 -0.178683840968359E+002  0.706810178285899E+002 -0.287089676117583E+000 -0.229764590870157E+001 -0.491933396419588E+002 -0.167451030290137E+002 -0.118452414742624E+002
  0.555293302824081E-001  0.121847597017562E+002 -0.263885392417163E+001  0.678042792139288E+002 -0.864670404735316E+000  0.584142264775658E+001  0.512591112847630E+002 -0.167451030290137E+002 -0.762047303980276E+001
  0.555293302824081E-001  0.939285400744293E+001  0.648156537198318E+000  0.720267119631722E+002 -0.653221055584123E+000  0.288442267131878E+001  0.230060422228598E+002 -0.167451030290137E+002 -0.622452019264613E+001
  0.555293302824081E-001  0.164503498275678E+002  0.936470481049794E+001  0.584326481455243E+002 -0.730792568272213E+000  0.541439011217274E+001  0.702904822787065E+002 -0.167451030290137E+002 -0.975326810270857E+001
  0.555293302824081E-001  0.121868139632053E+002 -0.736587318374892E+001  0.756128974017899E+002 -0.718725659305122E+000  0.310742914764692E+001  0.190560589941661E+002 -0.167451030290137E+002 -0.762150017052734E+001
  0.555293302824081E-001  0.166438165157000E+002 -0.128514329968991E+002  0.666290530352604E+002 -0.808003097340107E+000  0.723692353971520E+001  0.909855534175567E+002 -0.167451030290137E+002 -0.985000144677466E+001
  0.555293302824081E-001  0.167372633798673E+002 -0.139060397837960E+002  0.760057966036739E+002 -0.551480383277204E+000  0.369252910726970E+001  0.542484220392887E+002 -0.167451030290137E+002 -0.989672487885833E+001
  0.555293302824081E-001  0.190588730155593E+002  0.138694468399134E+002  0.561515323328595E+002 -0.680069016951248E+000  0.364046266856695E+001  0.220558322318710E+002 -0.167451030290137E+002 -0.110575296967043E+002
  0.555293302824081E-001  0.122064232023367E+002  0.627916274813364E+001  0.606067316250073E+002 -0.754054099098510E+000  0.633276187193912E+001  0.875806406367677E+002 -0.167451030290137E+002 -0.763130479009304E+001
  0.555293302824081E-001  0.168768561539253E+002  0.135126933016148E+002  0.771202539405197E+002 -0.415990690674577E+000  0.890371456315558E+000  0.385877620440184E+002 -0.167451030290137E+002 -0.996652126588733E+001
  0.555293302824081E-001  0.169529920097302E+002  0.104555411370199E+001  0.640015393074567E+002 -0.913145850187456E+000  0.577378952153527E+001  0.435796452601443E+002 -0.167451030290137E+002 -0.100045891937897E+002
  0.555293302824081E-001  0.188211782672968E+002 -0.184868022872137E+002  0.799223522578610E+002 -0.514218946088683E+000  0.273971866806453E+001  0.692968801381499E+002 -0.167451030290137E+002 -0.109386823225731E+002
  0.555293302824081E-001  0.187831278497063E+002  0.293701316554797E+001  0.617768528265206E+002 -0.897159719771405E+000  0.523857457229825E+001  0.344238922723031E+002 -0.167451030290137E+002 -0.109196571137778E+002
  0.555293302824081E-001  0.122410997882812E+002 -0.545900515700392E+001  0.712618841989067E+002 -0.758696446153839E+000  0.560703356861993E+001  0.601814867843738E+002 -0.167451030290137E+002 -0.764864308306529E+001
  0.555293302824081E-001  0.939988049562655E+001 -0.739970292905892E+001  0.642870903795714E+002 -0.644618055417594E+000  0.401038340171408E+001  0.483366225425505E+002 -0.167451030290137E+002 -0.622803343673795E+001
  0.555293302824081E-001  0.185013108654125E+002 -0.181038401100190E+002  0.625631928269856E+002 -0.433719793711633E+000  0.189172731698288E+001  0.597449838055422E+002 -0.167451030290137E+002 -0.107787486216309E+002
  0.555293302824081E-001  0.122549687975081E+002  0.170708764967576E+002  0.704202703151037E+002 -0.848496091451900E+000  0.543094765119658E+001  0.455765473725833E+002 -0.167451030290137E+002 -0.765557758767870E+001
  0.555293302824081E-001  0.122807018707934E+002 -0.154699460342358E+001  0.707322696090404E+002 -0.681696046674384E+000  0.425785449123650E+001  0.617100518749145E+002 -0.167451030290137E+002 -0.766844412432138E+001
  0.555293302824081E-001  0.940008345057706E+001  0.104020341067175E+002  0.706735248511300E+002 -0.673226148419227E+000  0.387233103425871E+001  0.316299145278130E+002 -0.167451030290137E+002 -0.622813491421320E+001
  0.555293302824081E-001  0.940531972523318E+001  0.994508314898708E+001  0.734827357035769E+002 -0.593936043765837E+000  0.360847324388634E+001  0.516443752454931E+002 -0.167451030290137E+002 -0.623075305154126E+001
  0.555293302824081E-001  0.181218017287074E+002 -0.709162552329765E-001  0.796366462833970E+002 -0.507095083445534E+000  0.258942767061072E+001  0.587604829603359E+002 -0.167451030290137E+002 -0.105889940532784E+002
  0.555293302824081E-001  0.159631217499984E+002 -0.135042087354504E+002  0.733292781925613E+002 -0.423739484655505E+000 -0.228119585123213E+000 -0.957814611729782E+002 -0.167451030290137E+002 -0.950965406392389E+001
  0.555293302824081E-001  0.158534167882188E+002 -0.124469583600387E+002  0.672535669283546E+002 -0.488511424591553E+000  0.225791122374064E+001  0.619480948282992E+002 -0.167451030290137E+002 -0.945480158303408E+001
  0.555293302824081E-001  0.942810583079001E+001  0.425967572997600E+001  0.644555092543079E+002 -0.655881781577172E+000  0.419386071849299E+001  0.412997979143554E+002 -0.167451030290137E+002 -0.624214610431967E+001
  0.555293302824081E-001  0.156845976347481E+002  0.100673747308650E+002  0.693193630352260E+002 -0.679710729150457E+000  0.495164773048616E+001  0.964183567509642E+002 -0.167451030290137E+002 -0.937039200629870E+001
  0.555293302824081E-001  0.156771677407372E+002  0.135057554255626E+002  0.751015559173704E+002 -0.371821666261660E+000 -0.519601208680299E+000 -0.387081123416823E+002 -0.167451030290137E+002 -0.936667705929326E+001
  0.555293302824081E-001  0.156608896085558E+002 -0.154763435414934E+002  0.737869674822770E+002 -0.386901506613589E+000 -0.251030949189593E+000 -0.135415907115578E+002 -0.167451030290137E+002 -0.935853799320257E+001
  0.555293302824081E-001  0.943180390172961E+001  0.186894118708741E+002  0.704649846529448E+002 -0.525481677526481E+000  0.234341425946623E+001  0.270912011830083E+002 -0.167451030290137E+002 -0.624399513978948E+001
  0.555293302824081E-001  0.155417118810350E+002 -0.949734375425539E+001  0.610248724090629E+002 -0.733435562377494E+000  0.585486793201990E+001  0.937859894838781E+002 -0.167451030290137E+002 -0.929894912944218E+001
  0.555293302824081E-001  0.943914963238493E+001  0.270489450115521E+001  0.664417135392534E+002 -0.680283780712108E+000  0.384154192927536E+001  0.411054202974017E+002 -0.167451030290137E+002 -0.624766800511714E+001
  0.555293302824081E-001  0.948926610790019E+001  0.161585181549368E+002  0.716818638336682E+002 -0.839126655674247E+000  0.592481848512566E+001  0.689730051648840E+002 -0.167451030290137E+002 -0.627272624287476E+001
  0.555293302824081E-001  0.949650641155145E+001  0.176182145176011E+002  0.668023850726484E+002 -0.895131641912448E+000  0.671105883121904E+001  0.722061803211286E+002 -0.167451030290137E+002 -0.627634639470039E+001
  0.555293302824081E-001  0.152585155613431E+002 -0.679879429330767E+001  0.629638585073097E+002 -0.881362236556285E+000  0.491707627435865E+001  0.341157561180969E+002 -0.167451030290137E+002 -0.915735096959621E+001
  0.555293302824081E-001  0.124928587917575E+002  0.148482971705745E+001  0.724835136001073E+002 -0.559370471987453E+000  0.375838283904825E+001  0.926732961991987E+002 -0.167451030290137E+002 -0.777452258480342E+001
  0.555293302824081E-001  0.951058776790246E+001 -0.173069218977701E+002  0.735667037595669E+002 -0.584160042579363E+000  0.330453161792518E+001  0.443854315276753E+002 -0.167451030290137E+002 -0.628338707287589E+001
  0.555293302824081E-001  0.151882060550007E+002 -0.133483731769302E+002  0.721428776671110E+002 -0.421453453859577E+000  0.206192255699424E+000 -0.737036289185359E+002 -0.167451030290137E+002 -0.912219621642500E+001
  0.555293302824081E-001  0.149365759633706E+002  0.136885469780178E+002  0.716327947225775E+002 -0.433799778305097E+000  0.116465136125933E+001  0.613664735448127E+002 -0.167451030290137E+002 -0.899638117060996E+001
  0.555293302824081E-001  0.149212637775170E+002  0.126525441093740E+001  0.787919476885192E+002 -0.672228190409891E+000  0.279030106117211E+001  0.184732104745669E+002 -0.167451030290137E+002 -0.898872507768318E+001
  0.555293302824081E-001  0.148910916104579E+002 -0.968304709403880E+001  0.677699901204998E+002 -0.354067947904249E+000 -0.654185750683947E+000 -0.711646784731367E+002 -0.167451030290137E+002 -0.897363899415360E+001
  0.555293302824081E-001  0.125803587785675E+002  0.163120449714936E+002  0.673690359811308E+002 -0.629308006669139E+000  0.447978159168837E+001  0.510635569104240E+002 -0.167451030290137E+002 -0.781827257820840E+001
  0.555293302824081E-001  0.951584687869299E+001  0.653484331035058E+001  0.664054352522916E+002 -0.883317037040991E+000  0.629794564955596E+001  0.641957882121348E+002 -0.167451030290137E+002 -0.628601662827116E+001
  0.555293302824081E-001  0.951590542703246E+001  0.499433362516149E+001  0.630903475895262E+002 -0.797769362952031E+000  0.554037398178135E+001  0.540608776545953E+002 -0.167451030290137E+002 -0.628604590244090E+001
  0.555293302824081E-001  0.126143051183696E+002  0.175396714139043E+002  0.737576381085053E+002 -0.437555688616603E+000  0.829096183987549E+000  0.398095876589201E+001 -0.167451030290137E+002 -0.783524574810948E+001
  0.555293302824081E-001  0.147638556116314E+002  0.156979509121087E+002  0.758975595311307E+002 -0.466109293864603E+000  0.214751863647431E+001  0.413078310339798E+002 -0.167451030290137E+002 -0.891002099474039E+001
  0.555293302824081E-001  0.126889552459054E+002  0.603734795504084E+001  0.722798484079159E+002 -0.563427135366646E+000  0.397282009176129E+001  0.599831483083012E+002 -0.167451030290137E+002 -0.787257081187737E+001
  0.555293302824081E-001  0.146202008444251E+002  0.688793299322523E+001  0.665212928700273E+002 -0.420765851749929E+000  0.192049939290884E+001  0.759552218916808E+002 -0.167451030290137E+002 -0.883819361113724E+001
  0.555293302824081E-001  0.145863673427883E+002  0.137334685831881E+002  0.681336194183223E+002 -0.386891383324151E+000 -0.525508052471451E+000 -0.852792259538653E+002 -0.167451030290137E+002 -0.882127686031880E+001
  0.555293302824081E-001  0.957548271274299E+001 -0.913296493537306E+000  0.709120745411236E+002 -0.666799395780823E+000  0.483109406507863E+001  0.826482866190628E+002 -0.167451030290137E+002 -0.631583454529616E+001
  0.555293302824081E-001  0.959649338644554E+001  0.848302508778017E+001  0.722071059141448E+002 -0.542643293319553E+000  0.248237744507526E+001  0.218347402721699E+002 -0.167451030290137E+002 -0.632633988214744E+001
  0.555293302824081E-001  0.145053441991775E+002 -0.994992665832931E+001  0.644884765243984E+002 -0.644691729048626E+000  0.422467563034207E+001  0.681280495186990E+002 -0.167451030290137E+002 -0.878076528851341E+001
  0.555293302824081E-001  0.144642511360103E+002 -0.843046353115903E+001  0.672877286698645E+002 -0.975378776366538E+000  0.720107614445976E+001  0.721243935412557E+002 -0.167451030290137E+002 -0.876021875692980E+001
  0.555293302824081E-001  0.144275231547896E+002 -0.192013116191849E+002  0.715583260877630E+002 -0.721898520747598E+000  0.378315316864158E+001  0.389349708264215E+002 -0.167451030290137E+002 -0.874185476631947E+001
  0.555293302824081E-001  0.144066153047978E+002 -0.113449960363902E+002  0.733230395502266E+002 -0.390356167731266E+000  0.219984513634417E+000  0.417373708010755E+002 -0.167451030290137E+002 -0.873140084132357E+001
  0.555293302824081E-001  0.144057411112486E+002  0.117223784703607E+002  0.741508528331571E+002 -0.449948488761668E+000  0.263078008746506E+001  0.824473197814119E+002 -0.167451030290137E+002 -0.873096374454898E+001
  0.555293302824081E-001  0.144055576057959E+002 -0.137256938863890E+001  0.758236847657030E+002 -0.501911788311861E+000  0.258920405313762E+001  0.375123880401868E+002 -0.167451030290137E+002 -0.873087199182264E+001
  0.555293302824081E-001  0.143368093846452E+002 -0.120726147739029E+002  0.707395961962337E+002 -0.949531292538691E+000  0.796973316497434E+001  0.938026495520623E+002 -0.167451030290137E+002 -0.869649788124729E+001
  0.555293302824081E-001  0.127002609656405E+002  0.735264752327650E+001  0.650811607232249E+002 -0.500595239943765E+000  0.238708548939102E+001  0.353757161659235E+002 -0.167451030290137E+002 -0.787822367174491E+001
  0.555293302824081E-001  0.142895671000505E+002  0.892746880290025E+001  0.699507787795264E+002 -0.639430369628072E+000  0.337137382972236E+001  0.450890406628154E+002 -0.167451030290137E+002 -0.867287673894993E+001
  0.555293302824081E-001  0.142645636124168E+002 -0.111028440315702E+002  0.769979285202228E+002 -0.610511007290257E+000  0.409254468110774E+001  0.818817477404117E+002 -0.167451030290137E+002 -0.866037499513305E+001
  0.555293302824081E-001  0.141518803348754E+002  0.138053277760812E+002  0.696798972978395E+002 -0.375716792985593E+000  0.260784865631852E+000  0.364478515556132E+002 -0.167451030290137E+002 -0.860403335636236E+001
  0.555293302824081E-001  0.141457829239909E+002 -0.110847427144674E+002  0.587086030494560E+002 -0.752807193973795E+000  0.513697566280394E+001  0.528866931008534E+002 -0.167451030290137E+002 -0.860098465092014E+001
  0.555293302824081E-001  0.127249822345589E+002  0.101303899091359E+001  0.624522635224001E+002 -0.809212016540857E+000  0.625841556988057E+001  0.847313644619112E+002 -0.167451030290137E+002 -0.789058430620414E+001
  0.555293302824081E-001  0.140724335375153E+002 -0.137703911706420E+002  0.775669104584418E+002 -0.529074724082316E+000  0.231426184083419E+001  0.286654407996040E+002 -0.167451030290137E+002 -0.856430995768232E+001
  0.555293302824081E-001  0.140237006356365E+002 -0.915057639169660E+001  0.759489191743642E+002 -0.707097815678394E+000  0.334220334321430E+001  0.285713009733757E+002 -0.167451030290137E+002 -0.853994350674291E+001
  0.555293302824081E-001  0.127491940391912E+002  0.719920114625602E+000  0.639435197000415E+002 -0.929860644228255E+000  0.678107956644152E+001  0.666722798562122E+002 -0.167451030290137E+002 -0.790269020852029E+001
  0.555293302824081E-001  0.140005185846990E+002 -0.190207336488626E+002  0.713342505471805E+002 -0.381728786445686E+000  0.256642806113376E+000 -0.852015184174526E+002 -0.167451030290137E+002 -0.852835248127415E+001
  0.555293302824081E-001  0.139947461059539E+002 -0.163387283284056E+002  0.712037261765799E+002 -0.397653426339739E+000 -0.179527176310913E+000 -0.639663480967287E+002 -0.167451030290137E+002 -0.852546624190162E+001
  0.555293302824081E-001  0.139757498531465E+002 -0.121613840898531E+002  0.783731734714157E+002 -0.727822626198867E+000  0.404355712323802E+001  0.386446773169854E+002 -0.167451030290137E+002 -0.851596811549792E+001
  0.555293302824081E-001  0.128273820904528E+002 -0.669819779834295E+000  0.679263269745669E+002 -0.476955733698314E+000  0.302449163246609E+001  0.649095385074649E+002 -0.167451030290137E+002 -0.794178423415109E+001
  0.555293302824081E-001  0.138660777333272E+002  0.164696183789508E+002  0.648000157936694E+002 -0.475969769586742E+000  0.222771876348327E+001  0.385573876497849E+002 -0.167451030290137E+002 -0.846113205558829E+001
  0.555293302824081E-001  0.137580557501838E+002  0.189653888055790E+002  0.646339316394399E+002 -0.775490607080560E+000  0.573259025771470E+001  0.822297097254460E+002 -0.167451030290137E+002 -0.840712106401655E+001
  0.555293302824081E-001  0.137559850914430E+002  0.595114800808517E+000  0.740352279456878E+002 -0.703803164543449E+000  0.532041784615552E+001  0.998022621316397E+002 -0.167451030290137E+002 -0.840608573464618E+001
  0.555293302824081E-001  0.129108335103107E+002  0.181109229791277E+002  0.649227119405560E+002 -0.517663944374794E+000  0.290389449876893E+001  0.514466468081332E+002 -0.167451030290137E+002 -0.798350994408002E+001
  0.555293302824081E-001  0.136645112760149E+002  0.576384620526720E+001  0.605559890835607E+002 -0.567986204187816E+000  0.286408530434137E+001  0.224313882287254E+002 -0.167451030290137E+002 -0.836034882693214E+001
  0.555293302824081E-001  0.136596609982339E+002  0.669564580697761E+001  0.623553553031582E+002 -0.595931014073219E+000  0.254457634754574E+001  0.209723678891636E+002 -0.167451030290137E+002 -0.835792368804160E+001
  0.555293302824081E-001  0.960516307233454E+001  0.187065840773204E+002  0.667738673417695E+002 -0.632315842057966E+000  0.434634755442033E+001  0.693281059435828E+002 -0.167451030290137E+002 -0.633067472509194E+001
  0.555293302824081E-001  0.963747531754190E+001  0.143061814670784E+002  0.698961231635583E+002 -0.630188853312711E+000  0.443827632797926E+001  0.559429674909809E+002 -0.167451030290137E+002 -0.634683084769562E+001
  0.555293302824081E-001  0.135857813255473E+002 -0.110561661339934E+002  0.721112187550391E+002 -0.587327919666458E+000  0.385604657906736E+001  0.450201422997260E+002 -0.167451030290137E+002 -0.832098385169830E+001
  0.555293302824081E-001  0.129249778764240E+002 -0.179657684803906E+002  0.730854720247231E+002 -0.943950443461153E+000  0.736619698880871E+001  0.862139218648934E+002 -0.167451030290137E+002 -0.799058212713667E+001
  0.555293302824081E-001  0.129697266076529E+002  0.190967172225846E+002  0.743191610252858E+002 -0.467309400027439E+000  0.183512704948014E+001  0.292603365537758E+002 -0.167451030290137E+002 -0.801295649275112E+001
  0.555293302824081E-001  0.134845284076684E+002  0.146544757704200E+002  0.614908199961126E+002 -0.811003468987564E+000  0.444621207195767E+001  0.329196584452461E+002 -0.167451030290137E+002 -0.827035739275889E+001
  0.555293302824081E-001  0.134807569690710E+002 -0.985787980126004E+001  0.726874134718555E+002 -0.432923226833145E+000  0.149865476895402E+001  0.424996087522533E+002 -0.167451030290137E+002 -0.826847167346017E+001
  0.555293302824081E-001  0.132801278018280E+002 -0.111464196104760E+002  0.723648450079424E+002 -0.453718589654353E+000  0.236166755694074E+001  0.533742249706198E+002 -0.167451030290137E+002 -0.816815708983865E+001
  0.555293302824081E-001  0.132667565225814E+002  0.961450930104464E+001  0.658470978179352E+002 -0.496595347199797E+000  0.340424210810435E+001  0.902123165530064E+002 -0.167451030290137E+002 -0.816147145021538E+001
  0.555293302824081E-001  0.131106336288252E+002 -0.514066690988949E+001  0.729340084004470E+002 -0.480329145818246E+000  0.276322959232072E+001  0.903437798777985E+002 -0.167451030290137E+002 -0.808341000333729E+001
  0.555293302824081E-001  0.131335027399875E+002  0.117249090274463E+002  0.625004388781407E+002 -0.539849938219517E+000  0.214115739270167E+001  0.176969103803346E+002 -0.167451030290137E+002 -0.809484455891841E+001
  0.555293302824081E-001  0.120878914525170E+002 -0.109315265189873E+002  0.668321660407406E+002 -0.466252553701154E+000  0.188844743275894E+001  0.250897376350136E+002 -0.167451030290137E+002 -0.757203891518318E+001
  0.555293302824081E-001  0.120688471702304E+002  0.111813834461050E+001  0.764251865719078E+002 -0.831826521909995E+000  0.669435805763716E+001  0.892846411483247E+002 -0.167451030290137E+002 -0.756251677403985E+001
  0.555293302824081E-001  0.120675584988818E+002  0.601283986466991E+001  0.753947392956887E+002 -0.773598893604345E+000  0.550279341372627E+001  0.764646276378502E+002 -0.167451030290137E+002 -0.756187243836558E+001
  0.555293302824081E-001  0.964338249038246E+001 -0.893611275447854E+001  0.633094119331143E+002 -0.849271335134596E+000  0.629932692084533E+001  0.677162700025631E+002 -0.167451030290137E+002 -0.634978443411590E+001
  0.555293302824081E-001  0.120000579905869E+002  0.414916122624486E+000  0.702774751241699E+002 -0.692761544184840E+000  0.483834140991199E+001  0.795083496067830E+002 -0.167451030290137E+002 -0.752812218421812E+001
  0.555293302824081E-001  0.967752399798807E+001 -0.171355445082670E+002  0.701098486327081E+002 -0.764617097015123E+000  0.657513969311379E+001  0.907060634797745E+002 -0.167451030290137E+002 -0.636685518791871E+001
  0.555293302824081E-001  0.119281626902898E+002 -0.814450980096422E+001  0.685434926800138E+002 -0.624854331206036E+000  0.332586026999834E+001  0.430872405476697E+002 -0.167451030290137E+002 -0.749217453406955E+001
  0.555293302824081E-001  0.970089906806001E+001  0.125522251011095E+002  0.739854912587631E+002 -0.563657715541539E+000  0.226708279948310E+001  0.196432241030549E+002 -0.167451030290137E+002 -0.637854272295467E+001
  0.555293302824081E-001  0.119029697061297E+002  0.351698653588830E+001  0.710043151530794E+002 -0.477403137073523E+000  0.255114721164367E+001  0.484571242378071E+002 -0.167451030290137E+002 -0.747957804198954E+001
  0.555293302824081E-001  0.970194491655088E+001 -0.711309333690714E+001  0.685699296718319E+002 -0.700559732670407E+000  0.530544253247660E+001  0.885448952487841E+002 -0.167451030290137E+002 -0.637906564720011E+001
  0.555293302824081E-001  0.971479750964293E+001 -0.183036271766165E+002  0.690405951826858E+002 -0.866144484576164E+000  0.570989367966625E+001  0.536931965393700E+002 -0.167451030290137E+002 -0.638549194374613E+001
  0.555293302824081E-001  0.118721870806622E+002  0.967848858503083E+001  0.720411264690851E+002 -0.603382378807024E+000  0.423105716818661E+001  0.556785038139811E+002 -0.167451030290137E+002 -0.746418672925575E+001
  0.555293302824081E-001  0.973907912899844E+001  0.155034436195227E+002  0.645774891233291E+002 -0.883132721253373E+000  0.677316958507403E+001  0.742413386020484E+002 -0.167451030290137E+002 -0.639763275342389E+001
  0.555293302824081E-001  0.118441132044463E+002 -0.599494933306630E-001  0.687817465861254E+002 -0.837183862149481E+000  0.654789389187186E+001  0.946470517133979E+002 -0.167451030290137E+002 -0.745014979114782E+001
  0.555293302824081E-001  0.117633577693139E+002 -0.171373204239607E+002  0.736983348616302E+002 -0.826025795766955E+000  0.619688903293655E+001  0.693202893448018E+002 -0.167451030290137E+002 -0.740977207358164E+001
  0.555293302824081E-001  0.117481689508911E+002  0.428894509582994E+001  0.741722373511061E+002 -0.722440458087769E+000  0.483977532968508E+001  0.497295146832512E+002 -0.167451030290137E+002 -0.740217766437024E+001
  0.555293302824081E-001  0.117137524502748E+002  0.126800809812650E+002  0.678794724105663E+002 -0.952303775505618E+000  0.813535074353542E+001  0.986866718397465E+002 -0.167451030290137E+002 -0.738496941406206E+001
  0.555293302824081E-001  0.116317848968906E+002 -0.166673251810749E+001  0.656417268997112E+002 -0.908097429198663E+000  0.645554302186012E+001  0.617911993346194E+002 -0.167451030290137E+002 -0.734398563736995E+001
  0.555293302824081E-001  0.115435002303165E+002 -0.529091454283144E+001  0.691721344279802E+002 -0.614879962725159E+000  0.473544928946232E+001  0.673515743231985E+002 -0.167451030290137E+002 -0.729984330408293E+001
  0.555293302824081E-001  0.115372145695426E+002  0.155731447375346E+002  0.691160279584971E+002 -0.781188666601065E+000  0.703923501609446E+001  0.981717985433954E+002 -0.167451030290137E+002 -0.729670047369598E+001
  0.555293302824081E-001  0.115231533206942E+002  0.170600254694857E+002  0.770392268537553E+002 -0.711026336225834E+000  0.557921902934252E+001  0.881498909140632E+002 -0.167451030290137E+002 -0.728966984927177E+001
  0.555293302824081E-001  0.114902178707884E+002  0.460286728972210E+001  0.670702184381628E+002 -0.529024597195921E+000  0.343810673560196E+001  0.722755952904010E+002 -0.167451030290137E+002 -0.727320212431886E+001
  0.555293302824081E-001  0.975528419325916E+001 -0.192925801286418E+002  0.723215896484006E+002 -0.819817502108766E+000  0.512011021107299E+001  0.466781226464234E+002 -0.167451030290137E+002 -0.640573528555425E+001
  0.555293302824081E-001  0.114213538380919E+002 -0.164800762394068E+002  0.750105224562551E+002 -0.544407070909629E+000  0.264860510488726E+001  0.359036706975706E+002 -0.167451030290137E+002 -0.723877010797064E+001
  0.555293302824081E-001  0.114191972626516E+002 -0.130700195860230E+002  0.610406495106072E+002 -0.725497606354589E+000  0.527507971652122E+001  0.592805464222099E+002 -0.167451030290137E+002 -0.723769182025046E+001
  0.555293302824081E-001  0.113189505900445E+002  0.179351402328334E+002  0.659024678966546E+002 -0.915603685571085E+000  0.647229051598358E+001  0.650148516373488E+002 -0.167451030290137E+002 -0.718756848394693E+001
  0.555293302824081E-001  0.112783619320167E+002  0.901355071541711E+001  0.727438447084880E+002 -0.518645858649212E+000  0.315836659270646E+001  0.601539740338053E+002 -0.167451030290137E+002 -0.716727415493300E+001
  0.555293302824081E-001  0.112561953752635E+002 -0.186051429420327E+002  0.656128459575654E+002 -0.705276387700660E+000  0.524026820556264E+001  0.831884722127186E+002 -0.167451030290137E+002 -0.715619087655643E+001
  0.555293302824081E-001  0.112421821852421E+002 -0.155376602121392E+002  0.617390116272405E+002 -0.872770994354184E+000  0.735662924947910E+001  0.913996966694495E+002 -0.167451030290137E+002 -0.714918428154571E+001
  0.555293302824081E-001  0.112193876368518E+002  0.104551880362899E+002  0.742817323655762E+002 -0.576710204044781E+000  0.308724233933128E+001  0.460889635010923E+002 -0.167451030290137E+002 -0.713778700735059E+001
  0.555293302824081E-001  0.111927150244445E+002  0.101222101411452E+002  0.708362345701815E+002 -0.574804321675987E+000  0.483346284907497E+001  0.971920946445717E+002 -0.167451030290137E+002 -0.712445070114690E+001
  0.555293302824081E-001  0.975955243066279E+001  0.411821545421950E+001  0.705569418382608E+002 -0.697380892023494E+000  0.598916229076780E+001  0.908363597918924E+002 -0.167451030290137E+002 -0.640786940425606E+001
  0.555293302824081E-001  0.111120931527827E+002 -0.615647140316210E+001  0.722621159737625E+002 -0.741408636483369E+000  0.513986220320110E+001  0.736657593950330E+002 -0.167451030290137E+002 -0.708413976531599E+001
  0.555293302824081E-001  0.110860313096882E+002 -0.175619606548848E+002  0.709508445780334E+002 -0.508024254285298E+000  0.251787518849130E+001  0.446427699586409E+002 -0.167451030290137E+002 -0.707110884376875E+001
  0.555293302824081E-001  0.110713199266013E+002  0.764326480401520E+001  0.655492227925616E+002 -0.501079114503731E+000  0.201780787302908E+001  0.196945913914306E+002 -0.167451030290137E+002 -0.706375315222530E+001
  0.555293302824081E-001  0.110392308714938E+002  0.833198739757568E+001  0.636644604306688E+002 -0.694134377278952E+000  0.496240085089991E+001  0.709050407183540E+002 -0.167451030290137E+002 -0.704770862467157E+001
  0.555293302824081E-001  0.110170220897162E+002 -0.108758492226360E+002  0.685395419723678E+002 -0.547678888683454E+000  0.402837014125895E+001  0.968168575057770E+002 -0.167451030290137E+002 -0.703660423378276E+001
  0.555293302824081E-001  0.110080807309101E+002  0.524505813649052E+001  0.733121829384963E+002 -0.575310756464019E+000  0.393839497662885E+001  0.825803689445455E+002 -0.167451030290137E+002 -0.703213355437971E+001
  0.555293302824081E-001  0.976970415824640E+001 -0.470610442271839E+001  0.653475681427860E+002 -0.653106967237948E+000  0.402310888877210E+001  0.508360647437875E+002 -0.167451030290137E+002 -0.641294526804787E+001
  0.555293302824081E-001  0.109483166420352E+002  0.138275471466537E+001  0.721850251476627E+002 -0.528494551743695E+000  0.345661938580297E+001  0.683944703478429E+002 -0.167451030290137E+002 -0.700225150994226E+001
  0.555293302824081E-001  0.109215247149453E+002  0.107752785019128E+002  0.680722604013166E+002 -0.690201067926774E+000  0.441231879103761E+001  0.390945423609734E+002 -0.167451030290137E+002 -0.698885554639732E+001
  0.555293302824081E-001  0.979574040030407E+001 -0.690258866697425E+001  0.642256181580908E+002 -0.818777049188600E+000  0.556596268326391E+001  0.509938319808350E+002 -0.167451030290137E+002 -0.642596338907671E+001
  0.555293302824081E-001  0.108498147329454E+002  0.168565881567105E+002  0.735885074658246E+002 -0.555654019125040E+000  0.363506761765999E+001  0.632277488964542E+002 -0.167451030290137E+002 -0.695300055539738E+001
  0.555293302824081E-001  0.108178196493093E+002  0.176470744464866E+002  0.692532940569976E+002 -0.788973381702872E+000  0.538967931105203E+001  0.501041873965563E+002 -0.167451030290137E+002 -0.693700301357932E+001
  0.555293302824081E-001  0.108060714291027E+002 -0.278919465530885E+001  0.679143710833398E+002 -0.653526023857395E+000  0.477202713085523E+001  0.857221326055187E+002 -0.167451030290137E+002 -0.693112890347603E+001
  0.555293302824081E-001  0.108058467779680E+002 -0.891175874371639E+001  0.642291970295157E+002 -0.702508140748220E+000  0.473228713612459E+001  0.621362715049904E+002 -0.167451030290137E+002 -0.693101657790866E+001
  0.555293302824081E-001  0.107807843257186E+002 -0.356860006032982E+001  0.673725056982728E+002 -0.941319574593473E+000  0.731011635652602E+001  0.823323804275263E+002 -0.167451030290137E+002 -0.691848535178398E+001
  0.555293302824081E-001  0.107331094884020E+002 -0.150062564546957E+002  0.733003982296175E+002 -0.611241386295381E+000  0.490696989516384E+001  0.875441305987013E+002 -0.167451030290137E+002 -0.689464793312566E+001
  0.555293302824081E-001  0.107085526378372E+002 -0.148777520256343E+002  0.699095580519294E+002 -0.548014074144114E+000  0.434430038649637E+001  0.955935903933241E+002 -0.167451030290137E+002 -0.688236950784327E+001
  0.555293302824081E-001  0.979692783395465E+001  0.150953411068625E+002  0.741819024537939E+002 -0.827884969917288E+000  0.610884629273484E+001  0.732508170673906E+002 -0.167451030290137E+002 -0.642655710590199E+001
  0.555293302824081E-001  0.106969721356934E+002  0.130723140342753E+002  0.614724592978973E+002 -0.800890994209775E+000  0.593334009123030E+001  0.645831577047351E+002 -0.167451030290137E+002 -0.687657925677139E+001
  0.555293302824081E-001  0.106838399770682E+002 -0.154614835250632E+002  0.617880165982076E+002 -0.714772875886770E+000  0.520794384105662E+001  0.651749463971944E+002 -0.167451030290137E+002 -0.687001317745876E+001
  0.555293302824081E-001  0.106581550208027E+002  0.609784081025403E+001  0.629130302600951E+002 -0.707436043168835E+000  0.498939804304685E+001  0.521345769143404E+002 -0.167451030290137E+002 -0.685717069932600E+001
  0.555293302824081E-001  0.106451661539240E+002 -0.119027231321742E+002  0.663537749513340E+002 -0.520480107311200E+000  0.268390262814678E+001  0.307729591100289E+002 -0.167451030290137E+002 -0.685067626588667E+001
  0.555293302824081E-001  0.106427535838819E+002  0.147724007656314E+002  0.687918973715837E+002 -0.626484411740803E+000  0.453637491274559E+001  0.575190031605482E+002 -0.167451030290137E+002 -0.684946998086561E+001
  0.555293302824081E-001  0.981581158261261E+001  0.143852781572330E+002  0.711367511906071E+002 -0.552228712512535E+000  0.294501181059486E+001  0.312462151328460E+002 -0.167451030290137E+002 -0.643599898023097E+001
  0.555293302824081E-001  0.106062176662059E+002  0.527972373248043E+001  0.736571862419580E+002 -0.585750464498141E+000  0.265001910158659E+001  0.290272281624414E+002 -0.167451030290137E+002 -0.683120202202763E+001
  0.555293302824081E-001  0.105455911136151E+002 -0.168756583090557E+002  0.665090608891203E+002 -0.696802799452254E+000  0.532262302871061E+001  0.893358722328491E+002 -0.167451030290137E+002 -0.680088874573221E+001
  0.555293302824081E-001  0.105415093840992E+002 -0.220946208184102E+001  0.736891482335178E+002 -0.724436959602545E+000  0.417671545638368E+001  0.342857578558078E+002 -0.167451030290137E+002 -0.679884788097425E+001
  0.555293302824081E-001  0.105349797026557E+002 -0.122049200913913E+002  0.663243604311647E+002 -0.530758722744976E+000  0.293197645537164E+001  0.408387619949048E+002 -0.167451030290137E+002 -0.679558304025250E+001
  0.555293302824081E-001  0.105030389746453E+002  0.322037983444478E+000  0.749452760091470E+002 -0.636156391913027E+000  0.487513265069105E+001  0.924613244790267E+002 -0.167451030290137E+002 -0.677961267624732E+001
  0.555293302824081E-001  0.104929794428994E+002  0.119811906081100E+001  0.682769846370253E+002 -0.662775571813443E+000  0.474482837520936E+001  0.541569906988852E+002 -0.167451030290137E+002 -0.677458291037438E+001
  0.555293302824081E-001  0.982274356785512E+001  0.535709217991024E+001  0.617281841778407E+002 -0.621253812366774E+000  0.288076522457050E+001  0.173703683654321E+002 -0.167451030290137E+002 -0.643946497285223E+001
  0.555293302824081E-001  0.104474632672562E+002 -0.308818640330215E+001  0.654394155895623E+002 -0.569483466534841E+000  0.338060434208791E+001  0.484221753018755E+002 -0.167451030290137E+002 -0.675182482255279E+001
  0.555293302824081E-001  0.985351416918722E+001 -0.670908446065800E+001  0.642801453712666E+002 -0.785181075705431E+000  0.648573222816274E+001  0.979166432389300E+002 -0.167451030290137E+002 -0.645485027351828E+001
  0.555293302824081E-001  0.986630273041425E+001  0.111834981188934E+001  0.700393890009619E+002 -0.555317720504913E+000  0.249713799370466E+001  0.166448467968794E+002 -0.167451030290137E+002 -0.646124455413180E+001
  0.555293302824081E-001  0.103671916552812E+002  0.728085249083016E+001  0.629516969802742E+002 -0.823274421824864E+000  0.726689627565530E+001  0.977446149122994E+002 -0.167451030290137E+002 -0.671168901656527E+001
  0.555293302824081E-001  0.103638323987455E+002  0.154485217855610E+002  0.688612570850558E+002 -0.743582991965267E+000  0.658098918092456E+001  0.944127933124145E+002 -0.167451030290137E+002 -0.671000938829744E+001
  0.555293302824081E-001  0.103496996645377E+002  0.136139787781583E+002  0.682285267419298E+002 -0.854993435558469E+000  0.521185197947378E+001  0.447811426715573E+002 -0.167451030290137E+002 -0.670294302119353E+001
  0.555293302824081E-001  0.103395509649012E+002  0.156562818641688E+002  0.680160903193524E+002 -0.611407593707378E+000  0.531317365939010E+001  0.981357986171159E+002 -0.167451030290137E+002 -0.669786867137527E+001
  0.555293302824081E-001  0.103071138359344E+002  0.193959393647280E+002  0.686761201790653E+002 -0.546773268454863E+000  0.340470511530834E+001  0.631238744914291E+002 -0.167451030290137E+002 -0.668165010689189E+001
  0.555293302824081E-001  0.102858485369978E+002  0.390330228295040E+001  0.656760941557319E+002 -0.650975263993398E+000  0.501183888110949E+001  0.669192223099921E+002 -0.167451030290137E+002 -0.667101745742359E+001
  0.555293302824081E-001  0.987062202007259E+001 -0.138788885769257E+002  0.722928053902668E+002 -0.624201731285320E+000  0.440500643476142E+001  0.806767303209492E+002 -0.167451030290137E+002 -0.646340419896097E+001
  0.555293302824081E-001  0.101463327084479E+002 -0.139247274107189E+002  0.635917321722715E+002 -0.726475860278669E+000  0.549148440951939E+001  0.780021022634609E+002 -0.167451030290137E+002 -0.660125954314863E+001
  0.555293302824081E-001  0.987783468841550E+001  0.135107492598751E+002  0.731164975125147E+002 -0.635903733447185E+000  0.436344741453647E+001  0.563343724526014E+002 -0.167451030290137E+002 -0.646701053313242E+001
  0.555293302824081E-001  0.100629579534978E+002  0.748407914798726E+001  0.708763339883146E+002 -0.668571459615083E+000  0.351549939386861E+001  0.241676578016950E+002 -0.167451030290137E+002 -0.655957216567359E+001
  0.555293302824081E-001  0.100033515005852E+002 -0.742943139116666E+001  0.643368185494388E+002 -0.808370636582219E+000  0.626098681886135E+001  0.839549898226275E+002 -0.167451030290137E+002 -0.652976893921725E+001
  0.555293302824081E-001  0.998716655101709E+001  0.904104288578924E+001  0.661707066399922E+002 -0.506962422516660E+000  0.194198717948208E+001  0.117449059260529E+002 -0.167451030290137E+002 -0.652167646443321E+001
  0.555293302824081E-001  0.996450199510338E+001 -0.134474451669829E+002  0.673340703405095E+002 -0.622747355055001E+000  0.439006389188739E+001  0.544671638469772E+002 -0.167451030290137E+002 -0.651034418647636E+001
  0.555293302824081E-001  0.994696069549879E+001  0.975541095888042E+001  0.663782738617064E+002 -0.625749359940032E+000  0.350324487072181E+001  0.426596947320778E+002 -0.167451030290137E+002 -0.650157353667407E+001
  0.555293302824081E-001  0.994288592682317E+001 -0.228126628105828E+001  0.661657171518155E+002 -0.863922117625355E+000  0.587406383051927E+001  0.598608542352538E+002 -0.167451030290137E+002 -0.649953615233625E+001
  0.555293302824081E-001  0.117822407367807E+002 -0.183245113815158E+002  0.727917091307543E+002 -0.716168691325589E+000  0.445402277606781E+001  0.524007947588292E+002 -0.167451030290137E+002 -0.589112036839035E+001
  0.555293302824081E-001  0.111775277476689E+002 -0.164324354434364E+002  0.716748070799672E+002 -0.607895514621676E+000  0.370260032930873E+001  0.483003211684545E+002 -0.167451030290137E+002 -0.558876387383447E+001
  0.555293302824081E-001  0.107128603500018E+002 -0.180921867789791E+002  0.708870208719904E+002 -0.753219472813540E+000  0.415543739500337E+001  0.341130721469423E+002 -0.167451030290137E+002 -0.535643017500089E+001
  0.555293302824081E-001  0.105502838831920E+002 -0.163772890558272E+002  0.685223921991583E+002 -0.695164148150367E+000  0.417897015628293E+001  0.461589085203562E+002 -0.167451030290137E+002 -0.527514194159602E+001
  0.555293302824081E-001  0.102860672031471E+002 -0.172489944237023E+002  0.686665816352504E+002 -0.663832960181683E+000  0.387696952207611E+001  0.347245451776749E+002 -0.167451030290137E+002 -0.514303360157355E+001
  0.555293302824081E-001  0.102409577169288E+002 -0.133647351272549E+002  0.700027888079898E+002 -0.648175759368929E+000  0.312758857305825E+001  0.264397011204393E+002 -0.167451030290137E+002 -0.512047885846439E+001
  0.555293302824081E-001  0.102228512116132E+002 -0.173919500481379E+002  0.677559748212317E+002 -0.576346632037618E+000  0.217879858263013E+001  0.133412752866215E+002 -0.167451030290137E+002 -0.511142560580660E+001
  0.555293302824081E-001  0.101834844917666E+002 -0.159234055637183E+002  0.711225518616309E+002 -0.628977916438773E+000  0.300786368001595E+001  0.256497570973125E+002 -0.167451030290137E+002 -0.509174224588330E+001
  0.555293302824081E-001  0.100433008290719E+002 -0.166234203446496E+002  0.677151395790925E+002 -0.678672329216695E+000  0.405815882093226E+001  0.370138503982293E+002 -0.167451030290137E+002 -0.502165041453593E+001
  0.555293302824081E-001  0.973246100278087E+001 -0.129069092149837E+002  0.681321711925340E+002 -0.589190923245178E+000  0.250482467943870E+001  0.155208550461043E+002 -0.167451030290137E+002 -0.486623050139043E+001
  0.555293302824081E-001  0.936204061848326E+001 -0.185867642044996E+002  0.687513172151342E+002 -0.582075745847527E+000  0.209337826565124E+001  0.103838711177611E+002 -0.167451030290137E+002 -0.468102030924163E+001
