  0.167749881353810E+000  0.164131690790683E+002  0.113805589462387E+002  0.576574912080503E+002 -0.366204471554085E+000  0.391925113079910E+000 -0.107536384819057E+002 -0.850168414518789E+001
  0.167749881353810E+000  0.158179279560675E+002  0.186118756365742E+002  0.401821894130634E+002 -0.389777631657593E+000  0.420780370544232E+000 -0.107536384819057E+002 -0.820406358368750E+001
  0.167749881353810E+000  0.148918285141672E+002  0.138668440266181E+002  0.559547103479657E+002 -0.257970107063588E+000  0.360671164998458E+000 -0.107536384819057E+002 -0.774101386273734E+001
  0.167749881353810E+000  0.145393730444466E+002  0.144103840048463E+002  0.550250060436733E+002 -0.352780992944143E+000  0.406050552086348E+000 -0.107536384819057E+002 -0.756478612787705E+001
  0.167749881353810E+000  0.142934089054169E+002  0.174297314214271E+002  0.578006980646890E+002 -0.347606676518359E+000  0.383417532822544E+000 -0.107536384819057E+002 -0.744180405836218E+001
  0.167749881353810E+000  0.138903629738601E+002  0.155140105107453E+002  0.490486020022221E+002 -0.291358491717476E+000  0.379952993066902E+000 -0.107536384819057E+002 -0.724028109258378E+001
  0.167749881353810E+000  0.136840112046924E+002  0.187677909446492E+002  0.400441182190409E+002 -0.371655468597857E+000  0.412081530360785E+000 -0.107536384819057E+002 -0.713710520799994E+001
  0.167749881353810E+000  0.134094977907209E+002  0.119216526085250E+002  0.487280438628116E+002 -0.309440742572768E+000  0.367564696908217E+000 -0.107536384819057E+002 -0.699984850101420E+001
  0.167749881353810E+000  0.132523481962866E+002  0.187182985673298E+002  0.460962811908753E+002 -0.363568516609843E+000  0.393819761350277E+000 -0.107536384819057E+002 -0.692127370379706E+001
  0.167749881353810E+000  0.130089943513859E+002  0.107301324107066E+002  0.424849518212142E+002 -0.357809295317259E+000  0.406260453757711E+000 -0.107536384819057E+002 -0.679959678134668E+001
  0.167749881353810E+000  0.123068045139590E+002  0.144715765974845E+002  0.508540930689481E+002 -0.292400172779667E+000  0.377769477840546E+000 -0.107536384819057E+002 -0.644850186263327E+001
  0.167749881353810E+000  0.123051815461043E+002  0.150346688884123E+002  0.477692934905673E+002 -0.339375399298647E+000  0.381559750608085E+000 -0.107536384819057E+002 -0.644769037870592E+001
  0.167749881353810E+000  0.117279952324389E+002  0.121286177701915E+002  0.447053499232371E+002 -0.374930700132830E+000  0.405551310117324E+000 -0.107536384819057E+002 -0.615909722187319E+001
  0.167749881353810E+000  0.114928272895876E+002  0.118007610287967E+002  0.438817235287348E+002 -0.297474306675406E+000  0.367383513762035E+000 -0.107536384819057E+002 -0.604151325044757E+001
  0.167749881353810E+000  0.113693058331762E+002  0.194952813191407E+002  0.512845361943603E+002 -0.354245520795320E+000  0.391026534937614E+000 -0.107536384819057E+002 -0.597975252224187E+001
  0.167749881353810E+000  0.113352231768459E+002  0.154312840301393E+002  0.507038161139873E+002 -0.334363696840400E+000  0.380564226996691E+000 -0.107536384819057E+002 -0.596271119407672E+001
  0.167749881353810E+000  0.112644944126415E+002  0.168868220511072E+002  0.501916864311578E+002 -0.300183115712053E+000  0.368487264336647E+000 -0.107536384819057E+002 -0.592734681197451E+001
  0.167749881353810E+000  0.112100928876137E+002  0.897846923798508E+001  0.527303542454689E+002 -0.313235888725248E+000  0.385721533155911E+000 -0.107536384819057E+002 -0.590014604946061E+001
  0.167749881353810E+000  0.111332556444170E+002  0.103351329873214E+002  0.597317981689781E+002 -0.369196490736570E+000  0.402374003668523E+000 -0.107536384819057E+002 -0.586172742786225E+001
  0.167749881353810E+000  0.110766515967798E+002  0.141281073909607E+002  0.545401227623294E+002 -0.360695599271970E+000  0.395731075569653E+000 -0.107536384819057E+002 -0.583342540404363E+001
  0.167749881353810E+000  0.108975153092324E+002  0.158288319658997E+002  0.423429911544630E+002 -0.297354947959673E+000  0.376950070840875E+000 -0.107536384819057E+002 -0.574385726026996E+001
  0.167749881353810E+000  0.108783275979665E+002  0.127647469202049E+002  0.524489345835009E+002 -0.352750745625747E+000  0.401113262199281E+000 -0.107536384819057E+002 -0.573426340463699E+001
  0.167749881353810E+000  0.108289602505529E+002  0.136334056563079E+002  0.439894906170482E+002 -0.367488326017593E+000  0.402564628847573E+000 -0.107536384819057E+002 -0.570957973093019E+001
  0.167749881353810E+000  0.106099755531025E+002  0.187970027368907E+002  0.420131707882932E+002 -0.294927175915835E+000  0.370413680907732E+000 -0.107536384819057E+002 -0.560008738220501E+001
  0.167749881353810E+000  0.104371296331604E+002  0.105777209328086E+002  0.570011591144120E+002 -0.363357091356452E+000  0.400694157131426E+000 -0.107536384819057E+002 -0.551366442223394E+001
  0.167749881353810E+000  0.103092045169467E+002  0.115462782953264E+002  0.461935031980488E+002 -0.298802178838724E+000  0.371857885012519E+000 -0.107536384819057E+002 -0.544970186412711E+001
  0.167749881353810E+000  0.102125918407873E+002  0.687177213599331E+001  0.445195093920848E+002 -0.315838606200965E+000  0.375273873599721E+000 -0.107536384819057E+002 -0.540139552604741E+001
  0.167749881353810E+000  0.101652838686492E+002  0.147872759182353E+002  0.476378061605848E+002 -0.347225996994339E+000  0.397610210800577E+000 -0.107536384819057E+002 -0.537774153997834E+001
  0.167749881353810E+000  0.101445339034723E+002  0.675032772910414E+001  0.511564582296313E+002 -0.331312650461878E+000  0.391503876506107E+000 -0.107536384819057E+002 -0.536736655738991E+001
  0.167749881353810E+000  0.101343269293103E+002  0.135838775901186E+002  0.482665549374733E+002 -0.313452134317777E+000  0.374758760882397E+000 -0.107536384819057E+002 -0.536226307030889E+001
  0.167749881353810E+000  0.100517613358610E+002  0.138201763737443E+002  0.551028405520158E+002 -0.357930019102254E+000  0.399659203320298E+000 -0.107536384819057E+002 -0.532098027358428E+001
  0.167749881353810E+000  0.100446600525333E+002  0.184286975413312E+002  0.400116629121435E+002 -0.356523751428980E+000  0.399643837611170E+000 -0.107536384819057E+002 -0.531742963192039E+001
  0.167749881353810E+000  0.999166936893383E+001  0.120009406517185E+002  0.520848283388288E+002 -0.314281025882709E+000  0.375424953071171E+000 -0.107536384819057E+002 -0.529093429012067E+001
  0.167749881353810E+000  0.992030252881688E+001  0.166978838461429E+002  0.458738966795469E+002 -0.308661737069641E+000  0.380129636723598E+000 -0.107536384819057E+002 -0.525525087006220E+001
  0.167749881353810E+000  0.982242724958646E+001  0.518921814829131E+001  0.460391910570741E+002 -0.352370346393535E+000  0.397890741547647E+000 -0.107536384819057E+002 -0.520631323044698E+001
  0.167749881353810E+000  0.980817086965317E+001  0.150421401808468E+002  0.539461594571216E+002 -0.334884078882283E+000  0.383899824222093E+000 -0.107536384819057E+002 -0.519918504048034E+001
  0.167749881353810E+000  0.976931895679739E+001  0.943188395831785E+001  0.524756682551169E+002 -0.326214587083244E+000  0.380205982462083E+000 -0.107536384819057E+002 -0.517975908405245E+001
  0.167749881353810E+000  0.976836493083140E+001  0.151752116529485E+002  0.416565408108256E+002 -0.306757090948251E+000  0.375133470232722E+000 -0.107536384819057E+002 -0.517928207106945E+001
  0.167749881353810E+000  0.976650587381198E+001  0.725352354244425E+001  0.481551214810813E+002 -0.309619611316139E+000  0.379987855941960E+000 -0.107536384819057E+002 -0.517835254255974E+001
  0.167749881353810E+000  0.972366846975657E+001  0.447466509308772E+001  0.512113890509206E+002 -0.350515390864945E+000  0.397038050153272E+000 -0.107536384819057E+002 -0.515693384053204E+001
  0.167749881353810E+000  0.971172708620669E+001  0.152223493935815E+002  0.515051596389239E+002 -0.353557014183768E+000  0.396746162009577E+000 -0.107536384819057E+002 -0.515096314875710E+001
  0.167749881353810E+000  0.967924093100952E+001  0.158257851077559E+002  0.517685872892508E+002 -0.310135518887238E+000  0.375813569599126E+000 -0.107536384819057E+002 -0.513472007115851E+001
  0.167749881353810E+000  0.962342819320450E+001  0.114493325823058E+002  0.406917878699132E+002 -0.316067440313904E+000  0.377239919441248E+000 -0.107536384819057E+002 -0.510681370225600E+001
  0.167749881353810E+000  0.954067445496143E+001  0.190312919732824E+002  0.453180271905977E+002 -0.313789680543169E+000  0.381368826267433E+000 -0.107536384819057E+002 -0.506543683313447E+001
  0.167749881353810E+000  0.953005461017007E+001  0.936439979539232E+001  0.420701988267137E+002 -0.310535184771188E+000  0.378845216764720E+000 -0.107536384819057E+002 -0.506012691073879E+001
  0.167749881353810E+000  0.949017710585928E+001  0.125708330687238E+002  0.552932323772410E+002 -0.348660401306929E+000  0.395148083433408E+000 -0.107536384819057E+002 -0.504018815858339E+001
  0.167749881353810E+000  0.945720107239227E+001  0.128242062189780E+002  0.541906372988160E+002 -0.319286817509210E+000  0.378863513975791E+000 -0.107536384819057E+002 -0.502370014184989E+001
  0.167749881353810E+000  0.944410004916990E+001  0.190255994656618E+002  0.403968391833897E+002 -0.326664660946739E+000  0.387549829574565E+000 -0.107536384819057E+002 -0.501714963023870E+001
  0.167749881353810E+000  0.943576763085554E+001  0.166681388816001E+002  0.558953984458173E+002 -0.341556624881102E+000  0.388647061679677E+000 -0.107536384819057E+002 -0.501298342108152E+001
  0.167749881353810E+000  0.942017229572581E+001  0.146543143966289E+002  0.565620761977686E+002 -0.347198008858668E+000  0.392682081575236E+000 -0.107536384819057E+002 -0.500518575351666E+001
  0.167749881353810E+000  0.940718657818169E+001  0.188609032624411E+002  0.487603421577337E+002 -0.346042543010454E+000  0.394243350283089E+000 -0.107536384819057E+002 -0.499869289474460E+001
  0.167749881353810E+000  0.938053571073234E+001  0.163390996678199E+002  0.503475641138018E+002 -0.314261540521417E+000  0.380423557675909E+000 -0.107536384819057E+002 -0.498536746101992E+001
  0.167749881353810E+000  0.935397024725723E+001  0.184763005218458E+002  0.500409276359993E+002 -0.329186702970104E+000  0.388300121990492E+000 -0.107536384819057E+002 -0.497208472928237E+001
  0.167749881353810E+000  0.925797438343481E+001  0.166220104512134E+002  0.504571279330282E+002 -0.341326500613338E+000  0.389573006020215E+000 -0.107536384819057E+002 -0.492408679737116E+001
  0.167749881353810E+000  0.925695145782927E+001  0.137600249385852E+002  0.408492405934528E+002 -0.336001605664979E+000  0.390569728217756E+000 -0.107536384819057E+002 -0.492357533456839E+001
  0.167749881353810E+000  0.925632374381682E+001  0.766710711982250E+001  0.416670816764621E+002 -0.319641632832097E+000  0.383054141485087E+000 -0.107536384819057E+002 -0.492326147756216E+001
  0.167749881353810E+000  0.920980270766159E+001  0.164274981277203E+002  0.403098869196931E+002 -0.334955230644799E+000  0.389923125654295E+000 -0.107536384819057E+002 -0.490000095948455E+001
  0.167749881353810E+000  0.912995371784732E+001  0.916012493108247E+001  0.568226534632590E+002 -0.326632719918274E+000  0.383111112766736E+000 -0.107536384819057E+002 -0.486007646457741E+001
  0.167749881353810E+000  0.962652842383661E+001  0.426676474594376E+001  0.609289702030576E+002 -0.329358431593318E+000  0.385322136994095E+000 -0.107536384819057E+002 -0.481326421191831E+001
