  0.697318006862102E+000  0.163814361630972E+002 -0.126503519410558E+002  0.514596234647878E+002 -0.265518552557552E+000  0.354470508860084E+000 -0.107536384819057E+002 -0.819071808154861E+001
  0.697318006862102E+000  0.164185285316717E+002  0.189246801491584E+002  0.678531425801868E+002 -0.357202163306751E+000  0.387161937364350E+000 -0.107536384819057E+002 -0.820926426583583E+001
  0.697318006862102E+000  0.165031989782760E+002 -0.656697492983277E+000  0.483271556986803E+002 -0.268491427774229E+000  0.371991191747898E+000 -0.107536384819057E+002 -0.825159948913799E+001
  0.697318006862102E+000  0.168048401214126E+002  0.109751772860479E+001  0.577918790079334E+002 -0.295481833710904E+000  0.359705830483411E+000 -0.107536384819057E+002 -0.840242006070632E+001
  0.697318006862102E+000  0.169703748306222E+002 -0.372099294033494E+001  0.894354233058968E+002 -0.377086560967695E+000  0.398907202197432E+000 -0.107536384819057E+002 -0.848518741531108E+001
  0.697318006862102E+000  0.202179723189148E+002 -0.112362237118875E+002  0.775925704992656E+002 -0.251121219896789E+000  0.347241418356305E+000 -0.107536384819057E+002 -0.101089861594574E+002
  0.697318006862102E+000  0.193309483486003E+002  0.472130009605835E+001  0.631722064009751E+002 -0.307938629659871E+000  0.391916950608808E+000 -0.107536384819057E+002 -0.966547417430017E+001
  0.697318006862102E+000  0.174150458965972E+002 -0.140692741542052E+002  0.708990483466675E+002 -0.249687512480357E+000  0.362258175736210E+000 -0.107536384819057E+002 -0.870752294829862E+001
  0.697318006862102E+000  0.174717590467168E+002 -0.107118954708650E+002  0.933323625232644E+002 -0.373802557269898E+000  0.396251127396497E+000 -0.107536384819057E+002 -0.873587952335838E+001
  0.697318006862102E+000  0.160255948970842E+002  0.190656480517102E+001  0.624890708255531E+002 -0.290615714391064E+000  0.381648504966274E+000 -0.107536384819057E+002 -0.801279744854209E+001
  0.697318006862102E+000  0.158632762031412E+002  0.412447369353159E+001  0.568691993008078E+002 -0.357939195688135E+000  0.408767812439318E+000 -0.107536384819057E+002 -0.793163810157058E+001
  0.697318006862102E+000  0.156660436377607E+002 -0.140953556307429E+002  0.666102711005524E+002 -0.266625648680057E+000  0.369344025685120E+000 -0.107536384819057E+002 -0.783302181888037E+001
  0.697318006862102E+000  0.155777601047563E+002 -0.189472316446185E+002  0.742168297787472E+002 -0.265997629506041E+000  0.368753894805832E+000 -0.107536384819057E+002 -0.778888005237814E+001
  0.697318006862102E+000  0.154857179332367E+002 -0.647832764662656E+001  0.543814009703326E+002 -0.265430233326309E+000  0.356502323399043E+000 -0.107536384819057E+002 -0.774285896661837E+001
  0.697318006862102E+000  0.150846796191673E+002  0.141119538161110E+002  0.985560959350999E+002 -0.260820397052540E+000  0.359836512144613E+000 -0.107536384819057E+002 -0.754233980958367E+001
  0.697318006862102E+000  0.149355188642745E+002 -0.174703344706356E+002  0.514531551100363E+002 -0.288438500297724E+000  0.360207678546759E+000 -0.107536384819057E+002 -0.746775943213724E+001
  0.697318006862102E+000  0.148959429694388E+002 -0.138870841453611E+002  0.780495828163648E+002 -0.305338236635264E+000  0.365040191151614E+000 -0.107536384819057E+002 -0.744797148471938E+001
  0.697318006862102E+000  0.148199634208324E+002  0.158204006184997E+002  0.998611530004236E+002 -0.340227430134248E+000  0.400804808486267E+000 -0.107536384819057E+002 -0.740998171041619E+001
  0.697318006862102E+000  0.147528097498298E+002 -0.954104319415240E+001  0.717962967275211E+002 -0.356911474691850E+000  0.388714582493920E+000 -0.107536384819057E+002 -0.737640487491492E+001
  0.697318006862102E+000  0.146462926934040E+002  0.974399299298433E+001  0.733195709682271E+002 -0.306924297097025E+000  0.387018984492338E+000 -0.107536384819057E+002 -0.732314634670201E+001
  0.697318006862102E+000  0.145714900570023E+002 -0.137278597298497E+001  0.461812692527078E+002 -0.303010355679694E+000  0.364693574414288E+000 -0.107536384819057E+002 -0.728574502850117E+001
  0.697318006862102E+000  0.144831035547472E+002 -0.306561978311044E+001  0.591776192297600E+002 -0.277057439705550E+000  0.372810872200691E+000 -0.107536384819057E+002 -0.724155177737361E+001
  0.697318006862102E+000  0.143725605758811E+002 -0.180826339936281E+002  0.674454681791439E+002 -0.376814166143802E+000  0.413905233683725E+000 -0.107536384819057E+002 -0.718628028794054E+001
  0.697318006862102E+000  0.143425925536289E+002 -0.108649825023526E+002  0.478021852843372E+002 -0.367769183579086E+000  0.395826538595996E+000 -0.107536384819057E+002 -0.717129627681445E+001
  0.697318006862102E+000  0.141307865807151E+002 -0.605247866133760E+001  0.758290855016602E+002 -0.270201411655584E+000  0.360337780397590E+000 -0.107536384819057E+002 -0.706539329035753E+001
  0.697318006862102E+000  0.140556556207056E+002  0.101625725227921E+002  0.992502099974743E+002 -0.383892026915134E+000  0.408227165475266E+000 -0.107536384819057E+002 -0.702782781035279E+001
  0.697318006862102E+000  0.140230804552001E+002 -0.438981129647726E+000  0.626262400172690E+002 -0.386153222959551E+000  0.410603440533517E+000 -0.107536384819057E+002 -0.701154022760003E+001
  0.697318006862102E+000  0.140131953325680E+002 -0.324259434285654E+000  0.930579570815989E+002 -0.336524228758866E+000  0.378776520503656E+000 -0.107536384819057E+002 -0.700659766628398E+001
  0.697318006862102E+000  0.139555980034077E+002  0.709525921391542E+001  0.952862705522826E+002 -0.376910765678142E+000  0.402723442230315E+000 -0.107536384819057E+002 -0.697779900170386E+001
  0.697318006862102E+000  0.138379492525443E+002  0.695643528614400E+001  0.673356921787803E+002 -0.386841987477047E+000  0.413315991811669E+000 -0.107536384819057E+002 -0.691897462627217E+001
  0.697318006862102E+000  0.138202023499686E+002 -0.309772456601842E+001  0.969495882239345E+002 -0.332780517292358E+000  0.396759273887830E+000 -0.107536384819057E+002 -0.691010117498428E+001
  0.697318006862102E+000  0.138008675759046E+002 -0.279313318642510E+001  0.869419467317873E+002 -0.386149927253307E+000  0.411762143458905E+000 -0.107536384819057E+002 -0.690043378795233E+001
  0.697318006862102E+000  0.135479201416570E+002 -0.354050027317374E+001  0.661623226699302E+002 -0.381568789311962E+000  0.407483802215266E+000 -0.107536384819057E+002 -0.677396007082849E+001
  0.697318006862102E+000  0.135090176938821E+002 -0.918750234284685E+001  0.870425653270613E+002 -0.384570938673508E+000  0.411499908568222E+000 -0.107536384819057E+002 -0.675450884694103E+001
  0.697318006862102E+000  0.134055165571891E+002 -0.149948493983943E+002  0.624478056112694E+002 -0.347845579892358E+000  0.402239696693629E+000 -0.107536384819057E+002 -0.670275827859454E+001
  0.697318006862102E+000  0.133963862665142E+002 -0.146294566228292E+001  0.941164107302015E+002 -0.282496826654049E+000  0.362092211573777E+000 -0.107536384819057E+002 -0.669819313325709E+001
  0.697318006862102E+000  0.133690703082094E+002  0.118287527286437E+002  0.932238980349625E+002 -0.329336504407601E+000  0.376234370614069E+000 -0.107536384819057E+002 -0.668453515410472E+001
  0.697318006862102E+000  0.133453555651426E+002  0.599215704967489E+001  0.823791430616865E+002 -0.310225190007844E+000  0.368728082780735E+000 -0.107536384819057E+002 -0.667267778257129E+001
  0.697318006862102E+000  0.132918335418769E+002  0.107190595692630E+002  0.876352168009061E+002 -0.316240141642040E+000  0.370961496067039E+000 -0.107536384819057E+002 -0.664591677093846E+001
  0.697318006862102E+000  0.132812904857057E+002  0.480794380815929E+000  0.527656976058596E+002 -0.325191260800842E+000  0.393027830906569E+000 -0.107536384819057E+002 -0.664064524285283E+001
  0.697318006862102E+000  0.132357207243746E+002 -0.148937747856175E+002  0.841336432209315E+002 -0.376432229879170E+000  0.403806461575710E+000 -0.107536384819057E+002 -0.661786036218729E+001
  0.697318006862102E+000  0.129586333582730E+002  0.367584837962097E+001  0.851557969611198E+002 -0.380482195524057E+000  0.408964663948791E+000 -0.107536384819057E+002 -0.647931667913651E+001
  0.697318006862102E+000  0.128208187016541E+002  0.635330448834332E+001  0.897199119054224E+002 -0.335267466018966E+000  0.379672641214578E+000 -0.107536384819057E+002 -0.641040935082705E+001
  0.697318006862102E+000  0.127587845334691E+002 -0.173545653531873E+002  0.818351882768054E+002 -0.278554831348133E+000  0.365172130135665E+000 -0.107536384819057E+002 -0.637939226673457E+001
  0.697318006862102E+000  0.127048024501121E+002 -0.504650403270169E+001  0.414605225376925E+002 -0.282711360605414E+000  0.371512892384557E+000 -0.107536384819057E+002 -0.635240122505605E+001
  0.697318006862102E+000  0.126805835398073E+002  0.422284471010121E+001  0.419871100979615E+002 -0.315258007108722E+000  0.371477888194272E+000 -0.107536384819057E+002 -0.634029176990363E+001
  0.697318006862102E+000  0.126193739495305E+002 -0.151292632718886E+002  0.620430129089599E+002 -0.289737277003801E+000  0.375711548344561E+000 -0.107536384819057E+002 -0.630968697476523E+001
  0.697318006862102E+000  0.126079964877493E+002 -0.117835204861332E+002  0.951723709382464E+002 -0.292143539214629E+000  0.377013762036936E+000 -0.107536384819057E+002 -0.630399824387466E+001
  0.697318006862102E+000  0.125474857421854E+002  0.138987672657376E+002  0.640607690189210E+002 -0.349055224846760E+000  0.401575413654155E+000 -0.107536384819057E+002 -0.627374287109270E+001
  0.697318006862102E+000  0.123559434409338E+002 -0.112698867037007E+001  0.440323341153297E+002 -0.322622386404147E+000  0.374790455407185E+000 -0.107536384819057E+002 -0.617797172046690E+001
  0.697318006862102E+000  0.122481345599135E+002  0.532949907500357E+001  0.575138566843896E+002 -0.327273626516541E+000  0.376887072859045E+000 -0.107536384819057E+002 -0.612406727995673E+001
  0.697318006862102E+000  0.122434126424522E+002  0.162255862076073E+002  0.718500049316764E+002 -0.292836718793400E+000  0.376511801148387E+000 -0.107536384819057E+002 -0.612170632122608E+001
  0.697318006862102E+000  0.122028649302434E+002 -0.130864533495946E+002  0.786274947882255E+002 -0.362761705075011E+000  0.405841684202030E+000 -0.107536384819057E+002 -0.610143246512170E+001
  0.697318006862102E+000  0.121774017425019E+002 -0.380137944406311E+001  0.862120913891568E+002 -0.289414572592196E+000  0.374255218957034E+000 -0.107536384819057E+002 -0.608870087125096E+001
  0.697318006862102E+000  0.121290471767345E+002  0.172719588880456E+002  0.669677145880968E+002 -0.373818637611136E+000  0.405414812751443E+000 -0.107536384819057E+002 -0.606452358836726E+001
  0.697318006862102E+000  0.121098746730937E+002 -0.105339485667443E+002  0.579285238430468E+002 -0.319712040645473E+000  0.374035070566152E+000 -0.107536384819057E+002 -0.605493733654686E+001
  0.697318006862102E+000  0.121032506008261E+002  0.246317227230268E+001  0.954036095264487E+002 -0.318048708530732E+000  0.388368383333954E+000 -0.107536384819057E+002 -0.605162530041304E+001
  0.697318006862102E+000  0.120925584016068E+002 -0.101425321712492E+002  0.984610596306395E+002 -0.323460466586304E+000  0.390670791647072E+000 -0.107536384819057E+002 -0.604627920080342E+001
  0.697318006862102E+000  0.120839064315379E+002  0.949076707991757E+001  0.999498160346902E+002 -0.352179095264782E+000  0.389594125283770E+000 -0.107536384819057E+002 -0.604195321576895E+001
  0.697318006862102E+000  0.120032379029356E+002  0.936266783289005E+001  0.629248415595256E+002 -0.308074925357955E+000  0.383718803301248E+000 -0.107536384819057E+002 -0.600161895146782E+001
  0.697318006862102E+000  0.119557408550376E+002 -0.142893222762320E+002  0.903783389945223E+002 -0.299017105224565E+000  0.379166782575888E+000 -0.107536384819057E+002 -0.597787042751880E+001
  0.697318006862102E+000  0.119365309284622E+002  0.114869431203522E+002  0.687803922965831E+002 -0.289985129341674E+000  0.373763340908456E+000 -0.107536384819057E+002 -0.596826546423110E+001
  0.697318006862102E+000  0.119321145142378E+002 -0.404490110559759E+001  0.721713245420068E+002 -0.353849229438833E+000  0.402368729709660E+000 -0.107536384819057E+002 -0.596605725711892E+001
  0.697318006862102E+000  0.118877526866198E+002 -0.395188777368700E+001  0.838161447073957E+002 -0.330055082955516E+000  0.393106986365454E+000 -0.107536384819057E+002 -0.594387634330990E+001
  0.697318006862102E+000  0.118608617780491E+002 -0.700887753639075E+001  0.669188217840296E+002 -0.309125510038276E+000  0.383942643695335E+000 -0.107536384819057E+002 -0.593043088902456E+001
  0.697318006862102E+000  0.118521714955669E+002 -0.286404994613735E+001  0.626812670114871E+002 -0.352680831236122E+000  0.390293988882549E+000 -0.107536384819057E+002 -0.592608574778345E+001
  0.697318006862102E+000  0.118240335388883E+002 -0.122552324877984E+002  0.867286151731111E+002 -0.367378398140063E+000  0.400281068875731E+000 -0.107536384819057E+002 -0.591201676944413E+001
  0.697318006862102E+000  0.118122027472887E+002 -0.101176493252995E+002  0.993365133956983E+002 -0.367770457658548E+000  0.400651724103366E+000 -0.107536384819057E+002 -0.590610137364436E+001
  0.697318006862102E+000  0.118111884081754E+002  0.100815077477256E+002  0.707589357948461E+002 -0.365929129856950E+000  0.405789196690503E+000 -0.107536384819057E+002 -0.590559420408770E+001
  0.697318006862102E+000  0.117878117664233E+002 -0.133391836508761E+001  0.765208969187431E+002 -0.366373168133802E+000  0.405810806509778E+000 -0.107536384819057E+002 -0.589390588321164E+001
  0.697318006862102E+000  0.117606378148661E+002  0.932822542827427E+000  0.778181914095584E+002 -0.310172493726921E+000  0.371337629934082E+000 -0.107536384819057E+002 -0.588031890743307E+001
  0.697318006862102E+000  0.117554899454014E+002 -0.818481190969632E+001  0.657868396899173E+002 -0.305613731438485E+000  0.370028814699026E+000 -0.107536384819057E+002 -0.587774497270070E+001
  0.697318006862102E+000  0.117409662473716E+002  0.208150181887174E+001  0.850825459757656E+002 -0.295028604115369E+000  0.376359045345477E+000 -0.107536384819057E+002 -0.587048312368580E+001
  0.697318006862102E+000  0.117222579307628E+002 -0.179874724003574E+002  0.406388028592545E+002 -0.355918647623908E+000  0.392499012928625E+000 -0.107536384819057E+002 -0.586112896538140E+001
  0.697318006862102E+000  0.116957926129889E+002  0.186808419563008E+002  0.799394778713461E+002 -0.362691500569179E+000  0.397058468315915E+000 -0.107536384819057E+002 -0.584789630649447E+001
  0.697318006862102E+000  0.116867887490453E+002  0.168643271650783E+002  0.881580363198931E+002 -0.331164959403307E+000  0.379491272709311E+000 -0.107536384819057E+002 -0.584339437452266E+001
  0.697318006862102E+000  0.116492983233316E+002  0.641167569910451E+001  0.978499446959854E+002 -0.357716291460309E+000  0.393790962309778E+000 -0.107536384819057E+002 -0.582464916166581E+001
  0.697318006862102E+000  0.115547897449275E+002  0.181587475032168E+002  0.795483233069865E+002 -0.289674584365444E+000  0.369771881301117E+000 -0.107536384819057E+002 -0.577739487246376E+001
  0.697318006862102E+000  0.115528299177843E+002 -0.145933216333818E+002  0.925726619770536E+002 -0.300733757900619E+000  0.369374204410829E+000 -0.107536384819057E+002 -0.577641495889213E+001
  0.697318006862102E+000  0.115490550806084E+002 -0.167397504249720E+002  0.540473549127302E+002 -0.299347755123937E+000  0.369132301222849E+000 -0.107536384819057E+002 -0.577452754030421E+001
  0.697318006862102E+000  0.115300870766693E+002 -0.101656437997810E+002  0.501967642085503E+002 -0.344259191729427E+000  0.386166886346651E+000 -0.107536384819057E+002 -0.576504353833465E+001
  0.697318006862102E+000  0.115077803059573E+002 -0.137797771771159E+002  0.908549167597555E+002 -0.299820766137623E+000  0.369333842587970E+000 -0.107536384819057E+002 -0.575389015297865E+001
  0.697318006862102E+000  0.115061053746752E+002  0.144873204273138E+002  0.686736530631039E+002 -0.290106978975580E+000  0.370432850342003E+000 -0.107536384819057E+002 -0.575305268733760E+001
  0.697318006862102E+000  0.114793659309870E+002  0.143505655421063E+002  0.990163402880691E+002 -0.345052964951892E+000  0.386685244817929E+000 -0.107536384819057E+002 -0.573968296549350E+001
  0.697318006862102E+000  0.114664688346200E+002 -0.133332073795343E+002  0.567557589270458E+002 -0.347019257313083E+000  0.387782592367934E+000 -0.107536384819057E+002 -0.573323441731000E+001
  0.697318006862102E+000  0.114268764416561E+002 -0.169497194147934E+002  0.814122709853265E+002 -0.332274747266789E+000  0.393257287770862E+000 -0.107536384819057E+002 -0.571343822082803E+001
  0.697318006862102E+000  0.114262433083397E+002  0.455128661411059E+001  0.948690346232704E+002 -0.298442613697024E+000  0.369377489691090E+000 -0.107536384819057E+002 -0.571312165416983E+001
  0.697318006862102E+000  0.113329562929738E+002 -0.116153225571825E+002  0.596758445951285E+002 -0.341496899132673E+000  0.396748554326570E+000 -0.107536384819057E+002 -0.566647814648690E+001
  0.697318006862102E+000  0.113329212926549E+002 -0.769197903860075E+000  0.469904208221395E+002 -0.336995348116847E+000  0.382835952798617E+000 -0.107536384819057E+002 -0.566646064632746E+001
  0.697318006862102E+000  0.113067540662874E+002  0.874802344173311E+000  0.596905502317278E+002 -0.318516940409481E+000  0.387170679410477E+000 -0.107536384819057E+002 -0.565337703314372E+001
  0.697318006862102E+000  0.112922785780164E+002  0.184453544457416E+002  0.978276298647980E+002 -0.366418245835761E+000  0.402554495287900E+000 -0.107536384819057E+002 -0.564613928900819E+001
  0.697318006862102E+000  0.112751875840197E+002 -0.155609244382273E+002  0.592770374395168E+002 -0.346723380607565E+000  0.387995767931734E+000 -0.107536384819057E+002 -0.563759379200983E+001
  0.697318006862102E+000  0.112542737169520E+002  0.757366457323513E+001  0.708603590247468E+002 -0.325511482965400E+000  0.377844479457591E+000 -0.107536384819057E+002 -0.562713685847599E+001
  0.697318006862102E+000  0.112446658158364E+002 -0.321841364400846E+001  0.427174873145197E+002 -0.339285695097950E+000  0.395729685916950E+000 -0.107536384819057E+002 -0.562233290791822E+001
  0.697318006862102E+000  0.112358206909621E+002 -0.205562680059382E+001  0.450109010908097E+002 -0.364252512676930E+000  0.399978316733279E+000 -0.107536384819057E+002 -0.561791034548106E+001
  0.697318006862102E+000  0.112223405023980E+002  0.704687686107312E+001  0.783358960699890E+002 -0.293568615151644E+000  0.372372569692145E+000 -0.107536384819057E+002 -0.561117025119898E+001
  0.697318006862102E+000  0.112223221687569E+002 -0.154680830980383E+002  0.737305020201063E+002 -0.293990959889374E+000  0.373012511262781E+000 -0.107536384819057E+002 -0.561116108437847E+001
  0.697318006862102E+000  0.111998873684526E+002  0.187498867645273E+002  0.852033224448966E+002 -0.295481408318711E+000  0.370296183098739E+000 -0.107536384819057E+002 -0.559994368422629E+001
  0.697318006862102E+000  0.111961914065400E+002  0.805901814334309E+001  0.721163906898597E+002 -0.312494528175970E+000  0.384163532684763E+000 -0.107536384819057E+002 -0.559809570327000E+001
  0.697318006862102E+000  0.111883311681280E+002  0.140592508483800E+002  0.864521914350061E+002 -0.316802810593280E+000  0.386155441287399E+000 -0.107536384819057E+002 -0.559416558406402E+001
  0.697318006862102E+000  0.111826917813836E+002  0.999887913961064E+000  0.885751291319728E+002 -0.304567231857952E+000  0.371198672123957E+000 -0.107536384819057E+002 -0.559134589069182E+001
  0.697318006862102E+000  0.111641682074793E+002 -0.426406290408302E+001  0.601039561320523E+002 -0.294032375895706E+000  0.371819415572501E+000 -0.107536384819057E+002 -0.558208410373963E+001
  0.697318006862102E+000  0.111226452433769E+002  0.811038572480921E+001  0.927886953595926E+002 -0.301430017130810E+000  0.370830522551175E+000 -0.107536384819057E+002 -0.556132262168845E+001
  0.697318006862102E+000  0.111175962456567E+002 -0.184506882499565E+002  0.822901412268439E+002 -0.311251865024414E+000  0.373074979249840E+000 -0.107536384819057E+002 -0.555879812282835E+001
  0.697318006862102E+000  0.111092321566965E+002  0.739128163786233E+000  0.535589834438885E+002 -0.336535860159624E+000  0.383044590543689E+000 -0.107536384819057E+002 -0.555461607834824E+001
  0.697318006862102E+000  0.110967403094048E+002 -0.766877805331491E+001  0.447424819573817E+002 -0.295883418796566E+000  0.370988336573356E+000 -0.107536384819057E+002 -0.554837015470242E+001
  0.697318006862102E+000  0.110724314152438E+002 -0.111815323124897E+002  0.815299127107455E+002 -0.307666764462708E+000  0.381465619760945E+000 -0.107536384819057E+002 -0.553621570762188E+001
  0.697318006862102E+000  0.110712830884600E+002 -0.458232361362288E+001  0.923971629718014E+002 -0.353989055045726E+000  0.400610911554626E+000 -0.107536384819057E+002 -0.553564154423001E+001
  0.697318006862102E+000  0.110687374591663E+002  0.157323946653095E+002  0.738408572614914E+002 -0.362686970205745E+000  0.399400203066397E+000 -0.107536384819057E+002 -0.553436872958314E+001
  0.697318006862102E+000  0.110169450657959E+002 -0.615861180366334E+000  0.703506648663777E+002 -0.295895095652076E+000  0.372794200143966E+000 -0.107536384819057E+002 -0.550847253289795E+001
  0.697318006862102E+000  0.109696306588946E+002  0.168228401888432E+002  0.592148945607992E+002 -0.333694474578887E+000  0.381983861953486E+000 -0.107536384819057E+002 -0.548481532944728E+001
  0.697318006862102E+000  0.109616661161428E+002 -0.404975422601239E+001  0.847886515718748E+002 -0.335700040895097E+000  0.393765562601600E+000 -0.107536384819057E+002 -0.548083305807140E+001
  0.697318006862102E+000  0.108780643523796E+002 -0.278345772592880E+001  0.745770219177405E+002 -0.346516812284071E+000  0.397667298153337E+000 -0.107536384819057E+002 -0.543903217618979E+001
  0.697318006862102E+000  0.108666130348356E+002 -0.182748221651544E+002  0.569484307268138E+002 -0.319441797310820E+000  0.386652328253986E+000 -0.107536384819057E+002 -0.543330651741780E+001
  0.697318006862102E+000  0.108508313305350E+002  0.181828307254634E+002  0.942113121299995E+002 -0.298389234146882E+000  0.372529835798265E+000 -0.107536384819057E+002 -0.542541566526752E+001
  0.697318006862102E+000  0.108442502695224E+002  0.116048899810845E+002  0.925186955603515E+002 -0.359270030846438E+000  0.397436190227126E+000 -0.107536384819057E+002 -0.542212513476119E+001
  0.697318006862102E+000  0.108173633276784E+002  0.138450728229326E+002  0.759788017814570E+002 -0.332984644455605E+000  0.392370246379549E+000 -0.107536384819057E+002 -0.540868166383922E+001
  0.697318006862102E+000  0.108111941066708E+002 -0.275705573754215E+001  0.491821198858965E+002 -0.301477950464100E+000  0.372206597782433E+000 -0.107536384819057E+002 -0.540559705333539E+001
  0.697318006862102E+000  0.107869088640876E+002  0.184084805079873E+001  0.819602515622914E+002 -0.349994902937338E+000  0.398606718566957E+000 -0.107536384819057E+002 -0.539345443204381E+001
  0.697318006862102E+000  0.107634136511070E+002  0.110209528557399E+002  0.786309144664319E+002 -0.303264111493699E+000  0.377855159971241E+000 -0.107536384819057E+002 -0.538170682555349E+001
  0.697318006862102E+000  0.107151032703812E+002  0.120619052842922E+002  0.650745048860142E+002 -0.305013713348463E+000  0.372923851044447E+000 -0.107536384819057E+002 -0.535755163519062E+001
  0.697318006862102E+000  0.107132835973001E+002  0.192490486090905E+001  0.617792745203576E+002 -0.299931407199316E+000  0.374141526185631E+000 -0.107536384819057E+002 -0.535664179865003E+001
  0.697318006862102E+000  0.107030965801958E+002 -0.103386436381745E+002  0.823818809379003E+002 -0.318442479037119E+000  0.376394996515127E+000 -0.107536384819057E+002 -0.535154829009789E+001
  0.697318006862102E+000  0.106809379864034E+002 -0.135467532819824E+002  0.740568318504794E+002 -0.302530129079289E+000  0.376857370116390E+000 -0.107536384819057E+002 -0.534046899320169E+001
  0.697318006862102E+000  0.106321159799647E+002 -0.162689847816714E+002  0.671778903306863E+002 -0.301097639427714E+000  0.374516410861482E+000 -0.107536384819057E+002 -0.531605798998233E+001
  0.697318006862102E+000  0.106257965569059E+002 -0.690232617825892E+000  0.878085375811008E+002 -0.343668265920091E+000  0.387802209762976E+000 -0.107536384819057E+002 -0.531289827845296E+001
  0.697318006862102E+000  0.105910347220310E+002 -0.142019711811751E+002  0.902473171097201E+002 -0.335170520060352E+000  0.383533786467215E+000 -0.107536384819057E+002 -0.529551736101552E+001
  0.697318006862102E+000  0.105897589768468E+002 -0.794356996589433E+001  0.713379892839744E+002 -0.329888276178369E+000  0.381130107680287E+000 -0.107536384819057E+002 -0.529487948842338E+001
  0.697318006862102E+000  0.105189102960462E+002 -0.369713751638982E+001  0.670027263335570E+002 -0.355899039609903E+000  0.396400738919858E+000 -0.107536384819057E+002 -0.525945514802310E+001
  0.697318006862102E+000  0.105074212503960E+002  0.319606503637997E+001  0.855323276305717E+002 -0.319765568625002E+000  0.385892035121986E+000 -0.107536384819057E+002 -0.525371062519800E+001
  0.697318006862102E+000  0.104805156675479E+002 -0.315545468737543E+000  0.875968958919789E+002 -0.352434240489912E+000  0.393718189690572E+000 -0.107536384819057E+002 -0.524025783377396E+001
  0.697318006862102E+000  0.104736157570991E+002 -0.100800271166882E+002  0.421986789512745E+002 -0.350053421357418E+000  0.397631398972286E+000 -0.107536384819057E+002 -0.523680787854955E+001
  0.697318006862102E+000  0.104713632754269E+002  0.298451250667576E+000  0.888619472701326E+002 -0.309891488122958E+000  0.374748859546874E+000 -0.107536384819057E+002 -0.523568163771344E+001
  0.697318006862102E+000  0.104559380456198E+002 -0.142509918201100E+002  0.445949695985618E+002 -0.341801488953638E+000  0.387251321703483E+000 -0.107536384819057E+002 -0.522796902280992E+001
  0.697318006862102E+000  0.104216034057410E+002  0.102314802502360E+002  0.660988665018899E+002 -0.325743042597728E+000  0.388370097460764E+000 -0.107536384819057E+002 -0.521080170287050E+001
  0.697318006862102E+000  0.104203752485125E+002  0.972573045874196E+001  0.791868273165841E+002 -0.319851419364840E+000  0.385681164899917E+000 -0.107536384819057E+002 -0.521018762425626E+001
  0.697318006862102E+000  0.104149284270715E+002 -0.179538263929048E+002  0.859172074089513E+002 -0.307924808925656E+000  0.379189535482397E+000 -0.107536384819057E+002 -0.520746421353575E+001
  0.697318006862102E+000  0.103390859267780E+002 -0.126526556575931E+002  0.641182921982663E+002 -0.305831622380361E+000  0.376478314710891E+000 -0.107536384819057E+002 -0.516954296338899E+001
  0.697318006862102E+000  0.103044567247453E+002  0.435834180531398E+001  0.852779336638688E+002 -0.314736628420087E+000  0.382726352749819E+000 -0.107536384819057E+002 -0.515222836237265E+001
  0.697318006862102E+000  0.102651151463001E+002 -0.176812418592328E+002  0.412745307077157E+002 -0.352967301442511E+000  0.396332999637286E+000 -0.107536384819057E+002 -0.513255757315005E+001
  0.697318006862102E+000  0.102638317548236E+002  0.282709609939051E+001  0.774301933750258E+002 -0.351387016322499E+000  0.396839275826046E+000 -0.107536384819057E+002 -0.513191587741179E+001
  0.697318006862102E+000  0.102593471234675E+002  0.129829916231900E+002  0.795881264947853E+002 -0.324709699755040E+000  0.387439735182618E+000 -0.107536384819057E+002 -0.512967356173374E+001
  0.697318006862102E+000  0.102494012801460E+002  0.118718209539688E+002  0.969306787666915E+002 -0.312989118628829E+000  0.376360119656104E+000 -0.107536384819057E+002 -0.512470064007300E+001
  0.697318006862102E+000  0.102489087048672E+002  0.178091158848923E+001  0.424647046444239E+002 -0.349971359913892E+000  0.393081728995121E+000 -0.107536384819057E+002 -0.512445435243362E+001
  0.697318006862102E+000  0.102073876372551E+002 -0.686652677869451E+001  0.562490553310022E+002 -0.343335068083234E+000  0.394638005431207E+000 -0.107536384819057E+002 -0.510369381862754E+001
  0.697318006862102E+000  0.102031118407584E+002 -0.110888665513747E+002  0.431155134679032E+002 -0.318574744250832E+000  0.384333773545582E+000 -0.107536384819057E+002 -0.510155592037922E+001
  0.697318006862102E+000  0.101779704154219E+002  0.941887605734681E+001  0.667324127850229E+002 -0.349088350671749E+000  0.392845598317635E+000 -0.107536384819057E+002 -0.508898520771093E+001
  0.697318006862102E+000  0.101689546530450E+002 -0.731131541441558E+001  0.531240965404414E+002 -0.347222975958694E+000  0.395582392926849E+000 -0.107536384819057E+002 -0.508447732652249E+001
  0.697318006862102E+000  0.101647724529701E+002  0.743558868265537E+001  0.988225446183257E+002 -0.343556314400995E+000  0.394542784369454E+000 -0.107536384819057E+002 -0.508238622648504E+001
  0.697318006862102E+000  0.101594406219431E+002 -0.111930011067865E+002  0.403472769770638E+002 -0.313972604975928E+000  0.377012518383914E+000 -0.107536384819057E+002 -0.507972031097154E+001
  0.697318006862102E+000  0.101548890709023E+002  0.978775433398911E+001  0.699374398851485E+002 -0.346584898255052E+000  0.395357546642707E+000 -0.107536384819057E+002 -0.507744453545114E+001
  0.697318006862102E+000  0.101241507035146E+002  0.169827668708829E+002  0.648017260453571E+002 -0.350219732560963E+000  0.394525950577852E+000 -0.107536384819057E+002 -0.506207535175731E+001
  0.697318006862102E+000  0.101183853925859E+002  0.148284477809984E+002  0.915336494709333E+002 -0.334992770193620E+000  0.384814300223163E+000 -0.107536384819057E+002 -0.505919269629298E+001
  0.697318006862102E+000  0.101084187428162E+002 -0.785383128946993E+001  0.688471881748157E+002 -0.327108093786850E+000  0.388016150390646E+000 -0.107536384819057E+002 -0.505420937140812E+001
  0.697318006862102E+000  0.100991314944828E+002  0.817310439910738E+001  0.748408612279223E+002 -0.345138863500866E+000  0.394708073625301E+000 -0.107536384819057E+002 -0.504956574724140E+001
  0.697318006862102E+000  0.100792481281835E+002 -0.177033421204685E+002  0.547024914698301E+002 -0.330688360752389E+000  0.382966877855257E+000 -0.107536384819057E+002 -0.503962406409177E+001
  0.697318006862102E+000  0.100765229634582E+002  0.136270201800698E+001  0.881400347474800E+002 -0.340429799564046E+000  0.393167864555213E+000 -0.107536384819057E+002 -0.503826148172911E+001
  0.697318006862102E+000  0.100425043413619E+002 -0.143568170577957E+002  0.660622552427231E+002 -0.347218338380672E+000  0.392368380956302E+000 -0.107536384819057E+002 -0.502125217068094E+001
  0.697318006862102E+000  0.100354035379544E+002 -0.138221001942557E+002  0.863388507334025E+002 -0.337578479660013E+000  0.386417419735072E+000 -0.107536384819057E+002 -0.501770176897719E+001
  0.697318006862102E+000  0.100276387549952E+002 -0.172916927077606E+002  0.462385348306297E+002 -0.313651348453053E+000  0.380537044620057E+000 -0.107536384819057E+002 -0.501381937749759E+001
  0.697318006862102E+000  0.100218148408032E+002 -0.110839674477586E+002  0.996204234411268E+002 -0.314130135894630E+000  0.377944945973904E+000 -0.107536384819057E+002 -0.501090742040159E+001
  0.697318006862102E+000  0.999943306479160E+001 -0.637343817906886E+001  0.489855710269937E+002 -0.337321040561857E+000  0.386431231941571E+000 -0.107536384819057E+002 -0.499971653239580E+001
  0.697318006862102E+000  0.998392513459796E+001  0.166005081492346E+002  0.950101534983701E+002 -0.325885254894369E+000  0.386997543505895E+000 -0.107536384819057E+002 -0.499196256729898E+001
  0.697318006862102E+000  0.997280790691222E+001 -0.974714926951185E+001  0.490099322636332E+002 -0.343155429390481E+000  0.389910036775404E+000 -0.107536384819057E+002 -0.498640395345611E+001
  0.697318006862102E+000  0.997157523182418E+001  0.873622623826651E+001  0.959532859067358E+002 -0.343577657017859E+000  0.393597921644004E+000 -0.107536384819057E+002 -0.498578761591209E+001
  0.697318006862102E+000  0.995807772437296E+001  0.176418637331405E+002  0.896517034809978E+002 -0.346772382037531E+000  0.393198569625447E+000 -0.107536384819057E+002 -0.497903886218648E+001
  0.697318006862102E+000  0.994775529043880E+001 -0.425417473716663E+001  0.605935237753432E+002 -0.346227631573832E+000  0.392578603216190E+000 -0.107536384819057E+002 -0.497387764521940E+001
  0.697318006862102E+000  0.992915186234622E+001  0.187611410577965E+002  0.849213970187477E+002 -0.345140884551266E+000  0.391725280369430E+000 -0.107536384819057E+002 -0.496457593117311E+001
  0.697318006862102E+000  0.991757608582986E+001 -0.164638242483764E+002  0.966205225582572E+002 -0.322567416412233E+000  0.380497848461427E+000 -0.107536384819057E+002 -0.495878804291493E+001
  0.697318006862102E+000  0.988118128021007E+001  0.156901860751921E+002  0.937816304339033E+002 -0.318041422429535E+000  0.379588468849631E+000 -0.107536384819057E+002 -0.494059064010504E+001
  0.697318006862102E+000  0.987333520000084E+001 -0.678378670200157E+000  0.695835452604645E+002 -0.318579543757158E+000  0.379741100275918E+000 -0.107536384819057E+002 -0.493666760000042E+001
  0.697318006862102E+000  0.987012763334631E+001 -0.612894651507971E+001  0.793118248852014E+002 -0.325708052287453E+000  0.381820091855464E+000 -0.107536384819057E+002 -0.493506381667316E+001
  0.697318006862102E+000  0.984968513879700E+001 -0.113427105609514E+002  0.899956846965548E+002 -0.339705408903530E+000  0.388524852565357E+000 -0.107536384819057E+002 -0.492484256939850E+001
  0.697318006862102E+000  0.983895836955101E+001  0.479703111842942E+001  0.912485662793675E+002 -0.333872751261880E+000  0.389735525514690E+000 -0.107536384819057E+002 -0.491947918477550E+001
  0.697318006862102E+000  0.982353800425834E+001 -0.139555462916678E+002  0.478844518784499E+002 -0.332138377224001E+000  0.384710083686234E+000 -0.107536384819057E+002 -0.491176900212917E+001
  0.697318006862102E+000  0.981169425755492E+001 -0.377389937493878E+001  0.577563665975374E+002 -0.340849692256063E+000  0.389573674454120E+000 -0.107536384819057E+002 -0.490584712877746E+001
  0.697318006862102E+000  0.980672986886300E+001  0.154533160989235E+002  0.708858588150045E+002 -0.341679664018167E+000  0.391818548913209E+000 -0.107536384819057E+002 -0.490336493443150E+001
  0.697318006862102E+000  0.980584466624673E+001 -0.585773946699854E+001  0.946771041756366E+002 -0.334506524550943E+000  0.389792636200371E+000 -0.107536384819057E+002 -0.490292233312336E+001
  0.697318006862102E+000  0.980016370287804E+001 -0.428022440154456E+001  0.653587764785890E+002 -0.321108730602465E+000  0.380860054585401E+000 -0.107536384819057E+002 -0.490008185143902E+001
  0.697318006862102E+000  0.979404146379662E+001  0.813078743650651E+001  0.859483493304237E+002 -0.342169702377269E+000  0.391147633720101E+000 -0.107536384819057E+002 -0.489702073189831E+001
  0.697318006862102E+000  0.977413469651031E+001 -0.121611473216816E+002  0.410980243307418E+002 -0.334857158058420E+000  0.386318213274155E+000 -0.107536384819057E+002 -0.488706734825515E+001
  0.697318006862102E+000  0.976412048133203E+001 -0.808990387288842E+001  0.457675611540159E+002 -0.340225100429699E+000  0.389676978105912E+000 -0.107536384819057E+002 -0.488206024066601E+001
  0.697318006862102E+000  0.975611588355980E+001 -0.452339313041680E+001  0.490690050548122E+002 -0.333922261618227E+000  0.385966836396725E+000 -0.107536384819057E+002 -0.487805794177990E+001
  0.697318006862102E+000  0.974770481279274E+001 -0.519796468002428E+001  0.934421216544303E+002 -0.339965073317494E+000  0.389737425990634E+000 -0.107536384819057E+002 -0.487385240639637E+001
  0.697318006862102E+000  0.972470136329870E+001  0.186669126094328E+001  0.899130919649533E+002 -0.322470173308674E+000  0.381945592427661E+000 -0.107536384819057E+002 -0.486235068164935E+001
  0.697318006862102E+000  0.972220000785277E+001  0.226282819196792E+001  0.764841324571909E+002 -0.334218044992584E+000  0.386371027679758E+000 -0.107536384819057E+002 -0.486110000392639E+001
  0.697318006862102E+000  0.971650536679370E+001  0.178693217431512E+002  0.622436779783645E+002 -0.325454457871189E+000  0.382756431172712E+000 -0.107536384819057E+002 -0.485825268339685E+001
  0.697318006862102E+000  0.969119974618804E+001 -0.994255373299690E+001  0.475554293168704E+002 -0.334119792457149E+000  0.388802284335662E+000 -0.107536384819057E+002 -0.484559987309402E+001
  0.697318006862102E+000  0.968709597851682E+001 -0.887945039036853E+001  0.834399488578321E+002 -0.323485377000905E+000  0.382727798271521E+000 -0.107536384819057E+002 -0.484354798925841E+001
  0.697318006862102E+000  0.968593011289983E+001  0.500890719586456E+001  0.825732061791007E+002 -0.332712919315509E+000  0.385936980367179E+000 -0.107536384819057E+002 -0.484296505644992E+001
  0.697318006862102E+000  0.968396566130250E+001 -0.186786186213104E+002  0.517383492172750E+002 -0.337443578525267E+000  0.389362129072194E+000 -0.107536384819057E+002 -0.484198283065125E+001
  0.697318006862102E+000  0.967560748829704E+001 -0.395920478495014E+001  0.748334452687129E+002 -0.334833316488029E+000  0.388845819617194E+000 -0.107536384819057E+002 -0.483780374414852E+001
  0.697318006862102E+000  0.967466403620860E+001  0.147864126959596E+002  0.808812779844264E+002 -0.323699441838359E+000  0.383247007017448E+000 -0.107536384819057E+002 -0.483733201810430E+001
  0.697318006862102E+000  0.967176687070621E+001 -0.111777645600353E+002  0.411745817947730E+002 -0.334304021539582E+000  0.388638120890635E+000 -0.107536384819057E+002 -0.483588343535311E+001
  0.697318006862102E+000  0.967121690977377E+001  0.114195026037367E+002  0.701329816730554E+002 -0.326956673023500E+000  0.385560811678171E+000 -0.107536384819057E+002 -0.483560845488688E+001
  0.697318006862102E+000  0.967009809126565E+001 -0.189771114634731E+002  0.581960896654194E+002 -0.325984745252009E+000  0.383447317681595E+000 -0.107536384819057E+002 -0.483504904563282E+001
  0.697318006862102E+000  0.966668200711216E+001  0.184690898050694E+002  0.911711341854964E+002 -0.324299485798140E+000  0.383350261462176E+000 -0.107536384819057E+002 -0.483334100355608E+001
  0.697318006862102E+000  0.965453948629747E+001  0.308516217873662E+001  0.451988855102075E+002 -0.335560387524400E+000  0.388483377572964E+000 -0.107536384819057E+002 -0.482726974314874E+001
  0.697318006862102E+000  0.962310502750569E+001 -0.151922457026302E+002  0.506609124994238E+002 -0.329844875971337E+000  0.385631602046310E+000 -0.107536384819057E+002 -0.481155251375284E+001
