 -0.193760149650738E+002  0.636839273415750E+002 -0.515204718799441E+000  0.730733862346316E+000 -0.963670174162289E+000 -0.167451030290137E+002 -0.466639713711136E+004 -0.466639713711136E+004
 -0.193607811359363E+002  0.641213427441440E+002 -0.516715607383936E+000  0.729729024567334E+000 -0.952414212416258E+000 -0.167451030290137E+002 -0.466637996124201E+004 -0.466637996124201E+004
 -0.193641130212198E+002  0.640402214049390E+002 -0.516603280515346E+000  0.729883782137922E+000 -0.953649801112505E+000 -0.167451030290137E+002 -0.466622606915069E+004 -0.466622606915069E+004
 -0.193720664621464E+002  0.637814641062029E+002 -0.515799011785701E+000  0.730453353538486E+000 -0.959814090083739E+000 -0.167451030290137E+002 -0.466613964874297E+004 -0.466613964874297E+004
 -0.193631302406934E+002  0.639916431871741E+002 -0.516350814187421E+000  0.729988741322803E+000 -0.955216906046829E+000 -0.167451030290137E+002 -0.466631820955882E+004 -0.466631820955882E+004
 -0.193704131149335E+002  0.638414046811541E+002 -0.516666802751848E+000  0.729712375194076E+000 -0.952533363542955E+000 -0.167451030290137E+002 -0.466619708569193E+004 -0.466619708569193E+004
 -0.193684826476536E+002  0.638773664477226E+002 -0.516694706692671E+000  0.729811983570499E+000 -0.952913846370052E+000 -0.167451030290137E+002 -0.466639787225018E+004 -0.466639787225018E+004
 -0.193629283753476E+002  0.639999850367661E+002 -0.516741033448403E+000  0.729714878407563E+000 -0.952238602419200E+000 -0.167451030290137E+002 -0.466624809828808E+004 -0.466624809828808E+004
 -0.193767585958568E+002  0.636361095173827E+002 -0.516557565435060E+000  0.729856933549724E+000 -0.953705056428859E+000 -0.167451030290137E+002 -0.466603158250143E+004 -0.466603158250143E+004
 -0.193641002867742E+002  0.639438714521138E+002 -0.516306844785185E+000  0.730060945916232E+000 -0.955758475768349E+000 -0.167451030290137E+002 -0.466628384173941E+004 -0.466628384173941E+004
 -0.193760581255131E+002  0.636939924795064E+002 -0.515414907002389E+000  0.730685334001354E+000 -0.962558665274926E+000 -0.167451030290137E+002 -0.466623633392067E+004 -0.466623633392067E+004
 -0.193797949185643E+002  0.635451916507419E+002 -0.515173265290334E+000  0.730876956179605E+000 -0.964512982563804E+000 -0.167451030290137E+002 -0.466630595227900E+004 -0.466630595227900E+004
 -0.193678067871088E+002  0.639172139628490E+002 -0.515644302155366E+000  0.730570062354412E+000 -0.961035523016648E+000 -0.167451030290137E+002 -0.466637495326111E+004 -0.466637495326111E+004
 -0.193799236125144E+002  0.636167936896880E+002 -0.516253066391174E+000  0.730068141225047E+000 -0.956016727506722E+000 -0.167451030290137E+002 -0.466628673406014E+004 -0.466628673406014E+004
 -0.193619365845421E+002  0.640365183235301E+002 -0.516371599107794E+000  0.730021170808721E+000 -0.955292460600717E+000 -0.167451030290137E+002 -0.466632838699474E+004 -0.466632838699474E+004
 -0.193738169446387E+002  0.636644147274991E+002 -0.515681052590454E+000  0.730530188909475E+000 -0.960684777678694E+000 -0.167451030290137E+002 -0.466633137737569E+004 -0.466633137737569E+004
 -0.193653547062163E+002  0.639242850978199E+002 -0.516468780118159E+000  0.729908335764639E+000 -0.954328399311663E+000 -0.167451030290137E+002 -0.466626869225942E+004 -0.466626869225942E+004
 -0.193686708686612E+002  0.638886242331105E+002 -0.515559151193809E+000  0.730533773278006E+000 -0.961206915579652E+000 -0.167451030290137E+002 -0.466631306226482E+004 -0.466631306226482E+004
 -0.193794838169917E+002  0.635257845139399E+002 -0.516302114402685E+000  0.729980677032859E+000 -0.955378268777196E+000 -0.167451030290137E+002 -0.466621826246748E+004 -0.466621826246748E+004
 -0.193737931767066E+002  0.637388726759619E+002 -0.516446977859501E+000  0.729890913897943E+000 -0.954331866042281E+000 -0.167451030290137E+002 -0.466616592150879E+004 -0.466616592150879E+004
 -0.193680201641162E+002  0.639554723702326E+002 -0.516928598585602E+000  0.729640456149884E+000 -0.951092089387544E+000 -0.167451030290137E+002 -0.466610194245484E+004 -0.466610194245484E+004
 -0.193672210719225E+002  0.639346957091979E+002 -0.515906499638337E+000  0.730366111690275E+000 -0.958934798231553E+000 -0.167451030290137E+002 -0.466621107934453E+004 -0.466621107934453E+004
 -0.193754244029417E+002  0.637526152186941E+002 -0.516112618645051E+000  0.730179438816439E+000 -0.957152137891867E+000 -0.167451030290137E+002 -0.466634076947759E+004 -0.466634076947759E+004
 -0.193717701662934E+002  0.637740446814145E+002 -0.516033215436111E+000  0.730225308979488E+000 -0.957709093972099E+000 -0.167451030290137E+002 -0.466617729885506E+004 -0.466617729885506E+004
 -0.193653984152285E+002  0.639894672698980E+002 -0.515933491406192E+000  0.730378506581815E+000 -0.958885002141386E+000 -0.167451030290137E+002 -0.466632614578903E+004 -0.466632614578903E+004
 -0.193809839291522E+002  0.635247612239638E+002 -0.516506874945488E+000  0.729877974750558E+000 -0.954019506991870E+000 -0.167451030290137E+002 -0.466622848572382E+004 -0.466622848572382E+004
 -0.193745004405421E+002  0.637128059751271E+002 -0.516294229499219E+000  0.730055519731938E+000 -0.955783551734541E+000 -0.167451030290137E+002 -0.466615626819512E+004 -0.466615626819512E+004
 -0.193768543156008E+002  0.636219980434443E+002 -0.515800004278643E+000  0.730478053680308E+000 -0.959933099744433E+000 -0.167451030290137E+002 -0.466623580916431E+004 -0.466623580916431E+004
 -0.193718100178595E+002  0.638892490056867E+002 -0.516982942932355E+000  0.729619298905664E+000 -0.950762009697399E+000 -0.167451030290137E+002 -0.466618772171521E+004 -0.466618772171521E+004
 -0.193640421000422E+002  0.639789029711383E+002 -0.515784300042825E+000  0.730441206233044E+000 -0.959814355075750E+000 -0.167451030290137E+002 -0.466638457392948E+004 -0.466638457392948E+004
 -0.193803004664238E+002  0.635144647004002E+002 -0.516124691470722E+000  0.730083620207282E+000 -0.956625120381389E+000 -0.167451030290137E+002 -0.466623255680066E+004 -0.466623255680066E+004
 -0.193727856240286E+002  0.636623899221151E+002 -0.516118188549202E+000  0.730162979852079E+000 -0.957047158354200E+000 -0.167451030290137E+002 -0.466623468789019E+004 -0.466623468789019E+004
 -0.193779403404868E+002  0.635966793425401E+002 -0.516058688093849E+000  0.730203561194331E+000 -0.957495318324362E+000 -0.167451030290137E+002 -0.466630892041785E+004 -0.466630892041785E+004
 -0.193782575140501E+002  0.635952842703480E+002 -0.515631024567617E+000  0.730570411547887E+000 -0.961092113329698E+000 -0.167451030290137E+002 -0.466626373544565E+004 -0.466626373544565E+004
 -0.193671183793541E+002  0.640476482501154E+002 -0.517204327504372E+000  0.729465133414180E+000 -0.949078428654346E+000 -0.167451030290137E+002 -0.466637333702451E+004 -0.466637333702451E+004
 -0.193832706554041E+002  0.635178412421229E+002 -0.515648368977407E+000  0.730498981581086E+000 -0.960664457517851E+000 -0.167451030290137E+002 -0.466636171782467E+004 -0.466636171782467E+004
 -0.193684003412981E+002  0.638476321469848E+002 -0.515685592819223E+000  0.730486540017946E+000 -0.960448523758686E+000 -0.167451030290137E+002 -0.466619480579547E+004 -0.466619480579547E+004
 -0.193789521733288E+002  0.636233979930092E+002 -0.516144128311908E+000  0.730149039281489E+000 -0.956870282118231E+000 -0.167451030290137E+002 -0.466640284331340E+004 -0.466640284331340E+004
 -0.193739578492762E+002  0.637238440535879E+002 -0.515925435250117E+000  0.730264568446060E+000 -0.958350615888094E+000 -0.167451030290137E+002 -0.466613209858069E+004 -0.466613209858069E+004
 -0.193779442910561E+002  0.636476366148292E+002 -0.516095254815088E+000  0.730153545378322E+000 -0.957095035836389E+000 -0.167451030290137E+002 -0.466615501738316E+004 -0.466615501738316E+004
 -0.193660717513995E+002  0.639495533423848E+002 -0.516409665144390E+000  0.730010621730342E+000 -0.955082468930584E+000 -0.167451030290137E+002 -0.466622131233916E+004 -0.466622131233916E+004
 -0.193754844904621E+002  0.636621147606912E+002 -0.515154296617375E+000  0.730889531395189E+000 -0.964654142010559E+000 -0.167451030290137E+002 -0.466624958233811E+004 -0.466624958233811E+004
 -0.193804169464808E+002  0.636093283489186E+002 -0.515721396112511E+000  0.730442651443537E+000 -0.960081764550281E+000 -0.167451030290137E+002 -0.466634197577593E+004 -0.466634197577593E+004
 -0.193676121636651E+002  0.639155670480109E+002 -0.516090330795616E+000  0.730236034707035E+000 -0.957526364300890E+000 -0.167451030290137E+002 -0.466609524065710E+004 -0.466609524065710E+004
 -0.193711256265140E+002  0.638112236390057E+002 -0.515943978184538E+000  0.730254225582431E+000 -0.958222348942257E+000 -0.167451030290137E+002 -0.466627024743230E+004 -0.466627024743230E+004
 -0.193631149655994E+002  0.640790593487369E+002 -0.516023487210772E+000  0.730255405066522E+000 -0.957899308892507E+000 -0.167451030290137E+002 -0.466635208284825E+004 -0.466635208284825E+004
