 -0.193885133395152E+002  0.633385372973893E+002 -0.515860960879094E+000  0.730399202379889E+000 -0.959287928440659E+000 -0.167451030290137E+002 -0.466638166474135E+004 -0.466638166474135E+004
 -0.193872641397377E+002  0.633613989448914E+002 -0.515492305126690E+000  0.730667327349845E+000 -0.962148790165983E+000 -0.167451030290137E+002 -0.466632533879944E+004 -0.466632533879944E+004
 -0.193862876963628E+002  0.633710134030067E+002 -0.515424540216644E+000  0.730642281458467E+000 -0.962304332960755E+000 -0.167451030290137E+002 -0.466609559180630E+004 -0.466609559180630E+004
 -0.193828565471229E+002  0.633754233808729E+002 -0.515621236741119E+000  0.730499750118927E+000 -0.960780573310430E+000 -0.167451030290137E+002 -0.466623426310297E+004 -0.466623426310297E+004
 -0.193864512807034E+002  0.633809965377563E+002 -0.515532033396470E+000  0.730519691093898E+000 -0.961249008017546E+000 -0.167451030290137E+002 -0.466634803915048E+004 -0.466634803915048E+004
 -0.193849929146773E+002  0.633755053449771E+002 -0.516016490785753E+000  0.730194344966570E+000 -0.957624074677284E+000 -0.167451030290137E+002 -0.466627142821522E+004 -0.466627142821522E+004
 -0.193891595295724E+002  0.633306720831364E+002 -0.515839812720917E+000  0.730399633868462E+000 -0.959377556247006E+000 -0.167451030290137E+002 -0.466634465610228E+004 -0.466634465610228E+004
 -0.193838375594685E+002  0.633317487963020E+002 -0.516391192633067E+000  0.729953201491391E+000 -0.954872839033754E+000 -0.167451030290137E+002 -0.466636011739433E+004 -0.466636011739433E+004
 -0.193858077153880E+002  0.633501298525063E+002 -0.516160281123838E+000  0.730115317396047E+000 -0.956635587742070E+000 -0.167451030290137E+002 -0.466602191300574E+004 -0.466602191300574E+004
 -0.193852941598890E+002  0.633477301871012E+002 -0.516054506794992E+000  0.730194503319046E+000 -0.957467650427432E+000 -0.167451030290137E+002 -0.466587445741511E+004 -0.466587445741511E+004
 -0.193898149746015E+002  0.633412892519752E+002 -0.516112575869811E+000  0.730176037318335E+000 -0.957135423602750E+000 -0.167451030290137E+002 -0.466617388339738E+004 -0.466617388339738E+004
 -0.193873302227925E+002  0.633675139974458E+002 -0.515410540020262E+000  0.730645222266990E+000 -0.962376867210537E+000 -0.167451030290137E+002 -0.466633337471816E+004 -0.466633337471816E+004
