 -0.121040859026489E+002  0.688499493626054E+002 -0.363647503122362E+000  0.401228653026924E+000 -0.107536384819057E+002 -0.707934807395945E+003 -0.707934807395945E+003 -0.707937504980615E+003
 -0.340236986171847E+001  0.644700798931980E+002 -0.363510179522265E+000  0.401269493115441E+000 -0.107536384819057E+002 -0.707935266011854E+003 -0.707935266011854E+003 -0.707939036442676E+003
  0.927861800635463E+001  0.660901187776395E+002 -0.362723250890073E+000  0.400642217047142E+000 -0.107536384819057E+002 -0.707935931533894E+003 -0.707935931533894E+003 -0.707937292225677E+003
 -0.755895068110796E+000  0.590879414820645E+002 -0.364899986414848E+000  0.401811799123465E+000 -0.107536384819057E+002 -0.707936861191820E+003 -0.707936861191820E+003 -0.707946212649832E+003
  0.102144175463843E+002  0.763020713130040E+002 -0.364383891456511E+000  0.401756039974693E+000 -0.107536384819057E+002 -0.707936453027060E+003 -0.707936453027060E+003 -0.707945618262755E+003
 -0.167112905544764E+002  0.595074566419599E+002 -0.363610265709900E+000  0.401322330975566E+000 -0.107536384819057E+002 -0.707935281650381E+003 -0.707935281650381E+003 -0.707938326399147E+003
  0.899226565041320E+001  0.657172651136512E+002 -0.364251849413110E+000  0.401614827960749E+000 -0.107536384819057E+002 -0.707935639990219E+003 -0.707935639990219E+003 -0.707938146965473E+003
 -0.110673345284270E+002  0.574842092073734E+002 -0.362434838683686E+000  0.400529397404444E+000 -0.107536384819057E+002 -0.707936496755056E+003 -0.707936496755056E+003 -0.707939057462048E+003
 -0.128562543485231E+002  0.473224574078071E+002 -0.363318734756311E+000  0.401143276816624E+000 -0.107536384819057E+002 -0.707935152751224E+003 -0.707935152751224E+003 -0.707938247685270E+003
 -0.145300231486986E+002  0.713010811234575E+002 -0.362625488851407E+000  0.400691091783684E+000 -0.107536384819057E+002 -0.707935889950088E+003 -0.707935889950088E+003 -0.707944304693151E+003
 -0.120389368866639E+002  0.853361436059532E+002 -0.362594951637084E+000  0.400499561403183E+000 -0.107536384819057E+002 -0.707936777562440E+003 -0.707936777562441E+003 -0.707937613843161E+003
  0.102349546904067E+002  0.566663493674295E+002 -0.364747595547192E+000  0.401587029149013E+000 -0.107536384819057E+002 -0.707937081869952E+003 -0.707937081869952E+003 -0.707941721126093E+003
 -0.125300887604865E+002  0.906680958823339E+002 -0.364093982802501E+000  0.401190992480228E+000 -0.107536384819057E+002 -0.707936477639137E+003 -0.707936477639137E+003 -0.707938891362549E+003
  0.148617764309725E+001  0.586795837937674E+002 -0.363150755600797E+000  0.400859904182543E+000 -0.107536384819057E+002 -0.707935239263228E+003 -0.707935239263228E+003 -0.707937851938962E+003
 -0.837672204210556E+000  0.911746751498669E+002 -0.362894643342686E+000  0.400895068990298E+000 -0.107536384819057E+002 -0.707935473590125E+003 -0.707935473590125E+003 -0.707938535855817E+003
  0.171836824967117E+002  0.828496811556441E+002 -0.363864664758532E+000  0.401458533677109E+000 -0.107536384819057E+002 -0.707935445603011E+003 -0.707935445603011E+003 -0.707938999907501E+003
 -0.144008678140912E+002  0.613629480531568E+002 -0.363756220966972E+000  0.401172238852317E+000 -0.107536384819057E+002 -0.707934995458200E+003 -0.707934995458200E+003 -0.707948045007010E+003
  0.622961437901506E+001  0.470044566973331E+002 -0.364150438414990E+000  0.401426022077590E+000 -0.107536384819057E+002 -0.707935182721401E+003 -0.707935182721401E+003 -0.707957736316625E+003
 -0.158566634761007E+001  0.807425167340201E+002 -0.362816105108583E+000  0.401010196589392E+000 -0.107536384819057E+002 -0.707936746129882E+003 -0.707936746129882E+003 -0.707937696325919E+003
 -0.850265058714893E+001  0.760956685526679E+002 -0.364441530271521E+000  0.401804581105178E+000 -0.107536384819057E+002 -0.707936768616895E+003 -0.707936768616895E+003 -0.707943328164078E+003
 -0.899823204527944E+001  0.572979328567092E+002 -0.362519246452105E+000  0.400691083164561E+000 -0.107536384819057E+002 -0.707936210543156E+003 -0.707936210543156E+003 -0.708221945534866E+003
 -0.144368712400586E+002  0.892794933211370E+002 -0.364789775947106E+000  0.401828099091388E+000 -0.107536384819057E+002 -0.707936607467263E+003 -0.707936607467263E+003 -0.707939649063746E+003
 -0.555288606303773E+001  0.940007347857422E+002 -0.363865089692754E+000  0.401466521841533E+000 -0.107536384819057E+002 -0.707935506787462E+003 -0.707935506787462E+003 -0.707940141864808E+003
 -0.466594393501598E+000  0.525538591362685E+002 -0.363138012483062E+000  0.401161330728010E+000 -0.107536384819057E+002 -0.707936182984597E+003 -0.707936182984597E+003 -0.707944967863642E+003
  0.374992281720065E+000  0.980968643751929E+002 -0.362405562436081E+000  0.400597113140306E+000 -0.107536384819057E+002 -0.707936457272948E+003 -0.707936457272948E+003 -0.707938258265523E+003
  0.289393794534788E+001  0.494074345391013E+002 -0.362559928730334E+000  0.400835535315497E+000 -0.107536384819057E+002 -0.707936815719016E+003 -0.707936815719016E+003 -0.707937444946579E+003
 -0.116642965621083E+002  0.605740768603579E+002 -0.363652328502592E+000  0.401022177772241E+000 -0.107536384819057E+002 -0.707935631012515E+003 -0.707935631012515E+003 -0.707940759855982E+003
  0.124426179888600E+002  0.812295669047280E+002 -0.363128052901582E+000  0.400908052386383E+000 -0.107536384819057E+002 -0.707935067099506E+003 -0.707935067099506E+003 -0.707941719158894E+003
  0.752247050886584E+001  0.643513839883828E+002 -0.363247773047882E+000  0.400992172344880E+000 -0.107536384819057E+002 -0.707934924056564E+003 -0.707934924056564E+003 -0.707941600473127E+003
  0.768163357573296E+001  0.535779471140377E+002 -0.363151412378356E+000  0.401079600673748E+000 -0.107536384819057E+002 -0.707935407311369E+003 -0.707935407311369E+003 -0.707951993150602E+003
 -0.186547728609320E+002  0.791810372463032E+002 -0.362980713466905E+000  0.400765176417832E+000 -0.107536384819057E+002 -0.707935503645551E+003 -0.707935503645551E+003 -0.707943986668678E+003
 -0.543608393022667E+001  0.643820318818545E+002 -0.364176546209076E+000  0.401200985383804E+000 -0.107536384819057E+002 -0.707936982558256E+003 -0.707936982558256E+003 -0.707938762026192E+003
 -0.136158991254369E+002  0.404821563251836E+002 -0.362340320815806E+000  0.400448111698287E+000 -0.107536384819057E+002 -0.707936920865936E+003 -0.707936920865937E+003 -0.707961562190330E+003
  0.437954042628819E+001  0.512744546373499E+002 -0.364644626385412E+000  0.401682803681603E+000 -0.107536384819057E+002 -0.707936134613029E+003 -0.707936134613029E+003 -0.707938937317648E+003
  0.139020481765708E+002  0.623657423734878E+002 -0.362871325802332E+000  0.400819886068584E+000 -0.107536384819057E+002 -0.707935396787242E+003 -0.707935396787242E+003 -0.707937131362609E+003
  0.691067237343865E+001  0.673208412654154E+002 -0.363189386635379E+000  0.400860628528553E+000 -0.107536384819057E+002 -0.707935298405350E+003 -0.707935298405350E+003 -0.707998213279725E+003
 -0.152618026304220E+002  0.734092351623321E+002 -0.363078617917087E+000  0.401196385849490E+000 -0.107536384819057E+002 -0.707937058439848E+003 -0.707937058439848E+003 -0.707937464637749E+003
  0.361332282252858E+001  0.411374399126443E+002 -0.363340240366968E+000  0.400868248910822E+000 -0.107536384819057E+002 -0.707935685857412E+003 -0.707935685857412E+003 -0.707938396272114E+003
  0.852102961707836E+000  0.992883477826931E+002 -0.363460956577484E+000  0.400816777644851E+000 -0.107536384819057E+002 -0.707936974466776E+003 -0.707936974466776E+003 -0.707941763049326E+003
  0.144442673900430E+002  0.507158958019843E+002 -0.362705912861391E+000  0.400648597421410E+000 -0.107536384819057E+002 -0.707935897115874E+003 -0.707935897115874E+003 -0.707944069824453E+003
  0.461438164614118E+001  0.851515574133497E+002 -0.363945022598101E+000  0.401512940311303E+000 -0.107536384819057E+002 -0.707935622492808E+003 -0.707935622492808E+003 -0.707977698042656E+003
 -0.103335344671737E+002  0.984074494131498E+002 -0.362341929284068E+000  0.400535988115633E+000 -0.107536384819057E+002 -0.707936646099962E+003 -0.707936646099962E+003 -0.707937634178108E+003
  0.193603205899586E+002  0.410129930343975E+002 -0.364264846011890E+000  0.401562587334188E+000 -0.107536384819057E+002 -0.707935410627665E+003 -0.707935410627665E+003 -0.707940013123396E+003
  0.553512360965151E+001  0.995054029780905E+002 -0.364256029163886E+000  0.401241580458183E+000 -0.107536384819057E+002 -0.707937090267308E+003 -0.707937090267309E+003 -0.707942660518543E+003
 -0.534280781877784E+001  0.672377482889555E+002 -0.363604976217831E+000  0.401281037210858E+000 -0.107536384819057E+002 -0.707935043968733E+003 -0.707935043968733E+003 -0.707941709763404E+003
  0.443032184541430E+001  0.866244082234840E+002 -0.363923653317242E+000  0.401057012165684E+000 -0.107536384819057E+002 -0.707936949744964E+003 -0.707936949744965E+003 -0.707937342098959E+003
 -0.181809144266694E+001  0.998042047629844E+002 -0.362977355575430E+000  0.401072980323661E+000 -0.107536384819057E+002 -0.707936293900110E+003 -0.707936293900110E+003 -0.707940029410464E+003
  0.197511082865515E+001  0.724262818277248E+002 -0.363300580013320E+000  0.400962383548331E+000 -0.107536384819057E+002 -0.707934994607312E+003 -0.707934994607312E+003 -0.707956531684889E+003
  0.806632939760682E+001  0.686181080718868E+002 -0.363095908326952E+000  0.401066167340424E+000 -0.107536384819057E+002 -0.707935563642729E+003 -0.707935563642729E+003 -0.707938033488105E+003
 -0.125065107807010E+002  0.828786892474338E+002 -0.363461854442884E+000  0.401235575544150E+000 -0.107536384819057E+002 -0.707935211083177E+003 -0.707935211083177E+003 -0.707968451597570E+003
  0.722684301570305E+001  0.795835159170168E+002 -0.364187784132718E+000  0.401234239719325E+000 -0.107536384819057E+002 -0.707936645038267E+003 -0.707936645038267E+003 -0.707957055081288E+003
  0.958239019554826E+001  0.790503787338808E+002 -0.364572664479898E+000  0.401666265810997E+000 -0.107536384819057E+002 -0.707935952181627E+003 -0.707935952181627E+003 -0.707951913340320E+003
 -0.372992688149299E+001  0.809569400772313E+002 -0.363241446087120E+000  0.400760030872423E+000 -0.107536384819057E+002 -0.707936387946952E+003 -0.707936387946952E+003 -0.707938368090620E+003
  0.147795376824100E+002  0.760106875091956E+002 -0.363651944883350E+000  0.401239727006226E+000 -0.107536384819057E+002 -0.707934822447929E+003 -0.707934822447929E+003 -0.708014854268701E+003
  0.127353800978075E+002  0.604706241455772E+002 -0.364114224643932E+000  0.401517318784949E+000 -0.107536384819057E+002 -0.707935297316625E+003 -0.707935297316626E+003 -0.707943248569162E+003
  0.188363386667829E+002  0.886250313057396E+002 -0.362539666281002E+000  0.400805043254493E+000 -0.107536384819057E+002 -0.707936695576510E+003 -0.707936695576510E+003 -0.707940078296044E+003
  0.347422860796076E+000  0.893711453674480E+002 -0.364926981155397E+000  0.401913151589953E+000 -0.107536384819057E+002 -0.707937082642911E+003 -0.707937082642911E+003 -0.707940444063957E+003
  0.132738979034208E+002  0.897463218492826E+002 -0.363988154965646E+000  0.401138100005188E+000 -0.107536384819057E+002 -0.707936363538489E+003 -0.707936363538489E+003 -0.707962953932343E+003
 -0.569642662608312E+001  0.758775092203898E+002 -0.362521245280745E+000  0.400543600054275E+000 -0.107536384819057E+002 -0.707936390153907E+003 -0.707936390153907E+003 -0.707938713282294E+003
  0.126209056123528E+002  0.696920509874133E+002 -0.363518749723130E+000  0.401050706270345E+000 -0.107536384819057E+002 -0.707934980913628E+003 -0.707934980913628E+003 -0.707937520228350E+003
 -0.956970958615365E+001  0.604704342825462E+002 -0.364879634800053E+000  0.401766992740437E+000 -0.107536384819057E+002 -0.707936853142435E+003 -0.707936853142435E+003 -0.707937590936217E+003
 -0.807045349423854E+001  0.771332978278806E+002 -0.364257971908850E+000  0.401692114944117E+000 -0.107536384819057E+002 -0.707936219419005E+003 -0.707936219419005E+003 -0.707937489223257E+003
  0.346726325407776E+000  0.853128083943995E+002 -0.363628317875780E+000  0.401206676490544E+000 -0.107536384819057E+002 -0.707934791632822E+003 -0.707934791632822E+003 -0.707939897627711E+003
 -0.110094604393303E+002  0.953992220653418E+002 -0.362539478066645E+000  0.400487475271341E+000 -0.107536384819057E+002 -0.707936778565850E+003 -0.707936778565850E+003 -0.707937601946898E+003
  0.545054473018599E+001  0.623455608754685E+002 -0.362650580063809E+000  0.400782024318747E+000 -0.107536384819057E+002 -0.707935978120274E+003 -0.707935978120274E+003 -0.707939379802701E+003
 -0.268578954033470E+001  0.433843412985832E+002 -0.362357439065258E+000  0.400694495399248E+000 -0.107536384819057E+002 -0.707937043424094E+003 -0.707937043424094E+003 -0.707938648873595E+003
  0.188390921888099E+002  0.996788841004275E+002 -0.362798278314149E+000  0.400917531250594E+000 -0.107536384819057E+002 -0.707936011840469E+003 -0.707936011840469E+003 -0.707938093170382E+003
 -0.184232107744396E+002  0.620898550175016E+002 -0.363762518183128E+000  0.401336390107147E+000 -0.107536384819057E+002 -0.707934975881561E+003 -0.707934975881561E+003 -0.707937895928419E+003
  0.539062092629574E+001  0.935327480424960E+002 -0.363912011177064E+000  0.401507038328081E+000 -0.107536384819057E+002 -0.707935686291867E+003 -0.707935686291867E+003 -0.707946964429847E+003
 -0.384740617383603E+001  0.901217522558012E+002 -0.362675108135581E+000  0.400880250059910E+000 -0.107536384819057E+002 -0.707936443390467E+003 -0.707936443390467E+003 -0.707940814909050E+003
  0.247187649910452E+001  0.692641658611008E+002 -0.363146770634293E+000  0.400988786153720E+000 -0.107536384819057E+002 -0.707935048892005E+003 -0.707935048892005E+003 -0.707939475814180E+003
 -0.162105824822087E+002  0.988786889588032E+002 -0.363232071002427E+000  0.401130920860044E+000 -0.107536384819057E+002 -0.707935406149322E+003 -0.707935406149322E+003 -0.707942951431487E+003
  0.738373123381965E+001  0.462287256257137E+002 -0.363395070062958E+000  0.401352665554295E+000 -0.107536384819057E+002 -0.707936783922803E+003 -0.707936783922803E+003 -0.707938316606384E+003
  0.784987214955820E+001  0.534474011946624E+002 -0.363998202420964E+000  0.401613871264295E+000 -0.107536384819057E+002 -0.707936437282543E+003 -0.707936437282543E+003 -0.707958335102021E+003
  0.157688700232818E+001  0.746425515195761E+002 -0.362699283934264E+000  0.400751336725865E+000 -0.107536384819057E+002 -0.707935737442949E+003 -0.707935737442949E+003 -0.707940885021095E+003
  0.801919053319741E+001  0.929451885534304E+002 -0.364492382541820E+000  0.401416999054797E+000 -0.107536384819057E+002 -0.707936849324818E+003 -0.707936849324818E+003 -0.707955311392152E+003
 -0.183056552838218E+002  0.973625288853853E+002 -0.363283792400217E+000  0.401161157386967E+000 -0.107536384819057E+002 -0.707935397652710E+003 -0.707935397652710E+003 -0.707943075224325E+003
  0.835995105806296E+001  0.714112129637781E+002 -0.363672093939586E+000  0.401212866010242E+000 -0.107536384819057E+002 -0.707934792729885E+003 -0.707934792729885E+003 -0.707985248682444E+003
 -0.654705737704979E+001  0.486258030979907E+002 -0.364117685717077E+000  0.401176834182215E+000 -0.107536384819057E+002 -0.707936833616026E+003 -0.707936833616026E+003 -0.707937173800947E+003
 -0.175124872591385E+002  0.715867696793254E+002 -0.362802524136163E+000  0.401032525979646E+000 -0.107536384819057E+002 -0.707937121026252E+003 -0.707937121026252E+003 -0.707951067626364E+003
 -0.853025465361302E+001  0.671708834945085E+002 -0.363452231016921E+000  0.400866795133991E+000 -0.107536384819057E+002 -0.707936243690188E+003 -0.707936243690188E+003 -0.707943961318954E+003
 -0.607394474581018E+001  0.624287615695898E+002 -0.364370474419274E+000  0.401401362936404E+000 -0.107536384819057E+002 -0.707936178518121E+003 -0.707936178518121E+003 -0.707941991497646E+003
  0.102440441473583E+002  0.970148126231996E+002 -0.363555469104566E+000  0.401454551406712E+000 -0.107536384819057E+002 -0.707937068852892E+003 -0.707937068852892E+003 -0.707951585259213E+003
  0.288751357225422E+001  0.924021081804738E+002 -0.364513420786351E+000  0.401852792821579E+000 -0.107536384819057E+002 -0.707937058450119E+003 -0.707937058450119E+003 -0.708417989224497E+003
 -0.132448847464927E+002  0.600963716840754E+002 -0.362836769045479E+000  0.400814170887841E+000 -0.107536384819057E+002 -0.707935463073058E+003 -0.707935463073058E+003 -0.707937169075128E+003
  0.503841989535578E+001  0.787736796968355E+002 -0.364501865326659E+000  0.401583048243394E+000 -0.107536384819057E+002 -0.707935839590103E+003 -0.707935839590103E+003 -0.707937142492727E+003
 -0.174566165272976E+002  0.676008037206128E+002 -0.364771335441328E+000  0.401715001503277E+000 -0.107536384819057E+002 -0.707936525486906E+003 -0.707936525486906E+003 -0.707945845866262E+003
 -0.128779740477954E+001  0.845937649627859E+002 -0.363577391411545E+000  0.400995785358691E+000 -0.107536384819057E+002 -0.707935527792733E+003 -0.707935527792733E+003 -0.707937205237161E+003
  0.172219386302783E+002  0.747916771961785E+002 -0.364324711650743E+000  0.401397894617217E+000 -0.107536384819057E+002 -0.707935945624160E+003 -0.707935945624160E+003 -0.707937770926654E+003
  0.574701813811150E+001  0.932295975279371E+002 -0.363664815254569E+000  0.401231846634972E+000 -0.107536384819057E+002 -0.707934803496955E+003 -0.707934803496955E+003 -0.707939591180507E+003
  0.153592926315112E+002  0.818321736286579E+002 -0.362224248287754E+000  0.400523906835078E+000 -0.107536384819057E+002 -0.707937026128098E+003 -0.707937026128098E+003 -0.707938373697184E+003
  0.979599737805583E+001  0.462648136274823E+002 -0.363813160424366E+000  0.400991458182273E+000 -0.107536384819057E+002 -0.707937028509300E+003 -0.707937028509300E+003 -0.707961408022329E+003
  0.160295942721197E+002  0.936466189266758E+002 -0.364205605366201E+000  0.401595673904214E+000 -0.107536384819057E+002 -0.707935591435166E+003 -0.707935591435166E+003 -0.707965307980007E+003
  0.138217350435958E+002  0.886758191417855E+002 -0.363350428404046E+000  0.400987837199565E+000 -0.107536384819057E+002 -0.707934961158211E+003 -0.707934961158211E+003 -0.707938426888158E+003
  0.198722544087358E+001  0.962697564114403E+002 -0.364585422892939E+000  0.401590492937249E+000 -0.107536384819057E+002 -0.707936139055196E+003 -0.707936139055196E+003 -0.707938705140327E+003
 -0.540689476959459E+001  0.785273507659637E+002 -0.363852375705493E+000  0.401595731060237E+000 -0.107536384819057E+002 -0.707937057098186E+003 -0.707937057098186E+003 -0.707938033690925E+003
  0.578541927129166E+001  0.628726034141731E+002 -0.363694974122525E+000  0.401171030704798E+000 -0.107536384819057E+002 -0.707934872407946E+003 -0.707934872407946E+003 -0.707938064305654E+003
  0.117442087749128E+002  0.995692229688608E+002 -0.364185964554701E+000  0.401431410233315E+000 -0.107536384819057E+002 -0.707935252468565E+003 -0.707935252468565E+003 -0.707938180864895E+003
  0.119389798410451E+002  0.617632630557629E+002 -0.362440825992635E+000  0.400622402421346E+000 -0.107536384819057E+002 -0.707936365441398E+003 -0.707936365441398E+003 -0.707945641032518E+003
 -0.110477836885746E+002  0.998478383809939E+002 -0.363833047107752E+000  0.400999572365106E+000 -0.107536384819057E+002 -0.707937066742183E+003 -0.707937066742183E+003 -0.707937944161490E+003
 -0.149245618443167E+001  0.874504424583841E+002 -0.363748328891297E+000  0.401424181023846E+000 -0.107536384819057E+002 -0.707935577572561E+003 -0.707935577572561E+003 -0.707937219046681E+003
 -0.860195077204726E+001  0.868147192789613E+002 -0.364073550063130E+000  0.401379982672121E+000 -0.107536384819057E+002 -0.707935097405201E+003 -0.707935097405201E+003 -0.707940792906235E+003
  0.837618826898602E+001  0.923201884405352E+002 -0.363600491445521E+000  0.401474175161052E+000 -0.107536384819057E+002 -0.707937026377004E+003 -0.707937026377004E+003 -0.707941747523736E+003
  0.778785169735882E+001  0.991806883603060E+002 -0.362852959844286E+000  0.400799183112214E+000 -0.107536384819057E+002 -0.707935429702439E+003 -0.707935429702439E+003 -0.707943712241142E+003
 -0.181374206520805E+002  0.924668804175068E+002 -0.363242532054670E+000  0.400820315515641E+000 -0.107536384819057E+002 -0.707935749001822E+003 -0.707935749001822E+003 -0.707937717213431E+003
  0.117353442286137E+002  0.861194209282804E+002 -0.364634459163616E+000  0.401865626109046E+000 -0.107536384819057E+002 -0.707936866623214E+003 -0.707936866623214E+003 -0.707943475482037E+003
 -0.194174313824218E+002  0.747832985207875E+002 -0.362538106053548E+000  0.400684351227007E+000 -0.107536384819057E+002 -0.707936128722166E+003 -0.707936128722166E+003 -0.707941213891298E+003
  0.214019773948941E+001  0.583848933402538E+002 -0.363227118905376E+000  0.401233451469681E+000 -0.107536384819057E+002 -0.707936420304145E+003 -0.707936420304145E+003 -0.707937624675915E+003
  0.164496583432794E+002  0.800824603054254E+002 -0.363763105164899E+000  0.401023870720182E+000 -0.107536384819057E+002 -0.707936232034264E+003 -0.707936232034264E+003 -0.707938408418751E+003
  0.181425278471907E+002  0.736940036946825E+002 -0.363065856625563E+000  0.400800084766480E+000 -0.107536384819057E+002 -0.707935429508385E+003 -0.707935429508385E+003 -0.707948035020452E+003
 -0.776198287310891E+000  0.517956936670232E+002 -0.364231945263704E+000  0.401663108660518E+000 -0.107536384819057E+002 -0.707936031208358E+003 -0.707936031208358E+003 -0.708045374945751E+003
 -0.235469524081077E+001  0.854935977803587E+002 -0.364155157640862E+000  0.401330673624720E+000 -0.107536384819057E+002 -0.707935562186775E+003 -0.707935562186775E+003 -0.707938192516459E+003
  0.160564683506667E+002  0.600789434308018E+002 -0.362656978414463E+000  0.400543794547742E+000 -0.107536384819057E+002 -0.707936516852232E+003 -0.707936516852232E+003 -0.707946396697373E+003
  0.155749410209358E+002  0.961620513599176E+002 -0.363631977098123E+000  0.401450421683548E+000 -0.107536384819057E+002 -0.707936471704191E+003 -0.707936471704191E+003 -0.707941622194021E+003
  0.165727715266791E+002  0.481965816896303E+002 -0.364181179898864E+000  0.401627478534881E+000 -0.107536384819057E+002 -0.707935867785999E+003 -0.707935867785999E+003 -0.707951461228673E+003
  0.217464077150699E+001  0.778692907486695E+002 -0.363300642805884E+000  0.401158304346865E+000 -0.107536384819057E+002 -0.707935308513972E+003 -0.707935308513972E+003 -0.707938890193046E+003
  0.845838038289826E+001  0.953466882088975E+002 -0.362506064163409E+000  0.400763535224026E+000 -0.107536384819057E+002 -0.707936602621570E+003 -0.707936602621570E+003 -0.707938269222749E+003
 -0.141153147701359E+002  0.729087899439817E+002 -0.363658962450081E+000  0.401430647151251E+000 -0.107536384819057E+002 -0.707936067976837E+003 -0.707936067976837E+003 -0.707942582553383E+003
 -0.818026525017501E-002  0.550167572277557E+002 -0.362691014666923E+000  0.400881439996698E+000 -0.107536384819057E+002 -0.707936355106268E+003 -0.707936355106269E+003 -0.707938218263579E+003
  0.134807221224014E+002  0.741663566253189E+002 -0.364805623267455E+000  0.401711484736276E+000 -0.107536384819057E+002 -0.707936684802190E+003 -0.707936684802190E+003 -0.707940200061249E+003
  0.601394622066720E+001  0.903137961450782E+002 -0.364794532162007E+000  0.401716803287254E+000 -0.107536384819057E+002 -0.707936618017234E+003 -0.707936618017234E+003 -0.707966571105112E+003
  0.221224501268327E+001  0.445267688143418E+002 -0.363092107463961E+000  0.401158873216721E+000 -0.107536384819057E+002 -0.707936466100292E+003 -0.707936466100292E+003 -0.707960562595972E+003
  0.185127471758612E+002  0.921410239926969E+002 -0.363651824307537E+000  0.400953208975655E+000 -0.107536384819057E+002 -0.707936388372398E+003 -0.707936388372398E+003 -0.707940544415967E+003
  0.151543109058759E+001  0.428674628155981E+002 -0.363820901351944E+000  0.401330042864925E+000 -0.107536384819057E+002 -0.707934895881650E+003 -0.707934895881650E+003 -0.707938203339569E+003
  0.161350646440528E+002  0.682662953240731E+002 -0.364200466808654E+000  0.401277777966511E+000 -0.107536384819057E+002 -0.707936249326256E+003 -0.707936249326257E+003 -0.707937315685492E+003
 -0.725636807786509E+001  0.993172332440326E+002 -0.364215424596542E+000  0.401460647529415E+000 -0.107536384819057E+002 -0.707935272979718E+003 -0.707935272979718E+003 -0.707938590307567E+003
 -0.153674757044422E+002  0.782573086915270E+002 -0.363585613824130E+000  0.400961861996923E+000 -0.107536384819057E+002 -0.707935895752455E+003 -0.707935895752455E+003 -0.707938390311665E+003
 -0.188569598951760E+002  0.812289771799867E+002 -0.364869898877578E+000  0.401729125130537E+000 -0.107536384819057E+002 -0.707936933405621E+003 -0.707936933405621E+003 -0.707939334878920E+003
  0.126685254863791E+002  0.756245621311550E+002 -0.363902592605738E+000  0.401515605026655E+000 -0.107536384819057E+002 -0.707935801602577E+003 -0.707935801602577E+003 -0.707938609089353E+003
  0.111917714674430E+002  0.603393924040417E+002 -0.364363683858079E+000  0.401321379983978E+000 -0.107536384819057E+002 -0.707936944125518E+003 -0.707936944125518E+003 -0.708003400297951E+003
 -0.112179398728435E+002  0.798839366285443E+002 -0.364862484397153E+000  0.401817005852664E+000 -0.107536384819057E+002 -0.707936742030083E+003 -0.707936742030083E+003 -0.707939728734594E+003
  0.135263620783268E+002  0.415581910387727E+002 -0.363827233153755E+000  0.401296040204373E+000 -0.107536384819057E+002 -0.707934854234510E+003 -0.707934854234510E+003 -0.707938964728226E+003
 -0.118508265462752E+002  0.802242370908628E+002 -0.362696735221633E+000  0.400940485506593E+000 -0.107536384819057E+002 -0.707936866643859E+003 -0.707936866643860E+003 -0.707939524063551E+003
  0.116596176109812E+002  0.416455027221300E+002 -0.363848022081475E+000  0.401598451594152E+000 -0.107536384819057E+002 -0.707937128084585E+003 -0.707937128084585E+003 -0.707938573868782E+003
  0.117611853434628E+002  0.585974289224064E+002 -0.362792335027581E+000  0.400858378382943E+000 -0.107536384819057E+002 -0.707935708965810E+003 -0.707935708965810E+003 -0.707940822871283E+003
 -0.966780302529955E-001  0.983561918947017E+002 -0.364510631391429E+000  0.401484216748534E+000 -0.107536384819057E+002 -0.707936364598362E+003 -0.707936364598362E+003 -0.707954708174141E+003
 -0.595297046927597E+001  0.617286560560232E+002 -0.363465607809579E+000  0.401302566731395E+000 -0.107536384819057E+002 -0.707935739155599E+003 -0.707935739155600E+003 -0.707941691890030E+003
  0.126487954087300E+002  0.739586244390021E+002 -0.363591599583549E+000  0.400995426044231E+000 -0.107536384819057E+002 -0.707935593895689E+003 -0.707935593895689E+003 -0.707938263773314E+003
 -0.308654172178011E+001  0.907191532967392E+002 -0.363161753778833E+000  0.400965789337741E+000 -0.107536384819057E+002 -0.707935000752921E+003 -0.707935000752921E+003 -0.708046639259511E+003
 -0.610828173268922E+001  0.998230804942058E+002 -0.363501512542834E+000  0.401364054602023E+000 -0.107536384819057E+002 -0.707936206470623E+003 -0.707936206470624E+003 -0.707939283431444E+003
 -0.192437042135041E+001  0.950119050316724E+002 -0.362915646202089E+000  0.400871977537562E+000 -0.107536384819057E+002 -0.707935352483202E+003 -0.707935352483202E+003 -0.707971450220477E+003
 -0.143629657407323E+002  0.605247349182490E+002 -0.362326075432841E+000  0.400514238842606E+000 -0.107536384819057E+002 -0.707936710910830E+003 -0.707936710910830E+003 -0.707957189935023E+003
 -0.716138952623611E+001  0.723657894673606E+002 -0.364286632644864E+000  0.401693741937526E+000 -0.107536384819057E+002 -0.707936149583291E+003 -0.707936149583291E+003 -0.707939560762958E+003
  0.870324355698262E+001  0.686795049298695E+002 -0.364145533298144E+000  0.401706404633467E+000 -0.107536384819057E+002 -0.707936852898945E+003 -0.707936852898945E+003 -0.707939397871120E+003
 -0.163909031044499E+002  0.716825654303445E+002 -0.363465091825735E+000  0.401192533996639E+000 -0.107536384819057E+002 -0.707934972571106E+003 -0.707934972571106E+003 -0.707937946232615E+003
 -0.187413061283479E+002  0.448357628412396E+002 -0.364856430520471E+000  0.401872379369799E+000 -0.107536384819057E+002 -0.707936841085875E+003 -0.707936841085875E+003 -0.707944341830578E+003
 -0.502715888441961E+001  0.926466898066450E+002 -0.364146868005786E+000  0.401474084937133E+000 -0.107536384819057E+002 -0.707935175833279E+003 -0.707935175833279E+003 -0.707937389819431E+003
  0.124084963787853E+002  0.964142205385700E+002 -0.362523207864738E+000  0.400511822012874E+000 -0.107536384819057E+002 -0.707936576598820E+003 -0.707936576598820E+003 -0.707937907458960E+003
 -0.841485670483160E+001  0.887187594655530E+002 -0.363840776530606E+000  0.401084539751402E+000 -0.107536384819057E+002 -0.707936020816695E+003 -0.707936020816695E+003 -0.707967296580727E+003
  0.427525065907664E+001  0.816971019340866E+002 -0.363368468232626E+000  0.400802108741104E+000 -0.107536384819057E+002 -0.707936571084235E+003 -0.707936571084235E+003 -0.707937285090680E+003
  0.803984562101910E+001  0.466177720137581E+002 -0.363236361564555E+000  0.401161482771072E+000 -0.107536384819057E+002 -0.707935620462409E+003 -0.707935620462409E+003 -0.707937399855210E+003
  0.129843394930865E+002  0.471066618121469E+002 -0.363248168027886E+000  0.401233194056375E+000 -0.107536384819057E+002 -0.707936274030882E+003 -0.707936274030882E+003 -0.707943321149032E+003
 -0.276307596109455E+001  0.425881592673212E+002 -0.362651770997432E+000  0.400823403087767E+000 -0.107536384819057E+002 -0.707936174622399E+003 -0.707936174622399E+003 -0.707941074641626E+003
  0.808465689195174E+001  0.900059565807343E+002 -0.363697074331165E+000  0.401423325191997E+000 -0.107536384819057E+002 -0.707935793731938E+003 -0.707935793731938E+003 -0.707953358170840E+003
 -0.721835107972686E+001  0.656797223087079E+002 -0.364071836639815E+000  0.401175455975195E+000 -0.107536384819057E+002 -0.707936505191880E+003 -0.707936505191880E+003 -0.707937550854730E+003
  0.812368067754193E+001  0.433240803502616E+002 -0.363204253823824E+000  0.401094762243808E+000 -0.107536384819057E+002 -0.707935288333775E+003 -0.707935288333776E+003 -0.707937242171518E+003
  0.169361290603340E+002  0.573400086754410E+002 -0.363062990501489E+000  0.400811147280672E+000 -0.107536384819057E+002 -0.707935365697349E+003 -0.707935365697349E+003 -0.707937352464714E+003
  0.140887403275962E+002  0.725392247159678E+002 -0.363736844362632E+000  0.401540445874181E+000 -0.107536384819057E+002 -0.707937031310860E+003 -0.707937031310860E+003 -0.707937237275378E+003
  0.188091111209866E+002  0.603714017805365E+002 -0.362637226568394E+000  0.400627950134988E+000 -0.107536384819057E+002 -0.707935994082841E+003 -0.707935994082841E+003 -0.707937798538526E+003
  0.151219172260568E+002  0.510073764342595E+002 -0.364290430475962E+000  0.401522086649281E+000 -0.107536384819057E+002 -0.707935378892339E+003 -0.707935378892339E+003 -0.707942320492334E+003
  0.174271986369202E+001  0.980454767480691E+002 -0.363936293335339E+000  0.401382337995298E+000 -0.107536384819057E+002 -0.707934966347041E+003 -0.707934966347041E+003 -0.707942708104531E+003
  0.927081716786303E+001  0.447134884520625E+002 -0.363256279441845E+000  0.400823531764781E+000 -0.107536384819057E+002 -0.707935771366620E+003 -0.707935771366620E+003 -0.707938865495592E+003
 -0.971430801686146E+001  0.461755903742815E+002 -0.362405465873846E+000  0.400658776653126E+000 -0.107536384819057E+002 -0.707936592092204E+003 -0.707936592092204E+003 -0.707939428605244E+003
  0.187437473129807E+002  0.457385553421153E+002 -0.363553880063050E+000  0.401097968701421E+000 -0.107536384819057E+002 -0.707934867634600E+003 -0.707934867634601E+003 -0.707937295832781E+003
 -0.115978816029062E+002  0.426732392527164E+002 -0.363294516365349E+000  0.401008842444295E+000 -0.107536384819057E+002 -0.707934893351084E+003 -0.707934893351084E+003 -0.707941201788849E+003
  0.118249561896629E+002  0.439703328580265E+002 -0.364024759259278E+000  0.401567992769624E+000 -0.107536384819057E+002 -0.707935833547768E+003 -0.707935833547768E+003 -0.707942563227438E+003
  0.160786090104801E+002  0.848295399720065E+002 -0.364193178190822E+000  0.401267113252615E+000 -0.107536384819057E+002 -0.707936311461399E+003 -0.707936311461399E+003 -0.707937180743646E+003
  0.184747082849212E+002  0.724950218990794E+002 -0.364474236863444E+000  0.401732963480184E+000 -0.107536384819057E+002 -0.707936098223433E+003 -0.707936098223433E+003 -0.707940902368550E+003
  0.964347258389550E+001  0.638515212855365E+002 -0.362365996195499E+000  0.400428797487909E+000 -0.107536384819057E+002 -0.707937041158535E+003 -0.707937041158535E+003 -0.707937884183656E+003
  0.148903188718932E+002  0.512286971290931E+002 -0.362457473755573E+000  0.400741802106581E+000 -0.107536384819057E+002 -0.707936746404920E+003 -0.707936746404920E+003 -0.707940618039607E+003
 -0.181337149244259E+002  0.777100028001121E+002 -0.362468203505355E+000  0.400511443512944E+000 -0.107536384819057E+002 -0.707936559094945E+003 -0.707936559094945E+003 -0.707939129300084E+003
 -0.194500845510412E+002  0.815324275762514E+002 -0.364113563222782E+000  0.401339475751400E+000 -0.107536384819057E+002 -0.707935343164690E+003 -0.707935343164690E+003 -0.707944685067809E+003
  0.146878543035392E+002  0.951247134595923E+002 -0.363168865762653E+000  0.400902158049378E+000 -0.107536384819057E+002 -0.707935088608814E+003 -0.707935088608814E+003 -0.707945918463312E+003
  0.686084017045137E+001  0.579981275663337E+002 -0.363774524149930E+000  0.401524669104496E+000 -0.107536384819057E+002 -0.707936556931327E+003 -0.707936556931327E+003 -0.707951760352640E+003
  0.603629033374442E+001  0.839404012073589E+002 -0.364305399217562E+000  0.401516746870191E+000 -0.107536384819057E+002 -0.707935408302978E+003 -0.707935408302978E+003 -0.707939394404241E+003
  0.687909766748138E+001  0.799494334867869E+002 -0.364291357868376E+000  0.401642525985293E+000 -0.107536384819057E+002 -0.707935752857541E+003 -0.707935752857541E+003 -0.707938455919818E+003
 -0.126352236780147E+002  0.961812060992813E+002 -0.363167963123075E+000  0.400795481116392E+000 -0.107536384819057E+002 -0.707935708929816E+003 -0.707935708929816E+003 -0.707937446796626E+003
 -0.178573780541500E+002  0.926908052205541E+002 -0.362619658837981E+000  0.400701659922693E+000 -0.107536384819057E+002 -0.707935906033099E+003 -0.707935906033099E+003 -0.708037199820779E+003
  0.622915928999643E+001  0.509342424500031E+002 -0.364844817136868E+000  0.401865333149281E+000 -0.107536384819057E+002 -0.707936801468015E+003 -0.707936801468016E+003 -0.707939599413460E+003
 -0.169152295961268E+002  0.407717262738555E+002 -0.363814530926658E+000  0.401233149630745E+000 -0.107536384819057E+002 -0.707934913698524E+003 -0.707934913698524E+003 -0.707949739504981E+003
 -0.531345136949579E+001  0.620050483379501E+002 -0.364461210936639E+000  0.401680221835560E+000 -0.107536384819057E+002 -0.707935841307041E+003 -0.707935841307041E+003 -0.707942880872334E+003
  0.132001497001309E+002  0.636969905019367E+002 -0.363952316593940E+000  0.401445868043141E+000 -0.107536384819057E+002 -0.707935164993245E+003 -0.707935164993245E+003 -0.707938124253266E+003
 -0.912927132547975E+001  0.660768833564416E+002 -0.362869408776635E+000  0.401019977780922E+000 -0.107536384819057E+002 -0.707936470480881E+003 -0.707936470480882E+003 -0.707944143585965E+003
 -0.835932184219423E+001  0.974832542515260E+002 -0.363358859130516E+000  0.401159824931174E+000 -0.107536384819057E+002 -0.707935111085533E+003 -0.707935111085533E+003 -0.707965917519234E+003
  0.126933451330339E+002  0.799411395817367E+002 -0.363610109751154E+000  0.400929630828871E+000 -0.107536384819057E+002 -0.707936419948904E+003 -0.707936419948904E+003 -0.707943436407633E+003
 -0.608557708753494E+001  0.555984389734757E+002 -0.363937765784315E+000  0.401472059885806E+000 -0.107536384819057E+002 -0.707935339898738E+003 -0.707935339898738E+003 -0.707939163712902E+003
  0.100876169355344E+002  0.659790796122986E+002 -0.363859936375340E+000  0.401227350148242E+000 -0.107536384819057E+002 -0.707935036182143E+003 -0.707935036182143E+003 -0.707940043092931E+003
 -0.124354897334071E+002  0.777338013070965E+002 -0.363541902299124E+000  0.400955840422579E+000 -0.107536384819057E+002 -0.707935736842818E+003 -0.707935736842818E+003 -0.707938337505446E+003
  0.194360803923570E+001  0.739156456790738E+002 -0.364055084554944E+000  0.401372389483398E+000 -0.107536384819057E+002 -0.707935073535219E+003 -0.707935073535220E+003 -0.707939677589782E+003
  0.286547872257982E+001  0.408619703321571E+002 -0.363965813039133E+000  0.401270250870826E+000 -0.107536384819057E+002 -0.707935161716308E+003 -0.707935161716308E+003 -0.707940242292422E+003
  0.927765339646714E+001  0.783221251040129E+002 -0.363398276332086E+000  0.400892558931460E+000 -0.107536384819057E+002 -0.707935698056090E+003 -0.707935698056090E+003 -0.707937694633760E+003
  0.778636924558441E+000  0.902663688351344E+002 -0.364237165291588E+000  0.401690866114423E+000 -0.107536384819057E+002 -0.707936275797209E+003 -0.707936275797209E+003 -0.707938238197272E+003
 -0.282338846765392E+001  0.544811989780435E+002 -0.363888760498455E+000  0.401434157915080E+000 -0.107536384819057E+002 -0.707935218782842E+003 -0.707935218782842E+003 -0.707942156485528E+003
 -0.112051394458543E+000  0.502268542035076E+002 -0.362374544592136E+000  0.400483516642235E+000 -0.107536384819057E+002 -0.707936730844070E+003 -0.707936730844070E+003 -0.707937693714176E+003
  0.135548305166655E+001  0.575754198699704E+002 -0.363803931976578E+000  0.401134023741175E+000 -0.107536384819057E+002 -0.707935379232412E+003 -0.707935379232413E+003 -0.707939063805237E+003
  0.880500828746123E+001  0.833396069351492E+002 -0.364913029539416E+000  0.401896548803148E+000 -0.107536384819057E+002 -0.707937003713399E+003 -0.707937003713399E+003 -0.707953866893993E+003
 -0.375150571906506E+000  0.488723184436235E+002 -0.363767344604283E+000  0.401339524577128E+000 -0.107536384819057E+002 -0.707934980883730E+003 -0.707934980883730E+003 -0.707938748027633E+003
  0.536726214510553E+001  0.402536795654307E+002 -0.363620550047241E+000  0.400989172933267E+000 -0.107536384819057E+002 -0.707935794016410E+003 -0.707935794016410E+003 -0.707963730103593E+003
  0.118589460778623E+002  0.518464919919514E+002 -0.364205287226279E+000  0.401492501182595E+000 -0.107536384819057E+002 -0.707935248254180E+003 -0.707935248254181E+003 -0.707940292174939E+003
 -0.480019619533238E+000  0.503010523028527E+002 -0.364106201105692E+000  0.401314691547849E+000 -0.107536384819057E+002 -0.707935446798841E+003 -0.707935446798841E+003 -0.707938936849573E+003
 -0.135064190937341E+002  0.686269053530131E+002 -0.364654039857895E+000  0.401801061205314E+000 -0.107536384819057E+002 -0.707936399780484E+003 -0.707936399780484E+003 -0.707938792709401E+003
  0.836020347767585E+001  0.521702045684948E+002 -0.363665820945359E+000  0.401040865192376E+000 -0.107536384819057E+002 -0.707935526060659E+003 -0.707935526060659E+003 -0.707938092732085E+003
 -0.854304536537426E+001  0.804274099944279E+002 -0.364338992187221E+000  0.401608260522917E+000 -0.107536384819057E+002 -0.707935564006990E+003 -0.707935564006990E+003 -0.707937492012282E+003
  0.676204416875560E+001  0.978629464523520E+002 -0.364420868671146E+000  0.401532020586540E+000 -0.107536384819057E+002 -0.707935696169090E+003 -0.707935696169091E+003 -0.707940403573756E+003
 -0.108690070788044E+001  0.431047220573486E+002 -0.362823315430197E+000  0.400831071930316E+000 -0.107536384819057E+002 -0.707935520127308E+003 -0.707935520127309E+003 -0.707949392599755E+003
 -0.168577996432781E+002  0.622191042176376E+002 -0.363933771938238E+000  0.401424341621043E+000 -0.107536384819057E+002 -0.707935094583235E+003 -0.707935094583235E+003 -0.707938240761891E+003
 -0.346425293611464E+001  0.991832294613129E+002 -0.363977009010175E+000  0.401601194713750E+000 -0.107536384819057E+002 -0.707936390971279E+003 -0.707936390971279E+003 -0.707953815475065E+003
  0.154156413501753E+002  0.526197944804432E+002 -0.364163238133015E+000  0.401314432015646E+000 -0.107536384819057E+002 -0.707935711871738E+003 -0.707935711871738E+003 -0.707937456043251E+003
  0.141863888925892E+002  0.559553065540951E+002 -0.364205139737376E+000  0.401306830482292E+000 -0.107536384819057E+002 -0.707936002445253E+003 -0.707936002445253E+003 -0.707940460877746E+003
  0.746831015780504E+001  0.922574996380840E+002 -0.362940529902975E+000  0.400623752639485E+000 -0.107536384819057E+002 -0.707936587854166E+003 -0.707936587854166E+003 -0.707937230168239E+003
 -0.177283363492581E+002  0.670376267378034E+002 -0.363508209261943E+000  0.400890139783513E+000 -0.107536384819057E+002 -0.707936284638471E+003 -0.707936284638471E+003 -0.707940166978313E+003
 -0.893681182694209E+001  0.972763830483555E+002 -0.362574997883634E+000  0.400672153939147E+000 -0.107536384819057E+002 -0.707936009218711E+003 -0.707936009218711E+003 -0.707937804285071E+003
  0.149839800007693E+002  0.693874090799080E+002 -0.363077402131766E+000  0.400918546152083E+000 -0.107536384819057E+002 -0.707935094236803E+003 -0.707935094236803E+003 -0.707937164407919E+003
  0.274814685512400E+000  0.636586558625705E+002 -0.364627431603974E+000  0.401527215296142E+000 -0.107536384819057E+002 -0.707936762055161E+003 -0.707936762055161E+003 -0.709448646466376E+003
  0.136910393884969E+002  0.992271126126667E+002 -0.362550990285958E+000  0.400490638642649E+000 -0.107536384819057E+002 -0.707936771193490E+003 -0.707936771193491E+003 -0.707961999394619E+003
 -0.677124824113845E+001  0.529060412952309E+002 -0.364739936242914E+000  0.401621994026364E+000 -0.107536384819057E+002 -0.707936775379723E+003 -0.707936775379723E+003 -0.707938511586008E+003
  0.847756066678533E+001  0.592871631016244E+002 -0.364035415335395E+000  0.401598806903278E+000 -0.107536384819057E+002 -0.707936095297302E+003 -0.707936095297302E+003 -0.707938841490646E+003
  0.118800444257824E+002  0.788165722127696E+002 -0.362987655794224E+000  0.400642510377226E+000 -0.107536384819057E+002 -0.707936571729162E+003 -0.707936571729162E+003 -0.707945662710678E+003
  0.384962519183798E+001  0.863934794883550E+002 -0.363831115534921E+000  0.401150159588345E+000 -0.107536384819057E+002 -0.707935375228025E+003 -0.707935375228025E+003 -0.707938187124063E+003
  0.127702903447953E+002  0.791384889437446E+002 -0.364444060366450E+000  0.401426119922577E+000 -0.107536384819057E+002 -0.707936425527694E+003 -0.707936425527694E+003 -0.707964838437610E+003
  0.353015508414315E+001  0.474191959315294E+002 -0.363821103452431E+000  0.401489710450880E+000 -0.107536384819057E+002 -0.707935893458120E+003 -0.707935893458120E+003 -0.707939506261682E+003
 -0.150801440212409E+002  0.502100409026094E+002 -0.363565485187324E+000  0.401406886479469E+000 -0.107536384819057E+002 -0.707936334535813E+003 -0.707936334535813E+003 -0.707938270137397E+003
  0.819602808754867E+001  0.853351866572731E+002 -0.363930846870906E+000  0.401602332715544E+000 -0.107536384819057E+002 -0.707936656190742E+003 -0.707936656190742E+003 -0.707944622274361E+003
 -0.239146869277419E+001  0.686655283138555E+002 -0.363675423502586E+000  0.401335303938363E+000 -0.107536384819057E+002 -0.707935161716459E+003 -0.707935161716459E+003 -0.708009289798794E+003
  0.175317373809465E+002  0.943838270230155E+002 -0.362785660588893E+000  0.400533406235246E+000 -0.107536384819057E+002 -0.707937015640886E+003 -0.707937015640886E+003 -0.707938592879177E+003
 -0.692373629188179E+001  0.490649898353013E+002 -0.363480585619080E+000  0.401051581306553E+000 -0.107536384819057E+002 -0.707934911102892E+003 -0.707934911102892E+003 -0.707937792145764E+003
  0.150476156294305E+002  0.742904240531107E+002 -0.362993306944605E+000  0.400609814304252E+000 -0.107536384819057E+002 -0.707937013002771E+003 -0.707937013002771E+003 -0.707937573143891E+003
 -0.417756092929027E+001  0.866750770523100E+002 -0.363289544341370E+000  0.401265916992067E+000 -0.107536384819057E+002 -0.707936389699240E+003 -0.707936389699240E+003 -0.707939785230473E+003
 -0.122324877218927E+002  0.712896816337286E+002 -0.363019795911581E+000  0.400750143493227E+000 -0.107536384819057E+002 -0.707935662889493E+003 -0.707935662889493E+003 -0.707938103953744E+003
 -0.193437375812415E+002  0.892036444986628E+002 -0.362870343630245E+000  0.400837456793513E+000 -0.107536384819057E+002 -0.707935410480487E+003 -0.707935410480487E+003 -0.707969831146659E+003
  0.237588171434150E+001  0.982183658352452E+002 -0.364036362007557E+000  0.401243881687937E+000 -0.107536384819057E+002 -0.707935610507413E+003 -0.707935610507413E+003 -0.707937592138253E+003
  0.652092294508966E+001  0.922560155452474E+002 -0.363722133883327E+000  0.401125372367400E+000 -0.107536384819057E+002 -0.707935132912638E+003 -0.707935132912638E+003 -0.707942010469115E+003
 -0.120495474501056E+002  0.672920432221978E+002 -0.364369563480451E+000  0.401782065182924E+000 -0.107536384819057E+002 -0.707936773832630E+003 -0.707936773832630E+003 -0.707937460886595E+003
 -0.142224797792744E+002  0.878041582293818E+002 -0.363216265885450E+000  0.400806464336777E+000 -0.107536384819057E+002 -0.707935778768214E+003 -0.707935778768214E+003 -0.707977254728415E+003
 -0.188640765136060E+002  0.778129650188527E+002 -0.364102188545080E+000  0.401250301713771E+000 -0.107536384819057E+002 -0.707935908599447E+003 -0.707935908599447E+003 -0.707938447353703E+003
  0.519874412511049E+001  0.966669091988041E+002 -0.363245046334420E+000  0.401029692723435E+000 -0.107536384819057E+002 -0.707934943961422E+003 -0.707934943961422E+003 -0.707947182170182E+003
 -0.660673245390107E+001  0.689912473698858E+002 -0.363990888595817E+000  0.401615759440908E+000 -0.107536384819057E+002 -0.707936498257709E+003 -0.707936498257709E+003 -0.707939000286283E+003
 -0.639614443964060E+000  0.449537762190706E+002 -0.364035339772588E+000  0.401239423669773E+000 -0.107536384819057E+002 -0.707935640302553E+003 -0.707935640302554E+003 -0.707947625171129E+003
 -0.316759937402638E+001  0.972758339059392E+002 -0.363335170171593E+000  0.401153015405829E+000 -0.107536384819057E+002 -0.707935151078368E+003 -0.707935151078368E+003 -0.707944702702409E+003
 -0.897577102195976E+001  0.765233614804212E+002 -0.362900759720322E+000  0.401088126748920E+000 -0.107536384819057E+002 -0.707937038063118E+003 -0.707937038063118E+003 -0.707938410339005E+003
  0.667143796069423E+001  0.942576157940220E+002 -0.364008215490627E+000  0.401502084908309E+000 -0.107536384819057E+002 -0.707935373378186E+003 -0.707935373378187E+003 -0.707940211474668E+003
  0.150442328692127E+002  0.559327182936728E+002 -0.363681508453802E+000  0.401320526391434E+000 -0.107536384819057E+002 -0.707935061920140E+003 -0.707935061920140E+003 -0.707980720942639E+003
 -0.123857180399341E+002  0.409181824089639E+002 -0.362677294151594E+000  0.400607357568755E+000 -0.107536384819057E+002 -0.707936094234095E+003 -0.707936094234095E+003 -0.707939170392330E+003
  0.138201675276524E+002  0.457018830227527E+002 -0.363041996390312E+000  0.401072979403563E+000 -0.107536384819057E+002 -0.707935896695681E+003 -0.707935896695682E+003 -0.707940635279998E+003
 -0.197020986974932E+001  0.872138449164274E+002 -0.363704413702165E+000  0.401192127483942E+000 -0.107536384819057E+002 -0.707934836641106E+003 -0.707934836641106E+003 -0.707943842580736E+003
 -0.335160666311520E+000  0.806102016189016E+002 -0.363148615208873E+000  0.400806519753085E+000 -0.107536384819057E+002 -0.707935563369548E+003 -0.707935563369548E+003 -0.707937628895186E+003
 -0.892804460449483E+001  0.855798251662762E+002 -0.363557920884225E+000  0.401066184174482E+000 -0.107536384819057E+002 -0.707934994528149E+003 -0.707934994528149E+003 -0.707960535644538E+003
 -0.723436488917210E+001  0.482420717228119E+002 -0.363903316517852E+000  0.401154072134110E+000 -0.107536384819057E+002 -0.707935683709519E+003 -0.707935683709519E+003 -0.707943926510625E+003
  0.167800414849288E+001  0.597772259715020E+002 -0.364188775727954E+000  0.401455215612313E+000 -0.107536384819057E+002 -0.707935225719302E+003 -0.707935225719302E+003 -0.707968149940792E+003
  0.178589004605221E+002  0.937904322021054E+002 -0.363953786438413E+000  0.401274033160773E+000 -0.107536384819057E+002 -0.707935108620161E+003 -0.707935108620161E+003 -0.707937130440233E+003
