 -0.192943470741310E+002  0.703974681091068E+002 -0.100002686547473E+001  0.100001914193703E+001 -0.107536384819057E+002 -0.494816862648272E+005 -0.494816862648272E+005 -0.494818465294716E+005
 -0.192952391075488E+002  0.703708099608264E+002 -0.100003101208975E+001  0.100002209679546E+001 -0.107536384819057E+002 -0.494817663791639E+005 -0.494817663791639E+005 -0.494819498241750E+005
 -0.192944356552796E+002  0.703683915591484E+002 -0.100002773159834E+001  0.100001975912360E+001 -0.107536384819057E+002 -0.494817203249375E+005 -0.494817203249375E+005 -0.494819498241750E+005
 -0.192941592341875E+002  0.703856952660132E+002 -0.100002338302570E+001  0.100001666037441E+001 -0.107536384819057E+002 -0.494817518809498E+005 -0.494817518809498E+005 -0.494819659043870E+005
 -0.192944435627514E+002  0.703889436057414E+002 -0.100003195146080E+001  0.100002276723474E+001 -0.107536384819057E+002 -0.494817785668158E+005 -0.494817785668158E+005 -0.494822674515877E+005
 -0.192941259034101E+002  0.704007776908189E+002 -0.100003028062292E+001  0.100002157558570E+001 -0.107536384819057E+002 -0.494817265113816E+005 -0.494817265113816E+005 -0.494818643609780E+005
 -0.192935245420661E+002  0.703733841703940E+002 -0.100002052446881E+001  0.100001462355503E+001 -0.107536384819057E+002 -0.494816479514844E+005 -0.494816479514844E+005 -0.494818248195361E+005
 -0.192948121007279E+002  0.703917881139374E+002 -0.100002236182128E+001  0.100001593275028E+001 -0.107536384819057E+002 -0.494816448548685E+005 -0.494816448548685E+005 -0.494820707802349E+005
 -0.192939833536512E+002  0.704034183776334E+002 -0.100003325830362E+001  0.100002369747763E+001 -0.107536384819057E+002 -0.494817816363281E+005 -0.494817816363281E+005 -0.494818465294716E+005
 -0.192939933246554E+002  0.704121774777984E+002 -0.100003345724418E+001  0.100002384041607E+001 -0.107536384819057E+002 -0.494817720788631E+005 -0.494817720788631E+005 -0.494818248195361E+005
 -0.192804218692098E+002  0.707860477347905E+002 -0.100002752109127E+001  0.100001960911367E+001 -0.107536384819057E+002 -0.494817284930663E+005 -0.494817284930663E+005 -0.494819109121709E+005
 -0.192789637560685E+002  0.708237979875814E+002 -0.100002916096600E+001  0.100002077772461E+001 -0.107536384819057E+002 -0.494817863380296E+005 -0.494817863380296E+005 -0.494818161299262E+005
 -0.192823499764447E+002  0.707977904284025E+002 -0.100003040693169E+001  0.100002166663617E+001 -0.107536384819057E+002 -0.494816683051868E+005 -0.494816683051868E+005 -0.494820585514697E+005
 -0.192800308396476E+002  0.708152791059359E+002 -0.100001060466682E+001  0.100000755570609E+001 -0.107536384819057E+002 -0.494814037899788E+005 -0.494814037899788E+005 -0.494817969667848E+005
 -0.192791236338985E+002  0.708469384432910E+002 -0.100001867456509E+001  0.100001330585409E+001 -0.107536384819057E+002 -0.494816177754430E+005 -0.494816177754430E+005 -0.494818403069370E+005
 -0.192796848697991E+002  0.708042819333609E+002 -0.100001052137118E+001  0.100000749637393E+001 -0.107536384819057E+002 -0.494816220783491E+005 -0.494816220783491E+005 -0.494818056870508E+005
 -0.192809589551967E+002  0.708028846616657E+002 -0.100002919352250E+001  0.100002080103300E+001 -0.107536384819057E+002 -0.494817837602905E+005 -0.494817837602905E+005 -0.494823243842840E+005
 -0.192812543325403E+002  0.708081626386707E+002 -0.100002554051884E+001  0.100001819856839E+001 -0.107536384819057E+002 -0.494815587031119E+005 -0.494815587031119E+005 -0.494823243842840E+005
 -0.192814172160462E+002  0.707550530813401E+002 -0.100001519696408E+001  0.100001082795312E+001 -0.107536384819057E+002 -0.494817614903287E+005 -0.494817614903287E+005 -0.494822093720665E+005
 -0.192808559656372E+002  0.708076930902861E+002 -0.100001667419882E+001  0.100001188055792E+001 -0.107536384819057E+002 -0.494815598156190E+005 -0.494815598156190E+005 -0.494819460831182E+005
 -0.192830404112109E+002  0.707738526608805E+002 -0.100003066256429E+001  0.100002184887663E+001 -0.107536384819057E+002 -0.494817615300231E+005 -0.494817615300231E+005 -0.494818603479756E+005
 -0.192823078631990E+002  0.708262566634618E+002 -0.100002836767626E+001  0.100002021245336E+001 -0.107536384819057E+002 -0.494816660363620E+005 -0.494816660363620E+005 -0.494819109121709E+005
 -0.192815792739683E+002  0.708194022570662E+002 -0.100003765730347E+001  0.100002683364629E+001 -0.107536384819057E+002 -0.494817870862691E+005 -0.494817870862691E+005 -0.494822640748092E+005
 -0.192802594006470E+002  0.707977030903690E+002 -0.100001697568345E+001  0.100001209527596E+001 -0.107536384819057E+002 -0.494816862455855E+005 -0.494816862455855E+005 -0.494818603479756E+005
 -0.192792394845852E+002  0.708512589151795E+002 -0.100002504505965E+001  0.100001784475120E+001 -0.107536384819057E+002 -0.494815994745258E+005 -0.494815994745258E+005 -0.494818756859275E+005
 -0.192790249686564E+002  0.708690329729816E+002 -0.100002979426672E+001  0.100002123004769E+001 -0.107536384819057E+002 -0.494817130560262E+005 -0.494817130560262E+005 -0.494820758813378E+005
 -0.192825473930640E+002  0.707883532700696E+002 -0.100001947320396E+001  0.100001387503415E+001 -0.107536384819057E+002 -0.494814888616074E+005 -0.494814888616074E+005 -0.494818573336608E+005
 -0.192822432595406E+002  0.707975123658397E+002 -0.100002193723304E+001  0.100001563096521E+001 -0.107536384819057E+002 -0.494817802097704E+005 -0.494817802097704E+005 -0.494818756859275E+005
 -0.192801091320816E+002  0.707948631292335E+002 -0.100001035483497E+001  0.100000737752289E+001 -0.107536384819057E+002 -0.494817258828761E+005 -0.494817258828761E+005 -0.494820082357129E+005
 -0.192824770582908E+002  0.708043060961618E+002 -0.100003276711852E+001  0.100002334857726E+001 -0.107536384819057E+002 -0.494816861829841E+005 -0.494816861829841E+005 -0.494818161299262E+005
 -0.192790008690162E+002  0.708323118018901E+002 -0.100002665425955E+001  0.100001899141242E+001 -0.107536384819057E+002 -0.494817283085690E+005 -0.494817283085690E+005 -0.494817870862691E+005
 -0.192781666250126E+002  0.709141101276393E+002 -0.100003070999782E+001  0.100002188243333E+001 -0.107536384819057E+002 -0.494817681479258E+005 -0.494817681479258E+005 -0.494822028448036E+005
 -0.192783491034169E+002  0.709184051314610E+002 -0.100002526908214E+001  0.100001800429209E+001 -0.107536384819057E+002 -0.494817412077994E+005 -0.494817412077994E+005 -0.494819108462292E+005
 -0.192755194331614E+002  0.709676988721610E+002 -0.100001591780119E+001  0.100001134112320E+001 -0.107536384819057E+002 -0.494815250097460E+005 -0.494815250097460E+005 -0.494818653640399E+005
 -0.192781151526349E+002  0.708965651431298E+002 -0.100003478246612E+001  0.100002478483307E+001 -0.107536384819057E+002 -0.494817363469140E+005 -0.494817363469140E+005 -0.494819534610106E+005
 -0.192768780372724E+002  0.709427589407922E+002 -0.100002391175211E+001  0.100001703783235E+001 -0.107536384819057E+002 -0.494816290915148E+005 -0.494816290915148E+005 -0.494817871570175E+005
 -0.192813121687326E+002  0.709061174416189E+002 -0.100001849582057E+001  0.100001317853620E+001 -0.107536384819057E+002 -0.494816936314766E+005 -0.494816936314766E+005 -0.494818788403891E+005
 -0.192770496339177E+002  0.709530901058108E+002 -0.100002431225300E+001  0.100001732326473E+001 -0.107536384819057E+002 -0.494815636035638E+005 -0.494815636035638E+005 -0.494818273564752E+005
 -0.192776479203101E+002  0.709093759160214E+002 -0.100003668331669E+001  0.100002613953058E+001 -0.107536384819057E+002 -0.494817782482180E+005 -0.494817782482180E+005 -0.494819152019143E+005
 -0.192784032248572E+002  0.709641905193407E+002 -0.100002146039744E+001  0.100001529054458E+001 -0.107536384819057E+002 -0.494817133698102E+005 -0.494817133698102E+005 -0.494819612858917E+005
 -0.192766735180934E+002  0.709025062827349E+002 -0.100002445675619E+001  0.100001742563436E+001 -0.107536384819057E+002 -0.494817767163830E+005 -0.494817767163830E+005 -0.494820999309053E+005
 -0.192776470989990E+002  0.709538029597944E+002 -0.100002972496470E+001  0.100002118048283E+001 -0.107536384819057E+002 -0.494817023397518E+005 -0.494817023397518E+005 -0.494818908402926E+005
 -0.192790285673470E+002  0.708900264543938E+002 -0.100001259169349E+001  0.100000897124979E+001 -0.107536384819057E+002 -0.494813493961642E+005 -0.494813493961642E+005 -0.494818267334957E+005
 -0.192765108075891E+002  0.709182909218259E+002 -0.100002864832195E+001  0.100002041335161E+001 -0.107536384819057E+002 -0.494817450210332E+005 -0.494817450210332E+005 -0.494818505590650E+005
 -0.192761369175664E+002  0.709460231990734E+002 -0.100002232204904E+001  0.100001590513966E+001 -0.107536384819057E+002 -0.494816800421022E+005 -0.494816800421022E+005 -0.494818908402926E+005
 -0.192776583631362E+002  0.709447190517934E+002 -0.100003358258294E+001  0.100002392971393E+001 -0.107536384819057E+002 -0.494816945299710E+005 -0.494816945299710E+005 -0.494818071019355E+005
 -0.192773642259276E+002  0.709275877948305E+002 -0.100003435699646E+001  0.100002448154433E+001 -0.107536384819057E+002 -0.494817796319794E+005 -0.494817796319794E+005 -0.494819152019143E+005
 -0.192792759805185E+002  0.708997094624421E+002 -0.100003797569890E+001  0.100002705934157E+001 -0.107536384819057E+002 -0.494817765865922E+005 -0.494817765865922E+005 -0.494819511449311E+005
 -0.192772448735349E+002  0.709476257702115E+002 -0.100003312243523E+001  0.100002360075838E+001 -0.107536384819057E+002 -0.494817170520263E+005 -0.494817170520263E+005 -0.494818788403891E+005
 -0.192771453770019E+002  0.709402693752566E+002 -0.100002498412620E+001  0.100001780209574E+001 -0.107536384819057E+002 -0.494815603580487E+005 -0.494815603580487E+005 -0.494818729392194E+005
 -0.192768005941398E+002  0.709498000690849E+002 -0.100003190531254E+001  0.100002273323176E+001 -0.107536384819057E+002 -0.494817750813159E+005 -0.494817750813159E+005 -0.494819650107773E+005
 -0.192784098327080E+002  0.708852899459851E+002 -0.100002905260827E+001  0.100002070143764E+001 -0.107536384819057E+002 -0.494816431153099E+005 -0.494816431153099E+005 -0.494817871570175E+005
 -0.192766925664318E+002  0.709326945270462E+002 -0.100002357503873E+001  0.100001679722569E+001 -0.107536384819057E+002 -0.494816371157218E+005 -0.494816371157218E+005 -0.494817871570175E+005
 -0.192760295256987E+002  0.709599235746351E+002 -0.100003403356927E+001  0.100002425004770E+001 -0.107536384819057E+002 -0.494817637202933E+005 -0.494817637202933E+005 -0.494817871570175E+005
 -0.192788746886786E+002  0.709048022418286E+002 -0.100002141686058E+001  0.100001526010950E+001 -0.107536384819057E+002 -0.494816292533327E+005 -0.494816292533327E+005 -0.494817871570175E+005
 -0.192677080245741E+002  0.713147426144152E+002 -0.100002294121676E+001  0.100001634624659E+001 -0.107536384819057E+002 -0.494817406516837E+005 -0.494817406516837E+005 -0.494819842222135E+005
 -0.192636931559571E+002  0.714306835537532E+002 -0.100002150098856E+001  0.100001532001814E+001 -0.107536384819057E+002 -0.494817499557060E+005 -0.494817499557060E+005 -0.494818831020725E+005
 -0.192734908320954E+002  0.711047066353084E+002 -0.100002391355810E+001  0.100001703909096E+001 -0.107536384819057E+002 -0.494817614177856E+005 -0.494817614177856E+005 -0.494822683663170E+005
 -0.192725740570465E+002  0.710937823049567E+002 -0.100003591407719E+001  0.100002559006232E+001 -0.107536384819057E+002 -0.494817778872734E+005 -0.494817778872734E+005 -0.494819577303752E+005
 -0.192743004349865E+002  0.710700611535417E+002 -0.100001700397105E+001  0.100001211542685E+001 -0.107536384819057E+002 -0.494816730508679E+005 -0.494816730508679E+005 -0.494818216014697E+005
 -0.192742371281317E+002  0.710587289719683E+002 -0.100003047810847E+001  0.100002171621574E+001 -0.107536384819057E+002 -0.494817416906548E+005 -0.494817416906548E+005 -0.494827967969956E+005
 -0.192703868866547E+002  0.711257337653091E+002 -0.100002435324676E+001  0.100001735186220E+001 -0.107536384819057E+002 -0.494817367218765E+005 -0.494817367218765E+005 -0.494820001568795E+005
 -0.192707998148396E+002  0.710940947256955E+002 -0.100002309494826E+001  0.100001645523314E+001 -0.107536384819057E+002 -0.494817761457163E+005 -0.494817761457163E+005 -0.494823279887328E+005
 -0.192757378724881E+002  0.710616164246912E+002 -0.100001790265469E+001  0.100001275580341E+001 -0.107536384819057E+002 -0.494817386207789E+005 -0.494817386207789E+005 -0.494821671734217E+005
 -0.192721062708032E+002  0.711163199453645E+002 -0.100002439093759E+001  0.100001737873860E+001 -0.107536384819057E+002 -0.494816768295808E+005 -0.494816768295808E+005 -0.494820430241824E+005
 -0.192688731651059E+002  0.712363866336511E+002 -0.100002982306770E+001  0.100002125054857E+001 -0.107536384819057E+002 -0.494817576441380E+005 -0.494817576441380E+005 -0.494820205307514E+005
 -0.192678469089073E+002  0.712578622580629E+002 -0.100002373365783E+001  0.100001691029679E+001 -0.107536384819057E+002 -0.494816393099702E+005 -0.494816393099702E+005 -0.494821059781558E+005
 -0.192738787420631E+002  0.711354933632216E+002 -0.100002386041663E+001  0.100001700131831E+001 -0.107536384819057E+002 -0.494817404862024E+005 -0.494817404862024E+005 -0.494818090344865E+005
 -0.192691759771248E+002  0.712103984668628E+002 -0.100002211370589E+001  0.100001575601165E+001 -0.107536384819057E+002 -0.494815983646039E+005 -0.494815983646039E+005 -0.494818831020725E+005
 -0.192696418309394E+002  0.711826783844103E+002 -0.100002955143236E+001  0.100002105597294E+001 -0.107536384819057E+002 -0.494817140053252E+005 -0.494817140053252E+005 -0.494818216014697E+005
 -0.192699247818929E+002  0.711621951344364E+002 -0.100003134200010E+001  0.100002233298487E+001 -0.107536384819057E+002 -0.494817572321562E+005 -0.494817572321562E+005 -0.494819577303752E+005
 -0.192725143683171E+002  0.711664241513745E+002 -0.100001664425078E+001  0.100001185876614E+001 -0.107536384819057E+002 -0.494815806552724E+005 -0.494815806552724E+005 -0.494821442086559E+005
 -0.192722684081822E+002  0.710619523905617E+002 -0.100002773047958E+001  0.100001975838986E+001 -0.107536384819057E+002 -0.494817398841817E+005 -0.494817398841817E+005 -0.494818216014697E+005
 -0.192733964135050E+002  0.711000857939345E+002 -0.100002132482836E+001  0.100001519394700E+001 -0.107536384819057E+002 -0.494816903713164E+005 -0.494816903713164E+005 -0.494818216014697E+005
 -0.192733830476690E+002  0.710565163318009E+002 -0.100002868014446E+001  0.100002043593920E+001 -0.107536384819057E+002 -0.494816722110527E+005 -0.494816722110527E+005 -0.494818216014697E+005
 -0.192744247734374E+002  0.710425061409344E+002 -0.100002180965289E+001  0.100001553986559E+001 -0.107536384819057E+002 -0.494816298511614E+005 -0.494816298511614E+005 -0.494821905404311E+005
 -0.192740440299175E+002  0.710390446989068E+002 -0.100002664445020E+001  0.100001898534950E+001 -0.107536384819057E+002 -0.494816785051928E+005 -0.494816785051928E+005 -0.494823254808785E+005
 -0.192731023473140E+002  0.710420659691255E+002 -0.100001771267784E+001  0.100001262046205E+001 -0.107536384819057E+002 -0.494815708941723E+005 -0.494815708941723E+005 -0.494816785051928E+005
 -0.192728020057172E+002  0.710369846772260E+002 -0.100001919167553E+001  0.100001367443203E+001 -0.107536384819057E+002 -0.494816653617496E+005 -0.494816653617496E+005 -0.494816785051928E+005
 -0.192759704219338E+002  0.709890382166650E+002 -0.100003234972569E+001  0.100002305116004E+001 -0.107536384819057E+002 -0.494816884291878E+005 -0.494816884291878E+005 -0.494820294669380E+005
 -0.192769537565369E+002  0.709965943790195E+002 -0.100002367221778E+001  0.100001686653682E+001 -0.107536384819057E+002 -0.494815803205557E+005 -0.494815803205557E+005 -0.494818340312492E+005
 -0.192751612472274E+002  0.709894318929733E+002 -0.100002753917770E+001  0.100001962209755E+001 -0.107536384819057E+002 -0.494816792475517E+005 -0.494816792475517E+005 -0.494819313478278E+005
 -0.192766818790560E+002  0.709950597566915E+002 -0.100002345147710E+001  0.100001670929098E+001 -0.107536384819057E+002 -0.494816111887236E+005 -0.494816111887236E+005 -0.494819931013042E+005
 -0.192760934215065E+002  0.709965201619261E+002 -0.100002256191113E+001  0.100001607542343E+001 -0.107536384819057E+002 -0.494815993600918E+005 -0.494815993600918E+005 -0.494818856294172E+005
 -0.192762476565296E+002  0.709920069713455E+002 -0.100002971585052E+001  0.100002117416965E+001 -0.107536384819057E+002 -0.494817161931641E+005 -0.494817161931641E+005 -0.494822189574559E+005
 -0.192768805990951E+002  0.709904507719804E+002 -0.100001587144937E+001  0.100001130805359E+001 -0.107536384819057E+002 -0.494817215447722E+005 -0.494817215447722E+005 -0.494817882062924E+005
 -0.192764157211900E+002  0.709985868623580E+002 -0.100002544001078E+001  0.100001812622284E+001 -0.107536384819057E+002 -0.494815844568027E+005 -0.494815844568027E+005 -0.494818585761816E+005
 -0.192758445346576E+002  0.709839886540561E+002 -0.100003282871369E+001  0.100002339241740E+001 -0.107536384819057E+002 -0.494817193182249E+005 -0.494817193182249E+005 -0.494817882062924E+005
 -0.192773397827850E+002  0.709836504202581E+002 -0.100003268025141E+001  0.100002328659105E+001 -0.107536384819057E+002 -0.494817684615893E+005 -0.494817684615893E+005 -0.494817882062924E+005
 -0.192760972328255E+002  0.709903554570591E+002 -0.100003061183019E+001  0.100002181160319E+001 -0.107536384819057E+002 -0.494816538489524E+005 -0.494816538489524E+005 -0.494817882062924E+005
 -0.192761954536406E+002  0.709946909692654E+002 -0.100002740387436E+001  0.100001952560915E+001 -0.107536384819057E+002 -0.494816067627475E+005 -0.494816067627475E+005 -0.494817882062924E+005
 -0.192764200506690E+002  0.710083328890206E+002 -0.100003017109242E+001  0.100002149757095E+001 -0.107536384819057E+002 -0.494816883472460E+005 -0.494816883472460E+005 -0.494818217871822E+005
 -0.192781794635746E+002  0.710062877659952E+002 -0.100001790923776E+001  0.100001276009620E+001 -0.107536384819057E+002 -0.494816914593563E+005 -0.494816914593563E+005 -0.494821127602450E+005
 -0.192754775349287E+002  0.710073416430423E+002 -0.100003087814546E+001  0.100002200137152E+001 -0.107536384819057E+002 -0.494816631255015E+005 -0.494816631255015E+005 -0.494818217871822E+005
 -0.192763181704175E+002  0.710023769072539E+002 -0.100002894021312E+001  0.100002062044338E+001 -0.107536384819057E+002 -0.494816528481430E+005 -0.494816528481430E+005 -0.494818104684385E+005
 -0.192762820501251E+002  0.710021447136040E+002 -0.100003234444101E+001  0.100002304726943E+001 -0.107536384819057E+002 -0.494817424056584E+005 -0.494817424056584E+005 -0.494821721464002E+005
 -0.192766470060683E+002  0.710012569548779E+002 -0.100003158891824E+001  0.100002250892229E+001 -0.107536384819057E+002 -0.494816923414335E+005 -0.494816923414335E+005 -0.494818217871822E+005
 -0.192759426142224E+002  0.710122882220248E+002 -0.100002577086916E+001  0.100001836195536E+001 -0.107536384819057E+002 -0.494815918377555E+005 -0.494815918377555E+005 -0.494818217871822E+005
 -0.192768547378877E+002  0.710059650295569E+002 -0.100002569535132E+001  0.100001830810808E+001 -0.107536384819057E+002 -0.494816638328245E+005 -0.494816638328245E+005 -0.494818217871822E+005
 -0.192748357908547E+002  0.710017233720671E+002 -0.100003240044434E+001  0.100002308614902E+001 -0.107536384819057E+002 -0.494817288922874E+005 -0.494817288922874E+005 -0.494818217871822E+005
