 -0.192451739491441E+002  0.730865017729849E+002 -0.373310791827543E+000  0.134633114400958E+000  0.324981965074222E+002 -0.153588086678938E+002 -0.733851649836389E+003 -0.733851649836389E+003
 -0.192451752706885E+002  0.730864342032035E+002 -0.373334014819352E+000  0.134661078816598E+000  0.324895682191695E+002 -0.153588086678938E+002 -0.733677416032907E+003 -0.733677416032907E+003
 -0.192371316263036E+002  0.733388960319737E+002 -0.377281736576716E+000 -0.108748078947347E+000  0.380032722748485E+002 -0.153588086678938E+002 -0.733896523434890E+003 -0.733896523434890E+003
 -0.192452218596818E+002  0.730851407455151E+002 -0.373362055846413E+000  0.134719035308292E+000  0.324947864241723E+002 -0.153588086678938E+002 -0.734265538192866E+003 -0.734265538192866E+003
 -0.192451776323637E+002  0.730864890510718E+002 -0.373344515668540E+000  0.134609147743929E+000  0.325006704500802E+002 -0.153588086678938E+002 -0.733760229017089E+003 -0.733760229017089E+003
 -0.192404614687629E+002  0.733185905438837E+002 -0.391432843962527E+000 -0.637672520626786E-001  0.342501857388823E+002 -0.153588086678938E+002 -0.733604510732178E+003 -0.733604510732178E+003
 -0.192452775226066E+002  0.730828381897186E+002 -0.373272237941219E+000  0.134650095461377E+000  0.324988077681496E+002 -0.153588086678938E+002 -0.734040280151908E+003 -0.734040280151908E+003
 -0.192451614445307E+002  0.730871867945604E+002 -0.373361188265038E+000  0.134589594059107E+000  0.325157143290405E+002 -0.153588086678938E+002 -0.734259807763327E+003 -0.734259807763327E+003
 -0.192452164231013E+002  0.730850795049728E+002 -0.373286344591663E+000  0.134589224539804E+000  0.325097073258007E+002 -0.153588086678938E+002 -0.734071413954831E+003 -0.734071413954831E+003
 -0.192451891431621E+002  0.730860033848013E+002 -0.373306863476954E+000  0.134446180928399E+000  0.325205293634011E+002 -0.153588086678938E+002 -0.733684598487994E+003 -0.733684598487994E+003
 -0.192451942688141E+002  0.730861383848380E+002 -0.373376125453387E+000  0.134723932369955E+000  0.324747030760626E+002 -0.153588086678938E+002 -0.733866659725557E+003 -0.733866659725557E+003
 -0.192452732884287E+002  0.730831093300946E+002 -0.373293244521692E+000  0.134784568982097E+000  0.324877131732067E+002 -0.153588086678938E+002 -0.734445924564608E+003 -0.734445924564608E+003
 -0.192451778619062E+002  0.730863513222748E+002 -0.373331181820352E+000  0.134646127123786E+000  0.324915710309254E+002 -0.153588086678938E+002 -0.733668705648778E+003 -0.733668705648778E+003
 -0.192452205875036E+002  0.730816322033351E+002 -0.372754047606486E+000  0.133675522505007E+000  0.326501284069397E+002 -0.153588086678938E+002 -0.734170400586485E+003 -0.734170400586485E+003
 -0.192452467730272E+002  0.730834232980489E+002 -0.373154263428959E+000  0.134165411578308E+000  0.325689556212488E+002 -0.153588086678938E+002 -0.733756519964751E+003 -0.733756519964751E+003
 -0.192452085530780E+002  0.730853074856654E+002 -0.373279220893232E+000  0.134563239781819E+000  0.325112924385798E+002 -0.153588086678938E+002 -0.733959073865444E+003 -0.733959073865444E+003
 -0.192451925081066E+002  0.730854905058383E+002 -0.373200511842312E+000  0.134278169677829E+000  0.325447916060420E+002 -0.153588086678938E+002 -0.733742284945123E+003 -0.733742284945123E+003
 -0.192452457583621E+002  0.730834878585025E+002 -0.373157143417178E+000  0.134226757689254E+000  0.325652068319403E+002 -0.153588086678938E+002 -0.734030479977389E+003 -0.734030479977389E+003
 -0.192452880793291E+002  0.730826466252967E+002 -0.373287168133789E+000  0.134643740115673E+000  0.325018706142439E+002 -0.153588086678938E+002 -0.734115899422106E+003 -0.734115899422106E+003
 -0.192404162849442E+002  0.733185620519865E+002 -0.391144843328727E+000 -0.634447379349830E-001  0.342858063894918E+002 -0.153588086678938E+002 -0.734149651679192E+003 -0.734149651679192E+003
 -0.192452448158839E+002  0.730835364997536E+002 -0.373151762491842E+000  0.134235838627456E+000  0.325673838483961E+002 -0.153588086678938E+002 -0.734192019425534E+003 -0.734192019425534E+003
 -0.192452262774317E+002  0.730848316663801E+002 -0.373316301035169E+000  0.134587204891169E+000  0.325061539925323E+002 -0.153588086678938E+002 -0.733868035524966E+003 -0.733868035524966E+003
 -0.192451864575564E+002  0.730859172439046E+002 -0.373242289913089E+000  0.134471661574887E+000  0.325307310566691E+002 -0.153588086678938E+002 -0.734189388238063E+003 -0.734189388238063E+003
 -0.192452825952005E+002  0.730826560233491E+002 -0.373267453073309E+000  0.134663586375501E+000  0.324941260351819E+002 -0.153588086678938E+002 -0.733932261090086E+003 -0.733932261090086E+003
 -0.192403894003208E+002  0.733222571702873E+002 -0.391716764384020E+000 -0.596308845485103E-001  0.340027724951692E+002 -0.153588086678938E+002 -0.734377404449601E+003 -0.734377404449601E+003
 -0.192452395491450E+002  0.730836825101906E+002 -0.373164331116603E+000  0.134308081053346E+000  0.325553578749368E+002 -0.153588086678938E+002 -0.734170899677668E+003 -0.734170899677668E+003
 -0.192408394695361E+002  0.733038333131844E+002 -0.390698023796838E+000 -0.707624011704393E-001  0.348977474408513E+002 -0.153588086678938E+002 -0.734042570078722E+003 -0.734042570078722E+003
 -0.192452919439091E+002  0.730824747937208E+002 -0.373284463796998E+000  0.134687363679932E+000  0.325046161337462E+002 -0.153588086678938E+002 -0.734485839495202E+003 -0.734485839495202E+003
 -0.192452426125021E+002  0.730835742752834E+002 -0.373137569119450E+000  0.134179340858624E+000  0.325742453091793E+002 -0.153588086678938E+002 -0.734105752210896E+003 -0.734105752210896E+003
 -0.192452428939362E+002  0.730836016284539E+002 -0.373157398320034E+000  0.134256100995684E+000  0.325658058759632E+002 -0.153588086678938E+002 -0.734256240445211E+003 -0.734256240445211E+003
 -0.192452847841699E+002  0.730826635128008E+002 -0.373268706729407E+000  0.134675048714556E+000  0.325048543619980E+002 -0.153588086678938E+002 -0.734438931675500E+003 -0.734438931675500E+003
 -0.192452843383321E+002  0.730827171151570E+002 -0.373275528970443E+000  0.134680715814537E+000  0.325030847756740E+002 -0.153588086678938E+002 -0.734405614585187E+003 -0.734405614585187E+003
 -0.192451889975323E+002  0.730857462600056E+002 -0.373254506613291E+000  0.134413805681989E+000  0.325293935833968E+002 -0.153588086678938E+002 -0.733713522207649E+003 -0.733713522207649E+003
 -0.192452234048894E+002  0.730852229930167E+002 -0.373405026442929E+000  0.134776221825693E+000  0.324789880724155E+002 -0.153588086678938E+002 -0.733950092260324E+003 -0.733950092260324E+003
 -0.192452648430262E+002  0.730838016069663E+002 -0.373370028175269E+000  0.134906785657012E+000  0.324639936753460E+002 -0.153588086678938E+002 -0.734251774527828E+003 -0.734251774527828E+003
 -0.192367513241846E+002  0.733538273879584E+002 -0.377096721768939E+000 -0.112748855800672E+000  0.382076486268913E+002 -0.153588086678938E+002 -0.733155362923868E+003 -0.733155362923868E+003
 -0.192452687274003E+002  0.730836541637224E+002 -0.373332096672196E+000  0.134730777510335E+000  0.324960247159448E+002 -0.153588086678938E+002 -0.734403916047857E+003 -0.734403916047857E+003
 -0.192452041525821E+002  0.730853346570466E+002 -0.373250449337885E+000  0.134451003986450E+000  0.325246691490444E+002 -0.153588086678938E+002 -0.733767470711094E+003 -0.733767470711094E+003
 -0.192427737924127E+002  0.731230111947741E+002 -0.374600210952296E+000 -0.132900470300537E+000  0.400666513929525E+002 -0.153588086678938E+002 -0.733847454451156E+003 -0.733847454451156E+003
 -0.192451658866255E+002  0.730867019175669E+002 -0.373303847197171E+000  0.134536650926175E+000  0.325041218862389E+002 -0.153588086678938E+002 -0.733811534068344E+003 -0.733811534068344E+003
 -0.192452369458137E+002  0.730847483276409E+002 -0.373331791921899E+000  0.134755450813888E+000  0.324764809119634E+002 -0.153588086678938E+002 -0.733757094734254E+003 -0.733757094734254E+003
 -0.192452062137037E+002  0.730860936641727E+002 -0.373439286729951E+000  0.134857015117847E+000  0.324735363863141E+002 -0.153588086678938E+002 -0.734252157085194E+003 -0.734252157085194E+003
 -0.192451932000145E+002  0.730832046079416E+002 -0.372846307817337E+000  0.133802846401348E+000  0.326292618159583E+002 -0.153588086678938E+002 -0.734086848355103E+003 -0.734086848355103E+003
 -0.192452455268122E+002  0.730838727540084E+002 -0.373234250662015E+000  0.134365710968288E+000  0.325401548833098E+002 -0.153588086678938E+002 -0.733850099367725E+003 -0.733850099367725E+003
 -0.192451430195709E+002  0.730869762395733E+002 -0.372888401237945E+000  0.133890148124328E+000  0.326218709073810E+002 -0.153588086678938E+002 -0.734331488236164E+003 -0.734331488236164E+003
 -0.192452666812363E+002  0.730833111531857E+002 -0.373263895101021E+000  0.134662766194565E+000  0.325077144444265E+002 -0.153588086678938E+002 -0.734470440126079E+003 -0.734470440126079E+003
 -0.192451621115336E+002  0.730870791990584E+002 -0.373354081281935E+000  0.134550059391588E+000  0.325163205057755E+002 -0.153588086678938E+002 -0.734019694885973E+003 -0.734019694885973E+003
 -0.192451542038192E+002  0.730874811353792E+002 -0.373370511975593E+000  0.134536479896026E+000  0.325153323032782E+002 -0.153588086678938E+002 -0.733859271541148E+003 -0.733859271541148E+003
 -0.192451920399226E+002  0.730847847234111E+002 -0.373125338710610E+000  0.134487851264707E+000  0.325334722810111E+002 -0.153588086678938E+002 -0.734472415632426E+003 -0.734472415632426E+003
 -0.192452138971800E+002  0.730818043326482E+002 -0.372754253367469E+000  0.133564075668011E+000  0.326547520082220E+002 -0.153588086678938E+002 -0.733651308229064E+003 -0.733651308229064E+003
 -0.192403325032419E+002  0.733426581509721E+002 -0.394413193074443E+000 -0.478763413728487E-001  0.329413423459779E+002 -0.153588086678938E+002 -0.733832855964558E+003 -0.733832855964558E+003
 -0.192451594238370E+002  0.730867269113850E+002 -0.373252074158923E+000  0.134407826546190E+000  0.325313311528310E+002 -0.153588086678938E+002 -0.733751090826606E+003 -0.733751090826606E+003
 -0.192452834197298E+002  0.730827343853179E+002 -0.373278908208486E+000  0.134583769625479E+000  0.325060090037609E+002 -0.153588086678938E+002 -0.733870630208262E+003 -0.733870630208262E+003
 -0.192452494357362E+002  0.730831341139320E+002 -0.373116557476395E+000  0.134244251846383E+000  0.325690372031605E+002 -0.153588086678938E+002 -0.734336680823580E+003 -0.734336680823580E+003
 -0.192404144975416E+002  0.733190519654509E+002 -0.391360266805847E+000 -0.616132510599572E-001  0.341720955389262E+002 -0.153588086678938E+002 -0.734380892247489E+003 -0.734380892247489E+003
 -0.192451517334378E+002  0.730856661955807E+002 -0.373007301861605E+000  0.134149451361822E+000  0.325725785173810E+002 -0.153588086678938E+002 -0.733932374273771E+003 -0.733932374273771E+003
 -0.192452281202735E+002  0.730815287742234E+002 -0.372775756585049E+000  0.133765658080833E+000  0.326369548204171E+002 -0.153588086678938E+002 -0.734214330390149E+003 -0.734214330390149E+003
 -0.192454973358188E+002  0.730713928587046E+002 -0.372757590831125E+000  0.133553120134758E+000  0.326584158332954E+002 -0.153588086678938E+002 -0.733675581301201E+003 -0.733675581301201E+003
 -0.192452343077931E+002  0.730836217341796E+002 -0.373108866927330E+000  0.134233731478844E+000  0.325627704287932E+002 -0.153588086678938E+002 -0.734016487593982E+003 -0.734016487593982E+003
 -0.192451810646338E+002  0.730860147756005E+002 -0.373270061627292E+000  0.134589738982136E+000  0.325049714502640E+002 -0.153588086678938E+002 -0.733875983879079E+003 -0.733875983879079E+003
 -0.192452290655619E+002  0.730840869043685E+002 -0.373179118287376E+000  0.134218319385225E+000  0.325554789027691E+002 -0.153588086678938E+002 -0.733668631951597E+003 -0.733668631951597E+003
 -0.192452575858658E+002  0.730829418190753E+002 -0.373151083840240E+000  0.134222960121714E+000  0.325636483067342E+002 -0.153588086678938E+002 -0.733937408007676E+003 -0.733937408007676E+003
 -0.192452983645978E+002  0.730811997769320E+002 -0.373115537925902E+000  0.134477480626989E+000  0.325250319231592E+002 -0.153588086678938E+002 -0.734097034051630E+003 -0.734097034051630E+003
 -0.192452868502967E+002  0.730827321267894E+002 -0.373272282771081E+000  0.134630407573487E+000  0.325064748009433E+002 -0.153588086678938E+002 -0.734229726159309E+003 -0.734229726159309E+003
 -0.192452139125502E+002  0.730856061155587E+002 -0.373407896519931E+000  0.134749275248740E+000  0.324794889447929E+002 -0.153588086678938E+002 -0.733774175039720E+003 -0.733774175039720E+003
 -0.192452209073967E+002  0.730843690618205E+002 -0.373142641360380E+000  0.134252336981674E+000  0.325667540673573E+002 -0.153588086678938E+002 -0.734281143596730E+003 -0.734281143596730E+003
 -0.192366437963674E+002  0.733547697004176E+002 -0.377362294539817E+000 -0.105848063315600E+000  0.378615948108865E+002 -0.153588086678938E+002 -0.734371849364766E+003 -0.734371849364766E+003
 -0.192452490471759E+002  0.730835196071709E+002 -0.373180167129524E+000  0.134214372995926E+000  0.325616900566704E+002 -0.153588086678938E+002 -0.733763870803119E+003 -0.733763870803119E+003
 -0.192452092145624E+002  0.730850025220310E+002 -0.373231546267079E+000  0.134484097803664E+000  0.325261253826768E+002 -0.153588086678938E+002 -0.734089215214032E+003 -0.734089215214032E+003
 -0.192452102479267E+002  0.730851473963397E+002 -0.373244184402962E+000  0.134393325472622E+000  0.325305484774556E+002 -0.153588086678938E+002 -0.733661949489315E+003 -0.733661949489315E+003
 -0.192452066641316E+002  0.730854805041223E+002 -0.373288060389686E+000  0.134488797634759E+000  0.325174816334728E+002 -0.153588086678938E+002 -0.733701250193384E+003 -0.733701250193384E+003
 -0.192452589530110E+002  0.730837487568917E+002 -0.373228120108944E+000  0.134357365534510E+000  0.325553296034710E+002 -0.153588086678938E+002 -0.734423429664859E+003 -0.734423429664859E+003
 -0.192452554458493E+002  0.730833146258608E+002 -0.373184607629249E+000  0.134253621322332E+000  0.325633749058397E+002 -0.153588086678938E+002 -0.734117292895215E+003 -0.734117292895215E+003
 -0.192452605080935E+002  0.730830907224099E+002 -0.373209941077354E+000  0.134662064499357E+000  0.325013423150918E+002 -0.153588086678938E+002 -0.734280460485363E+003 -0.734280460485363E+003
