 -0.192608328609516E+002  0.725857701974405E+002 -0.385694192270567E+000  0.136874916582766E+000  0.324207232131594E+002 -0.153588086678938E+002 -0.733942409753842E+003 -0.733942409753842E+003
 -0.192386059271712E+002  0.733041558773412E+002 -0.370588370114304E+000  0.136508894319546E+000  0.321356329292590E+002 -0.153588086678938E+002 -0.733829926446883E+003 -0.733829926446883E+003
 -0.192327819550573E+002  0.735016418933685E+002 -0.368645244572835E+000  0.136197096774705E+000  0.321469050905946E+002 -0.153588086678938E+002 -0.733930660283099E+003 -0.733930660283099E+003
 -0.192463622769165E+002  0.730520958120823E+002 -0.375640240995626E+000  0.136364519341701E+000  0.322636032060326E+002 -0.153588086678938E+002 -0.733765926913539E+003 -0.733765926913539E+003
 -0.192481936942270E+002  0.730222165360291E+002 -0.385896385236732E+000  0.138088607262276E+000  0.322275943389353E+002 -0.153588086678938E+002 -0.733808637788881E+003 -0.733808637788881E+003
 -0.192505312123099E+002  0.728660758910029E+002 -0.366373484635465E+000  0.133948696551446E+000  0.324691805109676E+002 -0.153588086678938E+002 -0.733887361034133E+003 -0.733887361034133E+003
 -0.192507131147634E+002  0.729062188163664E+002 -0.377438776008585E+000  0.136354364605773E+000  0.323003204076496E+002 -0.153588086678938E+002 -0.733622118002578E+003 -0.733622118002578E+003
 -0.192516975039903E+002  0.728704608414785E+002 -0.377015057748703E+000  0.137002564844543E+000  0.321845102588524E+002 -0.153588086678938E+002 -0.733621813985542E+003 -0.733621813985542E+003
 -0.192385539320106E+002  0.733223604464962E+002 -0.374164677296244E+000  0.134987425734056E+000  0.324593805477481E+002 -0.153588086678938E+002 -0.733987929874876E+003 -0.733987929874876E+003
 -0.192594375443832E+002  0.726491072303151E+002 -0.389378203590083E+000  0.137735719006735E+000  0.323761882544560E+002 -0.153588086678938E+002 -0.733984410842995E+003 -0.733984410842995E+003
 -0.192498250251271E+002  0.729538543535790E+002 -0.381631129723327E+000  0.137715306703797E+000  0.321774761115342E+002 -0.153588086678938E+002 -0.733673650399155E+003 -0.733673650399155E+003
 -0.192526934890445E+002  0.728784755885484E+002 -0.387542031955735E+000  0.137782649396955E+000  0.323169398635762E+002 -0.153588086678938E+002 -0.733889290169284E+003 -0.733889290169284E+003
 -0.192492418316425E+002  0.729833200490238E+002 -0.383695344554110E+000  0.138940120657106E+000  0.320347216536343E+002 -0.153588086678938E+002 -0.733886905305673E+003 -0.733886905305673E+003
 -0.192525409722939E+002  0.728555056856134E+002 -0.380295658874450E+000  0.134761352582249E+000  0.326284147368026E+002 -0.153588086678938E+002 -0.733714806186488E+003 -0.733714806186488E+003
 -0.192567386183992E+002  0.727304075149320E+002 -0.385368057758729E+000  0.140558207583283E+000  0.318146359331933E+002 -0.153588086678938E+002 -0.733975600740703E+003 -0.733975600740703E+003
 -0.192526188801909E+002  0.728453265977876E+002 -0.380718048981701E+000  0.139168892284437E+000  0.319195655302563E+002 -0.153588086678938E+002 -0.733674322215035E+003 -0.733674322215035E+003
 -0.192542934123529E+002  0.728085530643478E+002 -0.383902269327604E+000  0.136302716694355E+000  0.324671544157767E+002 -0.153588086678938E+002 -0.733811541885516E+003 -0.733811541885516E+003
 -0.192387524615597E+002  0.733112883628973E+002 -0.373143525667818E+000  0.136100276936534E+000  0.322477651268838E+002 -0.153588086678938E+002 -0.733781243797638E+003 -0.733781243797638E+003
 -0.192532621491311E+002  0.728008118566513E+002 -0.373288566039272E+000  0.133736853203247E+000  0.326426689083490E+002 -0.153588086678938E+002 -0.733774859445840E+003 -0.733774859445840E+003
 -0.192408864565787E+002  0.732559588211155E+002 -0.378301028467414E+000  0.137827303581948E+000  0.320787236693676E+002 -0.153588086678938E+002 -0.733716865985729E+003 -0.733716865985729E+003
