 -0.192532309703304E+002  0.727467563701802E+002 -0.362723071651744E+000  0.632298531896183E-001  0.229966917555489E+002 -0.153588086678938E+002 -0.733515908509889E+003 -0.733515908509889E+003
 -0.192545930460556E+002  0.727022353591934E+002 -0.364196189340717E+000  0.672941684954775E-001  0.226823144121883E+002 -0.153588086678938E+002 -0.733977403967774E+003 -0.733977403967774E+003
 -0.192543238877117E+002  0.726960238465539E+002 -0.362729405294217E+000  0.660538188582835E-001  0.227312489021330E+002 -0.153588086678938E+002 -0.733989229229965E+003 -0.733989229229965E+003
 -0.192593610356723E+002  0.726584462311343E+002 -0.395382796075388E+000  0.727839433466251E-001  0.225845278183658E+002 -0.153588086678938E+002 -0.734055707160332E+003 -0.734055707160332E+003
 -0.192552131557692E+002  0.729051113080725E+002 -0.389205270190253E+000  0.647452812141625E-001  0.231583914588269E+002 -0.153588086678938E+002 -0.733658104601838E+003 -0.733658104601838E+003
 -0.192529972148411E+002  0.727223127988200E+002 -0.363739994222039E+000  0.582791054746901E-001  0.234437597825697E+002 -0.153588086678938E+002 -0.733715159887955E+003 -0.733715159887955E+003
 -0.192521155598336E+002  0.728196470347788E+002 -0.366100020598366E+000  0.570025742937839E-001  0.235750072203955E+002 -0.153588086678938E+002 -0.733811786426269E+003 -0.733811786426269E+003
 -0.192415749136001E+002  0.732099601254612E+002 -0.389399285702735E+000  0.514738563581965E-001  0.243312712601277E+002 -0.153588086678938E+002 -0.734028329596538E+003 -0.734028329596538E+003
 -0.192511555417682E+002  0.727631167150364E+002 -0.361902972342840E+000  0.592486122518663E-001  0.233635015999731E+002 -0.153588086678938E+002 -0.734091438551551E+003 -0.734091438551551E+003
 -0.192324908681847E+002  0.734931839430649E+002 -0.391624474807557E+000  0.446681894750434E-001  0.249240378956080E+002 -0.153588086678938E+002 -0.733909011766534E+003 -0.733909011766534E+003
 -0.192554778619054E+002  0.728302454644092E+002 -0.384277405868592E+000  0.688080003168441E-001  0.227485155754201E+002 -0.153588086678938E+002 -0.733472817420611E+003 -0.733472817420611E+003
 -0.192496061446205E+002  0.727600860902756E+002 -0.350661384065455E+000  0.527756862829065E-001  0.238036934020078E+002 -0.153588086678938E+002 -0.733583391565388E+003 -0.733583391565388E+003
 -0.192582840083818E+002  0.727434611832501E+002 -0.384590091896806E+000  0.739513385986212E-001  0.223390074655413E+002 -0.153588086678938E+002 -0.734112447290348E+003 -0.734112447290348E+003
 -0.192461628762418E+002  0.729476714171825E+002 -0.363132060074046E+000  0.719461933672791E-001  0.222566347254070E+002 -0.153588086678938E+002 -0.733553900599410E+003 -0.733553900599410E+003
 -0.192442321871653E+002  0.729701991051763E+002 -0.360834971288730E+000  0.650937369323676E-001  0.228385719889977E+002 -0.153588086678938E+002 -0.733878062221593E+003 -0.733878062221593E+003
 -0.192427543764789E+002  0.731481197045327E+002 -0.384815197071717E+000  0.682546652926490E-001  0.228315907757751E+002 -0.153588086678938E+002 -0.734058340392180E+003 -0.734058340392180E+003
 -0.192590990846717E+002  0.727767129054834E+002 -0.395935671906429E+000  0.383417070780689E-001  0.255176990506229E+002 -0.153588086678938E+002 -0.733787430475834E+003 -0.733787430475834E+003
 -0.192569509024838E+002  0.728038348679550E+002 -0.377845568910930E+000  0.553741537131547E-001  0.238255604846552E+002 -0.153588086678938E+002 -0.733938511410029E+003 -0.733938511410029E+003
 -0.192465811410058E+002  0.728116021049617E+002 -0.349138987286775E+000  0.700295358220497E-001  0.223279496748488E+002 -0.153588086678938E+002 -0.733915231572054E+003 -0.733915231572054E+003
 -0.192418710844514E+002  0.732250634718944E+002 -0.391701808376838E+000  0.649008096112622E-001  0.231892334004023E+002 -0.153588086678938E+002 -0.733566766841174E+003 -0.733566766841174E+003
 -0.192539384682192E+002  0.728637860683272E+002 -0.376859589293465E+000  0.683032710875908E-001  0.227289661584303E+002 -0.153588086678938E+002 -0.734175753028561E+003 -0.734175753028561E+003
 -0.192573297992814E+002  0.727842457805123E+002 -0.385933820874757E+000  0.464534066844635E-001  0.246980769875402E+002 -0.153588086678938E+002 -0.733701251618696E+003 -0.733701251618696E+003
 -0.192324870134016E+002  0.731931106880832E+002 -0.350546705236560E+000  0.508313776476292E-001  0.239676465577113E+002 -0.153588086678938E+002 -0.734056396025990E+003 -0.734056396025990E+003
 -0.192463737216745E+002  0.730316964492904E+002 -0.376852863758818E+000  0.661036774367414E-001  0.229007858648922E+002 -0.153588086678938E+002 -0.733562619196314E+003 -0.733562619196314E+003
 -0.192601732581022E+002  0.726523984721174E+002 -0.366745270670044E+000  0.612158958610340E-001  0.231921734324214E+002 -0.153588086678938E+002 -0.734124657577974E+003 -0.734124657577974E+003
 -0.192579099814593E+002  0.728349849201479E+002 -0.408548588106616E+000  0.343202710847166E-001  0.260940601353562E+002 -0.153588086678938E+002 -0.734171704494397E+003 -0.734171704494397E+003
 -0.192318834776686E+002  0.732820822759092E+002 -0.355327549001300E+000  0.565517189487466E-001  0.235138566871590E+002 -0.153588086678938E+002 -0.733881272277040E+003 -0.733881272277040E+003
 -0.192525964853813E+002  0.729693485480622E+002 -0.381859626686093E+000  0.588559458328692E-001  0.235642388121432E+002 -0.153588086678938E+002 -0.733683206928132E+003 -0.733683206928132E+003
 -0.192547819321946E+002  0.727367637668336E+002 -0.370184121519430E+000  0.668258408425793E-001  0.227653825686960E+002 -0.153588086678938E+002 -0.733627142351746E+003 -0.733627142351746E+003
 -0.192504179832100E+002  0.728574562565553E+002 -0.379105671557073E+000  0.611847211146221E-001  0.233496980698625E+002 -0.153588086678938E+002 -0.733631845955155E+003 -0.733631845955155E+003
 -0.192657789601404E+002  0.724320193756090E+002 -0.374773719915084E+000  0.625019917109393E-001  0.231954994844922E+002 -0.153588086678938E+002 -0.734082732550534E+003 -0.734082732550534E+003
 -0.192412177285927E+002  0.732185954153523E+002 -0.380499179748915E+000  0.716740454753442E-001  0.224949514440267E+002 -0.153588086678938E+002 -0.734159999719203E+003 -0.734159999719203E+003
 -0.192523888369560E+002  0.728115376431723E+002 -0.369269439125086E+000  0.574731827521653E-001  0.235443446105314E+002 -0.153588086678938E+002 -0.733289987142425E+003 -0.733289987142425E+003
 -0.192580062677365E+002  0.727084680627702E+002 -0.371560699177637E+000  0.710237519888484E-001  0.224134238664814E+002 -0.153588086678938E+002 -0.733856045292313E+003 -0.733856045292313E+003
 -0.192320039509606E+002  0.733419238580824E+002 -0.361989803057693E+000  0.627595159808720E-001  0.230240559100970E+002 -0.153588086678938E+002 -0.733559417045857E+003 -0.733559417045857E+003
 -0.192357437326939E+002  0.731321830388625E+002 -0.352824885441319E+000  0.528431244788132E-001  0.238066150283647E+002 -0.153588086678938E+002 -0.733734698120964E+003 -0.733734698120964E+003
 -0.192304223370487E+002  0.733754606539135E+002 -0.370070157660028E+000  0.578777277705003E-001  0.235228318918308E+002 -0.153588086678938E+002 -0.734101516125562E+003 -0.734101516125562E+003
 -0.192742067119159E+002  0.722145014615754E+002 -0.390893012237525E+000  0.421604312120794E-001  0.251232413745318E+002 -0.153588086678938E+002 -0.733833697429122E+003 -0.733833697429122E+003
 -0.192632802261461E+002  0.725979694817281E+002 -0.399830519940581E+000  0.480294641106198E-001  0.247816380223279E+002 -0.153588086678938E+002 -0.734133600245846E+003 -0.734133600245846E+003
 -0.192350081265432E+002  0.734165586010671E+002 -0.388986856392834E+000  0.358878937761142E-001  0.256268821641785E+002 -0.153588086678938E+002 -0.733522157880264E+003 -0.733522157880264E+003
 -0.192645536720938E+002  0.726463137039550E+002 -0.392857844404510E+000  0.668281007059948E-001  0.230451317409353E+002 -0.153588086678938E+002 -0.734179537263466E+003 -0.734179537263466E+003
 -0.192461570427803E+002  0.729725716837603E+002 -0.387800575969709E+000  0.506525485079958E-001  0.243587535286569E+002 -0.153588086678938E+002 -0.734013350178460E+003 -0.734013350178460E+003
 -0.192559865391238E+002  0.727507258339587E+002 -0.390728527955624E+000  0.670177080568219E-001  0.230061190399110E+002 -0.153588086678938E+002 -0.733828091000270E+003 -0.733828091000270E+003
 -0.192629365823700E+002  0.723577945664238E+002 -0.363350739983783E+000  0.614570335822817E-001  0.231351025395637E+002 -0.153588086678938E+002 -0.733473750020796E+003 -0.733473750020796E+003
 -0.192327157732033E+002  0.734561718284499E+002 -0.385693476186350E+000  0.691516034527151E-001  0.227256414965026E+002 -0.153588086678938E+002 -0.733703669524806E+003 -0.733703669524806E+003
