  0.100000000000000E+001  0.148114545693077E+004 -0.192789042999923E+002  0.731455604157786E+002  0.286086749256485E+000 -0.706475902779180E+001 -0.740572728465383E+003
  0.100000000000000E+001  0.148126638447707E+004 -0.192525591014425E+002  0.738105299317619E+002  0.316781167855019E+000 -0.706475902779180E+001 -0.740633192238535E+003
  0.100000000000000E+001  0.148150486326894E+004 -0.192334951276260E+002  0.736286397437896E+002  0.316176266842661E+000 -0.706475902779180E+001 -0.740752431634471E+003
  0.100000000000000E+001  0.148189330245874E+004 -0.192920618160343E+002  0.727066641541262E+002  0.277441707565673E+000 -0.706475902779180E+001 -0.740946651229372E+003
  0.100000000000000E+001  0.148212101460804E+004 -0.192893950264859E+002  0.722504015529199E+002  0.343120769923261E+000 -0.706475902779180E+001 -0.741060507304018E+003
  0.100000000000000E+001  0.147580985490451E+004 -0.192227001948923E+002  0.747404728543030E+002  0.307748954491048E+000 -0.706475902779180E+001 -0.737904927452255E+003
  0.100000000000000E+001  0.148268259830477E+004 -0.193125798444076E+002  0.708100437897417E+002  0.373220518833706E+000 -0.706475902779180E+001 -0.741341299152383E+003
  0.100000000000000E+001  0.147965347554666E+004 -0.192984435043167E+002  0.715320975605790E+002  0.315249196587519E+000 -0.706475902779180E+001 -0.739826737773329E+003
  0.100000000000000E+001  0.147963395829964E+004 -0.192521906128997E+002  0.728162486375329E+002  0.372307022985006E+000 -0.706475902779180E+001 -0.739816979149819E+003
  0.100000000000000E+001  0.147920683848315E+004 -0.193339288978773E+002  0.703411484456772E+002  0.347221022664286E+000 -0.706475902779180E+001 -0.739603419241573E+003
  0.100000000000000E+001  0.147915998042424E+004 -0.193142079167596E+002  0.709325874800357E+002  0.360321481401018E+000 -0.706475902779180E+001 -0.739579990212119E+003
  0.100000000000000E+001  0.147915082891959E+004 -0.191855320325577E+002  0.757165202211507E+002  0.302907861378679E+000 -0.706475902779180E+001 -0.739575414459795E+003
  0.100000000000000E+001  0.147910898229039E+004 -0.192004010661668E+002  0.750925639598198E+002  0.341960475091045E+000 -0.706475902779180E+001 -0.739554491145197E+003
  0.100000000000000E+001  0.147902295097427E+004 -0.192664102164145E+002  0.730533332099281E+002  0.284233555288269E+000 -0.706475902779180E+001 -0.739511475487133E+003
  0.100000000000000E+001  0.147581701925511E+004 -0.191988539652315E+002  0.751254808426113E+002  0.331850300881448E+000 -0.706475902779180E+001 -0.737908509627554E+003
  0.100000000000000E+001  0.147592307887498E+004 -0.192866204677031E+002  0.721958824970944E+002  0.342570442524909E+000 -0.706475902779180E+001 -0.737961539437490E+003
  0.100000000000000E+001  0.147874650690156E+004 -0.193368216340520E+002  0.705351081847289E+002  0.333204570381553E+000 -0.706475902779180E+001 -0.739373253450779E+003
  0.100000000000000E+001  0.147602382378803E+004 -0.192406849071347E+002  0.738076827866614E+002  0.338721383210654E+000 -0.706475902779180E+001 -0.738011911894017E+003
  0.100000000000000E+001  0.147602570321933E+004 -0.191948593936271E+002  0.754455565840416E+002  0.308040552813359E+000 -0.706475902779180E+001 -0.738012851609663E+003
  0.100000000000000E+001  0.147843968917138E+004 -0.192816076678249E+002  0.718786712285669E+002  0.335759672550063E+000 -0.706475902779180E+001 -0.739219844585689E+003
  0.100000000000000E+001  0.147840589894635E+004 -0.192768239026567E+002  0.720433096887292E+002  0.368595026182197E+000 -0.706475902779180E+001 -0.739202949473173E+003
  0.100000000000000E+001  0.147825235841684E+004 -0.191960999271321E+002  0.756711512248065E+002  0.294960152255110E+000 -0.706475902779180E+001 -0.739126179208422E+003
  0.100000000000000E+001  0.147824574910415E+004 -0.192356393199264E+002  0.742316216029587E+002  0.323605173886989E+000 -0.706475902779180E+001 -0.739122874552074E+003
  0.100000000000000E+001  0.147816136263567E+004 -0.192130463453767E+002  0.746428957746720E+002  0.302029778544853E+000 -0.706475902779180E+001 -0.739080681317834E+003
  0.100000000000000E+001  0.147782973595248E+004 -0.192677284770434E+002  0.729745465673461E+002  0.337627740100042E+000 -0.706475902779180E+001 -0.738914867976241E+003
  0.100000000000000E+001  0.147781603837120E+004 -0.193152915250186E+002  0.709142421986277E+002  0.331205603017747E+000 -0.706475902779180E+001 -0.738908019185602E+003
  0.100000000000000E+001  0.147773076273859E+004 -0.191878002948428E+002  0.757249780886431E+002  0.317575472621634E+000 -0.706475902779180E+001 -0.738865381369297E+003
  0.100000000000000E+001  0.147772000754984E+004 -0.192637818561167E+002  0.733972009005362E+002  0.278135258277164E+000 -0.706475902779180E+001 -0.738860003774921E+003
  0.100000000000000E+001  0.147615136469754E+004 -0.192174303734225E+002  0.748940152992718E+002  0.310282506715452E+000 -0.706475902779180E+001 -0.738075682348769E+003
  0.100000000000000E+001  0.147755657334973E+004 -0.191876014782108E+002  0.755088825698638E+002  0.330965246530491E+000 -0.706475902779180E+001 -0.738778286674865E+003
  0.100000000000000E+001  0.147617036433358E+004 -0.192330491135841E+002  0.736219462552635E+002  0.330227777859410E+000 -0.706475902779180E+001 -0.738085182166790E+003
  0.100000000000000E+001  0.147739270437938E+004 -0.192936985051976E+002  0.724796209858883E+002  0.290471855024429E+000 -0.706475902779180E+001 -0.738696352189690E+003
  0.100000000000000E+001  0.147728080049358E+004 -0.192640246546985E+002  0.729578886495681E+002  0.346226833364716E+000 -0.706475902779180E+001 -0.738640400246792E+003
  0.100000000000000E+001  0.147710751710661E+004 -0.192271428406422E+002  0.747153270213071E+002  0.284678942118126E+000 -0.706475902779180E+001 -0.738553758553304E+003
  0.100000000000000E+001  0.147709534320314E+004 -0.192562195219221E+002  0.736778598440760E+002  0.279354686363573E+000 -0.706475902779180E+001 -0.738547671601568E+003
  0.100000000000000E+001  0.147709070337507E+004 -0.193040316794501E+002  0.720326412496777E+002  0.288818524744515E+000 -0.706475902779180E+001 -0.738545351687533E+003
  0.100000000000000E+001  0.147701021373743E+004 -0.192650155390550E+002  0.733747768298150E+002  0.279824439198525E+000 -0.706475902779180E+001 -0.738505106868714E+003
  0.100000000000000E+001  0.147620660607443E+004 -0.192470019613779E+002  0.732660682062515E+002  0.357047248917069E+000 -0.706475902779180E+001 -0.738103303037216E+003
  0.100000000000000E+001  0.147626819998570E+004 -0.193143440208773E+002  0.714696402979886E+002  0.298486391355731E+000 -0.706475902779180E+001 -0.738134099992848E+003
  0.100000000000000E+001  0.147687047716829E+004 -0.192406699664100E+002  0.737960771462857E+002  0.294664228205597E+000 -0.706475902779180E+001 -0.738435238584144E+003
  0.100000000000000E+001  0.147626822766214E+004 -0.192549456412222E+002  0.729647952957699E+002  0.359012876505465E+000 -0.706475902779180E+001 -0.738134113831071E+003
  0.100000000000000E+001  0.147630507193950E+004 -0.193108352483800E+002  0.716699704683765E+002  0.315220654834238E+000 -0.706475902779180E+001 -0.738152535969752E+003
  0.100000000000000E+001  0.147637687069930E+004 -0.192359475636143E+002  0.733921072825113E+002  0.353653710881248E+000 -0.706475902779180E+001 -0.738188435349650E+003
  0.100000000000000E+001  0.147676817396558E+004 -0.193316593492774E+002  0.707207567273713E+002  0.317380198521137E+000 -0.706475902779180E+001 -0.738384086982792E+003
  0.100000000000000E+001  0.147676380268865E+004 -0.193143299413378E+002  0.712532287327029E+002  0.339790888472427E+000 -0.706475902779180E+001 -0.738381901344325E+003
  0.100000000000000E+001  0.147645218486687E+004 -0.192399129103040E+002  0.736227339259993E+002  0.308030726142089E+000 -0.706475902779180E+001 -0.738226092433435E+003
  0.100000000000000E+001  0.147659467667727E+004 -0.192198694712370E+002  0.746715631252355E+002  0.290521361308155E+000 -0.706475902779180E+001 -0.738297338338637E+003
  0.100000000000000E+001  0.147657507416473E+004 -0.191928938937836E+002  0.755043331829012E+002  0.319814739518426E+000 -0.706475902779180E+001 -0.738287537082366E+003
  0.100000000000000E+001  0.147562704237120E+004 -0.192360339900137E+002  0.735800415480250E+002  0.325021675682503E+000 -0.706475902779180E+001 -0.737813521185601E+003
  0.100000000000000E+001  0.147550825582357E+004 -0.192823084646302E+002  0.726967867256393E+002  0.313176227453069E+000 -0.706475902779180E+001 -0.737754127911784E+003
  0.100000000000000E+001  0.147541385118458E+004 -0.192718726640423E+002  0.725644957397681E+002  0.308462122559374E+000 -0.706475902779180E+001 -0.737706925592289E+003
  0.100000000000000E+001  0.147533757119253E+004 -0.192171766818278E+002  0.742356713858866E+002  0.347586015893568E+000 -0.706475902779180E+001 -0.737668785596265E+003
  0.100000000000000E+001  0.147529942266403E+004 -0.192985379799352E+002  0.719935262674821E+002  0.295386092609729E+000 -0.706475902779180E+001 -0.737649711332014E+003
  0.100000000000000E+001  0.147529040426831E+004 -0.192863254312947E+002  0.725858313585911E+002  0.288705930011922E+000 -0.706475902779180E+001 -0.737645202134157E+003
  0.100000000000000E+001  0.147528672030511E+004 -0.192716149421765E+002  0.723187069960218E+002  0.358434911889359E+000 -0.706475902779180E+001 -0.737643360152556E+003
  0.100000000000000E+001  0.147528066951125E+004 -0.192387599565455E+002  0.737682229600366E+002  0.303401713608514E+000 -0.706475902779180E+001 -0.737640334755624E+003
  0.100000000000000E+001  0.147526612499740E+004 -0.192906831925301E+002  0.724429177261877E+002  0.290377585369360E+000 -0.706475902779180E+001 -0.737633062498700E+003
  0.100000000000000E+001  0.147525798675241E+004 -0.192191046330948E+002  0.747977834948575E+002  0.311630868056898E+000 -0.706475902779180E+001 -0.737628993376204E+003
  0.100000000000000E+001  0.147521001684398E+004 -0.192642084222633E+002  0.733547011996073E+002  0.285439974520023E+000 -0.706475902779180E+001 -0.737605008421992E+003
  0.100000000000000E+001  0.147518019880220E+004 -0.192332830505761E+002  0.740226844445742E+002  0.300235846266575E+000 -0.706475902779180E+001 -0.737590099401102E+003
  0.100000000000000E+001  0.147510775228230E+004 -0.193061606783258E+002  0.712875875329736E+002  0.329135607391943E+000 -0.706475902779180E+001 -0.737553876141149E+003
  0.100000000000000E+001  0.147509569525507E+004 -0.192272046309844E+002  0.743942889936729E+002  0.325214032642705E+000 -0.706475902779180E+001 -0.737547847627537E+003
  0.100000000000000E+001  0.147507978261675E+004 -0.193098448771520E+002  0.712915806579876E+002  0.341914925794772E+000 -0.706475902779180E+001 -0.737539891308377E+003
  0.100000000000000E+001  0.147500132884160E+004 -0.192817563894444E+002  0.722643442681390E+002  0.308286551421538E+000 -0.706475902779180E+001 -0.737500664420798E+003
  0.100000000000000E+001  0.147499486519274E+004 -0.192984887279186E+002  0.721467055593170E+002  0.306637188356307E+000 -0.706475902779180E+001 -0.737497432596372E+003
  0.100000000000000E+001  0.147497516269774E+004 -0.191998004773883E+002  0.752644712949540E+002  0.314616175025572E+000 -0.706475902779180E+001 -0.737487581348871E+003
  0.100000000000000E+001  0.147496060585482E+004 -0.192638917404662E+002  0.727011960252988E+002  0.354725944349722E+000 -0.706475902779180E+001 -0.737480302927410E+003
  0.100000000000000E+001  0.147491046587501E+004 -0.192160200027136E+002  0.743045725691817E+002  0.330066226277981E+000 -0.706475902779180E+001 -0.737455232937505E+003
  0.100000000000000E+001  0.147486131740588E+004 -0.192843728507719E+002  0.724607602874437E+002  0.293493974184250E+000 -0.706475902779180E+001 -0.737430658702940E+003
  0.100000000000000E+001  0.147484306707815E+004 -0.192854723882372E+002  0.720562080784324E+002  0.315562025207803E+000 -0.706475902779180E+001 -0.737421533539076E+003
  0.100000000000000E+001  0.147483686600149E+004 -0.192746782094516E+002  0.722614084441140E+002  0.356052095093626E+000 -0.706475902779180E+001 -0.737418433000743E+003
  0.100000000000000E+001  0.147481945330653E+004 -0.192797594442699E+002  0.719778914654785E+002  0.350134566216995E+000 -0.706475902779180E+001 -0.737409726653264E+003
  0.100000000000000E+001  0.147477110411791E+004 -0.192204403190927E+002  0.747262942855028E+002  0.312898834291965E+000 -0.706475902779180E+001 -0.737385552058957E+003
  0.100000000000000E+001  0.147474190612475E+004 -0.192633229037301E+002  0.731744203044306E+002  0.327488357612338E+000 -0.706475902779180E+001 -0.737370953062377E+003
  0.100000000000000E+001  0.147474167007245E+004 -0.192096617810138E+002  0.750076269300902E+002  0.316096459372656E+000 -0.706475902779180E+001 -0.737370835036227E+003
  0.100000000000000E+001  0.147467357172746E+004 -0.192769817516328E+002  0.722536910116503E+002  0.322095970551597E+000 -0.706475902779180E+001 -0.737336785863732E+003
  0.100000000000000E+001  0.147461889597578E+004 -0.192604157763414E+002  0.735321936373608E+002  0.290334640792903E+000 -0.706475902779180E+001 -0.737309447987892E+003
  0.100000000000000E+001  0.147449043486797E+004 -0.192326293013291E+002  0.738314889989127E+002  0.316588490828339E+000 -0.706475902779180E+001 -0.737245217433986E+003
  0.100000000000000E+001  0.147447651115242E+004 -0.192697615828180E+002  0.724253907115418E+002  0.355195652122373E+000 -0.706475902779180E+001 -0.737238255576208E+003
  0.100000000000000E+001  0.147445644951476E+004 -0.192476149167914E+002  0.736263848775213E+002  0.332233205517908E+000 -0.706475902779180E+001 -0.737228224757379E+003
  0.100000000000000E+001  0.147445633677070E+004 -0.192392161328195E+002  0.739233406719767E+002  0.295906805619676E+000 -0.706475902779180E+001 -0.737228168385350E+003
  0.100000000000000E+001  0.147437397472720E+004 -0.192880437424716E+002  0.718376637459558E+002  0.330344857149758E+000 -0.706475902779180E+001 -0.737186987363601E+003
  0.100000000000000E+001  0.147435275428011E+004 -0.192704945934866E+002  0.727029873346115E+002  0.342393555840656E+000 -0.706475902779180E+001 -0.737176377140056E+003
  0.100000000000000E+001  0.147433672556814E+004 -0.192343013262432E+002  0.743736670292306E+002  0.296462564281501E+000 -0.706475902779180E+001 -0.737168362784069E+003
  0.100000000000000E+001  0.147432084499215E+004 -0.192056873439567E+002  0.750575568566989E+002  0.309087833871481E+000 -0.706475902779180E+001 -0.737160422496077E+003
  0.100000000000000E+001  0.147429180876075E+004 -0.192219788036827E+002  0.741349626184786E+002  0.325946495963970E+000 -0.706475902779180E+001 -0.737145904380374E+003
  0.100000000000000E+001  0.147428612968049E+004 -0.192838416972067E+002  0.722402475860136E+002  0.341995517947266E+000 -0.706475902779180E+001 -0.737143064840244E+003
  0.100000000000000E+001  0.147427101134036E+004 -0.192082053562553E+002  0.748497044399164E+002  0.312780509014567E+000 -0.706475902779180E+001 -0.737135505670182E+003
  0.100000000000000E+001  0.147414739853235E+004 -0.193143183344826E+002  0.713824344296789E+002  0.313046534634820E+000 -0.706475902779180E+001 -0.737073699266176E+003
  0.100000000000000E+001  0.147409411459555E+004 -0.192193379829827E+002  0.743089534136220E+002  0.319751136921508E+000 -0.706475902779180E+001 -0.737047057297776E+003
  0.100000000000000E+001  0.147402005768803E+004 -0.192864505263201E+002  0.725566187457380E+002  0.295008095737921E+000 -0.706475902779180E+001 -0.737010028844017E+003
  0.100000000000000E+001  0.147400030206090E+004 -0.192287350773059E+002  0.745085101257799E+002  0.303140357781361E+000 -0.706475902779180E+001 -0.737000151030451E+003
  0.100000000000000E+001  0.147396447433713E+004 -0.192689721090689E+002  0.727878286393003E+002  0.339475328117287E+000 -0.706475902779180E+001 -0.736982237168565E+003
  0.100000000000000E+001  0.147395741661431E+004 -0.193007496928072E+002  0.718969408977623E+002  0.321132759631103E+000 -0.706475902779180E+001 -0.736978708307155E+003
  0.100000000000000E+001  0.147393305402155E+004 -0.192975853195051E+002  0.715667742818803E+002  0.345553125890611E+000 -0.706475902779180E+001 -0.736966527010776E+003
  0.100000000000000E+001  0.147389583525781E+004 -0.192785966134018E+002  0.725314777932434E+002  0.300612873447523E+000 -0.706475902779180E+001 -0.736947917628906E+003
  0.100000000000000E+001  0.147389405995457E+004 -0.192448619271994E+002  0.735616139939395E+002  0.340768380040118E+000 -0.706475902779180E+001 -0.736947029977285E+003
  0.100000000000000E+001  0.147387457766374E+004 -0.192559084786126E+002  0.736073526642263E+002  0.306514274399281E+000 -0.706475902779180E+001 -0.736937288831871E+003
  0.100000000000000E+001  0.147384767235949E+004 -0.192710079977839E+002  0.730507296404322E+002  0.311716235685539E+000 -0.706475902779180E+001 -0.736923836179747E+003
  0.100000000000000E+001  0.147383767567399E+004 -0.192451367746174E+002  0.735015823272400E+002  0.309486225300407E+000 -0.706475902779180E+001 -0.736918837836997E+003
  0.100000000000000E+001  0.147382275758032E+004 -0.192870858925471E+002  0.720266547299401E+002  0.345519893734376E+000 -0.706475902779180E+001 -0.736911378790158E+003
  0.100000000000000E+001  0.147379880618153E+004 -0.192141077483802E+002  0.745559451527801E+002  0.318009185582693E+000 -0.706475902779180E+001 -0.736899403090764E+003
  0.100000000000000E+001  0.147378034745646E+004 -0.192500239824443E+002  0.737781609204530E+002  0.290912040719678E+000 -0.706475902779180E+001 -0.736890173728232E+003
  0.100000000000000E+001  0.147373911387838E+004 -0.192314047474270E+002  0.740719262100500E+002  0.305035572745620E+000 -0.706475902779180E+001 -0.736869556939191E+003
  0.100000000000000E+001  0.147370378461392E+004 -0.192974035846284E+002  0.717280186769951E+002  0.316646801554580E+000 -0.706475902779180E+001 -0.736851892306961E+003
  0.100000000000000E+001  0.147368933013657E+004 -0.192658431857613E+002  0.726685176479343E+002  0.320063371284227E+000 -0.706475902779180E+001 -0.736844665068287E+003
  0.100000000000000E+001  0.147366578314515E+004 -0.193001139906517E+002  0.718270135331263E+002  0.327909344579765E+000 -0.706475902779180E+001 -0.736832891572576E+003
  0.100000000000000E+001  0.147358126181902E+004 -0.192679366387769E+002  0.724596695180043E+002  0.351251363695289E+000 -0.706475902779180E+001 -0.736790630909508E+003
  0.100000000000000E+001  0.147354319085210E+004 -0.192916625561817E+002  0.720088598853309E+002  0.309076358174831E+000 -0.706475902779180E+001 -0.736771595426050E+003
  0.100000000000000E+001  0.147353504173857E+004 -0.192377007999661E+002  0.742036926503295E+002  0.295293356920095E+000 -0.706475902779180E+001 -0.736767520869284E+003
  0.100000000000000E+001  0.147353240062981E+004 -0.192634656555864E+002  0.732106206331569E+002  0.293205616811185E+000 -0.706475902779180E+001 -0.736766200314904E+003
  0.100000000000000E+001  0.147347374292796E+004 -0.193014853191815E+002  0.718908876100346E+002  0.316113699763737E+000 -0.706475902779180E+001 -0.736736871463982E+003
  0.100000000000000E+001  0.147346639889084E+004 -0.192722092905749E+002  0.727934802584293E+002  0.298637880649244E+000 -0.706475902779180E+001 -0.736733199445418E+003
  0.100000000000000E+001  0.147340804145673E+004 -0.192277727547761E+002  0.739996066504926E+002  0.342043988163803E+000 -0.706475902779180E+001 -0.736704020728365E+003
  0.100000000000000E+001  0.147339953995696E+004 -0.192626728853450E+002  0.733871602549196E+002  0.301506788744081E+000 -0.706475902779180E+001 -0.736699769978482E+003
  0.100000000000000E+001  0.147338113032191E+004 -0.192306202973784E+002  0.738744154200129E+002  0.343673183190448E+000 -0.706475902779180E+001 -0.736690565160955E+003
  0.100000000000000E+001  0.147335752131848E+004 -0.192363963347699E+002  0.736225545384803E+002  0.327425636158660E+000 -0.706475902779180E+001 -0.736678760659242E+003
  0.100000000000000E+001  0.147335500698678E+004 -0.192355840896313E+002  0.737414486769869E+002  0.343996346285179E+000 -0.706475902779180E+001 -0.736677503493392E+003
  0.100000000000000E+001  0.147334893965283E+004 -0.192924892024993E+002  0.717311368339360E+002  0.344389234377656E+000 -0.706475902779180E+001 -0.736674469826415E+003
  0.100000000000000E+001  0.147331936543761E+004 -0.192739337359910E+002  0.729801276522909E+002  0.304129444347494E+000 -0.706475902779180E+001 -0.736659682718804E+003
  0.100000000000000E+001  0.147331372070179E+004 -0.192928368439501E+002  0.722799030279292E+002  0.303429619869156E+000 -0.706475902779180E+001 -0.736656860350894E+003
  0.100000000000000E+001  0.147327911160990E+004 -0.192796021495467E+002  0.722705132085021E+002  0.345246762714446E+000 -0.706475902779180E+001 -0.736639555804952E+003
  0.100000000000000E+001  0.147326660690014E+004 -0.192249294486390E+002  0.744751239088420E+002  0.300500063015404E+000 -0.706475902779180E+001 -0.736633303450071E+003
  0.100000000000000E+001  0.147323762811532E+004 -0.192475991414259E+002  0.733508337463224E+002  0.345108578248704E+000 -0.706475902779180E+001 -0.736618814057659E+003
  0.100000000000000E+001  0.147320509779867E+004 -0.192471940634615E+002  0.731773455091262E+002  0.336255677130905E+000 -0.706475902779180E+001 -0.736602548899334E+003
  0.100000000000000E+001  0.147317031366813E+004 -0.192411905393298E+002  0.735495134874046E+002  0.318457003274237E+000 -0.706475902779180E+001 -0.736585156834064E+003
  0.100000000000000E+001  0.147310037922438E+004 -0.192274307108231E+002  0.743833630936302E+002  0.300453076366668E+000 -0.706475902779180E+001 -0.736550189612191E+003
  0.100000000000000E+001  0.147308834749558E+004 -0.192212327436402E+002  0.745205857598550E+002  0.322306928450540E+000 -0.706475902779180E+001 -0.736544173747792E+003
  0.100000000000000E+001  0.147308565063311E+004 -0.192208194177308E+002  0.744058506459416E+002  0.312184941555676E+000 -0.706475902779180E+001 -0.736542825316557E+003
  0.100000000000000E+001  0.147303975453258E+004 -0.192285866682471E+002  0.743676422489241E+002  0.316459563825121E+000 -0.706475902779180E+001 -0.736519877266289E+003
  0.100000000000000E+001  0.147303546904842E+004 -0.192255902679633E+002  0.741915824023342E+002  0.335193258133608E+000 -0.706475902779180E+001 -0.736517734524209E+003
  0.100000000000000E+001  0.147302092044206E+004 -0.192843454037663E+002  0.725641423780416E+002  0.298588798540697E+000 -0.706475902779180E+001 -0.736510460221032E+003
  0.100000000000000E+001  0.147301481054113E+004 -0.192633052776431E+002  0.729649546264327E+002  0.337928348438928E+000 -0.706475902779180E+001 -0.736507405270565E+003
  0.100000000000000E+001  0.147301317260615E+004 -0.192234994482181E+002  0.745606943218159E+002  0.302890009975004E+000 -0.706475902779180E+001 -0.736506586303073E+003
  0.100000000000000E+001  0.147299258800852E+004 -0.192872521251528E+002  0.718713437604449E+002  0.339768457322924E+000 -0.706475902779180E+001 -0.736496294004260E+003
  0.100000000000000E+001  0.147298463472538E+004 -0.192439533014555E+002  0.732913747254118E+002  0.344164352137210E+000 -0.706475902779180E+001 -0.736492317362691E+003
  0.100000000000000E+001  0.147295936131125E+004 -0.192316016145087E+002  0.738963680452191E+002  0.319519685274939E+000 -0.706475902779180E+001 -0.736479680655627E+003
  0.100000000000000E+001  0.147294864873306E+004 -0.192922221107188E+002  0.720746108438933E+002  0.328879198844019E+000 -0.706475902779180E+001 -0.736474324366531E+003
  0.100000000000000E+001  0.147294352398953E+004 -0.192185168991385E+002  0.743637816907091E+002  0.324665942084918E+000 -0.706475902779180E+001 -0.736471761994766E+003
  0.100000000000000E+001  0.147293639369615E+004 -0.192208981517607E+002  0.743557711128831E+002  0.316169405881193E+000 -0.706475902779180E+001 -0.736468196848074E+003
  0.100000000000000E+001  0.147290245566064E+004 -0.192425732146002E+002  0.738453955726476E+002  0.298386950064586E+000 -0.706475902779180E+001 -0.736451227830321E+003
  0.100000000000000E+001  0.147288462800808E+004 -0.192478310310932E+002  0.737873011198688E+002  0.295109081543073E+000 -0.706475902779180E+001 -0.736442314004038E+003
  0.100000000000000E+001  0.147287188958914E+004 -0.192313542125460E+002  0.737810139157562E+002  0.338303962344824E+000 -0.706475902779180E+001 -0.736435944794572E+003
  0.100000000000000E+001  0.147285319780152E+004 -0.192343936351846E+002  0.736923273233619E+002  0.342552334629918E+000 -0.706475902779180E+001 -0.736426598900759E+003
  0.100000000000000E+001  0.147284933203175E+004 -0.192823756858170E+002  0.720260367674906E+002  0.338490515072414E+000 -0.706475902779180E+001 -0.736424666015876E+003
  0.100000000000000E+001  0.147283659033798E+004 -0.192245127446300E+002  0.745210837321415E+002  0.310879857954923E+000 -0.706475902779180E+001 -0.736418295168989E+003
  0.100000000000000E+001  0.147282701332360E+004 -0.192526451980221E+002  0.735463251222864E+002  0.320824679688972E+000 -0.706475902779180E+001 -0.736413506661801E+003
  0.100000000000000E+001  0.147278803597146E+004 -0.192929996202436E+002  0.721710389164785E+002  0.317011793524733E+000 -0.706475902779180E+001 -0.736394017985732E+003
  0.100000000000000E+001  0.147277150990685E+004 -0.192450575747804E+002  0.732648514684331E+002  0.343214301943179E+000 -0.706475902779180E+001 -0.736385754953426E+003
  0.100000000000000E+001  0.147275291179627E+004 -0.192298645689570E+002  0.743649000420492E+002  0.310343707457608E+000 -0.706475902779180E+001 -0.736376455898135E+003
  0.100000000000000E+001  0.147274836424631E+004 -0.192950862994508E+002  0.721240861353864E+002  0.305660232123969E+000 -0.706475902779180E+001 -0.736374182123155E+003
  0.100000000000000E+001  0.147273342573002E+004 -0.192188423013650E+002  0.744313939446603E+002  0.329428665258404E+000 -0.706475902779180E+001 -0.736366712865008E+003
  0.100000000000000E+001  0.147272355437121E+004 -0.192803153122630E+002  0.721703185295989E+002  0.326971829136943E+000 -0.706475902779180E+001 -0.736361777185607E+003
  0.100000000000000E+001  0.147268822516276E+004 -0.192906970959374E+002  0.722663005182382E+002  0.315384349109428E+000 -0.706475902779180E+001 -0.736344112581379E+003
  0.100000000000000E+001  0.147267792518118E+004 -0.192604167176907E+002  0.727267813335318E+002  0.342988615524375E+000 -0.706475902779180E+001 -0.736338962590592E+003
  0.100000000000000E+001  0.147266284131409E+004 -0.192412350706311E+002  0.738379962694367E+002  0.301481650780115E+000 -0.706475902779180E+001 -0.736331420657044E+003
  0.100000000000000E+001  0.147265856634811E+004 -0.192263397200117E+002  0.741786284689758E+002  0.333209720940347E+000 -0.706475902779180E+001 -0.736329283174054E+003
  0.100000000000000E+001  0.147265060155403E+004 -0.192695921732685E+002  0.724973193887339E+002  0.346869072646505E+000 -0.706475902779180E+001 -0.736325300777014E+003
  0.100000000000000E+001  0.147264131065758E+004 -0.192557678926366E+002  0.728892359637903E+002  0.343342715451372E+000 -0.706475902779180E+001 -0.736320655328792E+003
  0.100000000000000E+001  0.147262078844603E+004 -0.192338753569946E+002  0.742180954677802E+002  0.299929848938128E+000 -0.706475902779180E+001 -0.736310394223014E+003
  0.100000000000000E+001  0.147255525913503E+004 -0.192999189732757E+002  0.716146181653813E+002  0.328519571199621E+000 -0.706475902779180E+001 -0.736277629567514E+003
  0.100000000000000E+001  0.147252605699336E+004 -0.192778534087748E+002  0.721878487559249E+002  0.337026214270324E+000 -0.706475902779180E+001 -0.736263028496680E+003
  0.100000000000000E+001  0.147250211512557E+004 -0.192465023086305E+002  0.732679029708442E+002  0.344543922671454E+000 -0.706475902779180E+001 -0.736251057562784E+003
  0.100000000000000E+001  0.147250039640234E+004 -0.192275315393750E+002  0.744118341090858E+002  0.310850709055030E+000 -0.706475902779180E+001 -0.736250198201171E+003
  0.100000000000000E+001  0.147249002222122E+004 -0.192879277740441E+002  0.718979053189955E+002  0.339156388003272E+000 -0.706475902779180E+001 -0.736245011110611E+003
  0.100000000000000E+001  0.147245395322400E+004 -0.192810837484995E+002  0.721307169400347E+002  0.330467522035099E+000 -0.706475902779180E+001 -0.736226976611998E+003
  0.100000000000000E+001  0.147245284709363E+004 -0.192261214965496E+002  0.743620763869905E+002  0.320564068005062E+000 -0.706475902779180E+001 -0.736226423546813E+003
  0.100000000000000E+001  0.147244048273694E+004 -0.192302620785589E+002  0.740843846953739E+002  0.331640405074221E+000 -0.706475902779180E+001 -0.736220241368471E+003
  0.100000000000000E+001  0.147244012444743E+004 -0.192360095276947E+002  0.741865904889702E+002  0.303314915240492E+000 -0.706475902779180E+001 -0.736220062223717E+003
  0.100000000000000E+001  0.147243521804279E+004 -0.192494040699964E+002  0.735107661677120E+002  0.330673876620739E+000 -0.706475902779180E+001 -0.736217609021397E+003
  0.100000000000000E+001  0.147238870987420E+004 -0.192905924435707E+002  0.719978079286090E+002  0.335187292221752E+000 -0.706475902779180E+001 -0.736194354937101E+003
  0.100000000000000E+001  0.147237054207555E+004 -0.192932857701342E+002  0.717744015737180E+002  0.335743279157867E+000 -0.706475902779180E+001 -0.736185271037776E+003
  0.100000000000000E+001  0.147236890106784E+004 -0.192561056924471E+002  0.735427690171105E+002  0.298921890870651E+000 -0.706475902779180E+001 -0.736184450533920E+003
  0.100000000000000E+001  0.147235323591141E+004 -0.192242227972524E+002  0.744702886791470E+002  0.313746535579536E+000 -0.706475902779180E+001 -0.736176617955703E+003
  0.100000000000000E+001  0.147228784101192E+004 -0.192212436017124E+002  0.743110658769934E+002  0.327167886899687E+000 -0.706475902779180E+001 -0.736143920505962E+003
  0.100000000000000E+001  0.147225904115139E+004 -0.192431236415479E+002  0.734701775988634E+002  0.322983751073732E+000 -0.706475902779180E+001 -0.736129520575696E+003
  0.100000000000000E+001  0.147225418749123E+004 -0.192797580899086E+002  0.721652433010859E+002  0.342060541192777E+000 -0.706475902779180E+001 -0.736127093745615E+003
  0.100000000000000E+001  0.147225135063929E+004 -0.192463216347819E+002  0.733508658321736E+002  0.342643909982577E+000 -0.706475902779180E+001 -0.736125675319643E+003
  0.100000000000000E+001  0.147222669691379E+004 -0.192626290941086E+002  0.732093000125986E+002  0.318763057191800E+000 -0.706475902779180E+001 -0.736113348456896E+003
  0.100000000000000E+001  0.147219609690145E+004 -0.192902457820571E+002  0.720010915656692E+002  0.317659623105495E+000 -0.706475902779180E+001 -0.736098048450725E+003
  0.100000000000000E+001  0.147219354098913E+004 -0.192227193366315E+002  0.743260169345958E+002  0.317596369429000E+000 -0.706475902779180E+001 -0.736096770494565E+003
  0.100000000000000E+001  0.147219038887129E+004 -0.192895399874785E+002  0.718832382162566E+002  0.334226823321776E+000 -0.706475902779180E+001 -0.736095194435644E+003
  0.100000000000000E+001  0.147217580467624E+004 -0.192824536224881E+002  0.725927116936355E+002  0.305134814734934E+000 -0.706475902779180E+001 -0.736087902338121E+003
  0.100000000000000E+001  0.147217575784781E+004 -0.192342986763903E+002  0.740384346195028E+002  0.306334613178671E+000 -0.706475902779180E+001 -0.736087878923904E+003
  0.100000000000000E+001  0.147214363098827E+004 -0.192402879926406E+002  0.735969103708151E+002  0.339692979148740E+000 -0.706475902779180E+001 -0.736071815494137E+003
  0.100000000000000E+001  0.147211450009428E+004 -0.192369841006087E+002  0.739359407357325E+002  0.327145207070189E+000 -0.706475902779180E+001 -0.736057250047140E+003
  0.100000000000000E+001  0.147210820701577E+004 -0.192452435742585E+002  0.733344101141219E+002  0.330894601905508E+000 -0.706475902779180E+001 -0.736054103507887E+003
  0.100000000000000E+001  0.147209323681164E+004 -0.192706412435799E+002  0.725539752309610E+002  0.342429160999998E+000 -0.706475902779180E+001 -0.736046618405822E+003
  0.100000000000000E+001  0.147208152266854E+004 -0.192511009829421E+002  0.736413173503690E+002  0.313031232624733E+000 -0.706475902779180E+001 -0.736040761334270E+003
  0.100000000000000E+001  0.147207418910754E+004 -0.192916275881643E+002  0.720115512834820E+002  0.314885783553894E+000 -0.706475902779180E+001 -0.736037094553772E+003
  0.100000000000000E+001  0.147206921645250E+004 -0.192941795929334E+002  0.718564785589547E+002  0.321683839177206E+000 -0.706475902779180E+001 -0.736034608226249E+003
  0.100000000000000E+001  0.147206114469291E+004 -0.192752522734530E+002  0.727674735394215E+002  0.318483785375656E+000 -0.706475902779180E+001 -0.736030572346457E+003
  0.100000000000000E+001  0.147204717073248E+004 -0.192979418053424E+002  0.718521722040183E+002  0.316771184268625E+000 -0.706475902779180E+001 -0.736023585366242E+003
  0.100000000000000E+001  0.147203079159336E+004 -0.192460350804156E+002  0.738494185924311E+002  0.303462185004248E+000 -0.706475902779180E+001 -0.736015395796680E+003
  0.100000000000000E+001  0.147196782133436E+004 -0.192723949268107E+002  0.726061202326860E+002  0.337152861376350E+000 -0.706475902779180E+001 -0.735983910667179E+003
  0.100000000000000E+001  0.147196148105343E+004 -0.192257637215354E+002  0.743775016440625E+002  0.315506987587041E+000 -0.706475902779180E+001 -0.735980740526717E+003
  0.100000000000000E+001  0.147194871732838E+004 -0.192337805491723E+002  0.737948185796396E+002  0.327543868339650E+000 -0.706475902779180E+001 -0.735974358664189E+003
  0.100000000000000E+001  0.147192460012984E+004 -0.192452675479317E+002  0.738383366650690E+002  0.301159279975315E+000 -0.706475902779180E+001 -0.735962300064920E+003
  0.100000000000000E+001  0.147192077070827E+004 -0.192633242029254E+002  0.727808426410161E+002  0.342520645183818E+000 -0.706475902779180E+001 -0.735960385354135E+003
  0.100000000000000E+001  0.147189323018857E+004 -0.192859867709939E+002  0.723014793816586E+002  0.324605507523298E+000 -0.706475902779180E+001 -0.735946615094284E+003
  0.100000000000000E+001  0.147189319806947E+004 -0.192384440828499E+002  0.735870126863208E+002  0.334420872236419E+000 -0.706475902779180E+001 -0.735946599034736E+003
  0.100000000000000E+001  0.147188106564718E+004 -0.192853274624375E+002  0.723235718451544E+002  0.308025694738001E+000 -0.706475902779180E+001 -0.735940532823591E+003
  0.100000000000000E+001  0.147187499042210E+004 -0.192352536782749E+002  0.741525271995659E+002  0.307315902262908E+000 -0.706475902779180E+001 -0.735937495211051E+003
  0.100000000000000E+001  0.147187171840894E+004 -0.192403412997937E+002  0.737286640922035E+002  0.312013664019275E+000 -0.706475902779180E+001 -0.735935859204472E+003
  0.100000000000000E+001  0.147186142399587E+004 -0.192826867754820E+002  0.724585831699748E+002  0.321439960099489E+000 -0.706475902779180E+001 -0.735930711997934E+003
  0.100000000000000E+001  0.147185624537401E+004 -0.192407819603320E+002  0.736890791739430E+002  0.334116562731485E+000 -0.706475902779180E+001 -0.735928122687006E+003
  0.100000000000000E+001  0.147184058377513E+004 -0.192257418534830E+002  0.742885281192565E+002  0.322607810471084E+000 -0.706475902779180E+001 -0.735920291887567E+003
  0.100000000000000E+001  0.147183307955496E+004 -0.192575025558044E+002  0.734239385230433E+002  0.300119899084155E+000 -0.706475902779180E+001 -0.735916539777481E+003
  0.100000000000000E+001  0.147181721115093E+004 -0.192403300539423E+002  0.737847684046857E+002  0.329211687958576E+000 -0.706475902779180E+001 -0.735908605575463E+003
  0.100000000000000E+001  0.147180503936761E+004 -0.192922351823451E+002  0.720384041758667E+002  0.314182067509589E+000 -0.706475902779180E+001 -0.735902519683807E+003
  0.100000000000000E+001  0.147177104794957E+004 -0.192962044682900E+002  0.718841556557206E+002  0.320376058108514E+000 -0.706475902779180E+001 -0.735885523974785E+003
  0.100000000000000E+001  0.147176025019974E+004 -0.192246020121833E+002  0.743205006415013E+002  0.320270626745854E+000 -0.706475902779180E+001 -0.735880125099868E+003
  0.100000000000000E+001  0.147168372346130E+004 -0.192745481804644E+002  0.723533887074911E+002  0.335146256927863E+000 -0.706475902779180E+001 -0.735841861730649E+003
  0.100000000000000E+001  0.147165530552592E+004 -0.192544083784917E+002  0.734363190874261E+002  0.320762613758093E+000 -0.706475902779180E+001 -0.735827652762959E+003
  0.100000000000000E+001  0.147163049420663E+004 -0.192297728372415E+002  0.740339118915117E+002  0.329340124660893E+000 -0.706475902779180E+001 -0.735815247103316E+003
  0.100000000000000E+001  0.147162128806858E+004 -0.192474315538788E+002  0.737595869573458E+002  0.309129579666221E+000 -0.706475902779180E+001 -0.735810644034288E+003
  0.100000000000000E+001  0.147161939555503E+004 -0.192705377744193E+002  0.729198376618543E+002  0.302679244867501E+000 -0.706475902779180E+001 -0.735809697777513E+003
  0.100000000000000E+001  0.147159828384334E+004 -0.192626528666071E+002  0.728184760470898E+002  0.323916279076318E+000 -0.706475902779180E+001 -0.735799141921672E+003
  0.100000000000000E+001  0.147158460336896E+004 -0.192618183445139E+002  0.727680994557679E+002  0.338726833878525E+000 -0.706475902779180E+001 -0.735792301684481E+003
  0.100000000000000E+001  0.147156027065684E+004 -0.192775011107193E+002  0.726446365648674E+002  0.319982584629496E+000 -0.706475902779180E+001 -0.735780135328420E+003
  0.100000000000000E+001  0.147155261401676E+004 -0.192270167371168E+002  0.742499219594244E+002  0.317088321525020E+000 -0.706475902779180E+001 -0.735776307008380E+003
  0.100000000000000E+001  0.147152246271736E+004 -0.192399240545363E+002  0.739719010240944E+002  0.306039613751060E+000 -0.706475902779180E+001 -0.735761231358681E+003
  0.100000000000000E+001  0.147150778445657E+004 -0.192773165276645E+002  0.724676415428893E+002  0.314504231267806E+000 -0.706475902779180E+001 -0.735753892228286E+003
  0.100000000000000E+001  0.147150294221783E+004 -0.192553171931997E+002  0.731053335770293E+002  0.338695100986792E+000 -0.706475902779180E+001 -0.735751471108917E+003
  0.100000000000000E+001  0.147148851003721E+004 -0.192402821091936E+002  0.736926253181234E+002  0.316471580777977E+000 -0.706475902779180E+001 -0.735744255018604E+003
  0.100000000000000E+001  0.147148361426573E+004 -0.192731827217958E+002  0.724239437335519E+002  0.331784659832344E+000 -0.706475902779180E+001 -0.735741807132864E+003
  0.100000000000000E+001  0.147145928939119E+004 -0.192380287581911E+002  0.737899005245668E+002  0.331006487321897E+000 -0.706475902779180E+001 -0.735729644695593E+003
  0.100000000000000E+001  0.147144639763888E+004 -0.192397257523555E+002  0.736646091241873E+002  0.320759299305713E+000 -0.706475902779180E+001 -0.735723198819442E+003
  0.100000000000000E+001  0.147144192335801E+004 -0.192683265882200E+002  0.730290619124511E+002  0.303606271882784E+000 -0.706475902779180E+001 -0.735720961679006E+003
  0.100000000000000E+001  0.147144135698286E+004 -0.192326188363046E+002  0.741576772668684E+002  0.312368054484414E+000 -0.706475902779180E+001 -0.735720678491431E+003
  0.100000000000000E+001  0.147142892056200E+004 -0.192917244995929E+002  0.720709176535696E+002  0.318316784597316E+000 -0.706475902779180E+001 -0.735714460280998E+003
  0.100000000000000E+001  0.147142679134220E+004 -0.192758237950781E+002  0.725389937468537E+002  0.331813045788294E+000 -0.706475902779180E+001 -0.735713395671098E+003
  0.100000000000000E+001  0.147141278033612E+004 -0.192785175095670E+002  0.726549894235807E+002  0.306900881759035E+000 -0.706475902779180E+001 -0.735706390168058E+003
  0.100000000000000E+001  0.147140523821409E+004 -0.192342645716031E+002  0.740388724864892E+002  0.321461437035780E+000 -0.706475902779180E+001 -0.735702619107047E+003
  0.100000000000000E+001  0.147139048665082E+004 -0.192416315372426E+002  0.735568721409172E+002  0.324899491705320E+000 -0.706475902779180E+001 -0.735695243325411E+003
  0.100000000000000E+001  0.147138666314007E+004 -0.192396827820007E+002  0.735963244233685E+002  0.332664692511811E+000 -0.706475902779180E+001 -0.735693331570036E+003
  0.100000000000000E+001  0.147138305101722E+004 -0.192626781265229E+002  0.732439749461538E+002  0.305363990888656E+000 -0.706475902779180E+001 -0.735691525508609E+003
  0.100000000000000E+001  0.147137482208229E+004 -0.192659449094657E+002  0.729215170178602E+002  0.309046455638379E+000 -0.706475902779180E+001 -0.735687411041144E+003
  0.100000000000000E+001  0.147137281878777E+004 -0.192405078404921E+002  0.738332403659461E+002  0.308382623720694E+000 -0.706475902779180E+001 -0.735686409393886E+003
  0.100000000000000E+001  0.147135054147940E+004 -0.192540965869956E+002  0.732738952641690E+002  0.332059059561746E+000 -0.706475902779180E+001 -0.735675270739698E+003
  0.100000000000000E+001  0.147133693923539E+004 -0.192320821111867E+002  0.739722227452351E+002  0.327518665541507E+000 -0.706475902779180E+001 -0.735668469617697E+003
  0.100000000000000E+001  0.147133236477311E+004 -0.192749804830929E+002  0.724025033213085E+002  0.337120802231482E+000 -0.706475902779180E+001 -0.735666182386553E+003
  0.100000000000000E+001  0.147129447719567E+004 -0.192617164153249E+002  0.727965412658920E+002  0.335285652545029E+000 -0.706475902779180E+001 -0.735647238597837E+003
  0.100000000000000E+001  0.147125724989185E+004 -0.192597345415536E+002  0.729354853701655E+002  0.338138818370339E+000 -0.706475902779180E+001 -0.735628624945923E+003
  0.100000000000000E+001  0.147123867074776E+004 -0.192511841959437E+002  0.732839622038251E+002  0.318906472356444E+000 -0.706475902779180E+001 -0.735619335373878E+003
  0.100000000000000E+001  0.147123745225346E+004 -0.192648873815106E+002  0.727189558964503E+002  0.329601852611141E+000 -0.706475902779180E+001 -0.735618726126730E+003
  0.100000000000000E+001  0.147123046952887E+004 -0.192410916640160E+002  0.736061263437751E+002  0.333394953130289E+000 -0.706475902779180E+001 -0.735615234764436E+003
  0.100000000000000E+001  0.147122816958742E+004 -0.192431129920254E+002  0.735134404909741E+002  0.324954302052246E+000 -0.706475902779180E+001 -0.735614084793712E+003
  0.100000000000000E+001  0.147121461092292E+004 -0.192800000229112E+002  0.722540879847077E+002  0.329658520155920E+000 -0.706475902779180E+001 -0.735607305461459E+003
  0.100000000000000E+001  0.147121243578361E+004 -0.192547555867476E+002  0.733314599854694E+002  0.307917450583142E+000 -0.706475902779180E+001 -0.735606217891806E+003
  0.100000000000000E+001  0.147120014265201E+004 -0.192395174265166E+002  0.738862541745226E+002  0.320047338387070E+000 -0.706475902779180E+001 -0.735600071326004E+003
  0.100000000000000E+001  0.147119832946826E+004 -0.192476083254616E+002  0.733774585173449E+002  0.335454471695883E+000 -0.706475902779180E+001 -0.735599164734128E+003
  0.100000000000000E+001  0.147119174056059E+004 -0.192550441529208E+002  0.732715471895036E+002  0.310627765464961E+000 -0.706475902779180E+001 -0.735595870280297E+003
  0.100000000000000E+001  0.147119085407088E+004 -0.192364580289874E+002  0.740099531980603E+002  0.310812524738661E+000 -0.706475902779180E+001 -0.735595427035440E+003
  0.100000000000000E+001  0.147118669983010E+004 -0.192463825770126E+002  0.733550433697143E+002  0.332886814575738E+000 -0.706475902779180E+001 -0.735593349915048E+003
  0.100000000000000E+001  0.147117756610189E+004 -0.192610432733736E+002  0.729814889572543E+002  0.316420599547070E+000 -0.706475902779180E+001 -0.735588783050946E+003
  0.100000000000000E+001  0.147117390619333E+004 -0.192683257824762E+002  0.727233959826268E+002  0.317969507356504E+000 -0.706475902779180E+001 -0.735586953096667E+003
  0.100000000000000E+001  0.147116522543204E+004 -0.192840847260455E+002  0.723012379709267E+002  0.315015668860797E+000 -0.706475902779180E+001 -0.735582612716021E+003
  0.100000000000000E+001  0.147115093541312E+004 -0.192493869483461E+002  0.732567964809700E+002  0.335374353151498E+000 -0.706475902779180E+001 -0.735575467706559E+003
  0.100000000000000E+001  0.147112964378196E+004 -0.192452612456421E+002  0.737458438469802E+002  0.315982062172742E+000 -0.706475902779180E+001 -0.735564821890980E+003
  0.100000000000000E+001  0.147111656622650E+004 -0.192635837204922E+002  0.731852234601039E+002  0.309010180689613E+000 -0.706475902779180E+001 -0.735558283113251E+003
  0.100000000000000E+001  0.147110860643178E+004 -0.192832912382548E+002  0.724263407713935E+002  0.314843492170271E+000 -0.706475902779180E+001 -0.735554303215888E+003
  0.100000000000000E+001  0.147109966631293E+004 -0.192651301705937E+002  0.727725709707015E+002  0.336677484143375E+000 -0.706475902779180E+001 -0.735549833156463E+003
  0.100000000000000E+001  0.147108390068013E+004 -0.192680304730784E+002  0.729583664197951E+002  0.319217013210669E+000 -0.706475902779180E+001 -0.735541950340063E+003
  0.100000000000000E+001  0.147107441341832E+004 -0.192391882829193E+002  0.737726066322859E+002  0.316322181227227E+000 -0.706475902779180E+001 -0.735537206709161E+003
  0.100000000000000E+001  0.147106115237802E+004 -0.192847290377360E+002  0.721715059548589E+002  0.328161122981930E+000 -0.706475902779180E+001 -0.735530576189012E+003
  0.100000000000000E+001  0.147103548655607E+004 -0.192346267620929E+002  0.739019316203854E+002  0.324861008967962E+000 -0.706475902779180E+001 -0.735517743278035E+003
  0.100000000000000E+001  0.147098865482209E+004 -0.192635988664041E+002  0.730306154890877E+002  0.325562853641564E+000 -0.706475902779180E+001 -0.735494327411046E+003
  0.100000000000000E+001  0.147097348534052E+004 -0.192689530792931E+002  0.729749116590488E+002  0.311342690507698E+000 -0.706475902779180E+001 -0.735486742670260E+003
  0.100000000000000E+001  0.147097221325637E+004 -0.192856868104205E+002  0.722303341477889E+002  0.322870545715462E+000 -0.706475902779180E+001 -0.735486106628187E+003
  0.100000000000000E+001  0.147096297734890E+004 -0.192527851804246E+002  0.735237937293978E+002  0.307666891506787E+000 -0.706475902779180E+001 -0.735481488674451E+003
  0.100000000000000E+001  0.147094131771567E+004 -0.192584215858442E+002  0.730670749082849E+002  0.317844097667528E+000 -0.706475902779180E+001 -0.735470658857834E+003
  0.100000000000000E+001  0.147093729853291E+004 -0.192669739796893E+002  0.730451429794153E+002  0.309683721790776E+000 -0.706475902779180E+001 -0.735468649266457E+003
  0.100000000000000E+001  0.147093000973092E+004 -0.192538152119432E+002  0.732935436758717E+002  0.313147674853982E+000 -0.706475902779180E+001 -0.735465004865462E+003
  0.100000000000000E+001  0.147091455922908E+004 -0.192491377734843E+002  0.733867348282309E+002  0.318328418729544E+000 -0.706475902779180E+001 -0.735457279614540E+003
  0.100000000000000E+001  0.147090904010031E+004 -0.192666848017290E+002  0.726993892899358E+002  0.335010638799347E+000 -0.706475902779180E+001 -0.735454520050154E+003
  0.100000000000000E+001  0.147089903011182E+004 -0.192527686683379E+002  0.732338217910819E+002  0.320451927056595E+000 -0.706475902779180E+001 -0.735449515055912E+003
  0.100000000000000E+001  0.147089800900656E+004 -0.192621150096962E+002  0.731270022676117E+002  0.321311786850068E+000 -0.706475902779180E+001 -0.735449004503281E+003
  0.100000000000000E+001  0.147086966152772E+004 -0.192722468499061E+002  0.728119758704631E+002  0.317071338551483E+000 -0.706475902779180E+001 -0.735434830763860E+003
  0.100000000000000E+001  0.147086739965775E+004 -0.192454360352976E+002  0.735479265905391E+002  0.329090658545731E+000 -0.706475902779180E+001 -0.735433699828874E+003
  0.100000000000000E+001  0.147084917709343E+004 -0.192703651472051E+002  0.728008262155848E+002  0.310863901627712E+000 -0.706475902779180E+001 -0.735424588546717E+003
  0.100000000000000E+001  0.147083779721954E+004 -0.192757534675741E+002  0.726389174102025E+002  0.321400320557088E+000 -0.706475902779180E+001 -0.735418898609771E+003
  0.100000000000000E+001  0.147083733224497E+004 -0.192646302349380E+002  0.731138826316491E+002  0.309114155115249E+000 -0.706475902779180E+001 -0.735418666122486E+003
  0.100000000000000E+001  0.147079824326391E+004 -0.192629760267296E+002  0.728190643664947E+002  0.333614842604274E+000 -0.706475902779180E+001 -0.735399121631957E+003
  0.100000000000000E+001  0.147079781625494E+004 -0.192753449917308E+002  0.724393040004352E+002  0.328797946821273E+000 -0.706475902779180E+001 -0.735398908127471E+003
  0.100000000000000E+001  0.147079275480583E+004 -0.192629175716916E+002  0.728226660221195E+002  0.329140716735700E+000 -0.706475902779180E+001 -0.735396377402914E+003
  0.100000000000000E+001  0.147075042404655E+004 -0.192464838799844E+002  0.734150499324180E+002  0.329492163914306E+000 -0.706475902779180E+001 -0.735375212023273E+003
  0.100000000000000E+001  0.147073831293609E+004 -0.192590714514063E+002  0.729571145431647E+002  0.329117705739715E+000 -0.706475902779180E+001 -0.735369156468046E+003
  0.100000000000000E+001  0.147072665126304E+004 -0.192744549874745E+002  0.726562773065970E+002  0.323076948691401E+000 -0.706475902779180E+001 -0.735363325631519E+003
  0.100000000000000E+001  0.147071901754226E+004 -0.192508135262466E+002  0.733970735001068E+002  0.314596129726532E+000 -0.706475902779180E+001 -0.735359508771132E+003
  0.100000000000000E+001  0.147068032152689E+004 -0.192807023786614E+002  0.723941807921715E+002  0.319909331072854E+000 -0.706475902779180E+001 -0.735340160763445E+003
  0.100000000000000E+001  0.147066278512814E+004 -0.192718274414560E+002  0.727740805008814E+002  0.311828333784348E+000 -0.706475902779180E+001 -0.735331392564072E+003
  0.100000000000000E+001  0.147065778378250E+004 -0.192428621499155E+002  0.736900151980497E+002  0.323154124681013E+000 -0.706475902779180E+001 -0.735328891891249E+003
  0.100000000000000E+001  0.147065598983026E+004 -0.192803392604882E+002  0.723783256459002E+002  0.322509024508763E+000 -0.706475902779180E+001 -0.735327994915130E+003
  0.100000000000000E+001  0.147065323041324E+004 -0.192501403486698E+002  0.733077139256409E+002  0.324752944968468E+000 -0.706475902779180E+001 -0.735326615206620E+003
  0.100000000000000E+001  0.147064539513388E+004 -0.192425637399301E+002  0.736605379908852E+002  0.325098045770764E+000 -0.706475902779180E+001 -0.735322697566939E+003
  0.100000000000000E+001  0.147061366974112E+004 -0.192647036291034E+002  0.730168277172371E+002  0.321169063804039E+000 -0.706475902779180E+001 -0.735306834870562E+003
  0.100000000000000E+001  0.147061248289045E+004 -0.192718292050831E+002  0.725708013481140E+002  0.329609077337799E+000 -0.706475902779180E+001 -0.735306241445223E+003
  0.100000000000000E+001  0.147060642297014E+004 -0.192732700386651E+002  0.727554174009801E+002  0.314409019464151E+000 -0.706475902779180E+001 -0.735303211485072E+003
  0.100000000000000E+001  0.147058344619378E+004 -0.192727588473522E+002  0.726869435407667E+002  0.324273672137874E+000 -0.706475902779180E+001 -0.735291723096891E+003
  0.100000000000000E+001  0.147056046058241E+004 -0.192515366282295E+002  0.732524535101391E+002  0.327458879645025E+000 -0.706475902779180E+001 -0.735280230291204E+003
  0.100000000000000E+001  0.147055701592345E+004 -0.192643122915837E+002  0.728084941858357E+002  0.328085323578909E+000 -0.706475902779180E+001 -0.735278507961724E+003
  0.100000000000000E+001  0.147055486352496E+004 -0.192642760819914E+002  0.728942201444985E+002  0.318665877126927E+000 -0.706475902779180E+001 -0.735277431762481E+003
  0.100000000000000E+001  0.147049566131342E+004 -0.192665053735969E+002  0.727826319203990E+002  0.322782154477375E+000 -0.706475902779180E+001 -0.735247830656709E+003
  0.100000000000000E+001  0.147047762838970E+004 -0.192632602428809E+002  0.730709756760588E+002  0.319456349183796E+000 -0.706475902779180E+001 -0.735238814194850E+003
  0.100000000000000E+001  0.147047087600828E+004 -0.192596312632044E+002  0.729919032319994E+002  0.330475632349185E+000 -0.706475902779180E+001 -0.735235438004142E+003
  0.100000000000000E+001  0.147042107876735E+004 -0.192661326190628E+002  0.729841100500986E+002  0.316932673566662E+000 -0.706475902779180E+001 -0.735210539383677E+003
  0.100000000000000E+001  0.147040803968600E+004 -0.192706262241706E+002  0.727318567722625E+002  0.317643969591024E+000 -0.706475902779180E+001 -0.735204019843002E+003
  0.100000000000000E+001  0.147038363514851E+004 -0.192728024567439E+002  0.727055023960331E+002  0.317373644384435E+000 -0.706475902779180E+001 -0.735191817574253E+003
  0.100000000000000E+001  0.147049141739818E+004 -0.192525375068313E+002  0.734139345380406E+002  0.312491248709328E+000 -0.706475902779180E+001 -0.735245708699089E+003
  0.100000000000000E+001  0.147036213399883E+004 -0.192658823736787E+002  0.729856736433665E+002  0.314328390411128E+000 -0.706475902779180E+001 -0.735181066999417E+003
  0.100000000000000E+001  0.147034614795787E+004 -0.192662777255182E+002  0.728414940798994E+002  0.319794764450242E+000 -0.706475902779180E+001 -0.735173073978936E+003
  0.100000000000000E+001  0.147033157110154E+004 -0.192656576870011E+002  0.728360401766224E+002  0.322244030047538E+000 -0.706475902779180E+001 -0.735165785550768E+003
  0.100000000000000E+001  0.147033013424002E+004 -0.192667248189698E+002  0.727891150621679E+002  0.323906755117565E+000 -0.706475902779180E+001 -0.735165067120012E+003
  0.100000000000000E+001  0.147034036513667E+004 -0.192523970305781E+002  0.734314769730253E+002  0.315821477167644E+000 -0.706475902779180E+001 -0.735170182568333E+003
  0.100000000000000E+001  0.147025447900868E+004 -0.192588332146407E+002  0.730607527811733E+002  0.326625916680148E+000 -0.706475902779180E+001 -0.735127239504342E+003
  0.100000000000000E+001  0.147023720134417E+004 -0.192577841768593E+002  0.732013457884959E+002  0.321417117118126E+000 -0.706475902779180E+001 -0.735118600672084E+003
  0.100000000000000E+001  0.147014855928418E+004 -0.192633923274115E+002  0.729770967075879E+002  0.320009380909359E+000 -0.706475902779180E+001 -0.735074279642088E+003
