 -0.175546154273969E+002  0.679469473402329E+002 -0.415380698669358E+000  0.472055310829678E+000 -0.114467856624657E+002 -0.709031741317001E+003 -0.709031741317001E+003
 -0.144539409077123E+002  0.678806259940951E+002 -0.411506440601506E+000  0.469355826403756E+000 -0.114467856624657E+002 -0.709045591148709E+003 -0.709045591148709E+003
 -0.131967773484421E+002  0.675330756800885E+002 -0.416929256887129E+000  0.476795368695600E+000 -0.114467856624657E+002 -0.709029630629871E+003 -0.709029630629871E+003
 -0.145605146740526E+002  0.677598828771333E+002 -0.412409927279932E+000  0.468725595507000E+000 -0.114467856624657E+002 -0.709037345234200E+003 -0.709037345234200E+003
 -0.137163421063832E+002  0.673266091600271E+002 -0.414676041998151E+000  0.471055253434836E+000 -0.114467856624657E+002 -0.709037505991643E+003 -0.709037505991643E+003
 -0.135506260003297E+002  0.681652456425999E+002 -0.417563856542084E+000  0.469348133890258E+000 -0.114467856624657E+002 -0.709039620274298E+003 -0.709039620274298E+003
 -0.158039360129496E+002  0.679692823047332E+002 -0.422889656669502E+000  0.478510884549335E+000 -0.114467856624657E+002 -0.709045073986114E+003 -0.709045073986114E+003
 -0.167917960483895E+002  0.677616802326858E+002 -0.420280575393166E+000  0.472524681436335E+000 -0.114467856624657E+002 -0.709044383084751E+003 -0.709044383084751E+003
 -0.175176359521439E+002  0.677698053418575E+002 -0.411512768243214E+000  0.464458833088930E+000 -0.114467856624657E+002 -0.709044063901186E+003 -0.709044063901186E+003
 -0.169809126559442E+002  0.676247035123776E+002 -0.420658749375584E+000  0.481462016563430E+000 -0.114467856624657E+002 -0.709034983442382E+003 -0.709034983442382E+003
 -0.128191793175224E+002  0.677666840335358E+002 -0.411860210598932E+000  0.468987268206797E+000 -0.114467856624657E+002 -0.709040440413235E+003 -0.709040440413235E+003
 -0.140167898021827E+002  0.679942866438309E+002 -0.414909350647974E+000  0.470420991463399E+000 -0.114467856624657E+002 -0.709032977681921E+003 -0.709032977681921E+003
 -0.174536873113765E+002  0.674978425380767E+002 -0.416527283972223E+000  0.472130608419469E+000 -0.114467856624657E+002 -0.709032064879936E+003 -0.709032064879936E+003
 -0.160083515802880E+002  0.683661376182449E+002 -0.419625872736015E+000  0.474852471761170E+000 -0.114467856624657E+002 -0.709046851169666E+003 -0.709046851169666E+003
 -0.143515473700462E+002  0.670504842408762E+002 -0.420873881953434E+000  0.482223237627434E+000 -0.114467856624657E+002 -0.709047244482228E+003 -0.709047244482228E+003
 -0.147940396636458E+002  0.676721858131996E+002 -0.414932176623684E+000  0.471782781298108E+000 -0.114467856624657E+002 -0.709029711964836E+003 -0.709029711964836E+003
 -0.168748585805051E+002  0.676308082613286E+002 -0.424095402023995E+000  0.484163657357355E+000 -0.114467856624657E+002 -0.709047929502364E+003 -0.709047929502364E+003
 -0.126722605198110E+002  0.671113039355004E+002 -0.419500946383710E+000  0.484233548193700E+000 -0.114467856624657E+002 -0.709047504918512E+003 -0.709047504918512E+003
 -0.159985887341356E+002  0.682383386843732E+002 -0.421849269667953E+000  0.476959045633616E+000 -0.114467856624657E+002 -0.709047645194326E+003 -0.709047645194326E+003
 -0.177441262592628E+002  0.674487496931815E+002 -0.412374839057541E+000  0.470168026162603E+000 -0.114467856624657E+002 -0.709039555614402E+003 -0.709039555614402E+003
 -0.170286070755663E+002  0.677910084687991E+002 -0.415759938952258E+000  0.475829247635352E+000 -0.114467856624657E+002 -0.709034220585538E+003 -0.709034220585538E+003
 -0.178886094937484E+002  0.678762735206606E+002 -0.420655712668313E+000  0.475397464502323E+000 -0.114467856624657E+002 -0.709036303761475E+003 -0.709036303761475E+003
 -0.163824674803891E+002  0.680040881904996E+002 -0.421791763826771E+000  0.482152980365589E+000 -0.114467856624657E+002 -0.709046156766303E+003 -0.709046156766303E+003
 -0.172335357915081E+002  0.676296617860752E+002 -0.415021965289954E+000  0.474962132979613E+000 -0.114467856624657E+002 -0.709032830769440E+003 -0.709032830769440E+003
 -0.165924281681885E+002  0.679507204349083E+002 -0.411042395142296E+000  0.462978526952392E+000 -0.114467856624657E+002 -0.709048099799920E+003 -0.709048099799920E+003
 -0.159409309392889E+002  0.679431309988193E+002 -0.411639711366103E+000  0.469372282972524E+000 -0.114467856624657E+002 -0.709046393410370E+003 -0.709046393410370E+003
 -0.152927619456508E+002  0.679127539785085E+002 -0.413466393389983E+000  0.469685387513676E+000 -0.114467856624657E+002 -0.709035386864532E+003 -0.709035386864532E+003
 -0.179375128783624E+002  0.676362756696308E+002 -0.422908727905280E+000  0.480683891613683E+000 -0.114467856624657E+002 -0.709041777282388E+003 -0.709041777282388E+003
 -0.127542653758955E+002  0.683736026865120E+002 -0.416457190125931E+000  0.472399855519342E+000 -0.114467856624657E+002 -0.709046924901590E+003 -0.709046924901590E+003
 -0.135166499781838E+002  0.676200974219207E+002 -0.418460770531157E+000  0.476258500623804E+000 -0.114467856624657E+002 -0.709028318622704E+003 -0.709028318622704E+003
 -0.176600612413386E+002  0.675987727414487E+002 -0.419504635545015E+000  0.474238343861179E+000 -0.114467856624657E+002 -0.709035719484299E+003 -0.709035719484299E+003
 -0.164722658443368E+002  0.679193027149958E+002 -0.413715855372379E+000  0.472582703629197E+000 -0.114467856624657E+002 -0.709039716664412E+003 -0.709039716664412E+003
 -0.126732913069194E+002  0.680668404937772E+002 -0.421596217255780E+000  0.481583581042373E+000 -0.114467856624657E+002 -0.709046994231472E+003 -0.709046994231472E+003
 -0.173536456093264E+002  0.677411606158973E+002 -0.413902388818474E+000  0.465567387361007E+000 -0.114467856624657E+002 -0.709041121961997E+003 -0.709041121961997E+003
 -0.172705593228737E+002  0.677464092087105E+002 -0.420566401238975E+000  0.472519549354226E+000 -0.114467856624657E+002 -0.709047220760954E+003 -0.709047220760954E+003
 -0.153973823442931E+002  0.671746766085882E+002 -0.417278077844132E+000  0.472463248944619E+000 -0.114467856624657E+002 -0.709047668114113E+003 -0.709047668114113E+003
 -0.168062145410502E+002  0.678524624282595E+002 -0.421543998537050E+000  0.481733107647567E+000 -0.114467856624657E+002 -0.709039817468405E+003 -0.709039817468405E+003
 -0.141323483190390E+002  0.672057874148236E+002 -0.419031165083429E+000  0.484130543092025E+000 -0.114467856624657E+002 -0.709046873761866E+003 -0.709046873761866E+003
 -0.175195063478782E+002  0.674350027294757E+002 -0.414453690919248E+000  0.473152286517474E+000 -0.114467856624657E+002 -0.709033227870287E+003 -0.709033227870287E+003
 -0.191170948027371E+002  0.672066376987005E+002 -0.422071278179376E+000  0.485121592066249E+000 -0.114467856624657E+002 -0.709047184255516E+003 -0.709047184255516E+003
 -0.191097745970116E+002  0.671814660651005E+002 -0.417092715358510E+000  0.472256302023540E+000 -0.114467856624657E+002 -0.709047192167945E+003 -0.709047192167945E+003
 -0.189824001248105E+002  0.675398916540195E+002 -0.415029586985390E+000  0.468101454192985E+000 -0.114467856624657E+002 -0.709039310924566E+003 -0.709039310924566E+003
  0.283465212863906E+000  0.670908321819874E+002 -0.414127000475665E+000  0.471652007889456E+000 -0.114467856624657E+002 -0.709047081708224E+003 -0.709047081708224E+003
  0.253897348305586E+001  0.674493065169648E+002 -0.418850120504599E+000  0.482785875631611E+000 -0.114467856624657E+002 -0.709041229444536E+003 -0.709041229444536E+003
 -0.226217759148776E+001  0.671438852173602E+002 -0.415340355454368E+000  0.479012508091214E+000 -0.114467856624657E+002 -0.709045653679302E+003 -0.709045653679302E+003
  0.214830021416411E+001  0.681213000400039E+002 -0.415985346218735E+000  0.466283311831527E+000 -0.114467856624657E+002 -0.709042837489960E+003 -0.709042837489960E+003
 -0.255788494079357E+001  0.679636630491059E+002 -0.422122273715165E+000  0.475300458012384E+000 -0.114467856624657E+002 -0.709046856863177E+003 -0.709046856863177E+003
 -0.461946811043196E+001  0.681301522257416E+002 -0.414697330207335E+000  0.465902365152068E+000 -0.114467856624657E+002 -0.709041018615778E+003 -0.709041018615778E+003
 -0.116317027073381E+001  0.670746826766605E+002 -0.419173910973077E+000  0.481089669804675E+000 -0.114467856624657E+002 -0.709042547460872E+003 -0.709042547460872E+003
 -0.357953821213140E+000  0.682463905525649E+002 -0.416866591123609E+000  0.471435544411132E+000 -0.114467856624657E+002 -0.709038586901721E+003 -0.709038586901721E+003
 -0.587149636827069E+001  0.672025666037290E+002 -0.420109413039770E+000  0.478570860972571E+000 -0.114467856624657E+002 -0.709041293874008E+003 -0.709041293874008E+003
 -0.111503284203091E+002  0.676963840091907E+002 -0.413102646525657E+000  0.465638890137128E+000 -0.114467856624657E+002 -0.709040664205182E+003 -0.709040664205182E+003
 -0.335404385960604E+001  0.676478414106436E+002 -0.414122848021355E+000  0.475773056599831E+000 -0.114467856624657E+002 -0.709041176358133E+003 -0.709041176358133E+003
 -0.155271860781190E+001  0.680742800823837E+002 -0.420659685400731E+000  0.472661149434872E+000 -0.114467856624657E+002 -0.709045080856763E+003 -0.709045080856763E+003
 -0.593594946269385E+001  0.680940673184748E+002 -0.418638839227507E+000  0.468594834962084E+000 -0.114467856624657E+002 -0.709047256636189E+003 -0.709047256636189E+003
 -0.435558953889682E+001  0.678722761064404E+002 -0.416963489707158E+000  0.479831676977796E+000 -0.114467856624657E+002 -0.709047477315319E+003 -0.709047477315319E+003
  0.244445650155095E+001  0.680072703263458E+002 -0.411416364393382E+000  0.466176743082190E+000 -0.114467856624657E+002 -0.709044900229440E+003 -0.709044900229440E+003
 -0.448240909316353E+001  0.672616889856589E+002 -0.414879157496982E+000  0.478631598685412E+000 -0.114467856624657E+002 -0.709045334525081E+003 -0.709045334525081E+003
 -0.542872243502639E+001  0.677140986089961E+002 -0.419502660997527E+000  0.472730627270521E+000 -0.114467856624657E+002 -0.709038566356911E+003 -0.709038566356911E+003
  0.492067495152924E-001  0.676278860109549E+002 -0.415047966467823E+000  0.474414369261736E+000 -0.114467856624657E+002 -0.709031565964403E+003 -0.709031565964403E+003
 -0.400396648366265E+001  0.681048581902423E+002 -0.419466575786943E+000  0.473923144962656E+000 -0.114467856624657E+002 -0.709036490137316E+003 -0.709036490137316E+003
 -0.492343416320853E+001  0.682131052490863E+002 -0.413655451516205E+000  0.464905925900124E+000 -0.114467856624657E+002 -0.709044603523485E+003 -0.709044603523485E+003
  0.720141533736825E+000  0.670443148789073E+002 -0.419823632720812E+000  0.483131187468402E+000 -0.114467856624657E+002 -0.709046367998279E+003 -0.709046367998279E+003
 -0.669107309487792E+001  0.672309874586809E+002 -0.420695290632916E+000  0.482930157785873E+000 -0.114467856624657E+002 -0.709040937787150E+003 -0.709040937787150E+003
 -0.399243081944601E+001  0.674276953310217E+002 -0.412255120847622E+000  0.472014536771852E+000 -0.114467856624657E+002 -0.709042205396252E+003 -0.709042205396252E+003
 -0.764702491834091E+001  0.677023923101163E+002 -0.421809060316828E+000  0.480962939405694E+000 -0.114467856624657E+002 -0.709036706859938E+003 -0.709036706859938E+003
  0.280467949229383E+001  0.682490186959001E+002 -0.416866311871356E+000  0.475773159476137E+000 -0.114467856624657E+002 -0.709048075082721E+003 -0.709048075082721E+003
  0.110593186018182E+001  0.677753437963508E+002 -0.411531696764841E+000  0.469778777702617E+000 -0.114467856624657E+002 -0.709044089988584E+003 -0.709044089988584E+003
 -0.101912538854981E+002  0.683865404949007E+002 -0.418919394670790E+000  0.474999843603868E+000 -0.114467856624657E+002 -0.709048083130853E+003 -0.709048083130853E+003
 -0.103606767320506E+002  0.673343357500984E+002 -0.413164867631392E+000  0.473045722764544E+000 -0.114467856624657E+002 -0.709039969666352E+003 -0.709039969666352E+003
 -0.666698585154579E+001  0.679711897534403E+002 -0.421798894962384E+000  0.479106839645861E+000 -0.114467856624657E+002 -0.709039440908729E+003 -0.709039440908729E+003
 -0.117334384214388E+002  0.677625949690091E+002 -0.422174246921246E+000  0.484208048611063E+000 -0.114467856624657E+002 -0.709045286011564E+003 -0.709045286011564E+003
  0.197922198594495E+001  0.679890112707974E+002 -0.418303112255044E+000  0.474550543329966E+000 -0.114467856624657E+002 -0.709031265725380E+003 -0.709031265725380E+003
 -0.745726882555685E+001  0.674347501909229E+002 -0.421486725810706E+000  0.485707952335790E+000 -0.114467856624657E+002 -0.709046703685524E+003 -0.709046703685524E+003
 -0.627107016706159E+001  0.673329517503205E+002 -0.414187136181376E+000  0.475029115301384E+000 -0.114467856624657E+002 -0.709038039103887E+003 -0.709038039103887E+003
 -0.689209123354729E+000  0.673976656670082E+002 -0.413601027755194E+000  0.474753086766456E+000 -0.114467856624657E+002 -0.709039918262196E+003 -0.709039918262196E+003
  0.316364463620598E+000  0.675217442191721E+002 -0.412602284431928E+000  0.472989654450498E+000 -0.114467856624657E+002 -0.709041638891759E+003 -0.709041638891759E+003
 -0.387407054936003E+001  0.678492370714104E+002 -0.416653722067667E+000  0.479597043783937E+000 -0.114467856624657E+002 -0.709047365607526E+003 -0.709047365607526E+003
 -0.363850495661820E+001  0.672802021525623E+002 -0.417861497040866E+000  0.474836894653617E+000 -0.114467856624657E+002 -0.709036902998675E+003 -0.709036902998675E+003
 -0.402873656079574E+001  0.683592099992702E+002 -0.416749468876015E+000  0.469657656954254E+000 -0.114467856624657E+002 -0.709043673381404E+003 -0.709043673381404E+003
 -0.728947839217673E+001  0.673003947017018E+002 -0.417685788105422E+000  0.473197668173757E+000 -0.114467856624657E+002 -0.709040128059968E+003 -0.709040128059968E+003
 -0.374299762501494E+001  0.680615636175805E+002 -0.414437984715062E+000  0.474347199874959E+000 -0.114467856624657E+002 -0.709047074018835E+003 -0.709047074018835E+003
 -0.118767696627900E+001  0.676812704522286E+002 -0.418653028076399E+000  0.475823461528012E+000 -0.114467856624657E+002 -0.709028502210656E+003 -0.709028502210656E+003
 -0.629199109139076E+001  0.676326674991723E+002 -0.413369443502622E+000  0.464817045635916E+000 -0.114467856624657E+002 -0.709045589517578E+003 -0.709045589517578E+003
 -0.688467015015549E+001  0.679607843621187E+002 -0.412761317103164E+000  0.468847966744815E+000 -0.114467856624657E+002 -0.709038849460927E+003 -0.709038849460927E+003
  0.497046168699267E+000  0.672526879775866E+002 -0.419268125563216E+000  0.483174078858809E+000 -0.114467856624657E+002 -0.709041984634450E+003 -0.709041984634450E+003
 -0.103998614109833E+002  0.680228268509122E+002 -0.412968589064909E+000  0.467569020711904E+000 -0.114467856624657E+002 -0.709038758259649E+003 -0.709038758259649E+003
  0.350609884082651E-001  0.678599549149628E+002 -0.415298774526883E+000  0.470221930887574E+000 -0.114467856624657E+002 -0.709030527655639E+003 -0.709030527655639E+003
 -0.103034393467581E+002  0.674755012358703E+002 -0.422420409966299E+000  0.480651397044510E+000 -0.114467856624657E+002 -0.709041264469318E+003 -0.709041264469318E+003
 -0.563371244165245E+001  0.675384915949186E+002 -0.415857610883318E+000  0.476284097473493E+000 -0.114467856624657E+002 -0.709031835649565E+003 -0.709031835649565E+003
 -0.795763964611218E+001  0.672797238585188E+002 -0.413001553584391E+000  0.472372154447354E+000 -0.114467856624657E+002 -0.709041370594422E+003 -0.709041370594422E+003
 -0.651821724074234E+001  0.677985690591609E+002 -0.413940941395057E+000  0.467495595215138E+000 -0.114467856624657E+002 -0.709034889124755E+003 -0.709034889124755E+003
 -0.251168130558003E+001  0.673872263016653E+002 -0.418968010261949E+000  0.481780769914799E+000 -0.114467856624657E+002 -0.709037052440248E+003 -0.709037052440248E+003
 -0.302957984915991E+001  0.682934006222193E+002 -0.416141229684700E+000  0.473128768488168E+000 -0.114467856624657E+002 -0.709045127780182E+003 -0.709045127780182E+003
  0.378697913406942E+000  0.680183558895994E+002 -0.420260053464868E+000  0.474201847384327E+000 -0.114467856624657E+002 -0.709037752580592E+003 -0.709037752580592E+003
 -0.984616037394414E+001  0.671376954494533E+002 -0.418635690535825E+000  0.475880004652063E+000 -0.114467856624657E+002 -0.709044184093118E+003 -0.709044184093118E+003
  0.529141765376551E-002  0.681441703359905E+002 -0.418936895707941E+000  0.470181546812606E+000 -0.114467856624657E+002 -0.709043192726412E+003 -0.709043192726412E+003
 -0.601639691313899E+001  0.674824922909766E+002 -0.415293399964807E+000  0.472374748631299E+000 -0.114467856624657E+002 -0.709031061544703E+003 -0.709031061544703E+003
 -0.643720092166714E+001  0.678945610035860E+002 -0.412312735239357E+000  0.463336657396521E+000 -0.114467856624657E+002 -0.709045577776940E+003 -0.709045577776940E+003
 -0.687565327373390E+001  0.683461602359242E+002 -0.416642304680112E+000  0.466912350965084E+000 -0.114467856624657E+002 -0.709047652876796E+003 -0.709047652876796E+003
  0.236584688060059E+001  0.675468868615120E+002 -0.416267331020489E+000  0.477372778274580E+000 -0.114467856624657E+002 -0.709032907530333E+003 -0.709032907530333E+003
 -0.107183416443673E+002  0.675458975368482E+002 -0.413139146402153E+000  0.465880120437340E+000 -0.114467856624657E+002 -0.709043567747579E+003 -0.709043567747579E+003
 -0.580082571355999E+001  0.678391045806622E+002 -0.421460273780420E+000  0.478248216039018E+000 -0.114467856624657E+002 -0.709036194327039E+003 -0.709036194327039E+003
 -0.982159559638660E+000  0.672856881667524E+002 -0.413694210817982E+000  0.473392407078411E+000 -0.114467856624657E+002 -0.709039041318805E+003 -0.709039041318805E+003
 -0.118372413482973E+002  0.672728683676574E+002 -0.415588289210067E+000  0.474926054281328E+000 -0.114467856624657E+002 -0.709034870890424E+003 -0.709034870890424E+003
 -0.445367624724668E+001  0.681001604711446E+002 -0.422075295802882E+000  0.475566672766970E+000 -0.114467856624657E+002 -0.709047031645648E+003 -0.709047031645648E+003
 -0.818269256136390E+001  0.676253185248793E+002 -0.411368286971032E+000  0.469923540615778E+000 -0.114467856624657E+002 -0.709043918434172E+003 -0.709043918434172E+003
  0.137824188871171E+001  0.677852814107546E+002 -0.412559782161031E+000  0.467803743376809E+000 -0.114467856624657E+002 -0.709036923213146E+003 -0.709036923213146E+003
  0.241775868770212E+000  0.672845226550276E+002 -0.415909528970820E+000  0.469418549469220E+000 -0.114467856624657E+002 -0.709048255596872E+003 -0.709048255596872E+003
 -0.161213150093367E+000  0.673003571267619E+002 -0.421485905820843E+000  0.481122223517183E+000 -0.114467856624657E+002 -0.709040523429467E+003 -0.709040523429467E+003
 -0.870983646606763E+001  0.677702989643229E+002 -0.415436150236222E+000  0.468691249501862E+000 -0.114467856624657E+002 -0.709033541557394E+003 -0.709033541557394E+003
 -0.168129602294214E+001  0.674743103714799E+002 -0.423370706939056E+000  0.481467879728030E+000 -0.114467856624657E+002 -0.709046313830861E+003 -0.709046313830861E+003
 -0.448337786996726E+001  0.675882536003968E+002 -0.414097979367371E+000  0.470227379573339E+000 -0.114467856624657E+002 -0.709032494429219E+003 -0.709032494429219E+003
  0.221210285246788E+001  0.680019992625282E+002 -0.417549204196429E+000  0.474546155473336E+000 -0.114467856624657E+002 -0.709031710363929E+003 -0.709031710363929E+003
  0.652391329774019E+000  0.674715715330818E+002 -0.419498491000437E+000  0.479180448597880E+000 -0.114467856624657E+002 -0.709031431802341E+003 -0.709031431802341E+003
  0.780932207668336E+000  0.678621134594410E+002 -0.411196438559484E+000  0.466846724343023E+000 -0.114467856624657E+002 -0.709043647691190E+003 -0.709043647691190E+003
 -0.791241721116695E+001  0.674546437587891E+002 -0.421185204775417E+000  0.479978869212596E+000 -0.114467856624657E+002 -0.709036147729779E+003 -0.709036147729779E+003
  0.569151127544128E+000  0.675911047453334E+002 -0.419275782847889E+000  0.474068437458747E+000 -0.114467856624657E+002 -0.709035135314865E+003 -0.709035135314865E+003
  0.197208782174813E+001  0.672019967383662E+002 -0.413652173611928E+000  0.476522945124600E+000 -0.114467856624657E+002 -0.709047066599791E+003 -0.709047066599791E+003
  0.478591299990637E+000  0.677954452685355E+002 -0.417061137791116E+000  0.468258165641348E+000 -0.114467856624657E+002 -0.709040956828696E+003 -0.709040956828696E+003
 -0.629043288567524E+001  0.676246144208116E+002 -0.420412454175620E+000  0.483662264485183E+000 -0.114467856624657E+002 -0.709042360658096E+003 -0.709042360658096E+003
 -0.628462297988768E+001  0.677155599235412E+002 -0.416339367502698E+000  0.478121008848159E+000 -0.114467856624657E+002 -0.709037588891547E+003 -0.709037588891547E+003
 -0.888478982335574E+001  0.678130557554412E+002 -0.413706370068319E+000  0.468920646453856E+000 -0.114467856624657E+002 -0.709033322460409E+003 -0.709033322460409E+003
 -0.396545852461685E+001  0.676314879067996E+002 -0.414885808583825E+000  0.476462494405613E+000 -0.114467856624657E+002 -0.709038223803725E+003 -0.709038223803725E+003
 -0.106334205104644E+002  0.672495061560727E+002 -0.412653783929818E+000  0.471164351041743E+000 -0.114467856624657E+002 -0.709043442492922E+003 -0.709043442492922E+003
  0.855809236388493E+001  0.682138041803535E+002 -0.420907247549527E+000  0.478949012676702E+000 -0.114467856624657E+002 -0.709046479442126E+003 -0.709046479442126E+003
  0.190759807243416E+002  0.673934427514346E+002 -0.413003179911277E+000  0.469824289396959E+000 -0.114467856624657E+002 -0.709038874256936E+003 -0.709038874256936E+003
  0.170049024714318E+002  0.676287941439253E+002 -0.416534781510491E+000  0.478029597926369E+000 -0.114467856624657E+002 -0.709034534480532E+003 -0.709034534480532E+003
  0.801448771956375E+001  0.677846984986613E+002 -0.422449098405366E+000  0.484618339822436E+000 -0.114467856624657E+002 -0.709047377106234E+003 -0.709047377106234E+003
  0.849669759833882E+001  0.678010100840937E+002 -0.415794751644224E+000  0.475366799187652E+000 -0.114467856624657E+002 -0.709032951931885E+003 -0.709032951931885E+003
  0.178853540077862E+002  0.671120037300947E+002 -0.418019937586074E+000  0.481480718416314E+000 -0.114467856624657E+002 -0.709042839417515E+003 -0.709042839417515E+003
  0.169538749041846E+002  0.680068334267189E+002 -0.422023349457173E+000  0.479156845574840E+000 -0.114467856624657E+002 -0.709041111634632E+003 -0.709041111634632E+003
  0.152689096634006E+002  0.678670569246947E+002 -0.416137406930102E+000  0.478210227909770E+000 -0.114467856624657E+002 -0.709044240633936E+003 -0.709044240633936E+003
  0.103510022179444E+002  0.672694498290542E+002 -0.415299487382022E+000  0.471860054725795E+000 -0.114467856624657E+002 -0.709038513487998E+003 -0.709038513487998E+003
  0.103039116142264E+002  0.683485335389985E+002 -0.416652974290895E+000  0.466727079306436E+000 -0.114467856624657E+002 -0.709048292903143E+003 -0.709048292903143E+003
  0.145242110384066E+002  0.675965289942036E+002 -0.412934063109071E+000  0.473764882863808E+000 -0.114467856624657E+002 -0.709041993016373E+003 -0.709041993016373E+003
  0.141417454606430E+002  0.670896771984843E+002 -0.417633824125841E+000  0.480172980095257E+000 -0.114467856624657E+002 -0.709041671150714E+003 -0.709041671150714E+003
  0.177780778439614E+002  0.679929041098725E+002 -0.421210863504415E+000  0.479861677895267E+000 -0.114467856624657E+002 -0.709039510022046E+003 -0.709039510022046E+003
  0.893126726967199E+001  0.678106425774915E+002 -0.412642181308210E+000  0.467839040680753E+000 -0.114467856624657E+002 -0.709036754833873E+003 -0.709036754833873E+003
  0.136859743634323E+002  0.677564268170710E+002 -0.419556805626118E+000  0.480528436523011E+000 -0.114467856624657E+002 -0.709035216185573E+003 -0.709035216185573E+003
  0.155067905917400E+002  0.679922874596522E+002 -0.418938644158274E+000  0.471251770828861E+000 -0.114467856624657E+002 -0.709038289596571E+003 -0.709038289596571E+003
  0.116766706397297E+002  0.674433358016683E+002 -0.423255551775739E+000  0.485464397448037E+000 -0.114467856624657E+002 -0.709047059415178E+003 -0.709047059415178E+003
  0.122734847805308E+002  0.679892008184633E+002 -0.416629820413617E+000  0.475847496324913E+000 -0.114467856624657E+002 -0.709036440415719E+003 -0.709036440415719E+003
  0.879835283362957E+001  0.674498668660553E+002 -0.415241273638200E+000  0.467144439513955E+000 -0.114467856624657E+002 -0.709047993974165E+003 -0.709047993974165E+003
  0.121788592557913E+002  0.671584780179384E+002 -0.420071253512103E+000  0.484770763443988E+000 -0.114467856624657E+002 -0.709047241624677E+003 -0.709047241624677E+003
  0.143902586783753E+002  0.674899755835202E+002 -0.423667772000347E+000  0.481628907258060E+000 -0.114467856624657E+002 -0.709047866818358E+003 -0.709047866818358E+003
  0.194406210879484E+002  0.677007773444028E+002 -0.420770195568832E+000  0.477359040116357E+000 -0.114467856624657E+002 -0.709033820646251E+003 -0.709033820646251E+003
  0.138620094084041E+002  0.680931949148001E+002 -0.414577246031286E+000  0.464139861516529E+000 -0.114467856624657E+002 -0.709046212077097E+003 -0.709046212077097E+003
  0.137153357213468E+002  0.670415692995639E+002 -0.418982633133242E+000  0.479009102087730E+000 -0.114467856624657E+002 -0.709044193560964E+003 -0.709044193560964E+003
  0.109123156233146E+002  0.674813184714814E+002 -0.416666786775665E+000  0.476423149732726E+000 -0.114467856624657E+002 -0.709029959151707E+003 -0.709029959151707E+003
  0.115612402003024E+002  0.671816061315263E+002 -0.416313561737533E+000  0.480348608816730E+000 -0.114467856624657E+002 -0.709044282198342E+003 -0.709044282198342E+003
  0.143741812272585E+002  0.673911534025737E+002 -0.416753874870372E+000  0.477267615393546E+000 -0.114467856624657E+002 -0.709031856289139E+003 -0.709031856289139E+003
  0.165811553940483E+002  0.672832180854147E+002 -0.421050044090248E+000  0.480484352178231E+000 -0.114467856624657E+002 -0.709039688972543E+003 -0.709039688972543E+003
  0.182518231662948E+002  0.674035783354630E+002 -0.416880101115173E+000  0.477764344079489E+000 -0.114467856624657E+002 -0.709032195045561E+003 -0.709032195045561E+003
  0.876995116521767E+001  0.676691908333608E+002 -0.419657490457774E+000  0.472905723830912E+000 -0.114467856624657E+002 -0.709039892683962E+003 -0.709039892683962E+003
  0.170900100704473E+002  0.677889629692540E+002 -0.417387998457833E+000  0.468012814623280E+000 -0.114467856624657E+002 -0.709044309717324E+003 -0.709044309717324E+003
  0.178077649116674E+002  0.678204362616411E+002 -0.414843218585329E+000  0.471679744539980E+000 -0.114467856624657E+002 -0.709030643416269E+003 -0.709030643416269E+003
  0.168085988885268E+002  0.680182864004275E+002 -0.422590601993557E+000  0.482362026848863E+000 -0.114467856624657E+002 -0.709047839521867E+003 -0.709047839521867E+003
  0.118917800288790E+002  0.673039700069431E+002 -0.422247009392621E+000  0.480251990217227E+000 -0.114467856624657E+002 -0.709045998020063E+003 -0.709045998020063E+003
  0.187362163323033E+002  0.683027056887819E+002 -0.417636797529811E+000  0.474257115970501E+000 -0.114467856624657E+002 -0.709043658136813E+003 -0.709043658136813E+003
  0.792866174742753E+001  0.678013428356979E+002 -0.421002123042925E+000  0.478493431818016E+000 -0.114467856624657E+002 -0.709034037578876E+003 -0.709034037578876E+003
  0.133182710843822E+002  0.679938261221823E+002 -0.417161224838612E+000  0.476669895302971E+000 -0.114467856624657E+002 -0.709037071789353E+003 -0.709037071789353E+003
  0.186827983764056E+002  0.673640099746592E+002 -0.418033087288577E+000  0.483370255845009E+000 -0.114467856624657E+002 -0.709047501868582E+003 -0.709047501868582E+003
  0.192668201409654E+002  0.671494599769614E+002 -0.415513514059660E+000  0.472772091061842E+000 -0.114467856624657E+002 -0.709042330458934E+003 -0.709042330458934E+003
  0.944559902451098E+001  0.674286966884974E+002 -0.415860894522881E+000  0.470664872236965E+000 -0.114467856624657E+002 -0.709036532072171E+003 -0.709036532072171E+003
  0.156990961917933E+002  0.673897673181716E+002 -0.421031911598980E+000  0.483686691915107E+000 -0.114467856624657E+002 -0.709040211283234E+003 -0.709040211283234E+003
  0.153818100208106E+002  0.682679439803387E+002 -0.419939270899781E+000  0.476153000117574E+000 -0.114467856624657E+002 -0.709043547339944E+003 -0.709043547339944E+003
  0.192343062474150E+002  0.670553557985456E+002 -0.418071396436937E+000  0.476653653454765E+000 -0.114467856624657E+002 -0.709044566821452E+003 -0.709044566821452E+003
  0.877190633091163E+001  0.675634474987409E+002 -0.423774945171880E+000  0.484829162180366E+000 -0.114467856624657E+002 -0.709047272860988E+003 -0.709047272860988E+003
  0.178785075342743E+002  0.676994283095309E+002 -0.416074208018972E+000  0.474361572921717E+000 -0.114467856624657E+002 -0.709028681421058E+003 -0.709028681421058E+003
  0.786665122724729E+001  0.681557651228705E+002 -0.416699313139325E+000  0.468139075422593E+000 -0.114467856624657E+002 -0.709039787131071E+003 -0.709039787131071E+003
  0.111972353091695E+002  0.683524350507997E+002 -0.414087930714072E+000  0.466302842990912E+000 -0.114467856624657E+002 -0.709047111164525E+003 -0.709047111164525E+003
  0.121821822608017E+002  0.679765888582611E+002 -0.418478482712175E+000  0.473175240549165E+000 -0.114467856624657E+002 -0.709032005906600E+003 -0.709032005906600E+003
  0.189611020222257E+002  0.681471405840980E+002 -0.418223307979028E+000  0.468852994549440E+000 -0.114467856624657E+002 -0.709043940002589E+003 -0.709043940002589E+003
  0.129790013267135E+002  0.680228528513697E+002 -0.417663557383735E+000  0.469532735244669E+000 -0.114467856624657E+002 -0.709037652181410E+003 -0.709037652181410E+003
  0.142644728618817E+002  0.673788240829103E+002 -0.419917264583217E+000  0.483934834326886E+000 -0.114467856624657E+002 -0.709042384641616E+003 -0.709042384641616E+003
  0.101218919197086E+002  0.673810739069087E+002 -0.416650364025795E+000  0.479843220501800E+000 -0.114467856624657E+002 -0.709038895425168E+003 -0.709038895425168E+003
  0.106573158332578E+002  0.675893269755925E+002 -0.417696398726997E+000  0.472466283607355E+000 -0.114467856624657E+002 -0.709032509391528E+003 -0.709032509391528E+003
  0.812574421572898E+001  0.671437834537369E+002 -0.413300016486717E+000  0.471651973242824E+000 -0.114467856624657E+002 -0.709045415402365E+003 -0.709045415402365E+003
  0.994585904848525E+001  0.679276352044497E+002 -0.416207827857590E+000  0.475843839380282E+000 -0.114467856624657E+002 -0.709036091010782E+003 -0.709036091010782E+003
  0.116209235722673E+002  0.680846802110934E+002 -0.418038011944011E+000  0.471345914481174E+000 -0.114467856624657E+002 -0.709035273885879E+003 -0.709035273885879E+003
  0.183365338301878E+002  0.680547053818852E+002 -0.418707503205272E+000  0.473469370927911E+000 -0.114467856624657E+002 -0.709033660592755E+003 -0.709033660592755E+003
  0.104380841578602E+002  0.672674068610816E+002 -0.419112398158888E+000  0.482598029245564E+000 -0.114467856624657E+002 -0.709040299876713E+003 -0.709040299876713E+003
  0.157826967570373E+002  0.681145550122280E+002 -0.414874406176428E+000  0.468031830731777E+000 -0.114467856624657E+002 -0.709036817524613E+003 -0.709036817524613E+003
  0.109971404174994E+002  0.675503218546359E+002 -0.419446710884276E+000  0.483504034141117E+000 -0.114467856624657E+002 -0.709043430665099E+003 -0.709043430665099E+003
  0.784204674409492E+001  0.676670537382272E+002 -0.410793149311427E+000  0.469103745232839E+000 -0.114467856624657E+002 -0.709046903640333E+003 -0.709046903640333E+003
  0.802410165806110E+001  0.680330297053967E+002 -0.420193301351208E+000  0.476691262069949E+000 -0.114467856624657E+002 -0.709035615950072E+003 -0.709035615950072E+003
  0.870730852439533E+001  0.681295987684124E+002 -0.415977074701022E+000  0.465227712925381E+000 -0.114467856624657E+002 -0.709047144382760E+003 -0.709047144382760E+003
  0.112140086917589E+002  0.676440515863156E+002 -0.411795592421809E+000  0.465906522109779E+000 -0.114467856624657E+002 -0.709041956448651E+003 -0.709041956448651E+003
  0.148383053035469E+002  0.677525860495827E+002 -0.416243087714787E+000  0.474088407928050E+000 -0.114467856624657E+002 -0.709028483622546E+003 -0.709028483622546E+003
  0.157376678063087E+002  0.679848956902320E+002 -0.412702505384933E+000  0.466406780633042E+000 -0.114467856624657E+002 -0.709039291169306E+003 -0.709039291169306E+003
  0.113504214478292E+002  0.677764029007219E+002 -0.419123308165945E+000  0.482910755583284E+000 -0.114467856624657E+002 -0.709047964791822E+003 -0.709047964791822E+003
  0.175018873501516E+002  0.678507417150577E+002 -0.417675680627647E+000  0.478029060334315E+000 -0.114467856624657E+002 -0.709034657854622E+003 -0.709034657854622E+003
  0.112788211945005E+002  0.679209070102849E+002 -0.411389679067663E+000  0.465960944701759E+000 -0.114467856624657E+002 -0.709043331333717E+003 -0.709043331333717E+003
  0.150144519969905E+002  0.679508338492238E+002 -0.421162095041886E+000  0.476555502952150E+000 -0.114467856624657E+002 -0.709037547188954E+003 -0.709037547188954E+003
  0.127132270595389E+002  0.674324860020031E+002 -0.410937042856090E+000  0.467921313503253E+000 -0.114467856624657E+002 -0.709046607103442E+003 -0.709046607103442E+003
  0.117161348411539E+002  0.674103295991554E+002 -0.421036983266479E+000  0.481819020432517E+000 -0.114467856624657E+002 -0.709036716060969E+003 -0.709036716060969E+003
  0.139529398408863E+002  0.680513634897265E+002 -0.416476761298429E+000  0.466560999367696E+000 -0.114467856624657E+002 -0.709043378469237E+003 -0.709043378469237E+003
  0.119070632507414E+002  0.679079126547390E+002 -0.419472415834268E+000  0.474920398734424E+000 -0.114467856624657E+002 -0.709032086706238E+003 -0.709032086706238E+003
  0.964786416505963E+001  0.677001720338130E+002 -0.421126826787538E+000  0.479175726759870E+000 -0.114467856624657E+002 -0.709033940567724E+003 -0.709033940567724E+003
  0.167272000065008E+002  0.672660451079642E+002 -0.415210943586269E+000  0.478240704545106E+000 -0.114467856624657E+002 -0.709041801756689E+003 -0.709041801756689E+003
  0.126796612396519E+002  0.672874114235022E+002 -0.417044435129775E+000  0.480845499789169E+000 -0.114467856624657E+002 -0.709041191083793E+003 -0.709041191083793E+003
  0.119726287339096E+002  0.679597098672338E+002 -0.414771817872461E+000  0.472317289116181E+000 -0.114467856624657E+002 -0.709034569166228E+003 -0.709034569166228E+003
  0.180128163210028E+002  0.676291931195145E+002 -0.417717235100669E+000  0.476772394676178E+000 -0.114467856624657E+002 -0.709028373873565E+003 -0.709028373873565E+003
  0.185095041014804E+002  0.674620926226057E+002 -0.420995741499384E+000  0.484008872494703E+000 -0.114467856624657E+002 -0.709040987275203E+003 -0.709040987275203E+003
  0.857580010869675E+001  0.671222663294262E+002 -0.417758791451777E+000  0.480699896317354E+000 -0.114467856624657E+002 -0.709041370834012E+003 -0.709041370834012E+003
  0.111187462131064E+002  0.677859581165945E+002 -0.415450179503876E+000  0.469042990194345E+000 -0.114467856624657E+002 -0.709032541110726E+003 -0.709032541110726E+003
  0.110367041000131E+002  0.673866991234377E+002 -0.414639053854541E+000  0.475205971825186E+000 -0.114467856624657E+002 -0.709035529528954E+003 -0.709035529528954E+003
  0.144226367918437E+002  0.670689169335114E+002 -0.418809539134088E+000  0.477791195842378E+000 -0.114467856624657E+002 -0.709044021752547E+003 -0.709044021752547E+003
  0.148130289097980E+002  0.682503411425437E+002 -0.412849185664783E+000  0.467897184409706E+000 -0.114467856624657E+002 -0.709047570774782E+003 -0.709047570774782E+003
  0.119831235853849E+002  0.672441659022701E+002 -0.414204573264473E+000  0.473594831284359E+000 -0.114467856624657E+002 -0.709038578412745E+003 -0.709038578412745E+003
  0.133858669971030E+002  0.675245259115305E+002 -0.416791776323462E+000  0.480128295664512E+000 -0.114467856624657E+002 -0.709040128721601E+003 -0.709040128721601E+003
  0.129031626445590E+002  0.683481714483410E+002 -0.415277088548589E+000  0.469976076557720E+000 -0.114467856624657E+002 -0.709045100552037E+003 -0.709045100552037E+003
  0.854147398041073E+001  0.676667443754073E+002 -0.416715524809919E+000  0.478825775205896E+000 -0.114467856624657E+002 -0.709037306639078E+003 -0.709037306639078E+003
  0.869894359846126E+001  0.675640621932432E+002 -0.422794970689024E+000  0.482932229027389E+000 -0.114467856624657E+002 -0.709041416340547E+003 -0.709041416340547E+003
  0.101319499658288E+002  0.681978374505841E+002 -0.418803701046586E+000  0.470895831327950E+000 -0.114467856624657E+002 -0.709041395520987E+003 -0.709041395520987E+003
  0.156751266033955E+002  0.680762664071542E+002 -0.417286259934366E+000  0.469141194153795E+000 -0.114467856624657E+002 -0.709037786688757E+003 -0.709037786688757E+003
  0.115255526690735E+002  0.673435564937193E+002 -0.414403511411361E+000  0.469052191828937E+000 -0.114467856624657E+002 -0.709041899133346E+003 -0.709041899133346E+003
  0.592688430641109E+001  0.673929713512708E+002 -0.416678137495642E+000  0.480119802389653E+000 -0.114467856624657E+002 -0.709039820656507E+003 -0.709039820656507E+003
  0.749314904374916E+001  0.678503154357391E+002 -0.412066611400048E+000  0.463677298836586E+000 -0.114467856624657E+002 -0.709044807855561E+003 -0.709044807855561E+003
  0.366840094505266E+001  0.671734368440657E+002 -0.414692481701724E+000  0.477937647841017E+000 -0.114467856624657E+002 -0.709045362079622E+003 -0.709045362079622E+003
  0.652425429672799E+001  0.682214217860931E+002 -0.416065653823107E+000  0.471564081032508E+000 -0.114467856624657E+002 -0.709038737941983E+003 -0.709038737941983E+003
  0.356433964865601E+001  0.674186605115753E+002 -0.416295337417266E+000  0.478853415372673E+000 -0.114467856624657E+002 -0.709037078023676E+003 -0.709037078023676E+003
  0.500867226521160E+001  0.677299658112057E+002 -0.411377104288771E+000  0.467270924015764E+000 -0.114467856624657E+002 -0.709041732709471E+003 -0.709041732709471E+003
  0.320428915597306E+001  0.678435704934967E+002 -0.422714875854178E+000  0.483812946140913E+000 -0.114467856624657E+002 -0.709046357181359E+003 -0.709046357181359E+003
  0.511490960641817E+001  0.675450086879158E+002 -0.412507347801453E+000  0.466693936081989E+000 -0.114467856624657E+002 -0.709041084975216E+003 -0.709041084975216E+003
  0.624615265419888E+001  0.680874631901586E+002 -0.420482010847721E+000  0.474340821683118E+000 -0.114467856624657E+002 -0.709039705766790E+003 -0.709039705766790E+003
  0.586640147115541E+001  0.682300747435200E+002 -0.413624055627673E+000  0.464003287176959E+000 -0.114467856624657E+002 -0.709047063811088E+003 -0.709047063811088E+003
  0.607809824132447E+001  0.677786683284319E+002 -0.419915521641914E+000  0.481259270830090E+000 -0.114467856624657E+002 -0.709037485898792E+003 -0.709037485898792E+003
  0.321637686814205E+001  0.677074218387300E+002 -0.415315026004907E+000  0.473839720285220E+000 -0.114467856624657E+002 -0.709030211396336E+003 -0.709030211396336E+003
  0.668179655490911E+001  0.680255499155777E+002 -0.418034873027451E+000  0.471533725707012E+000 -0.114467856624657E+002 -0.709033973570211E+003 -0.709033973570211E+003
  0.710496153724479E+001  0.679000665929085E+002 -0.422672282447412E+000  0.477808040688005E+000 -0.114467856624657E+002 -0.709044144903067E+003 -0.709044144903067E+003
  0.557678806878610E+001  0.674275012921155E+002 -0.422218581391087E+000  0.479644371682935E+000 -0.114467856624657E+002 -0.709042937530581E+003 -0.709042937530581E+003
  0.501168520810963E+001  0.674915180967531E+002 -0.414868738232389E+000  0.473459664883872E+000 -0.114467856624657E+002 -0.709031449246361E+003 -0.709031449246361E+003
  0.492791544800551E+001  0.674163912285159E+002 -0.422576192160602E+000  0.479826188246189E+000 -0.114467856624657E+002 -0.709045418633759E+003 -0.709045418633759E+003
  0.539365566320523E+001  0.679738697748384E+002 -0.413694568622232E+000  0.468667942889488E+000 -0.114467856624657E+002 -0.709035405949570E+003 -0.709035405949570E+003
  0.361897223224544E+001  0.673779531013101E+002 -0.419665957673828E+000  0.477532033332341E+000 -0.114467856624657E+002 -0.709034654763830E+003 -0.709034654763830E+003
  0.628095804034815E+001  0.684025554552513E+002 -0.415977667852573E+000  0.467613428132179E+000 -0.114467856624657E+002 -0.709047046513689E+003 -0.709047046513689E+003
  0.382093501084243E+001  0.675863284458809E+002 -0.415337750576510E+000  0.470817999138491E+000 -0.114467856624657E+002 -0.709031152569315E+003 -0.709031152569315E+003
  0.373111795652308E+001  0.678771432988416E+002 -0.415937532240117E+000  0.474850456773463E+000 -0.114467856624657E+002 -0.709032886855447E+003 -0.709032886855447E+003
  0.450704060295887E+001  0.676376890602152E+002 -0.413891070435219E+000  0.466472884154484E+000 -0.114467856624657E+002 -0.709039956793991E+003 -0.709039956793991E+003
  0.570176135328597E+001  0.673099790999163E+002 -0.411664793278721E+000  0.470310863017503E+000 -0.114467856624657E+002 -0.709045911884632E+003 -0.709045911884632E+003
  0.571905394223043E+001  0.676960483092122E+002 -0.423654506398629E+000  0.483140716542221E+000 -0.114467856624657E+002 -0.709045269633959E+003 -0.709045269633959E+003
  0.386577691134216E+001  0.678563492688231E+002 -0.413281087500749E+000  0.469879517853332E+000 -0.114467856624657E+002 -0.709035317792010E+003 -0.709035317792010E+003
  0.342024239535562E+001  0.671453032670296E+002 -0.416535477106122E+000  0.479545180574643E+000 -0.114467856624657E+002 -0.709041649386358E+003 -0.709041649386358E+003
  0.455990304546334E+001  0.681712298000999E+002 -0.417209250166208E+000  0.469444662811281E+000 -0.114467856624657E+002 -0.709038407201767E+003 -0.709038407201767E+003
  0.326926183005180E+001  0.672187523938321E+002 -0.420769902631803E+000  0.482641098676982E+000 -0.114467856624657E+002 -0.709040991241053E+003 -0.709040991241053E+003
  0.408014465649738E+001  0.680376002790019E+002 -0.413349869952336E+000  0.465548763143637E+000 -0.114467856624657E+002 -0.709040114968316E+003 -0.709040114968316E+003
  0.466768966803633E+001  0.675631158789508E+002 -0.415903937807930E+000  0.473608703413243E+000 -0.114467856624657E+002 -0.709028814582569E+003 -0.709028814582569E+003
  0.355898600824170E+001  0.680488403328305E+002 -0.413492731254141E+000  0.464671875185946E+000 -0.114467856624657E+002 -0.709042252864887E+003 -0.709042252864887E+003
