 -0.742658627999874E+001  0.662258642645788E+002 -0.596761732743394E+000  0.196274235893955E+001  0.669486615332997E+001 -0.167451030290137E+002 -0.496505433419305E+001 -0.496505433419305E+001
 -0.175035273209879E+002  0.514639393169857E+002 -0.586166519363043E+000  0.187919865588836E+001  0.605375143730791E+001 -0.167451030290137E+002 -0.497650646388788E+001 -0.497650646388788E+001
  0.127909140899802E+002  0.455954481175789E+002 -0.616335627846712E+000  0.219389631587832E+001  0.895463673656403E+001 -0.167451030290137E+002 -0.499736598430113E+001 -0.499736598430113E+001
 -0.160853178366406E+002  0.903426556618346E+002 -0.610035233086793E+000  0.219771005384768E+001  0.882430098827693E+001 -0.167451030290137E+002 -0.500709884005959E+001 -0.500709884005959E+001
 -0.919774450799183E+001  0.853997297107971E+002 -0.621239248581712E+000  0.224873778129284E+001  0.931527571462780E+001 -0.167451030290137E+002 -0.499481630946843E+001 -0.499481630946843E+001
  0.166295990783721E+002  0.639931228777963E+002 -0.569967786308873E+000  0.162027867944472E+001  0.402453903996044E+001 -0.167451030290137E+002 -0.496948359736506E+001 -0.496948359736506E+001
  0.979417523217467E+001  0.805024765819629E+002 -0.581703855877602E+000  0.175908944595095E+001  0.506109480654008E+001 -0.167451030290137E+002 -0.496354436314075E+001 -0.496354436314075E+001
 -0.129136891989959E+002  0.416283308154581E+002 -0.559229395527157E+000  0.149648954663653E+001  0.310988564386470E+001 -0.167451030290137E+002 -0.496944061909284E+001 -0.496944061909284E+001
  0.773547094337225E+001  0.528652689842676E+002 -0.624331974883608E+000  0.229033877445177E+001  0.979448685736747E+001 -0.167451030290137E+002 -0.500431819487846E+001 -0.500431819487846E+001
  0.644017189234670E+001  0.659419069738554E+002 -0.629005733447984E+000  0.238406144641937E+001  0.106191931721656E+002 -0.167451030290137E+002 -0.500691109034040E+001 -0.500691109034040E+001
 -0.178935011743165E+002  0.779716471683546E+002 -0.602655621857368E+000  0.213349615067992E+001  0.865244886834698E+001 -0.167451030290137E+002 -0.499182539642847E+001 -0.499182539642847E+001
  0.226816241689300E+001  0.632609424023679E+002 -0.613100272932244E+000  0.217897199945824E+001  0.854550890423916E+001 -0.167451030290137E+002 -0.498729870374657E+001 -0.498729870374657E+001
  0.744941058808716E+001  0.656265494013979E+002 -0.557385617527905E+000  0.145730750434670E+001  0.269971971091638E+001 -0.167451030290137E+002 -0.495357758548725E+001 -0.495357758548725E+001
  0.777982338585280E+001  0.930982147334011E+002 -0.620989356241849E+000  0.238124272300661E+001  0.112198723947421E+002 -0.167451030290137E+002 -0.500401100047064E+001 -0.500401100047064E+001
  0.450670620660195E+001  0.925966928543048E+002 -0.590336170356026E+000  0.175501501184180E+001  0.482376319296543E+001 -0.167451030290137E+002 -0.498685767296178E+001 -0.498685767296178E+001
 -0.638163462882407E+001  0.884995172760742E+002 -0.598329267945002E+000  0.197590396309913E+001  0.676861634028216E+001 -0.167451030290137E+002 -0.496509141691303E+001 -0.496509141691303E+001
  0.129621897267672E+002  0.485696489100180E+002 -0.579391123745099E+000  0.152170880427231E+001  0.272414978251203E+001 -0.167451030290137E+002 -0.498024474677588E+001 -0.498024474677588E+001
  0.174698862233946E+002  0.502146466853846E+002 -0.538738914255669E+000  0.116503770116103E+001  0.102065265034366E+001 -0.167451030290137E+002 -0.498735681945517E+001 -0.498735681945517E+001
 -0.557965966025457E+001  0.887655552163609E+002 -0.561015584342321E+000  0.147389978727523E+001  0.276694447397443E+001 -0.167451030290137E+002 -0.494531434386533E+001 -0.494531434386533E+001
  0.159355221413182E+002  0.784679820129823E+002 -0.589936257590949E+000  0.198158161607025E+001  0.720991657932093E+001 -0.167451030290137E+002 -0.499649948227041E+001 -0.499649948227041E+001
  0.564296959515116E+001  0.912339534871172E+002 -0.577030341649679E+000  0.171818962812888E+001  0.455255231963304E+001 -0.167451030290137E+002 -0.496228097050319E+001 -0.496228097050319E+001
  0.193970398777025E+002  0.425702113719901E+002 -0.577573415480715E+000  0.165181453942062E+001  0.384183699089810E+001 -0.167451030290137E+002 -0.494953665784207E+001 -0.494953665784207E+001
 -0.100263683202719E+001  0.403158464121710E+002 -0.599824459625730E+000  0.200869874934259E+001  0.688275473322749E+001 -0.167451030290137E+002 -0.498639719577282E+001 -0.498639719577282E+001
  0.615769859574724E+001  0.889240983696628E+002 -0.559324004069875E+000  0.136036381307706E+001  0.190034885833474E+001 -0.167451030290137E+002 -0.494653730183586E+001 -0.494653730183586E+001
 -0.384334158370805E+001  0.903112416080810E+002 -0.598592072091034E+000  0.203380771150927E+001  0.764993498931736E+001 -0.167451030290137E+002 -0.498352531098657E+001 -0.498352531098657E+001
 -0.112356594122495E+002  0.672634760983040E+002 -0.557786722565553E+000  0.147592891175643E+001  0.279137674957266E+001 -0.167451030290137E+002 -0.496055691483897E+001 -0.496055691483897E+001
  0.539339051847954E+001  0.923148893923406E+002 -0.617186095717742E+000  0.230957694888710E+001  0.104531630710022E+002 -0.167451030290137E+002 -0.500019044030632E+001 -0.500019044030632E+001
 -0.599482328614725E+001  0.796653995574401E+002 -0.580644671555350E+000  0.172474651421998E+001  0.433807230127445E+001 -0.167451030290137E+002 -0.498280787024689E+001 -0.498280787024689E+001
 -0.194003471423519E+002  0.814688412615288E+002 -0.599510118219872E+000  0.181575748223734E+001  0.476050695531104E+001 -0.167451030290137E+002 -0.499470018829820E+001 -0.499470018829820E+001
  0.913954626670774E+001  0.982238119039563E+002 -0.593096829517303E+000  0.171777357113047E+001  0.425398122367757E+001 -0.167451030290137E+002 -0.499090715245657E+001 -0.499090715245656E+001
 -0.871232328943759E+001  0.879876068406697E+002 -0.614549506837804E+000  0.210887483043019E+001  0.760271216745159E+001 -0.167451030290137E+002 -0.498912698073479E+001 -0.498912698073480E+001
  0.185170789887809E+001  0.672772600396656E+002 -0.583568136198184E+000  0.187895268493930E+001  0.620175812703336E+001 -0.167451030290137E+002 -0.498872398276811E+001 -0.498872398276811E+001
 -0.112269534499318E+002  0.622442916798815E+002 -0.623802509751348E+000  0.230632378095076E+001  0.100050394575195E+002 -0.167451030290137E+002 -0.499959393537379E+001 -0.499959393537379E+001
  0.119243861828321E+002  0.727918502107365E+002 -0.577141008781739E+000  0.177025260507877E+001  0.500826489808541E+001 -0.167451030290137E+002 -0.499583450539796E+001 -0.499583450539796E+001
  0.589150890540076E+001  0.596084630565017E+002 -0.585290964268450E+000  0.182864937851392E+001  0.545572161187135E+001 -0.167451030290137E+002 -0.496677423766003E+001 -0.496677423766003E+001
 -0.171605517402227E+002  0.472057141710984E+002 -0.623068057991335E+000  0.225666321517391E+001  0.934271064407335E+001 -0.167451030290137E+002 -0.499995627482560E+001 -0.499995627482560E+001
  0.140252970500241E+002  0.529480573606197E+002 -0.604025279355570E+000  0.206030297244269E+001  0.749785523907130E+001 -0.167451030290137E+002 -0.497347184361756E+001 -0.497347184361756E+001
  0.148942765383074E+002  0.848408640098551E+002 -0.561085573077760E+000  0.139411508724777E+001  0.188561998448805E+001 -0.167451030290137E+002 -0.498838099881043E+001 -0.498838099881043E+001
  0.150262765516355E+002  0.444039126804265E+002 -0.570532260037443E+000  0.150397093758551E+001  0.272637101113409E+001 -0.167451030290137E+002 -0.494401658572747E+001 -0.494401658572747E+001
 -0.968226126737697E+001  0.542814359178206E+002 -0.617310190932313E+000  0.228469711253443E+001  0.965788315568270E+001 -0.167451030290137E+002 -0.500944481103036E+001 -0.500944481103036E+001
  0.191620602374185E+002  0.855519909080607E+002 -0.595469774116719E+000  0.182526472444220E+001  0.499846072125226E+001 -0.167451030290137E+002 -0.497231019517482E+001 -0.497231019517482E+001
  0.189707868216734E+002  0.982219034296916E+002 -0.544842937385247E+000  0.135581046652183E+001  0.216214260999672E+001 -0.167451030290137E+002 -0.498445463149369E+001 -0.498445463149369E+001
 -0.998296599708167E+001  0.400922239676027E+002 -0.624435604666824E+000  0.238366030406599E+001  0.111682576478824E+002 -0.167451030290137E+002 -0.500812326429563E+001 -0.500812326429563E+001
  0.868161859506549E+001  0.418103549527774E+002 -0.574959632932031E+000  0.169315424565822E+001  0.436752335509327E+001 -0.167451030290137E+002 -0.496164632808564E+001 -0.496164632808564E+001
 -0.716768736931483E+001  0.764800534184064E+002 -0.569239449265128E+000  0.145717251411830E+001  0.242055206319276E+001 -0.167451030290137E+002 -0.494995751380592E+001 -0.494995751380592E+001
  0.193175903624046E+002  0.404655949615834E+002 -0.525641830528681E+000  0.102996459903453E+001  0.246742978374755E+000 -0.167451030290137E+002 -0.500769881317170E+001 -0.500769881317170E+001
  0.520326707434395E+001  0.855057197140340E+002 -0.544866426696242E+000  0.132046051383448E+001  0.198728345877643E+001 -0.167451030290137E+002 -0.498535793985954E+001 -0.498535793985954E+001
  0.139495143744474E+002  0.486676095915485E+002 -0.527118584274637E+000  0.102707113985498E+001  0.251130081816214E+000 -0.167451030290137E+002 -0.499530089965435E+001 -0.499530089965435E+001
  0.769408481249182E+001  0.640055545671845E+002 -0.535310650949293E+000  0.112062455382616E+001  0.640319496266770E+000 -0.167451030290137E+002 -0.496861216207808E+001 -0.496861216207808E+001
  0.571851864524607E+001  0.523041852869782E+002 -0.551394669799026E+000  0.147728455271232E+001  0.309055174009336E+001 -0.167451030290137E+002 -0.500870550899201E+001 -0.500870550899201E+001
  0.162878578230710E+002  0.923296469577297E+002 -0.568778217108633E+000  0.164016990652619E+001  0.431856951656717E+001 -0.167451030290137E+002 -0.499168456964181E+001 -0.499168456964181E+001
 -0.618836478263790E+001  0.834209253078952E+002 -0.605162549655612E+000  0.210208364027643E+001  0.806051444900882E+001 -0.167451030290137E+002 -0.497679149329644E+001 -0.497679149329644E+001
  0.821621831258388E+001  0.809439780214488E+002 -0.555974038408657E+000  0.144437325298513E+001  0.244831818007071E+001 -0.167451030290137E+002 -0.497867246260192E+001 -0.497867246260191E+001
 -0.367547619034538E+001  0.922604573564261E+002 -0.595466382393583E+000  0.173635710521110E+001  0.405893943701921E+001 -0.167451030290137E+002 -0.500783026542529E+001 -0.500783026542528E+001
 -0.140781464185484E+002  0.742376671187240E+002 -0.597160224641450E+000  0.188569188478965E+001  0.570324616155639E+001 -0.167451030290137E+002 -0.496071181762958E+001 -0.496071181762958E+001
  0.130785523936409E+002  0.477755610783097E+002 -0.524340988013867E+000  0.106950973186246E+001  0.451024022624154E+000 -0.167451030290137E+002 -0.500769225356634E+001 -0.500769225356634E+001
 -0.658247556928928E+001  0.469365319646219E+002 -0.572216034233364E+000  0.153286661768224E+001  0.277563743393199E+001 -0.167451030290137E+002 -0.497672046933120E+001 -0.497672046933119E+001
 -0.160352172123349E+002  0.753935291606004E+002 -0.618434419906035E+000  0.227684899390472E+001  0.955653180089530E+001 -0.167451030290137E+002 -0.500028031626528E+001 -0.500028031626528E+001
  0.900172942583583E+001  0.465963979100061E+002 -0.545684833822100E+000  0.120216770161248E+001  0.110507214768927E+001 -0.167451030290137E+002 -0.497003213099102E+001 -0.497003213099102E+001
  0.100843405701282E+002  0.999805384026751E+002 -0.555411196088841E+000  0.140940107304887E+001  0.226783734397846E+001 -0.167451030290137E+002 -0.495040381416683E+001 -0.495040381416683E+001
 -0.193534721958271E+002  0.486468433562831E+002 -0.547884827615564E+000  0.141573773851439E+001  0.263935934296448E+001 -0.167451030290137E+002 -0.500023112379582E+001 -0.500023112379582E+001
  0.285128167880358E+001  0.972167500779147E+002 -0.593476520150186E+000  0.175939527299336E+001  0.455700902299208E+001 -0.167451030290137E+002 -0.496777840889596E+001 -0.496777840889596E+001
  0.128975420941004E+002  0.677185486350652E+002 -0.594547149201882E+000  0.186372071307573E+001  0.542330953368915E+001 -0.167451030290137E+002 -0.497139716891069E+001 -0.497139716891069E+001
  0.119980500800461E+002  0.533389575588514E+002 -0.587823699133163E+000  0.176008476869645E+001  0.442692881362920E+001 -0.167451030290137E+002 -0.499592525069611E+001 -0.499592525069611E+001
  0.611166856244398E+001  0.825645493865143E+002 -0.609650397391353E+000  0.212157217166551E+001  0.797662118414269E+001 -0.167451030290137E+002 -0.498089739775487E+001 -0.498089739775487E+001
  0.172078379285220E+002  0.427352069499796E+002 -0.532776940319975E+000  0.107548140127718E+001  0.517995117944011E+000 -0.167451030290137E+002 -0.498001006982348E+001 -0.498001006982348E+001
  0.864189772652401E+001  0.635307999647574E+002 -0.554451495720005E+000  0.140353051096329E+001  0.209533244716975E+001 -0.167451030290137E+002 -0.499231570509043E+001 -0.499231570509043E+001
  0.285555214303986E+001  0.950693865592044E+002 -0.539151909235561E+000  0.124901539969500E+001  0.148456114205267E+001 -0.167451030290137E+002 -0.497165265591495E+001 -0.497165265591495E+001
 -0.762754671924118E+001  0.890977341099439E+002 -0.584325205484917E+000  0.161417737830591E+001  0.341751355618571E+001 -0.167451030290137E+002 -0.496822082880945E+001 -0.496822082880945E+001
  0.151459133942139E+002  0.727051505458491E+002 -0.594079225956440E+000  0.193932010098280E+001  0.641812287509839E+001 -0.167451030290137E+002 -0.496855141224891E+001 -0.496855141224891E+001
 -0.485308822501184E+001  0.550791338207669E+002 -0.574337248181829E+000  0.170694449390633E+001  0.436489782744671E+001 -0.167451030290137E+002 -0.499808995771386E+001 -0.499808995771386E+001
  0.139333507113636E+002  0.614040894491661E+002 -0.591483598260472E+000  0.168569410847267E+001  0.370439073698199E+001 -0.167451030290137E+002 -0.500023078445962E+001 -0.500023078445962E+001
  0.276949494252437E+001  0.719367965314786E+002 -0.610559109702179E+000  0.200270297144007E+001  0.679240847247971E+001 -0.167451030290137E+002 -0.500416158982035E+001 -0.500416158982035E+001
 -0.196027636271020E+001  0.886627485287398E+002 -0.621986648356222E+000  0.225604427838512E+001  0.924688026371894E+001 -0.167451030290137E+002 -0.499461276098164E+001 -0.499461276098165E+001
  0.982591502869561E+001  0.780081119984574E+002 -0.594108618063142E+000  0.196924901827851E+001  0.660131478970239E+001 -0.167451030290137E+002 -0.499878681048055E+001 -0.499878681048055E+001
 -0.575067778393687E+001  0.576814597744626E+002 -0.585363677546072E+000  0.179839686151183E+001  0.538961099162110E+001 -0.167451030290137E+002 -0.496701700139628E+001 -0.496701700139628E+001
  0.994855786636974E+001  0.837490419743286E+002 -0.593654017625370E+000  0.199291137921655E+001  0.739759109722446E+001 -0.167451030290137E+002 -0.499315491589986E+001 -0.499315491589986E+001
  0.309192304744997E+001  0.432932524557828E+002 -0.615154191842631E+000  0.230557175186402E+001  0.105338842732681E+002 -0.167451030290137E+002 -0.500470020198164E+001 -0.500470020198163E+001
  0.112873999727388E+002  0.422806004305568E+002 -0.608464313516465E+000  0.217183831960760E+001  0.887188029705077E+001 -0.167451030290137E+002 -0.498471427607636E+001 -0.498471427607636E+001
 -0.515766977098474E+001  0.823413886583428E+002 -0.573688533731451E+000  0.169192453121826E+001  0.478768584983240E+001 -0.167451030290137E+002 -0.500783177025771E+001 -0.500783177025771E+001
 -0.133543897489189E+002  0.640667775101961E+002 -0.627454761543980E+000  0.239050129282394E+001  0.108029588415799E+002 -0.167451030290137E+002 -0.500401360923367E+001 -0.500401360923367E+001
 -0.259151474711792E+001  0.628583989806791E+002 -0.553353136934931E+000  0.134232330850499E+001  0.201433567828848E+001 -0.167451030290137E+002 -0.497487158385711E+001 -0.497487158385712E+001
  0.154690498177504E+002  0.870299736563505E+002 -0.554198250910711E+000  0.140336941365839E+001  0.220137337170767E+001 -0.167451030290137E+002 -0.496048599979722E+001 -0.496048599979721E+001
  0.317702772063037E+001  0.874211673824825E+002 -0.573143938552457E+000  0.159070037558158E+001  0.369907029281231E+001 -0.167451030290137E+002 -0.497288211242241E+001 -0.497288211242241E+001
 -0.975262990421633E+001  0.959690216162133E+002 -0.595272983517977E+000  0.200188342585814E+001  0.735385267585407E+001 -0.167451030290137E+002 -0.498222184064459E+001 -0.498222184064459E+001
  0.987207576813439E+001  0.817154142654264E+002 -0.580010339222598E+000  0.167906154609492E+001  0.420485474110770E+001 -0.167451030290137E+002 -0.494736193559483E+001 -0.494736193559483E+001
  0.184390399557673E+002  0.860330713902053E+002 -0.588211903472740E+000  0.190777901579913E+001  0.617857990210371E+001 -0.167451030290137E+002 -0.499037076425949E+001 -0.499037076425949E+001
  0.449590476897103E+001  0.495001549178784E+002 -0.564113824037189E+000  0.148191288763020E+001  0.288497230111069E+001 -0.167451030290137E+002 -0.495864321970995E+001 -0.495864321970995E+001
 -0.199100553858268E+001  0.883406277364267E+002 -0.593123301560757E+000  0.169495292140303E+001  0.376896019194639E+001 -0.167451030290137E+002 -0.500317258037928E+001 -0.500317258037928E+001
  0.140952129605360E+002  0.538408552031111E+002 -0.553231730649058E+000  0.121370641421623E+001  0.980836049314163E+000 -0.167451030290137E+002 -0.499205153264983E+001 -0.499205153264983E+001
  0.971044413755945E+001  0.817540471901120E+002 -0.582429918900222E+000  0.173683702552549E+001  0.486535992331429E+001 -0.167451030290137E+002 -0.497042420162258E+001 -0.497042420162258E+001
  0.834820674778026E+001  0.525542300347872E+002 -0.620081582699188E+000  0.240131685950608E+001  0.114650341084996E+002 -0.167451030290137E+002 -0.500920600430446E+001 -0.500920600430446E+001
 -0.928108492989057E+001  0.872961733260708E+002 -0.575426959597888E+000  0.175031972730364E+001  0.500122397950061E+001 -0.167451030290137E+002 -0.497988978133907E+001 -0.497988978133907E+001
 -0.161277433517965E+002  0.511546813218558E+002 -0.594448142789833E+000  0.204551467172322E+001  0.789376541710270E+001 -0.167451030290137E+002 -0.499845643708286E+001 -0.499845643708286E+001
  0.142541375588640E+002  0.994626056517353E+002 -0.569607576154850E+000  0.151873316459137E+001  0.285765350432983E+001 -0.167451030290137E+002 -0.494270893208544E+001 -0.494270893208544E+001
  0.154926345450992E+002  0.712996698998337E+002 -0.617827017839866E+000  0.222277800496535E+001  0.897877113410711E+001 -0.167451030290137E+002 -0.498810913040592E+001 -0.498810913040592E+001
 -0.130113410834172E+002  0.749779117371089E+002 -0.621941786090135E+000  0.226626990504290E+001  0.934785143011460E+001 -0.167451030290137E+002 -0.499527725919861E+001 -0.499527725919861E+001
 -0.432117750128816E+001  0.602409156511022E+002 -0.592149941348457E+000  0.193413651313609E+001  0.655897920391601E+001 -0.167451030290137E+002 -0.496951979180722E+001 -0.496951979180722E+001
  0.184718563744543E+002  0.447591299134546E+002 -0.535094805835416E+000  0.111514587698371E+001  0.650802120794268E+000 -0.167451030290137E+002 -0.496485803225051E+001 -0.496485803225051E+001
 -0.155103031260234E+002  0.522477364765467E+002 -0.597245229810297E+000  0.183189308704857E+001  0.510255710355243E+001 -0.167451030290137E+002 -0.496772582579637E+001 -0.496772582579636E+001
  0.544887186495148E+001  0.792379775188986E+002 -0.585813370315660E+000  0.175839498264967E+001  0.451188223322001E+001 -0.167451030290137E+002 -0.498324020556179E+001 -0.498324020556179E+001
  0.102041943040931E+002  0.859874053567405E+002 -0.597208303129288E+000  0.191577018866732E+001  0.623043398304310E+001 -0.167451030290137E+002 -0.496600298351352E+001 -0.496600298351352E+001
  0.184249618163975E+002  0.572544663925014E+002 -0.602615013261628E+000  0.207297825375911E+001  0.812393866341255E+001 -0.167451030290137E+002 -0.500279692865332E+001 -0.500279692865332E+001
  0.103764947281264E+001  0.881697503246283E+002 -0.598196728474197E+000  0.189585000090478E+001  0.595119632335586E+001 -0.167451030290137E+002 -0.496668808753207E+001 -0.496668808753207E+001
 -0.132391552805947E+002  0.783063693061623E+002 -0.613256904408794E+000  0.209619420598861E+001  0.733643864320695E+001 -0.167451030290137E+002 -0.500737179641618E+001 -0.500737179641618E+001
 -0.180677261880648E+002  0.967535075356308E+002 -0.594012029792534E+000  0.184062664451856E+001  0.518259427246998E+001 -0.167451030290137E+002 -0.497241788202233E+001 -0.497241788202233E+001
  0.136448062616432E+002  0.802881815810221E+002 -0.578558423701701E+000  0.169284963342198E+001  0.462087287636719E+001 -0.167451030290137E+002 -0.499264354031017E+001 -0.499264354031017E+001
  0.141343839965127E+002  0.832409865968196E+002 -0.591685520864636E+000  0.178485172374985E+001  0.516132096269884E+001 -0.167451030290137E+002 -0.500345981325077E+001 -0.500345981325077E+001
 -0.114018537348427E+002  0.638789316630814E+002 -0.598462139788912E+000  0.198144640582399E+001  0.682120284801302E+001 -0.167451030290137E+002 -0.496585649523332E+001 -0.496585649523332E+001
 -0.168012898386975E+001  0.906158046960766E+002 -0.623303262496175E+000  0.226768408398198E+001  0.921346947382314E+001 -0.167451030290137E+002 -0.500389736166267E+001 -0.500389736166267E+001
  0.103352407481125E+002  0.701550921934753E+002 -0.603117459504769E+000  0.211357243195627E+001  0.828855147329905E+001 -0.167451030290137E+002 -0.498440605998890E+001 -0.498440605998890E+001
  0.186526808608301E+001  0.959828971461353E+002 -0.614105712710840E+000  0.207739761670996E+001  0.758116948323595E+001 -0.167451030290137E+002 -0.500805238520916E+001 -0.500805238520916E+001
  0.180679713253898E+002  0.442828478337821E+002 -0.531323024365298E+000  0.109311001444186E+001  0.557313938311111E+000 -0.167451030290137E+002 -0.497063570413045E+001 -0.497063570413045E+001
 -0.114945412332093E+002  0.414254215389475E+002 -0.575509631030642E+000  0.174456564235689E+001  0.522556268455870E+001 -0.167451030290137E+002 -0.499910976632747E+001 -0.499910976632747E+001
  0.190591083846151E+002  0.634658659355658E+002 -0.616831097746398E+000  0.229128616873381E+001  0.103162439797058E+002 -0.167451030290137E+002 -0.500677061204196E+001 -0.500677061204195E+001
 -0.156952735433521E+002  0.496121511956859E+002 -0.544604708866467E+000  0.135160474148782E+001  0.196646439070598E+001 -0.167451030290137E+002 -0.500165580145157E+001 -0.500165580145157E+001
 -0.126513361123512E+002  0.776975527726057E+002 -0.586027855406670E+000  0.192576241994933E+001  0.689185397695221E+001 -0.167451030290137E+002 -0.500574400114848E+001 -0.500574400114848E+001
 -0.292168085163954E+001  0.804490149691175E+002 -0.574738418149993E+000  0.171939213070084E+001  0.484837810665888E+001 -0.167451030290137E+002 -0.497455512394663E+001 -0.497455512394663E+001
 -0.819248740116724E+001  0.574997564138306E+002 -0.559247931474067E+000  0.147926100343576E+001  0.307222170594197E+001 -0.167451030290137E+002 -0.499450711357727E+001 -0.499450711357727E+001
 -0.616535752665980E+001  0.589212490809862E+002 -0.589540810249410E+000  0.175095696096426E+001  0.473425615572492E+001 -0.167451030290137E+002 -0.496938260849697E+001 -0.496938260849697E+001
  0.137431892113667E+002  0.927266903898333E+002 -0.569272422436747E+000  0.159382976572081E+001  0.388745897114266E+001 -0.167451030290137E+002 -0.499106230720989E+001 -0.499106230720989E+001
 -0.113244784389004E+002  0.962670564076074E+002 -0.594867748135292E+000  0.200204803836861E+001  0.730616876497771E+001 -0.167451030290137E+002 -0.498056385031068E+001 -0.498056385031068E+001
 -0.100967318390673E+002  0.543678818625829E+002 -0.565147485194215E+000  0.153406546668120E+001  0.290720865228226E+001 -0.167451030290137E+002 -0.500126801848238E+001 -0.500126801848238E+001
  0.966340003743771E+001  0.940259190995837E+002 -0.556827301010929E+000  0.146472564853543E+001  0.255946079966760E+001 -0.167451030290137E+002 -0.499532698118359E+001 -0.499532698118359E+001
 -0.142510490243418E+002  0.630177359431067E+002 -0.619589564528866E+000  0.226018047249705E+001  0.948908639691459E+001 -0.167451030290137E+002 -0.498987165501509E+001 -0.498987165501509E+001
 -0.139101717749720E+002  0.735489026151914E+002 -0.617331427630772E+000  0.231234123009507E+001  0.104806163524615E+002 -0.167451030290137E+002 -0.500018899032520E+001 -0.500018899032520E+001
  0.854425535069506E+001  0.696509896436129E+002 -0.604808277518022E+000  0.203160279762814E+001  0.732054390159911E+001 -0.167451030290137E+002 -0.497528502088271E+001 -0.497528502088271E+001
 -0.155254689498402E+002  0.806263427304740E+002 -0.606971882246677E+000  0.220448944676767E+001  0.939142384377799E+001 -0.167451030290137E+002 -0.499723529011711E+001 -0.499723529011710E+001
 -0.118003360963297E+002  0.643588450220350E+002 -0.608579023762972E+000  0.209119387028349E+001  0.805377451616971E+001 -0.167451030290137E+002 -0.499870580119436E+001 -0.499870580119436E+001
 -0.139844576874621E+002  0.514627365820442E+002 -0.616981378333796E+000  0.219098643623389E+001  0.882407517315488E+001 -0.167451030290137E+002 -0.499275105464124E+001 -0.499275105464124E+001
 -0.591623176884978E+001  0.904022098044114E+002 -0.580231264952677E+000  0.163874242382702E+001  0.359555780051255E+001 -0.167451030290137E+002 -0.495831383668748E+001 -0.495831383668748E+001
  0.338629654281630E+001  0.678414095914389E+002 -0.586226069881887E+000  0.166768076759196E+001  0.367843655826444E+001 -0.167451030290137E+002 -0.497655919491432E+001 -0.497655919491432E+001
  0.824528365627668E+000  0.976023380291483E+002 -0.572888701642273E+000  0.160467773447232E+001  0.355989991875248E+001 -0.167451030290137E+002 -0.494536617032837E+001 -0.494536617032837E+001
 -0.152254453020752E+002  0.645234597574752E+002 -0.551125088288603E+000  0.127086803647937E+001  0.126596627995038E+001 -0.167451030290137E+002 -0.496852932460506E+001 -0.496852932460506E+001
 -0.446126312292237E+001  0.835174528374291E+002 -0.614359992493934E+000  0.212342034413733E+001  0.816176041014600E+001 -0.167451030290137E+002 -0.500275540562903E+001 -0.500275540562903E+001
  0.424722615207414E+001  0.516703002423817E+002 -0.626613541539094E+000  0.241274261267493E+001  0.113753814110061E+002 -0.167451030290137E+002 -0.500516831438384E+001 -0.500516831438384E+001
  0.153716875008024E+002  0.909838709935055E+002 -0.579696420071725E+000  0.170344368205071E+001  0.443173381274353E+001 -0.167451030290137E+002 -0.494830645148790E+001 -0.494830645148791E+001
  0.652922499502830E+001  0.777330908129904E+002 -0.584474619688046E+000  0.175929867742078E+001  0.508305598507124E+001 -0.167451030290137E+002 -0.498103151933711E+001 -0.498103151933712E+001
 -0.365306040568833E+001  0.783251379274153E+002 -0.597478512934758E+000  0.201423340278891E+001  0.740288521521546E+001 -0.167451030290137E+002 -0.497812670722692E+001 -0.497812670722692E+001
  0.123649465056182E+002  0.897135636833572E+002 -0.585786340817876E+000  0.189040766630968E+001  0.599809224756368E+001 -0.167451030290137E+002 -0.500837804490099E+001 -0.500837804490099E+001
  0.151898452889436E+002  0.940633210913011E+002 -0.559087736018905E+000  0.139719106211438E+001  0.210512271439201E+001 -0.167451030290137E+002 -0.494143492467771E+001 -0.494143492467771E+001
  0.941265739400275E+001  0.495491811740376E+002 -0.576377817674547E+000  0.160395910596746E+001  0.359678499757368E+001 -0.167451030290137E+002 -0.494711754499267E+001 -0.494711754499267E+001
  0.286846672433502E+001  0.671298614571073E+002 -0.618150970146801E+000  0.212125442321701E+001  0.761879857142875E+001 -0.167451030290137E+002 -0.500085749771818E+001 -0.500085749771818E+001
  0.151608401985861E+002  0.678907915728647E+002 -0.567560835169862E+000  0.153306405452889E+001  0.307020133100178E+001 -0.167451030290137E+002 -0.494169844116718E+001 -0.494169844116718E+001
 -0.706029025485283E+001  0.906050426322247E+002 -0.575942381678237E+000  0.163777008099940E+001  0.385271328681434E+001 -0.167451030290137E+002 -0.494349516000777E+001 -0.494349516000777E+001
 -0.260474333231907E+001  0.718287973317296E+002 -0.575040318703452E+000  0.156726360110170E+001  0.293655943124125E+001 -0.167451030290137E+002 -0.500470333001898E+001 -0.500470333001898E+001
  0.119370861482460E+002  0.538902107565621E+002 -0.622479741877155E+000  0.234946156829630E+001  0.104002581654838E+002 -0.167451030290137E+002 -0.500367775799888E+001 -0.500367775799888E+001
  0.193364336958630E+002  0.854001166836282E+002 -0.545995844066944E+000  0.128134873560207E+001  0.161391638820230E+001 -0.167451030290137E+002 -0.495634111521462E+001 -0.495634111521462E+001
  0.226755010031009E+001  0.664224648389284E+002 -0.598316505514980E+000  0.191385833328056E+001  0.625360797138572E+001 -0.167451030290137E+002 -0.497902289726453E+001 -0.497902289726453E+001
  0.160046467627180E+002  0.699890262413731E+002 -0.579188538008465E+000  0.165664792344359E+001  0.379416375720238E+001 -0.167451030290137E+002 -0.495678666277554E+001 -0.495678666277554E+001
