 -0.192424540320515E+002  0.678128892663953E+002 -0.578684587358497E+000  0.127328554069523E+001  0.278014646442855E+000 -0.167451030290137E+002 -0.836778708484075E+000 -0.836778708484076E+000 -0.908620128304179E+000
 -0.192523158287265E+002  0.672832583110106E+002 -0.548922450507010E+000  0.134264046782213E+001  0.608927058054505E+000 -0.167451030290137E+002 -0.831536344681757E+000 -0.831536344681759E+000 -0.120507867633653E+001
 -0.192562085191606E+002  0.673456630699259E+002 -0.562277158110993E+000  0.127822548149097E+001  0.353353593737452E+000 -0.167451030290137E+002 -0.706137710083320E+000 -0.706137710083318E+000 -0.102859259944533E+001
 -0.192504110891658E+002  0.674217400423500E+002 -0.560207944520167E+000  0.139568880199565E+001  0.863005170780610E+000 -0.167451030290137E+002 -0.727879056264699E+000 -0.727879056264698E+000 -0.933867439362054E+000
 -0.192394832634045E+002  0.676561624333564E+002 -0.521321223522906E+000  0.102526824246924E+001 -0.347038166226639E+000 -0.167451030290137E+002 -0.628432230121313E+000 -0.628432230121312E+000 -0.922326465845867E+000
 -0.192458040034413E+002  0.675478899631260E+002 -0.539040178671097E+000  0.115944927905130E+001 -0.145498199145351E+000 -0.167451030290137E+002 -0.825438417899284E+000 -0.825438417899285E+000 -0.982303128056316E+000
 -0.192408617484035E+002  0.678623038203491E+002 -0.595673951640528E+000  0.150022249102823E+001  0.115560982722651E+001 -0.167451030290137E+002 -0.861982648204347E+000 -0.861982648204346E+000 -0.917061970490366E+000
 -0.192416868299677E+002  0.676546466975367E+002 -0.554590362661534E+000  0.124339572475502E+001  0.264909199232861E+000 -0.167451030290137E+002 -0.750644089222144E+000 -0.750644089222146E+000 -0.182712408490154E+001
 -0.192531117584238E+002  0.674805522392684E+002 -0.576226639075389E+000  0.127752796744809E+001  0.153002254678540E+000 -0.167451030290137E+002 -0.844707644338721E+000 -0.844707644338722E+000 -0.918909381529044E+000
 -0.192396572062378E+002  0.676692081173232E+002 -0.545130892241428E+000  0.126725607647580E+001  0.322990517741076E+000 -0.167451030290137E+002 -0.803471638664095E+000 -0.803471638664096E+000 -0.163857438665114E+001
 -0.192482738720011E+002  0.674928696967472E+002 -0.525729023224383E+000  0.102873568495270E+001 -0.385985793082241E+000 -0.167451030290137E+002 -0.713798367463224E+000 -0.713798367463223E+000 -0.943238906594910E+000
 -0.192413422325278E+002  0.677048825106086E+002 -0.528580818773919E+000  0.997922516597869E+000 -0.391208235939843E+000 -0.167451030290137E+002 -0.582322886845275E+000 -0.582322886845276E+000 -0.951884996442459E+000
 -0.192397185909070E+002  0.677193661413122E+002 -0.552011747977596E+000  0.117585801749098E+001  0.548896260787188E-001 -0.167451030290137E+002 -0.829746090774600E+000 -0.829746090774602E+000 -0.889919886099282E+000
 -0.192370717280785E+002  0.678482586290095E+002 -0.553160316985177E+000  0.128499968345991E+001  0.367194936584085E+000 -0.167451030290137E+002 -0.747924844772309E+000 -0.747924844772310E+000 -0.125445564252047E+001
 -0.192401356005529E+002  0.678026909766325E+002 -0.561787972923336E+000  0.119988833726266E+001  0.160027531685330E+000 -0.167451030290137E+002 -0.823046940831794E+000 -0.823046940831794E+000 -0.111747114209629E+001
 -0.192513490631654E+002  0.675583820770938E+002 -0.588100560162411E+000  0.149667162514204E+001  0.113596921300876E+001 -0.167451030290137E+002 -0.807291714707104E+000 -0.807291714707105E+000 -0.121069656100428E+001
 -0.192592153254611E+002  0.671042434924506E+002 -0.505297140567903E+000  0.879505839277513E+000 -0.568360029679667E+000 -0.167451030290137E+002 -0.799780928447988E+000 -0.799780928447987E+000 -0.104754998732414E+001
 -0.192615082001583E+002  0.671500456585407E+002 -0.549417977206594E+000  0.105496133473795E+001 -0.373009740994917E+000 -0.167451030290137E+002 -0.753136886454758E+000 -0.753136886454758E+000 -0.938299018605278E+000
 -0.192571218352131E+002  0.673026784351725E+002 -0.576583505165173E+000  0.136541273268977E+001  0.454661803919493E+000 -0.167451030290137E+002 -0.824315239138672E+000 -0.824315239138670E+000 -0.884676966324793E+000
 -0.192603185388047E+002  0.670691364231063E+002 -0.504594989637595E+000  0.854368716373816E+000 -0.679625216486784E+000 -0.167451030290137E+002 -0.811672425903691E+000 -0.811672425903691E+000 -0.956776322960447E+000
 -0.192538353069615E+002  0.673449202449890E+002 -0.561734895305607E+000  0.127964842258242E+001  0.479710815276320E+000 -0.167451030290137E+002 -0.783986122926738E+000 -0.783986122926738E+000 -0.955283401308467E+000
 -0.192440833206102E+002  0.674812131417678E+002 -0.528151186620283E+000  0.104281796362610E+001 -0.285621193576134E+000 -0.167451030290137E+002 -0.839878011228935E+000 -0.839878011228937E+000 -0.902455024181783E+000
 -0.192651511443789E+002  0.670827143010602E+002 -0.576108823127205E+000  0.142070371601029E+001  0.888521755137077E+000 -0.167451030290137E+002 -0.861948729156923E+000 -0.861948729156921E+000 -0.928956338656882E+000
 -0.192370558698796E+002  0.679681614437420E+002 -0.587119028616189E+000  0.150932961531321E+001  0.122064880423815E+001 -0.167451030290137E+002 -0.846389623996530E+000 -0.846389623996529E+000 -0.903280462721000E+000
 -0.192575824609229E+002  0.671469518705189E+002 -0.549223511431140E+000  0.133751434745406E+001  0.594487680705356E+000 -0.167451030290137E+002 -0.830524981753897E+000 -0.830524981753896E+000 -0.159290656705073E+001
 -0.192610694999721E+002  0.670095456807643E+002 -0.522900180635848E+000  0.110759611003645E+001 -0.154444101796287E+000 -0.167451030290137E+002 -0.839171456504481E+000 -0.839171456504481E+000 -0.882354562398202E+000
 -0.192421000767500E+002  0.676857769349570E+002 -0.558147912955342E+000  0.116907379280974E+001 -0.417393771006829E-001 -0.167451030290137E+002 -0.807062753834162E+000 -0.807062753834163E+000 -0.977388078454375E+000
 -0.192428427591608E+002  0.676901806854872E+002 -0.573791719869630E+000  0.152009969524708E+001  0.148197635466765E+001 -0.167451030290137E+002 -0.816629683462039E+000 -0.816629683462040E+000 -0.880349771103273E+000
 -0.192491530141422E+002  0.675044347883995E+002 -0.545314826019634E+000  0.113478079042199E+001  0.606042693709981E-001 -0.167451030290137E+002 -0.840260226224138E+000 -0.840260226224139E+000 -0.152976730048054E+001
 -0.192505819577348E+002  0.675646763930995E+002 -0.599179388641033E+000  0.163173557232821E+001  0.196349611202058E+001 -0.167451030290137E+002 -0.865424498007592E+000 -0.865424498007592E+000 -0.892458071865935E+000
 -0.192620688919811E+002  0.668484267474568E+002 -0.496710719437901E+000  0.883005986378055E+000 -0.584172760321067E+000 -0.167451030290137E+002 -0.868560579290041E+000 -0.868560579290040E+000 -0.133231129980312E+001
 -0.192524284613462E+002  0.673174552093124E+002 -0.554083327893058E+000  0.136694725525119E+001  0.810930053410502E+000 -0.167451030290137E+002 -0.776037969068354E+000 -0.776037969068355E+000 -0.926343454647341E+000
 -0.192652030572291E+002  0.668672597273331E+002 -0.496027083362359E+000  0.818704513047589E+000 -0.677178675405088E+000 -0.167451030290137E+002 -0.790431284824960E+000 -0.790431284824962E+000 -0.948476796823169E+000
 -0.192565671998863E+002  0.672649767558994E+002 -0.545515222554717E+000  0.119035821016072E+001 -0.417055727438509E-001 -0.167451030290137E+002 -0.816958523578385E+000 -0.816958523578386E+000 -0.139978309929972E+001
 -0.192476984987864E+002  0.674545622265853E+002 -0.531571813064005E+000  0.105489434146587E+001 -0.327726915871906E+000 -0.167451030290137E+002 -0.530744647317254E+000 -0.530744647317253E+000 -0.116726565297212E+001
 -0.192370656838771E+002  0.676924687930011E+002 -0.517107748151548E+000  0.101302900277128E+001 -0.308435280724268E+000 -0.167451030290137E+002 -0.800495669242326E+000 -0.800495669242327E+000 -0.944022356869002E+000
 -0.192600041444672E+002  0.672026016674620E+002 -0.582441672660998E+000  0.147713390777810E+001  0.117382559393056E+001 -0.167451030290137E+002 -0.793915560210006E+000 -0.793915560210007E+000 -0.101703812101880E+001
 -0.192428059827065E+002  0.677842454678542E+002 -0.578414590990766E+000  0.128480245303173E+001  0.338018084447114E+000 -0.167451030290137E+002 -0.837679032209739E+000 -0.837679032209738E+000 -0.123224669706822E+001
 -0.192573410865939E+002  0.672377109227089E+002 -0.566662688227274E+000  0.139406689679368E+001  0.728698839719272E+000 -0.167451030290137E+002 -0.718016106938879E+000 -0.718016106938880E+000 -0.968481070872425E+000
 -0.192447611386341E+002  0.676650168581365E+002 -0.550226088020509E+000  0.107213992999632E+001 -0.242633419757709E+000 -0.167451030290137E+002 -0.671181858973916E+000 -0.671181858973917E+000 -0.918604103024769E+000
 -0.192315421456451E+002  0.680510323782448E+002 -0.552533411802986E+000  0.117899878894429E+001  0.282403995405076E-001 -0.167451030290137E+002 -0.760428654811305E+000 -0.760428654811307E+000 -0.100068144671222E+001
 -0.192648369527389E+002  0.670834611921273E+002 -0.577081537662149E+000  0.130751114993736E+001  0.405206578989265E+000 -0.167451030290137E+002 -0.849520215708974E+000 -0.849520215708974E+000 -0.105986588080060E+001
 -0.192451041117334E+002  0.676172104616173E+002 -0.568462972513980E+000  0.131486187020755E+001  0.453567507842649E+000 -0.167451030290137E+002 -0.691563673657606E+000 -0.691563673657605E+000 -0.914064552875029E+000
 -0.192349293467238E+002  0.679141613007007E+002 -0.534950340581889E+000  0.108940028126488E+001 -0.162598099813579E+000 -0.167451030290137E+002 -0.727437502887746E+000 -0.727437502887746E+000 -0.128401261699783E+001
 -0.192685833272382E+002  0.668980782434017E+002 -0.545744950444129E+000  0.115762460773133E+001 -0.982236781592292E-001 -0.167451030290137E+002 -0.821064026153345E+000 -0.821064026153344E+000 -0.150662816228920E+001
 -0.192426048915335E+002  0.675880475763726E+002 -0.535075258779620E+000  0.118121727580776E+001  0.213118738508712E+000 -0.167451030290137E+002 -0.810620399026624E+000 -0.810620399026625E+000 -0.883589385055998E+000
 -0.192555417651512E+002  0.671340431676664E+002 -0.526369510349807E+000  0.105200791958594E+001 -0.231324848877236E+000 -0.167451030290137E+002 -0.796890429944086E+000 -0.796890429944085E+000 -0.887749649482799E+000
 -0.192487403744222E+002  0.676693290659840E+002 -0.593247562141115E+000  0.150782717401349E+001  0.115317164204171E+001 -0.167451030290137E+002 -0.858408268934430E+000 -0.858408268934429E+000 -0.939914720286680E+000
 -0.192361953669080E+002  0.678799390067423E+002 -0.562977120126093E+000  0.139896660021681E+001  0.782962924344616E+000 -0.167451030290137E+002 -0.855813735645870E+000 -0.855813735645871E+000 -0.880576364859095E+000
 -0.192360080711049E+002  0.679099834509065E+002 -0.564758485299320E+000  0.130225377550191E+001  0.356726534488686E+000 -0.167451030290137E+002 -0.753886535662739E+000 -0.753886535662740E+000 -0.910425997875791E+000
 -0.192328953588003E+002  0.680137284280878E+002 -0.559302388101609E+000  0.126109518928780E+001  0.240867748777390E+000 -0.167451030290137E+002 -0.777906703236037E+000 -0.777906703236038E+000 -0.979522515666019E+000
 -0.192520005503647E+002  0.673842668328477E+002 -0.548954895319660E+000  0.124664732735724E+001  0.256668380888556E+000 -0.167451030290137E+002 -0.636958457893411E+000 -0.636958457893410E+000 -0.108296198422896E+001
 -0.192572680896916E+002  0.670678057529215E+002 -0.504690529661805E+000  0.939947960905204E+000 -0.461598085710193E+000 -0.167451030290137E+002 -0.743529076094765E+000 -0.743529076094767E+000 -0.977501743326066E+000
 -0.192601943030329E+002  0.671045728129239E+002 -0.535360290886674E+000  0.113321039760195E+001 -0.139139275843121E-001 -0.167451030290137E+002 -0.730260709229778E+000 -0.730260709229778E+000 -0.104121131507274E+001
 -0.192510728364144E+002  0.673441241029571E+002 -0.554923514415916E+000  0.139043011022194E+001  0.946954447985206E+000 -0.167451030290137E+002 -0.835656315599988E+000 -0.835656315599987E+000 -0.134709511956144E+001
 -0.192384863317125E+002  0.679025179698818E+002 -0.553929003733694E+000  0.114228773037983E+001 -0.154645215659855E+000 -0.167451030290137E+002 -0.806623619018693E+000 -0.806623619018694E+000 -0.884896668575898E+000
 -0.192485613790128E+002  0.673362189536448E+002 -0.524241026782244E+000  0.112918590982308E+001 -0.127258859932027E+000 -0.167451030290137E+002 -0.793205451245725E+000 -0.793205451245726E+000 -0.940196586375571E+000
 -0.192356609469728E+002  0.680186996923435E+002 -0.572929857769286E+000  0.128223641727443E+001  0.351240969025184E+000 -0.167451030290137E+002 -0.829554157219188E+000 -0.829554157219189E+000 -0.118407589233923E+001
 -0.192412159735016E+002  0.677471289125508E+002 -0.575964709819670E+000  0.147780194395567E+001  0.120405295158936E+001 -0.167451030290137E+002 -0.762222435481312E+000 -0.762222435481313E+000 -0.106621456891253E+001
 -0.192517992788028E+002  0.674394401929863E+002 -0.590767259911622E+000  0.169418975319440E+001  0.230596849654658E+001 -0.167451030290137E+002 -0.875907231125745E+000 -0.875907231125744E+000 -0.921376638183972E+000
 -0.192519718683119E+002  0.673518639553644E+002 -0.540472768640672E+000  0.121214412159206E+001  0.284051285443184E+000 -0.167451030290137E+002 -0.757449357470982E+000 -0.757449357470982E+000 -0.906460024728922E+000
 -0.192558128975953E+002  0.672037333233949E+002 -0.545516935401973E+000  0.128715718141803E+001  0.550902340728229E+000 -0.167451030290137E+002 -0.809849596037638E+000 -0.809849596037637E+000 -0.949510414067408E+000
 -0.192360434201007E+002  0.678176111498347E+002 -0.552875009846696E+000  0.128422971976083E+001  0.303370346697236E+000 -0.167451030290137E+002 -0.855727413788079E+000 -0.855727413788077E+000 -0.146257984376360E+001
 -0.192479230399809E+002  0.675420780045159E+002 -0.557781259360209E+000  0.121894227478393E+001  0.242110382644682E+000 -0.167451030290137E+002 -0.696105967006143E+000 -0.696105967006144E+000 -0.911206274410517E+000
 -0.192358213517434E+002  0.679401522984811E+002 -0.534939109464330E+000  0.105331515769713E+001 -0.259863759145034E+000 -0.167451030290137E+002 -0.849175755194035E+000 -0.849175755194036E+000 -0.118597613265584E+001
 -0.192454082824191E+002  0.676724771503961E+002 -0.588560390710882E+000  0.152080024239022E+001  0.141519476497469E+001 -0.167451030290137E+002 -0.824399922314870E+000 -0.824399922314871E+000 -0.131917073725990E+001
 -0.192609028805242E+002  0.670260812584450E+002 -0.547570118203519E+000  0.127509272889748E+001  0.440299045615376E+000 -0.167451030290137E+002 -0.827102883756338E+000 -0.827102883756339E+000 -0.951727258246120E+000
 -0.192597686838593E+002  0.671491864453659E+002 -0.567475329887651E+000  0.140198881465487E+001  0.866643029156776E+000 -0.167451030290137E+002 -0.743468577923435E+000 -0.743468577923434E+000 -0.908392793736098E+000
 -0.192396082633202E+002  0.676728654298616E+002 -0.531818467699189E+000  0.120883373053994E+001  0.239737430956779E+000 -0.167451030290137E+002 -0.859423741921351E+000 -0.859423741921351E+000 -0.921273397460979E+000
 -0.192459580467710E+002  0.673920225253738E+002 -0.493112541369860E+000  0.887621423595791E+000 -0.607460221341270E+000 -0.167451030290137E+002 -0.774089598899006E+000 -0.774089598899007E+000 -0.944133136563764E+000
 -0.192602857142371E+002  0.671620286649894E+002 -0.528180239927963E+000  0.952410724222624E+000 -0.479218495122382E+000 -0.167451030290137E+002 -0.709363282811599E+000 -0.709363282811598E+000 -0.100918162692497E+001
 -0.192478822455805E+002  0.675941056739279E+002 -0.567944682005303E+000  0.130577487815106E+001  0.330114381172052E+000 -0.167451030290137E+002 -0.680154784062735E+000 -0.680154784062736E+000 -0.114674205403638E+001
 -0.192314217107980E+002  0.680851251961921E+002 -0.570438114710988E+000  0.129821839386043E+001  0.347539399463727E+000 -0.167451030290137E+002 -0.872410394230089E+000 -0.872410394230087E+000 -0.114675044231127E+001
 -0.192555501942722E+002  0.672677776732910E+002 -0.531328317977905E+000  0.104213545949504E+001 -0.335805956577246E+000 -0.167451030290137E+002 -0.574029803894659E+000 -0.574029803894661E+000 -0.974810553281827E+000
 -0.192307744139809E+002  0.679983352131117E+002 -0.538610657713828E+000  0.114737371841221E+001  0.141321458355037E-001 -0.167451030290137E+002 -0.799166532249989E+000 -0.799166532249988E+000 -0.888199401706366E+000
 -0.192628429575702E+002  0.671238519926170E+002 -0.574512975571967E+000  0.132558401367005E+001  0.441696847795043E+000 -0.167451030290137E+002 -0.745364798948918E+000 -0.745364798948920E+000 -0.139059689224398E+001
 -0.192427066589031E+002  0.677779661323322E+002 -0.569205672140344E+000  0.124474482697767E+001  0.240229619696791E+000 -0.167451030290137E+002 -0.725465642513105E+000 -0.725465642513104E+000 -0.100219130155919E+001
 -0.192520523765577E+002  0.673652444110668E+002 -0.530555140890739E+000  0.102833148675672E+001 -0.292838055785893E+000 -0.167451030290137E+002 -0.592328838397198E+000 -0.592328838397197E+000 -0.892462344010799E+000
 -0.192475659445769E+002  0.676423030113674E+002 -0.561109015439684E+000  0.114174032034149E+001 -0.149354028791578E+000 -0.167451030290137E+002 -0.722767020511384E+000 -0.722767020511384E+000 -0.925617865891677E+000
 -0.192374998292405E+002  0.679167765835405E+002 -0.577282721042762E+000  0.131730696393826E+001  0.402806625386987E+000 -0.167451030290137E+002 -0.835181397640708E+000 -0.835181397640707E+000 -0.121570377257445E+001
 -0.192564846825828E+002  0.672861930760613E+002 -0.574928957401459E+000  0.146524477425995E+001  0.101622285323164E+001 -0.167451030290137E+002 -0.746009864688941E+000 -0.746009864688940E+000 -0.994968154719327E+000
 -0.192578288625026E+002  0.673199482332738E+002 -0.555946885174212E+000  0.116778854149995E+001 -0.608770697559322E-001 -0.167451030290137E+002 -0.777584553230918E+000 -0.777584553230916E+000 -0.106550295736347E+001
 -0.192539543087542E+002  0.672433371934931E+002 -0.547544696520167E+000  0.132356750789997E+001  0.486614591162351E+000 -0.167451030290137E+002 -0.849468498442427E+000 -0.849468498442427E+000 -0.102358425355865E+001
 -0.192509992920416E+002  0.675113701930912E+002 -0.552771869965318E+000  0.114843557356791E+001 -0.376096138764410E-001 -0.167451030290137E+002 -0.684941125455136E+000 -0.684941125455136E+000 -0.936061005473071E+000
 -0.192594454953334E+002  0.670033251524328E+002 -0.502413970907093E+000  0.934669950975877E+000 -0.490900901602473E+000 -0.167451030290137E+002 -0.770997527246249E+000 -0.770997527246248E+000 -0.116886210974228E+001
 -0.192486824855677E+002  0.675496089125876E+002 -0.542174160317860E+000  0.103580736195110E+001 -0.367617685304722E+000 -0.167451030290137E+002 -0.616610977712568E+000 -0.616610977712568E+000 -0.959157906514545E+000
 -0.192577636677473E+002  0.672815513567498E+002 -0.588350143365036E+000  0.158492757660838E+001  0.155105099952191E+001 -0.167451030290137E+002 -0.819823980138094E+000 -0.819823980138093E+000 -0.975948007420669E+000
 -0.192503475406304E+002  0.675210712755181E+002 -0.554675400683547E+000  0.125649789642692E+001  0.381286966328204E+000 -0.167451030290137E+002 -0.862265625555134E+000 -0.862265625555136E+000 -0.976451153972366E+000
 -0.192333047331693E+002  0.678977906751226E+002 -0.528670488795830E+000  0.111084818313151E+001 -0.181871433972873E+000 -0.167451030290137E+002 -0.844340121083066E+000 -0.844340121083068E+000 -0.930400822149579E+000
 -0.192269517142385E+002  0.680459450084073E+002 -0.511312664254690E+000  0.922268300572224E+000 -0.519911926550051E+000 -0.167451030290137E+002 -0.855419570414697E+000 -0.855419570414696E+000 -0.982754111952790E+000
 -0.192628193910935E+002  0.669699882419542E+002 -0.513497680925880E+000  0.904079798162691E+000 -0.647906841372290E+000 -0.167451030290137E+002 -0.780076069972831E+000 -0.780076069972832E+000 -0.885752975602482E+000
 -0.192472386680860E+002  0.675148466530888E+002 -0.553597074049142E+000  0.130426902328130E+001  0.610134477701664E+000 -0.167451030290137E+002 -0.741684526832990E+000 -0.741684526832991E+000 -0.932254003128808E+000
 -0.192625313305868E+002  0.671254052735530E+002 -0.537715097500326E+000  0.982183013393055E+000 -0.464448634505032E+000 -0.167451030290137E+002 -0.750582452444557E+000 -0.750582452444558E+000 -0.103219950523794E+001
 -0.192641097812404E+002  0.668974764085651E+002 -0.533482767148055E+000  0.110755659795277E+001 -0.186102172392964E+000 -0.167451030290137E+002 -0.765196039212443E+000 -0.765196039212444E+000 -0.929943218582331E+000
 -0.192324812030658E+002  0.679422566734499E+002 -0.531451648569544E+000  0.108698364534826E+001 -0.896823324581248E-001 -0.167451030290137E+002 -0.856856054120456E+000 -0.856856054120456E+000 -0.895738420479571E+000
 -0.192565066704620E+002  0.673007009863431E+002 -0.579618852212212E+000  0.146872333276347E+001  0.114928726427412E+001 -0.167451030290137E+002 -0.743793982255588E+000 -0.743793982255589E+000 -0.103063984526289E+001
 -0.192515094244896E+002  0.673035419987566E+002 -0.516546795730777E+000  0.911213687792383E+000 -0.573901883001909E+000 -0.167451030290137E+002 -0.541041018019078E+000 -0.541041018019079E+000 -0.884582146279588E+000
 -0.192581903479026E+002  0.672107960797185E+002 -0.572699543941097E+000  0.135370691656470E+001  0.440844037362183E+000 -0.167451030290137E+002 -0.837645107146765E+000 -0.837645107146766E+000 -0.138187243586763E+001
 -0.192473334154946E+002  0.675814827888686E+002 -0.574642285463700E+000  0.149762571226298E+001  0.133425290524060E+001 -0.167451030290137E+002 -0.769441342438866E+000 -0.769441342438867E+000 -0.891421710149935E+000
 -0.192436083174308E+002  0.675804061604137E+002 -0.548459491760013E+000  0.121398152546320E+001  0.447700131709610E-001 -0.167451030290137E+002 -0.736372791095054E+000 -0.736372791095054E+000 -0.127832196516647E+001
 -0.192608411785715E+002  0.672212650605563E+002 -0.561862251701493E+000  0.119084306626411E+001 -0.175184831631299E-001 -0.167451030290137E+002 -0.734888098787001E+000 -0.734888098787003E+000 -0.943588637113468E+000
 -0.192500485880840E+002  0.675453366730165E+002 -0.586999138311751E+000  0.157127011450187E+001  0.159274534665698E+001 -0.167451030290137E+002 -0.782195979661960E+000 -0.782195979661960E+000 -0.881718729163776E+000
 -0.192552389980849E+002  0.673729358530908E+002 -0.592824528995256E+000  0.150545339083980E+001  0.116347645558605E+001 -0.167451030290137E+002 -0.820198337521624E+000 -0.820198337521624E+000 -0.116361496456594E+001
 -0.192616788809539E+002  0.671912414949681E+002 -0.578625975797044E+000  0.140646040418316E+001  0.770777666932943E+000 -0.167451030290137E+002 -0.755224970699904E+000 -0.755224970699903E+000 -0.103071430336790E+001
 -0.192555257030344E+002  0.672534645478635E+002 -0.560522276490908E+000  0.130551908295224E+001  0.430955711151299E+000 -0.167451030290137E+002 -0.666779018322698E+000 -0.666779018322700E+000 -0.115357089207813E+001
 -0.192441103716949E+002  0.676732363199473E+002 -0.582664290109230E+000  0.156043021753483E+001  0.142158165473735E+001 -0.167451030290137E+002 -0.849243920757810E+000 -0.849243920757811E+000 -0.899130155349372E+000
 -0.192392733601546E+002  0.678273296622407E+002 -0.570540199512096E+000  0.135777356480613E+001  0.675429744294291E+000 -0.167451030290137E+002 -0.718513746188468E+000 -0.718513746188467E+000 -0.954175094615834E+000
 -0.192453331500093E+002  0.675019702040005E+002 -0.546202958458749E+000  0.116154176979810E+001 -0.538998120676411E-001 -0.167451030290137E+002 -0.780259441396678E+000 -0.780259441396677E+000 -0.115861226335545E+001
 -0.192411938255594E+002  0.676855725287352E+002 -0.525544427187308E+000  0.107088095867607E+001 -0.123573254429829E+000 -0.167451030290137E+002 -0.846155093674234E+000 -0.846155093674234E+000 -0.927978120071732E+000
 -0.192538728017303E+002  0.673679096620570E+002 -0.585434030729237E+000  0.162080542311969E+001  0.185459041905200E+001 -0.167451030290137E+002 -0.830079444282344E+000 -0.830079444282344E+000 -0.102612161895075E+001
 -0.192472095023016E+002  0.675714007434173E+002 -0.584089943223300E+000  0.149196653483457E+001  0.112028988201669E+001 -0.167451030290137E+002 -0.776029092387743E+000 -0.776029092387741E+000 -0.893075036927534E+000
 -0.192532424638639E+002  0.672652471009792E+002 -0.554567085035003E+000  0.122765679739309E+001  0.128426098043690E+000 -0.167451030290137E+002 -0.874391744168191E+000 -0.874391744168193E+000 -0.129218553817162E+001
 -0.192458762993091E+002  0.673794427049210E+002 -0.510288792097499E+000  0.102909946156579E+001 -0.359978862924720E+000 -0.167451030290137E+002 -0.807469992206678E+000 -0.807469992206677E+000 -0.129015590076802E+001
 -0.192716009540235E+002  0.666516079645444E+002 -0.512977233615474E+000  0.947286686113237E+000 -0.549758281943184E+000 -0.167451030290137E+002 -0.861253371196767E+000 -0.861253371196767E+000 -0.995312478758674E+000
 -0.192321194313934E+002  0.680320691604664E+002 -0.566320589862350E+000  0.134494788345145E+001  0.677976076807198E+000 -0.167451030290137E+002 -0.856325732250689E+000 -0.856325732250689E+000 -0.122725690323764E+001
 -0.192655708939752E+002  0.669849850212838E+002 -0.531230197617983E+000  0.974920202416858E+000 -0.546578797508118E+000 -0.167451030290137E+002 -0.876572593613923E+000 -0.876572593613922E+000 -0.997687410190871E+000
 -0.192361235079378E+002  0.677258543645995E+002 -0.523235960270048E+000  0.101716379920261E+001 -0.392057969010608E+000 -0.167451030290137E+002 -0.817246423210031E+000 -0.817246423210030E+000 -0.976496558939949E+000
 -0.192619574101481E+002  0.671889221411492E+002 -0.586899779214078E+000  0.152111996773066E+001  0.133717615075288E+001 -0.167451030290137E+002 -0.831581057559300E+000 -0.831581057559301E+000 -0.941832264810827E+000
 -0.192559378461538E+002  0.673972591462494E+002 -0.588956982882894E+000  0.152470308558019E+001  0.128160931769617E+001 -0.167451030290137E+002 -0.791515563179287E+000 -0.791515563179285E+000 -0.915211168572782E+000
 -0.192507387285370E+002  0.674046488529994E+002 -0.549787980477572E+000  0.109346168726286E+001 -0.329875383573835E+000 -0.167451030290137E+002 -0.858182817387747E+000 -0.858182817387746E+000 -0.949524829643000E+000
 -0.192417654321389E+002  0.677463751612656E+002 -0.590303989191744E+000  0.163567771260730E+001  0.191061151179952E+001 -0.167451030290137E+002 -0.860101392369434E+000 -0.860101392369433E+000 -0.120768583149648E+001
 -0.192469485206080E+002  0.674242915211256E+002 -0.524787375660614E+000  0.112761422695279E+001  0.247166224746564E-001 -0.167451030290137E+002 -0.786435239975970E+000 -0.786435239975969E+000 -0.114122188066056E+001
 -0.192425493104337E+002  0.677516784374977E+002 -0.554022515957262E+000  0.117479756476349E+001 -0.124038760947315E+000 -0.167451030290137E+002 -0.859933606562583E+000 -0.859933606562585E+000 -0.104115189097534E+001
 -0.192567944561280E+002  0.671794285350267E+002 -0.544277032138203E+000  0.110746760847424E+001 -0.232506736744952E+000 -0.167451030290137E+002 -0.689701300114673E+000 -0.689701300114674E+000 -0.146166053844468E+001
 -0.192572422214273E+002  0.671530449920139E+002 -0.552517504057365E+000  0.121152098916422E+001  0.136047982838932E-001 -0.167451030290137E+002 -0.837488492888092E+000 -0.837488492888092E+000 -0.118181346910076E+001
 -0.192479703670280E+002  0.673431790593041E+002 -0.517433918271180E+000  0.989615434765179E+000 -0.486432277081875E+000 -0.167451030290137E+002 -0.724640726236038E+000 -0.724640726236039E+000 -0.998946732679197E+000
 -0.192634639522833E+002  0.670763813322487E+002 -0.543137263324605E+000  0.109812081427185E+001 -0.231892244248371E+000 -0.167451030290137E+002 -0.706012459128733E+000 -0.706012459128733E+000 -0.188412676497174E+001
 -0.192509232857202E+002  0.674851756012068E+002 -0.585629973243158E+000  0.140388025112518E+001  0.743385897506371E+000 -0.167451030290137E+002 -0.860737768735225E+000 -0.860737768735223E+000 -0.122130252737215E+001
 -0.192582911874140E+002  0.672936745396240E+002 -0.557201916593773E+000  0.121405718422760E+001  0.130096552884879E+000 -0.167451030290137E+002 -0.766641795936408E+000 -0.766641795936408E+000 -0.906861495617978E+000
 -0.192542842833492E+002  0.672590263723577E+002 -0.540023997962948E+000  0.116376288645908E+001  0.168162770027109E+000 -0.167451030290137E+002 -0.855219910459781E+000 -0.855219910459780E+000 -0.892459713251760E+000
 -0.192569478673165E+002  0.672602679033005E+002 -0.583769755314446E+000  0.149125295514759E+001  0.118215169913371E+001 -0.167451030290137E+002 -0.834580092408890E+000 -0.834580092408888E+000 -0.890902401745240E+000
 -0.192528519057417E+002  0.673614290928211E+002 -0.536465160557032E+000  0.108622104693903E+001 -0.211853457621714E+000 -0.167451030290137E+002 -0.565016698817817E+000 -0.565016698817818E+000 -0.944740949370967E+000
 -0.192565711382508E+002  0.672195093537954E+002 -0.541290696267820E+000  0.111418111587688E+001 -0.101193729895698E+000 -0.167451030290137E+002 -0.598081143842665E+000 -0.598081143842663E+000 -0.103693041793964E+001
 -0.192609523838775E+002  0.670989846007666E+002 -0.561820925785214E+000  0.126646690071644E+001  0.190673226956832E+000 -0.167451030290137E+002 -0.759667765574916E+000 -0.759667765574914E+000 -0.893045438347329E+000
 -0.192567740190555E+002  0.672638955252364E+002 -0.544496141989985E+000  0.118869827951182E+001  0.128244275413053E+000 -0.167451030290137E+002 -0.733642537106861E+000 -0.733642537106860E+000 -0.100360379764998E+001
 -0.192603500021192E+002  0.671054695838333E+002 -0.545053596389748E+000  0.116776499159232E+001  0.114625821453785E+000 -0.167451030290137E+002 -0.770424617264297E+000 -0.770424617264297E+000 -0.886247991427044E+000
 -0.192506088389839E+002  0.674050671402422E+002 -0.553923642233995E+000  0.131904713814789E+001  0.721234773196613E+000 -0.167451030290137E+002 -0.836590732062476E+000 -0.836590732062476E+000 -0.145396479730972E+001
 -0.192592495486959E+002  0.671777504967474E+002 -0.550109424042556E+000  0.126213574029486E+001  0.210133456094596E+000 -0.167451030290137E+002 -0.856995014636114E+000 -0.856995014636116E+000 -0.914621537841690E+000
 -0.192407182658562E+002  0.677291298027289E+002 -0.535073883354812E+000  0.114607644995852E+001 -0.644863741490980E-001 -0.167451030290137E+002 -0.805902678892470E+000 -0.805902678892469E+000 -0.976888385510449E+000
 -0.192564385184932E+002  0.671132059745522E+002 -0.499086060713278E+000  0.913698233014076E+000 -0.534237971149551E+000 -0.167451030290137E+002 -0.801067892078257E+000 -0.801067892078258E+000 -0.941919406037339E+000
 -0.192540631386814E+002  0.674589272482248E+002 -0.599800057338708E+000  0.164185843875121E+001  0.186013370559574E+001 -0.167451030290137E+002 -0.817820552506106E+000 -0.817820552506106E+000 -0.901864456013531E+000
 -0.192546200140772E+002  0.671730999803711E+002 -0.528706903870382E+000  0.113805044514282E+001 -0.138492234323877E+000 -0.167451030290137E+002 -0.771230780904459E+000 -0.771230780904460E+000 -0.972630379129637E+000
 -0.192573444102263E+002  0.672653107122897E+002 -0.568635730528420E+000  0.140311128388652E+001  0.750484931376064E+000 -0.167451030290137E+002 -0.748196443196464E+000 -0.748196443196463E+000 -0.104565089314648E+001
 -0.192385424909807E+002  0.677997174585065E+002 -0.538771922728318E+000  0.101023317694124E+001 -0.364552578852994E+000 -0.167451030290137E+002 -0.705335636584394E+000 -0.705335636584394E+000 -0.126697039428715E+001
 -0.192643577726171E+002  0.670283033782820E+002 -0.542465099511998E+000  0.115234911799333E+001  0.550538274077752E-001 -0.167451030290137E+002 -0.865212657796703E+000 -0.865212657796704E+000 -0.122539670148899E+001
 -0.192435532792809E+002  0.676476648448226E+002 -0.542640433516002E+000  0.114981190533950E+001  0.908360932343868E-001 -0.167451030290137E+002 -0.755369637923982E+000 -0.755369637923984E+000 -0.901854402930685E+000
 -0.192625535325507E+002  0.670404133863040E+002 -0.565277497168524E+000  0.130300035945245E+001  0.291115781929022E+000 -0.167451030290137E+002 -0.871067187745009E+000 -0.871067187745009E+000 -0.104868685344545E+001
 -0.192465365177076E+002  0.674373674626266E+002 -0.525750381916225E+000  0.110455000493935E+001 -0.227566604092772E+000 -0.167451030290137E+002 -0.729196491520542E+000 -0.729196491520543E+000 -0.922214808026343E+000
 -0.192562862622798E+002  0.673804056288161E+002 -0.594801312632049E+000  0.149307997542984E+001  0.101847316494825E+001 -0.167451030290137E+002 -0.815118425639296E+000 -0.815118425639298E+000 -0.101517527053286E+001
 -0.192396839689723E+002  0.677279812472752E+002 -0.560958395460223E+000  0.140218262171558E+001  0.932359409096776E+000 -0.167451030290137E+002 -0.806602411933686E+000 -0.806602411933685E+000 -0.877082650252326E+000
