  0.550047061410183E+001  0.687677612422711E+002 -0.435898696301466E+000  0.576155403104464E+000 -0.666404657318600E+000 -0.137493707554597E+002 -0.708757018559185E+003 -0.708757018559185E+003
  0.140866487371219E+002  0.662907004876730E+002 -0.462254764280475E+000  0.653134272525523E+000 -0.805647406693421E+000 -0.137493707554597E+002 -0.708657445457768E+003 -0.708657445457768E+003
  0.146229604258093E+002  0.694581596164703E+002 -0.447564395837620E+000  0.620336206580712E+000 -0.726786324542473E+000 -0.137493707554597E+002 -0.708819356523221E+003 -0.708819356523221E+003
  0.183440177755131E+002  0.673900969970955E+002 -0.430598159414318E+000  0.611076612751776E+000 -0.779728986530513E+000 -0.137493707554597E+002 -0.708730202818299E+003 -0.708730202818299E+003
  0.179699863905272E+002  0.675700278488096E+002 -0.423623055975354E+000  0.559291100512985E+000 -0.642289170017866E+000 -0.137493707554597E+002 -0.708775917599176E+003 -0.708775917599176E+003
  0.153498746226218E+002  0.678928453612774E+002 -0.456930501788453E+000  0.623212718383600E+000 -0.715341368266808E+000 -0.137493707554597E+002 -0.708634769572649E+003 -0.708634769572649E+003
  0.475036988127296E+001  0.654618830729512E+002 -0.441011574422365E+000  0.608551209810840E+000 -0.730512695938387E+000 -0.137493707554597E+002 -0.708819074304166E+003 -0.708819074304166E+003
  0.142877263841190E+002  0.686315814655423E+002 -0.465848634847078E+000  0.615327343146989E+000 -0.665218176843652E+000 -0.137493707554597E+002 -0.708810104110607E+003 -0.708810104110607E+003
  0.676242839946412E+001  0.665418746001964E+002 -0.468118910365464E+000  0.645044348009650E+000 -0.759202972364140E+000 -0.137493707554597E+002 -0.708689214982823E+003 -0.708689214982823E+003
  0.164388801420392E+002  0.674996210324018E+002 -0.431144617783182E+000  0.535008351554640E+000 -0.570807793945809E+000 -0.137493707554597E+002 -0.708821915014497E+003 -0.708821915014497E+003
  0.134715150167423E+002  0.687484101532345E+002 -0.428687229512823E+000  0.562921365738143E+000 -0.630680776580343E+000 -0.137493707554597E+002 -0.708756052646280E+003 -0.708756052646280E+003
  0.167438311679187E+002  0.665477995121124E+002 -0.430739260433290E+000  0.608071689500292E+000 -0.759670506169943E+000 -0.137493707554597E+002 -0.708772604017683E+003 -0.708772604017683E+003
  0.137465860859186E+002  0.656124938828822E+002 -0.438770996415398E+000  0.635683888526727E+000 -0.835889171071173E+000 -0.137493707554597E+002 -0.708768644563851E+003 -0.708768644563851E+003
  0.120802885322932E+002  0.667269759604557E+002 -0.443870517736586E+000  0.629217603567889E+000 -0.783866565737201E+000 -0.137493707554597E+002 -0.708636387527238E+003 -0.708636387527238E+003
  0.146539314204979E+002  0.660797112663937E+002 -0.434922543866823E+000  0.624868996649928E+000 -0.811627983844412E+000 -0.137493707554597E+002 -0.708744703656435E+003 -0.708744703656435E+003
  0.136904108920941E+002  0.652013352563162E+002 -0.446088105731672E+000  0.609387498796839E+000 -0.728965277718601E+000 -0.137493707554597E+002 -0.708794017410617E+003 -0.708794017410617E+003
  0.184395258268032E+002  0.680371314547193E+002 -0.461807614271890E+000  0.621780242949162E+000 -0.697672375990638E+000 -0.137493707554597E+002 -0.708669049468462E+003 -0.708669049468462E+003
  0.626611579644510E+001  0.683314473138203E+002 -0.452478241804169E+000  0.668241019578777E+000 -0.898448405882444E+000 -0.137493707554597E+002 -0.708793077616215E+003 -0.708793077616215E+003
  0.852763025019495E+001  0.671031962650660E+002 -0.424457200884475E+000  0.570960548123701E+000 -0.678599575148358E+000 -0.137493707554597E+002 -0.708752648950081E+003 -0.708752648950081E+003
  0.164439702613601E+002  0.677181534000120E+002 -0.435756196307008E+000  0.599976422778754E+000 -0.719857747714705E+000 -0.137493707554597E+002 -0.708616559872920E+003 -0.708616559872920E+003
  0.173807477624811E+002  0.677363602012963E+002 -0.430139250709113E+000  0.579225034922927E+000 -0.676754411499697E+000 -0.137493707554597E+002 -0.708681693422787E+003 -0.708681693422787E+003
  0.125540291367671E+002  0.698745184561054E+002 -0.436596147780631E+000  0.591575909877805E+000 -0.680042810831715E+000 -0.137493707554597E+002 -0.708798579093398E+003 -0.708798579093398E+003
  0.186939501711591E+002  0.673213942778559E+002 -0.428180429428281E+000  0.598626601449674E+000 -0.753722872754023E+000 -0.137493707554597E+002 -0.708761171963470E+003 -0.708761171963470E+003
  0.194731116366894E+002  0.687038482697488E+002 -0.434827478255198E+000  0.569050210882413E+000 -0.639941593386279E+000 -0.137493707554597E+002 -0.708694282859957E+003 -0.708694282859957E+003
  0.147528988066973E+002  0.669216151962851E+002 -0.431383961336543E+000  0.607451690626731E+000 -0.761546257992570E+000 -0.137493707554597E+002 -0.708696075858938E+003 -0.708696075858938E+003
  0.852714955384431E+001  0.663377631333475E+002 -0.434615972969720E+000  0.589850096857736E+000 -0.719495151690369E+000 -0.137493707554597E+002 -0.708782139622563E+003 -0.708782139622563E+003
  0.173945257958370E+002  0.660127666772762E+002 -0.445691263314540E+000  0.653760509907694E+000 -0.875346536067232E+000 -0.137493707554597E+002 -0.708717742745478E+003 -0.708717742745478E+003
  0.151097475745044E+002  0.658612671346468E+002 -0.443262272298971E+000  0.580015747661449E+000 -0.658427594720518E+000 -0.137493707554597E+002 -0.708819980609173E+003 -0.708819980609173E+003
  0.753646361536517E+001  0.669922160054441E+002 -0.437378017401063E+000  0.570931536082146E+000 -0.661943594594050E+000 -0.137493707554597E+002 -0.708797376479892E+003 -0.708797376479892E+003
  0.157540895476704E+002  0.677158528674403E+002 -0.469256057936586E+000  0.645782679964512E+000 -0.750203963290755E+000 -0.137493707554597E+002 -0.708705653421999E+003 -0.708705653421999E+003
  0.123990361098643E+002  0.684863958577672E+002 -0.438874969679131E+000  0.617274080416955E+000 -0.763602097123048E+000 -0.137493707554597E+002 -0.708632081543876E+003 -0.708632081543876E+003
  0.734582414022738E+001  0.679251865163033E+002 -0.436728668605053E+000  0.621019118713248E+000 -0.786581567151218E+000 -0.137493707554597E+002 -0.708651032431325E+003 -0.708651032431325E+003
  0.182668438053061E+002  0.678552498412430E+002 -0.443363725367342E+000  0.588893034365054E+000 -0.688701769397452E+000 -0.137493707554597E+002 -0.708812463991569E+003 -0.708812463991569E+003
  0.174282822349073E+002  0.666257942399490E+002 -0.426540017647314E+000  0.610245729251275E+000 -0.783745180076622E+000 -0.137493707554597E+002 -0.708834163168519E+003 -0.708834163168519E+003
  0.111925089271955E+002  0.691347472522917E+002 -0.448674362023127E+000  0.621347065583466E+000 -0.730106855441852E+000 -0.137493707554597E+002 -0.708722188438080E+003 -0.708722188438080E+003
  0.159587242191506E+002  0.670168896197680E+002 -0.432873914186158E+000  0.582454091838361E+000 -0.696834769742502E+000 -0.137493707554597E+002 -0.708701847594356E+003 -0.708701847594356E+003
  0.115101770941881E+002  0.654287018800387E+002 -0.455517843433970E+000  0.665051525288282E+000 -0.877061986806670E+000 -0.137493707554597E+002 -0.708782488753160E+003 -0.708782488753160E+003
  0.124041350919854E+002  0.672239357943152E+002 -0.432705542984535E+000  0.612647482087506E+000 -0.785279439028479E+000 -0.137493707554597E+002 -0.708767197283644E+003 -0.708767197283644E+003
  0.590951600842636E+001  0.691171034151681E+002 -0.459088407218937E+000  0.606729353944804E+000 -0.662687518577647E+000 -0.137493707554597E+002 -0.708752252736102E+003 -0.708752252736102E+003
  0.183277021199360E+002  0.683656696743685E+002 -0.434316106358552E+000  0.568395737447871E+000 -0.625277987040928E+000 -0.137493707554597E+002 -0.708741615620672E+003 -0.708741615620672E+003
  0.110488028963772E+002  0.684125269601314E+002 -0.428342312101695E+000  0.584961712725437E+000 -0.695485481661422E+000 -0.137493707554597E+002 -0.708723536402600E+003 -0.708723536402600E+003
  0.164653246289155E+002  0.662780516271418E+002 -0.432349439945770E+000  0.571201281335957E+000 -0.659786881926003E+000 -0.137493707554597E+002 -0.708756437466069E+003 -0.708756437466069E+003
  0.119787630442605E+002  0.668105607496508E+002 -0.459293478372870E+000  0.645237557254924E+000 -0.803339730874491E+000 -0.137493707554597E+002 -0.708725369041583E+003 -0.708725369041583E+003
  0.188321125757446E+002  0.696259671419768E+002 -0.448160997561906E+000  0.628443415909122E+000 -0.774905443707860E+000 -0.137493707554597E+002 -0.708800159355230E+003 -0.708800159355230E+003
  0.175712889321647E+002  0.683645541512055E+002 -0.462502697780325E+000  0.629552994126350E+000 -0.710278723240686E+000 -0.137493707554597E+002 -0.708810651722239E+003 -0.708810651722239E+003
  0.863495273409409E+001  0.677501451072214E+002 -0.421688713845053E+000  0.556945322030331E+000 -0.636429161772586E+000 -0.137493707554597E+002 -0.708827529229807E+003 -0.708827529229807E+003
  0.139681639266228E+002  0.659784858630598E+002 -0.430846947379670E+000  0.600155088540053E+000 -0.738633079895791E+000 -0.137493707554597E+002 -0.708800858478319E+003 -0.708800858478319E+003
  0.449230989293398E+001  0.665094391985875E+002 -0.437547041566665E+000  0.622612657029969E+000 -0.778983490648942E+000 -0.137493707554597E+002 -0.708787004130924E+003 -0.708787004130924E+003
  0.493886331045698E+001  0.660134978197925E+002 -0.443334113948597E+000  0.590360865608941E+000 -0.666548377279867E+000 -0.137493707554597E+002 -0.708830468809722E+003 -0.708830468809722E+003
  0.734011126920161E+001  0.692374835535030E+002 -0.447226186227942E+000  0.630668248753472E+000 -0.788193546000574E+000 -0.137493707554597E+002 -0.708790955157438E+003 -0.708790955157438E+003
  0.650009779280376E+001  0.656372045098510E+002 -0.435896528264952E+000  0.605191099947000E+000 -0.755210981169185E+000 -0.137493707554597E+002 -0.708780824027109E+003 -0.708780824027109E+003
  0.193945193415586E+002  0.661826839386811E+002 -0.425514150995170E+000  0.574637389738371E+000 -0.688401183853186E+000 -0.137493707554597E+002 -0.708811239216489E+003 -0.708811239216489E+003
  0.118554698315143E+002  0.675466371360470E+002 -0.431687905668299E+000  0.621251072045112E+000 -0.793114809314627E+000 -0.137493707554597E+002 -0.708810047909012E+003 -0.708810047909012E+003
  0.356966989832865E+001  0.671459430333456E+002 -0.433947930378169E+000  0.601204743354334E+000 -0.737259416715707E+000 -0.137493707554597E+002 -0.708640498870896E+003 -0.708640498870896E+003
  0.962056672306561E+001  0.662699567509471E+002 -0.431524403342452E+000  0.565004116901183E+000 -0.657939198772892E+000 -0.137493707554597E+002 -0.708786451933252E+003 -0.708786451933252E+003
  0.836766168087906E+001  0.664196873709435E+002 -0.458877447019270E+000  0.628757985179722E+000 -0.746050942076211E+000 -0.137493707554597E+002 -0.708677155058484E+003 -0.708677155058484E+003
  0.144012755364399E+002  0.674168807333223E+002 -0.438947626916463E+000  0.604374387734888E+000 -0.713411117796587E+000 -0.137493707554597E+002 -0.708698006482172E+003 -0.708698006482172E+003
  0.979511695079283E+001  0.655180496417800E+002 -0.450375058318482E+000  0.657211808603737E+000 -0.871535517456950E+000 -0.137493707554597E+002 -0.708719729257760E+003 -0.708719729257760E+003
  0.109396694852417E+002  0.662145970977944E+002 -0.434095942998987E+000  0.633061998239821E+000 -0.845843655261852E+000 -0.137493707554597E+002 -0.708827581313084E+003 -0.708827581313084E+003
  0.113961014916911E+002  0.696959669653612E+002 -0.451892006685590E+000  0.614509423794241E+000 -0.714107507917308E+000 -0.137493707554597E+002 -0.708736683243347E+003 -0.708736683243347E+003
  0.184358704414556E+002  0.685615318515741E+002 -0.456627981569272E+000  0.618710020084023E+000 -0.697250746525500E+000 -0.137493707554597E+002 -0.708709043631624E+003 -0.708709043631624E+003
  0.106593717536955E+002  0.666257470206613E+002 -0.432730471294484E+000  0.555352717201057E+000 -0.609448299146626E+000 -0.137493707554597E+002 -0.708829702841359E+003 -0.708829702841359E+003
  0.505055825471457E+001  0.687083271135815E+002 -0.431513530109803E+000  0.600611510472312E+000 -0.743211178946014E+000 -0.137493707554597E+002 -0.708766424938644E+003 -0.708766424938644E+003
  0.546252322470072E+001  0.693548924983566E+002 -0.451103487646859E+000  0.594193193717228E+000 -0.652452865585598E+000 -0.137493707554597E+002 -0.708728509298460E+003 -0.708728509298460E+003
  0.193890417425032E+002  0.663168472192947E+002 -0.443760427977712E+000  0.662333232748814E+000 -0.908060569779751E+000 -0.137493707554597E+002 -0.708833673297569E+003 -0.708833673297569E+003
  0.112274328593598E+002  0.663173883639125E+002 -0.438932666411832E+000  0.646674115166404E+000 -0.875582000813930E+000 -0.137493707554597E+002 -0.708805183865373E+003 -0.708805183865373E+003
  0.618971443184235E+001  0.675895590293432E+002 -0.439108384441671E+000  0.605601815852062E+000 -0.715646250949142E+000 -0.137493707554597E+002 -0.708699996510471E+003 -0.708699996510471E+003
  0.952058426085571E+001  0.667971944320022E+002 -0.429574272946858E+000  0.578867037737579E+000 -0.678872059029853E+000 -0.137493707554597E+002 -0.708737746108110E+003 -0.708737746108110E+003
  0.150648783124311E+002  0.677632931726864E+002 -0.434530980122503E+000  0.556112804546562E+000 -0.618792612828274E+000 -0.137493707554597E+002 -0.708726705644689E+003 -0.708726705644689E+003
  0.170205972512037E+002  0.670503309146122E+002 -0.433235053830173E+000  0.585361463789380E+000 -0.682973633281570E+000 -0.137493707554597E+002 -0.708697396997535E+003 -0.708697396997535E+003
  0.145737506593753E+002  0.695013289945658E+002 -0.443510954671394E+000  0.631441359094972E+000 -0.794383134158616E+000 -0.137493707554597E+002 -0.708754728098187E+003 -0.708754728098187E+003
  0.608001243239657E+001  0.660156486641166E+002 -0.462811168114510E+000  0.630258553823355E+000 -0.727220965979159E+000 -0.137493707554597E+002 -0.708766781569648E+003 -0.708766781569648E+003
  0.347872408502392E+001  0.667609063007149E+002 -0.460065280091048E+000  0.612213124892778E+000 -0.694989798927670E+000 -0.137493707554597E+002 -0.708830831866651E+003 -0.708830831866651E+003
  0.586243436835069E+001  0.697219107043216E+002 -0.432260987305338E+000  0.585591929568382E+000 -0.688019415911967E+000 -0.137493707554597E+002 -0.708810252775817E+003 -0.708810252775817E+003
  0.103670581755676E+002  0.671838834633322E+002 -0.454790154350974E+000  0.623586903203655E+000 -0.735917671468327E+000 -0.137493707554597E+002 -0.708564397852172E+003 -0.708564397852172E+003
  0.191935678572087E+002  0.666814805666113E+002 -0.448731257966395E+000  0.669884588259716E+000 -0.925260463704364E+000 -0.137493707554597E+002 -0.708815423802371E+003 -0.708815423802371E+003
  0.170395579758752E+002  0.658746326610534E+002 -0.453345448930053E+000  0.660293102935641E+000 -0.879810959884180E+000 -0.137493707554597E+002 -0.708818619536301E+003 -0.708818619536301E+003
  0.631379034409410E+001  0.663153899274867E+002 -0.437103424107974E+000  0.632434870454134E+000 -0.838166838946311E+000 -0.137493707554597E+002 -0.708829968586166E+003 -0.708829968586166E+003
  0.132932843039695E+002  0.664942716492151E+002 -0.448378211024926E+000  0.665260830036080E+000 -0.903108415007537E+000 -0.137493707554597E+002 -0.708761977040734E+003 -0.708761977040734E+003
  0.107526867388577E+002  0.676348204348787E+002 -0.426996897575415E+000  0.598180759250779E+000 -0.750348288761037E+000 -0.137493707554597E+002 -0.708755521787737E+003 -0.708755521787737E+003
  0.130210474984247E+002  0.668507044086334E+002 -0.469814435022463E+000  0.674396256395095E+000 -0.866652948754961E+000 -0.137493707554597E+002 -0.708728064145123E+003 -0.708728064145123E+003
  0.151240101479924E+002  0.667812836650554E+002 -0.452288497358721E+000  0.621064046311601E+000 -0.740699815467247E+000 -0.137493707554597E+002 -0.708589136993258E+003 -0.708589136993258E+003
  0.318200889398175E+001  0.670856315646697E+002 -0.424005521024073E+000  0.563715573994142E+000 -0.665975145588172E+000 -0.137493707554597E+002 -0.708759841346815E+003 -0.708759841346815E+003
  0.105387098169457E+002  0.683406870508245E+002 -0.427761679389411E+000  0.541380590162410E+000 -0.601249964292419E+000 -0.137493707554597E+002 -0.708778440565028E+003 -0.708778440565028E+003
  0.169653823622371E+002  0.694281308521010E+002 -0.446902581908747E+000  0.579059196711194E+000 -0.612399071313373E+000 -0.137493707554597E+002 -0.708819760309075E+003 -0.708819760309075E+003
  0.148110663012821E+002  0.663286852608669E+002 -0.433107678719568E+000  0.599698011883715E+000 -0.726902205343130E+000 -0.137493707554597E+002 -0.708751576314234E+003 -0.708751576314234E+003
  0.104769302600873E+002  0.677917566980769E+002 -0.437589703083262E+000  0.615635581094870E+000 -0.754555438817174E+000 -0.137493707554597E+002 -0.708681247859065E+003 -0.708681247859065E+003
  0.114510609063654E+002  0.665680548892474E+002 -0.441291335373917E+000  0.576880892592552E+000 -0.652098664349047E+000 -0.137493707554597E+002 -0.708727592567967E+003 -0.708727592567967E+003
  0.314673303283571E+001  0.669879405576745E+002 -0.440673357873638E+000  0.563558462849240E+000 -0.633165073344836E+000 -0.137493707554597E+002 -0.708834086881006E+003 -0.708834086881006E+003
  0.529728165600907E+001  0.678314506618617E+002 -0.444212134706721E+000  0.581084699907448E+000 -0.632644834402033E+000 -0.137493707554597E+002 -0.708719763693436E+003 -0.708719763693436E+003
  0.129949166356574E+002  0.701136252339203E+002 -0.441623611637704E+000  0.621625368990490E+000 -0.760766684691077E+000 -0.137493707554597E+002 -0.708829592818853E+003 -0.708829592818853E+003
  0.937388673037464E+001  0.695081703622087E+002 -0.430079630099592E+000  0.567174220303748E+000 -0.635555210937163E+000 -0.137493707554597E+002 -0.708803762192803E+003 -0.708803762192803E+003
  0.151648516389375E+002  0.689412403933392E+002 -0.444564832909410E+000  0.647122448454801E+000 -0.841649831266103E+000 -0.137493707554597E+002 -0.708770930647693E+003 -0.708770930647693E+003
  0.134443581410304E+002  0.659367185645020E+002 -0.459895533933837E+000  0.658388759803630E+000 -0.845577393345010E+000 -0.137493707554597E+002 -0.708694106919481E+003 -0.708694106919481E+003
  0.123463947869169E+002  0.670586072393997E+002 -0.464880626056186E+000  0.668486142391985E+000 -0.865245542241658E+000 -0.137493707554597E+002 -0.708776903738789E+003 -0.708776903738789E+003
  0.356176506738880E+001  0.671211324277324E+002 -0.441997008564883E+000  0.627835496243106E+000 -0.783161879008263E+000 -0.137493707554597E+002 -0.708652133613956E+003 -0.708652133613956E+003
  0.112991352534845E+002  0.668520433703160E+002 -0.454730210812081E+000  0.618210298903817E+000 -0.710980377301942E+000 -0.137493707554597E+002 -0.708662091290552E+003 -0.708662091290552E+003
  0.172114348744840E+002  0.663015814023002E+002 -0.436398514792363E+000  0.625165309084754E+000 -0.793293823465449E+000 -0.137493707554597E+002 -0.708804608537620E+003 -0.708804608537620E+003
  0.182462004912468E+002  0.682119224709141E+002 -0.454725492746106E+000  0.625291516548651E+000 -0.749275736071487E+000 -0.137493707554597E+002 -0.708697577019410E+003 -0.708697577019410E+003
  0.137064261595296E+002  0.672477228232084E+002 -0.450319908625529E+000  0.625387934221266E+000 -0.755985996882249E+000 -0.137493707554597E+002 -0.708534816095048E+003 -0.708534816095048E+003
  0.150141784517823E+002  0.698211223347957E+002 -0.446535038414976E+000  0.593661226957632E+000 -0.668016349284718E+000 -0.137493707554597E+002 -0.708768483913130E+003 -0.708768483913130E+003
  0.143598385348181E+002  0.672126919358509E+002 -0.462100325729593E+000  0.648744511118001E+000 -0.787565907001342E+000 -0.137493707554597E+002 -0.708613600870085E+003 -0.708613600870085E+003
  0.143496514001132E+002  0.680578734100971E+002 -0.453323933414912E+000  0.657604643729605E+000 -0.848992433490956E+000 -0.137493707554597E+002 -0.708703912938225E+003 -0.708703912938225E+003
  0.100452540511003E+002  0.654897595072089E+002 -0.462426074446550E+000  0.634367410560412E+000 -0.744444314262505E+000 -0.137493707554597E+002 -0.708803653617930E+003 -0.708803653617930E+003
  0.189465063758607E+002  0.684820553484346E+002 -0.428690795366401E+000  0.531473586209628E+000 -0.576856319325772E+000 -0.137493707554597E+002 -0.708818380210251E+003 -0.708818380210251E+003
  0.707983387137400E+001  0.669390408444287E+002 -0.434361944247888E+000  0.592168720952855E+000 -0.708250755695305E+000 -0.137493707554597E+002 -0.708643791242907E+003 -0.708643791242907E+003
  0.175667742115736E+002  0.686801770091686E+002 -0.457665201234245E+000  0.642704748639141E+000 -0.786442089953979E+000 -0.137493707554597E+002 -0.708590902996548E+003 -0.708590902996548E+003
  0.965586959933230E+001  0.652250985888897E+002 -0.467831671718961E+000  0.664208044643249E+000 -0.830395395739572E+000 -0.137493707554597E+002 -0.708815958013548E+003 -0.708815958013548E+003
  0.141034143504645E+002  0.676785535312129E+002 -0.445894892178331E+000  0.588208509502031E+000 -0.641668707175466E+000 -0.137493707554597E+002 -0.708777188611417E+003 -0.708777188611417E+003
  0.840790781151887E+001  0.671447494756154E+002 -0.426405441141656E+000  0.567181077654065E+000 -0.663635284369754E+000 -0.137493707554597E+002 -0.708728493022785E+003 -0.708728493022785E+003
  0.102485112627339E+002  0.693916291372092E+002 -0.436197204760475E+000  0.590360297991001E+000 -0.675436972782027E+000 -0.137493707554597E+002 -0.708771877991398E+003 -0.708771877991398E+003
  0.740485915429593E+001  0.679820433390243E+002 -0.446138685910413E+000  0.629820481936688E+000 -0.778388721651428E+000 -0.137493707554597E+002 -0.708564400019875E+003 -0.708564400019875E+003
  0.152046633937194E+002  0.678942338525383E+002 -0.427366990061269E+000  0.547073337884023E+000 -0.617258124719372E+000 -0.137493707554597E+002 -0.708753927953702E+003 -0.708753927953702E+003
  0.122592328920851E+002  0.677787919645546E+002 -0.451583149625641E+000  0.660258421075155E+000 -0.875752371266199E+000 -0.137493707554597E+002 -0.708681421173508E+003 -0.708681421173508E+003
  0.446399601733136E+001  0.649691975821537E+002 -0.440868456190920E+000  0.630758032109106E+000 -0.816118985005721E+000 -0.137493707554597E+002 -0.708826529232875E+003 -0.708826529232875E+003
  0.885729794087563E+001  0.661909988684795E+002 -0.436470990291729E+000  0.577213921662980E+000 -0.656299589981680E+000 -0.137493707554597E+002 -0.708783470620101E+003 -0.708783470620101E+003
  0.176336884462959E+002  0.698957341338338E+002 -0.446868213679727E+000  0.581746036708863E+000 -0.621901916238533E+000 -0.137493707554597E+002 -0.708826566762016E+003 -0.708826566762016E+003
