  0.418023064143824E+000  0.688100642240496E+002 -0.599631614301956E+000  0.245996995798643E+001 -0.114467856624657E+002 -0.709242134749485E+003 -0.709242134749485E+003
 -0.591900283935043E+000  0.693134849885013E+002 -0.597355974825049E+000  0.243579875024120E+001 -0.114467856624657E+002 -0.709239822079875E+003 -0.709239822079875E+003
 -0.169186083737213E+000  0.690186913519134E+002 -0.590461424958935E+000  0.241561361409132E+001 -0.114467856624657E+002 -0.709235664959116E+003 -0.709235664959116E+003
 -0.469769275344301E+000  0.693498585880693E+002 -0.587016655906712E+000  0.239995872420629E+001 -0.114467856624657E+002 -0.709240340865609E+003 -0.709240340865609E+003
 -0.490408253505148E+000  0.689175855260733E+002 -0.603997484319098E+000  0.252792126372862E+001 -0.114467856624657E+002 -0.709243647704489E+003 -0.709243647704489E+003
 -0.283255578903730E+001  0.689488328624888E+002 -0.602531449532261E+000  0.251508609521060E+001 -0.114467856624657E+002 -0.709239821902845E+003 -0.709239821902845E+003
 -0.305995503373497E+001  0.689729113037942E+002 -0.606704092286640E+000  0.250535682545337E+001 -0.114467856624657E+002 -0.709245251440880E+003 -0.709245251440880E+003
  0.128513321222847E+000  0.690608689508918E+002 -0.583459989197197E+000  0.237835365123479E+001 -0.114467856624657E+002 -0.709246823153947E+003 -0.709246823153947E+003
  0.211741060492113E+000  0.692362551425240E+002 -0.591988682990902E+000  0.242655693817639E+001 -0.114467856624657E+002 -0.709233263156537E+003 -0.709233263156537E+003
 -0.329398114723530E+001  0.687567631310511E+002 -0.600232690262316E+000  0.247096874794151E+001 -0.114467856624657E+002 -0.709240404787721E+003 -0.709240404787721E+003
 -0.897546630321504E+000  0.696793929291861E+002 -0.598023468245472E+000  0.246227807268595E+001 -0.114467856624657E+002 -0.709246622268036E+003 -0.709246622268036E+003
 -0.233165817713630E+001  0.694893623061073E+002 -0.596262931722390E+000  0.244924903744345E+001 -0.114467856624657E+002 -0.709237327673980E+003 -0.709237327673980E+003
 -0.128441286696621E+001  0.692994056887369E+002 -0.593287786809680E+000  0.243186136133862E+001 -0.114467856624657E+002 -0.709233257967563E+003 -0.709233257967563E+003
 -0.143699845379972E+001  0.689011819250075E+002 -0.605397225341940E+000  0.253794532252527E+001 -0.114467856624657E+002 -0.709246637364796E+003 -0.709246637364796E+003
 -0.262115542419540E+001  0.687576106057695E+002 -0.589205128535897E+000  0.240110508524902E+001 -0.114467856624657E+002 -0.709247516739139E+003 -0.709247516739139E+003
 -0.214257687698676E+001  0.690742106742700E+002 -0.607505547604049E+000  0.250594632942034E+001 -0.114467856624657E+002 -0.709247939474198E+003 -0.709247939474198E+003
  0.112439469034832E+000  0.690617922929224E+002 -0.593491072392820E+000  0.247130903739578E+001 -0.114467856624657E+002 -0.709245014873299E+003 -0.709245014873299E+003
 -0.271360297555232E+001  0.690012174901426E+002 -0.586687549140049E+000  0.240113498643668E+001 -0.114467856624657E+002 -0.709240807858923E+003 -0.709240807858923E+003
 -0.354582060889651E+000  0.689279726864311E+002 -0.609172538180311E+000  0.253987283138813E+001 -0.114467856624657E+002 -0.709247295559430E+003 -0.709247295559430E+003
 -0.191732810335051E+001  0.690999954742969E+002 -0.596919202898002E+000  0.248560007444082E+001 -0.114467856624657E+002 -0.709240162546085E+003 -0.709240162546085E+003
  0.874156183165837E-001  0.691785654942200E+002 -0.603676013791147E+000  0.250667542717114E+001 -0.114467856624657E+002 -0.709238261696028E+003 -0.709238261696028E+003
 -0.272954622771380E+001  0.691767967295247E+002 -0.593526871274276E+000  0.244937719808372E+001 -0.114467856624657E+002 -0.709233857992915E+003 -0.709233857992915E+003
 -0.761874747181466E-001  0.688279286237340E+002 -0.607450705133284E+000  0.252603091253430E+001 -0.114467856624657E+002 -0.709244525680251E+003 -0.709244525680251E+003
